Dynamical matrix file
File generated with the CellConstructor by Lorenzo Monacelli
2 11 0     1.8897259890000000     0.0000000000000000     0.0000000000000000     0.0000000000000000     0.0000000000000000     0.0000000000000000
Basis vectors
    1.8216054416065011    -1.0517043920322153     2.8381869915015971
    0.0000000000000000     2.1034087840644307     2.8381869915015971
   -1.8216054416065011    -1.0517043920322153     2.8381869915015971
	1  'La '  126604.5951757480361266
	2  'H '    918.7358275894680446
    1     1     0.0000000000000002    -0.0000000000000001     4.2572805298084759
    2     2    -0.0000000000000000     0.0000000000000002     2.1312034138725733
    3     2     0.0000000000000000    -0.0000000000000002    -2.1312034138725733
    4     2     0.0000000000000002     0.0000000000000001     0.9724817994836321
    5     2    -0.0000000000000002    -0.0000000000000001    -0.9724817994836321
    6     2     0.9450344367792852     0.5456158858743630     6.0637076968997086
    7     2    -0.0000000000000001    -1.0912317717487259     6.0637076968997086
    8     2    -0.9450344367792846     0.5456158858743630     6.0637076968997086
    9     2     0.0000000000000000     1.0912317717487265     2.4508533591709032
   10     2     0.9450344367792854    -0.5456158858743632     2.4508533591709036
   11     2    -0.9450344367792848    -0.5456158858743630     2.4508533591709036

     Dynamical Matrix in cartesian axes

     q = (     0.000000000000     0.000000000000     0.000000000000 )

    1    1
     0.6841152031761106     0.0000000000000000       -0.0000000000000001     0.0000000000000000        0.0000000000000003     0.0000000000000000
     0.0000000000000000     0.0000000000000000        0.6841152032237068     0.0000000000000000        0.0000000000000001     0.0000000000000000
     0.0000000000000003     0.0000000000000000        0.0000000000000000     0.0000000000000000        0.7415694291814205     0.0000000000000000
    1    2
    -0.0368712798530786     0.0000000000000000        0.0000000000000000     0.0000000000000000       -0.0000000000000000     0.0000000000000000
     0.0000000000000000     0.0000000000000000       -0.0368712798556439     0.0000000000000000       -0.0000000000000000     0.0000000000000000
    -0.0000000000000000     0.0000000000000000       -0.0000000000000000     0.0000000000000000       -0.0663968427932855     0.0000000000000000
    1    3
    -0.0368712798530786     0.0000000000000000        0.0000000000000000     0.0000000000000000       -0.0000000000000000     0.0000000000000000
     0.0000000000000000     0.0000000000000000       -0.0368712798556439     0.0000000000000000       -0.0000000000000000     0.0000000000000000
    -0.0000000000000000     0.0000000000000000       -0.0000000000000000     0.0000000000000000       -0.0663968427932855     0.0000000000000000
    1    4
    -0.0789409228911984     0.0000000000000000        0.0000000000000000     0.0000000000000000       -0.0000000000000000     0.0000000000000000
     0.0000000000000000     0.0000000000000000       -0.0789409228966906     0.0000000000000000        0.0000000000000000     0.0000000000000000
    -0.0000000000000000     0.0000000000000000        0.0000000000000000     0.0000000000000000       -0.0259976735825342     0.0000000000000000
    1    5
    -0.0789409228911984     0.0000000000000000        0.0000000000000000     0.0000000000000000       -0.0000000000000000     0.0000000000000000
     0.0000000000000000     0.0000000000000000       -0.0789409228966906     0.0000000000000000        0.0000000000000000     0.0000000000000000
    -0.0000000000000000     0.0000000000000000        0.0000000000000000     0.0000000000000000       -0.0259976735825342     0.0000000000000000
    1    6
    -0.0583447278507072     0.0000000000000000        0.0295668089351943     0.0000000000000000       -0.0166615178086515     0.0000000000000000
     0.0295668089351943     0.0000000000000000       -0.0924855380515794     0.0000000000000000       -0.0096195317922673     0.0000000000000000
    -0.0159389030125814     0.0000000000000000       -0.0092023299452213     0.0000000000000000       -0.0927967327382967     0.0000000000000000
    1    7
    -0.1095559431423637     0.0000000000000000        0.0000000000000000     0.0000000000000000        0.0000000000000000     0.0000000000000000
    -0.0000000000000000     0.0000000000000000       -0.0412743227563600     0.0000000000000000        0.0192390635845346     0.0000000000000000
    -0.0000000000000000     0.0000000000000000        0.0184046598904426     0.0000000000000000       -0.0927967327382967     0.0000000000000000
    1    8
    -0.0583447278507072     0.0000000000000000       -0.0295668089351943     0.0000000000000000        0.0166615178086515     0.0000000000000000
    -0.0295668089351943     0.0000000000000000       -0.0924855380515794     0.0000000000000000       -0.0096195317922674     0.0000000000000000
     0.0159389030125813     0.0000000000000000       -0.0092023299452213     0.0000000000000000       -0.0927967327382967     0.0000000000000000
    1    9
    -0.1095559431423637     0.0000000000000000       -0.0000000000000000     0.0000000000000000       -0.0000000000000000     0.0000000000000000
     0.0000000000000000     0.0000000000000000       -0.0412743227563600     0.0000000000000000        0.0192390635845346     0.0000000000000000
    -0.0000000000000000     0.0000000000000000        0.0184046598904425     0.0000000000000000       -0.0927967327382967     0.0000000000000000
    1   10
    -0.0583447278507072     0.0000000000000000       -0.0295668089351943     0.0000000000000000        0.0166615178086515     0.0000000000000000
    -0.0295668089351943     0.0000000000000000       -0.0924855380515794     0.0000000000000000       -0.0096195317922673     0.0000000000000000
     0.0159389030125813     0.0000000000000000       -0.0092023299452213     0.0000000000000000       -0.0927967327382967     0.0000000000000000
    1   11
    -0.0583447278507072     0.0000000000000000        0.0295668089351943     0.0000000000000000       -0.0166615178086515     0.0000000000000000
     0.0295668089351943     0.0000000000000000       -0.0924855380515794     0.0000000000000000       -0.0096195317922674     0.0000000000000000
    -0.0159389030125814     0.0000000000000000       -0.0092023299452213     0.0000000000000000       -0.0927967327382967     0.0000000000000000
    2    1
    -0.0368712798530786     0.0000000000000000        0.0000000000000000     0.0000000000000000       -0.0000000000000000     0.0000000000000000
     0.0000000000000000     0.0000000000000000       -0.0368712798556439     0.0000000000000000       -0.0000000000000000     0.0000000000000000
    -0.0000000000000000     0.0000000000000000       -0.0000000000000000     0.0000000000000000       -0.0663968427932855     0.0000000000000000
    2    2
     0.0748385473913267     0.0000000000000000        0.0000000000000000     0.0000000000000000        0.0000000000000000     0.0000000000000000
    -0.0000000000000000     0.0000000000000000        0.0748385473965336     0.0000000000000000        0.0000000000000000     0.0000000000000000
     0.0000000000000000     0.0000000000000000        0.0000000000000000     0.0000000000000000        0.1072603666710697     0.0000000000000000
    2    3
    -0.0002095000121191     0.0000000000000000       -0.0000000000000000     0.0000000000000000        0.0000000000000000     0.0000000000000000
     0.0000000000000000     0.0000000000000000       -0.0002095000121337     0.0000000000000000        0.0000000000000000     0.0000000000000000
     0.0000000000000000     0.0000000000000000        0.0000000000000000     0.0000000000000000        0.0019176169727614     0.0000000000000000
    2    4
     0.0137775265100872     0.0000000000000000       -0.0000000000000000     0.0000000000000000       -0.0000000000000000     0.0000000000000000
     0.0000000000000000     0.0000000000000000        0.0137775265110457     0.0000000000000000       -0.0000000000000000     0.0000000000000000
    -0.0000000000000000     0.0000000000000000       -0.0000000000000000     0.0000000000000000       -0.0287050885191459     0.0000000000000000
    2    5
    -0.0218005254795318     0.0000000000000000        0.0000000000000000     0.0000000000000000        0.0000000000000000     0.0000000000000000
     0.0000000000000000     0.0000000000000000       -0.0218005254810486     0.0000000000000000        0.0000000000000000     0.0000000000000000
     0.0000000000000000     0.0000000000000000        0.0000000000000000     0.0000000000000000        0.0019778951979519     0.0000000000000000
    2    6
    -0.0036209449358655     0.0000000000000000        0.0058908248449032     0.0000000000000000       -0.0045813157437658     0.0000000000000000
     0.0058908248449032     0.0000000000000000       -0.0104230835562617     0.0000000000000000       -0.0026450238779978     0.0000000000000000
    -0.0050790117048264     0.0000000000000000       -0.0029323687751008     0.0000000000000000       -0.0171544414063173     0.0000000000000000
    2    7
    -0.0138241528653720     0.0000000000000000        0.0000000000000000     0.0000000000000000       -0.0000000000000000     0.0000000000000000
     0.0000000000000000     0.0000000000000000       -0.0002198756260453     0.0000000000000000        0.0052900477559957     0.0000000000000000
    -0.0000000000000000     0.0000000000000000        0.0058647375502015     0.0000000000000000       -0.0171544414063173     0.0000000000000000
    2    8
    -0.0036209449358655     0.0000000000000000       -0.0058908248449032     0.0000000000000000        0.0045813157437658     0.0000000000000000
    -0.0058908248449032     0.0000000000000000       -0.0104230835562617     0.0000000000000000       -0.0026450238779978     0.0000000000000000
     0.0050790117048264     0.0000000000000000       -0.0029323687751008     0.0000000000000000       -0.0171544414063173     0.0000000000000000
    2    9
     0.0148577706574022     0.0000000000000000       -0.0000000000000000     0.0000000000000000        0.0000000000000000     0.0000000000000000
    -0.0000000000000000     0.0000000000000000       -0.0206369212052255     0.0000000000000000       -0.0129836977429536     0.0000000000000000
     0.0000000000000000     0.0000000000000000       -0.0082460507236470     0.0000000000000000        0.0118031255632001     0.0000000000000000
    2   10
    -0.0117632482384918     0.0000000000000000        0.0153696524261812     0.0000000000000000       -0.0112442120800654     0.0000000000000000
     0.0153696524261812     0.0000000000000000        0.0059840976925206     0.0000000000000000        0.0064918488714768     0.0000000000000000
    -0.0071412894073249     0.0000000000000000        0.0041230253618235     0.0000000000000000        0.0118031255632001     0.0000000000000000
    2   11
    -0.0117632482384918     0.0000000000000000       -0.0153696524261812     0.0000000000000000        0.0112442120800654     0.0000000000000000
    -0.0153696524261812     0.0000000000000000        0.0059840976925206     0.0000000000000000        0.0064918488714768     0.0000000000000000
     0.0071412894073249     0.0000000000000000        0.0041230253618235     0.0000000000000000        0.0118031255632001     0.0000000000000000
    3    1
    -0.0368712798530786     0.0000000000000000       -0.0000000000000000     0.0000000000000000       -0.0000000000000000     0.0000000000000000
     0.0000000000000000     0.0000000000000000       -0.0368712798556439     0.0000000000000000       -0.0000000000000000     0.0000000000000000
    -0.0000000000000000     0.0000000000000000       -0.0000000000000000     0.0000000000000000       -0.0663968427932855     0.0000000000000000
    3    2
    -0.0002095000121191     0.0000000000000000       -0.0000000000000000     0.0000000000000000        0.0000000000000000     0.0000000000000000
     0.0000000000000000     0.0000000000000000       -0.0002095000121337     0.0000000000000000        0.0000000000000000     0.0000000000000000
     0.0000000000000000     0.0000000000000000        0.0000000000000000     0.0000000000000000        0.0019176169727614     0.0000000000000000
    3    3
     0.0748385473913268     0.0000000000000000        0.0000000000000000     0.0000000000000000        0.0000000000000000     0.0000000000000000
     0.0000000000000000     0.0000000000000000        0.0748385473965335     0.0000000000000000        0.0000000000000000     0.0000000000000000
     0.0000000000000000     0.0000000000000000        0.0000000000000000     0.0000000000000000        0.1072603666710697     0.0000000000000000
    3    4
    -0.0218005254795318     0.0000000000000000        0.0000000000000000     0.0000000000000000        0.0000000000000000     0.0000000000000000
     0.0000000000000000     0.0000000000000000       -0.0218005254810486     0.0000000000000000        0.0000000000000000     0.0000000000000000
     0.0000000000000000     0.0000000000000000        0.0000000000000000     0.0000000000000000        0.0019778951979519     0.0000000000000000
    3    5
     0.0137775265100872     0.0000000000000000       -0.0000000000000000     0.0000000000000000       -0.0000000000000000     0.0000000000000000
     0.0000000000000000     0.0000000000000000        0.0137775265110457     0.0000000000000000       -0.0000000000000000     0.0000000000000000
    -0.0000000000000000     0.0000000000000000       -0.0000000000000000     0.0000000000000000       -0.0287050885191459     0.0000000000000000
    3    6
    -0.0117632482384918     0.0000000000000000       -0.0153696524261812     0.0000000000000000        0.0112442120800654     0.0000000000000000
    -0.0153696524261812     0.0000000000000000        0.0059840976925206     0.0000000000000000        0.0064918488714768     0.0000000000000000
     0.0071412894073249     0.0000000000000000        0.0041230253618235     0.0000000000000000        0.0118031255632001     0.0000000000000000
    3    7
     0.0148577706574022     0.0000000000000000        0.0000000000000000     0.0000000000000000        0.0000000000000000     0.0000000000000000
    -0.0000000000000000     0.0000000000000000       -0.0206369212052255     0.0000000000000000       -0.0129836977429536     0.0000000000000000
     0.0000000000000000     0.0000000000000000       -0.0082460507236470     0.0000000000000000        0.0118031255632001     0.0000000000000000
    3    8
    -0.0117632482384918     0.0000000000000000        0.0153696524261812     0.0000000000000000       -0.0112442120800654     0.0000000000000000
     0.0153696524261812     0.0000000000000000        0.0059840976925206     0.0000000000000000        0.0064918488714768     0.0000000000000000
    -0.0071412894073249     0.0000000000000000        0.0041230253618235     0.0000000000000000        0.0118031255632001     0.0000000000000000
    3    9
    -0.0138241528653720     0.0000000000000000        0.0000000000000000     0.0000000000000000       -0.0000000000000000     0.0000000000000000
     0.0000000000000000     0.0000000000000000       -0.0002198756260453     0.0000000000000000        0.0052900477559957     0.0000000000000000
    -0.0000000000000000     0.0000000000000000        0.0058647375502016     0.0000000000000000       -0.0171544414063173     0.0000000000000000
    3   10
    -0.0036209449358655     0.0000000000000000       -0.0058908248449032     0.0000000000000000        0.0045813157437658     0.0000000000000000
    -0.0058908248449032     0.0000000000000000       -0.0104230835562617     0.0000000000000000       -0.0026450238779978     0.0000000000000000
     0.0050790117048264     0.0000000000000000       -0.0029323687751008     0.0000000000000000       -0.0171544414063173     0.0000000000000000
    3   11
    -0.0036209449358655     0.0000000000000000        0.0058908248449032     0.0000000000000000       -0.0045813157437658     0.0000000000000000
     0.0058908248449032     0.0000000000000000       -0.0104230835562617     0.0000000000000000       -0.0026450238779978     0.0000000000000000
    -0.0050790117048264     0.0000000000000000       -0.0029323687751008     0.0000000000000000       -0.0171544414063173     0.0000000000000000
    4    1
    -0.0789409228911984     0.0000000000000000        0.0000000000000000     0.0000000000000000       -0.0000000000000000     0.0000000000000000
     0.0000000000000000     0.0000000000000000       -0.0789409228966906     0.0000000000000000        0.0000000000000000     0.0000000000000000
    -0.0000000000000000     0.0000000000000000        0.0000000000000000     0.0000000000000000       -0.0259976735825342     0.0000000000000000
    4    2
     0.0137775265100872     0.0000000000000000       -0.0000000000000000     0.0000000000000000       -0.0000000000000000     0.0000000000000000
     0.0000000000000000     0.0000000000000000        0.0137775265110457     0.0000000000000000       -0.0000000000000000     0.0000000000000000
    -0.0000000000000000     0.0000000000000000       -0.0000000000000000     0.0000000000000000       -0.0287050885191459     0.0000000000000000
    4    3
    -0.0218005254795318     0.0000000000000000        0.0000000000000000     0.0000000000000000        0.0000000000000000     0.0000000000000000
     0.0000000000000000     0.0000000000000000       -0.0218005254810486     0.0000000000000000        0.0000000000000000     0.0000000000000000
     0.0000000000000000     0.0000000000000000        0.0000000000000000     0.0000000000000000        0.0019778951979519     0.0000000000000000
    4    4
     0.0988724646215858     0.0000000000000000        0.0000000000000000     0.0000000000000000        0.0000000000000000     0.0000000000000000
     0.0000000000000000     0.0000000000000000        0.0988724646284647     0.0000000000000000        0.0000000000000000     0.0000000000000000
     0.0000000000000000     0.0000000000000000        0.0000000000000000     0.0000000000000000        0.1213530904697490     0.0000000000000000
    4    5
    -0.0020890981582678     0.0000000000000000        0.0000000000000000     0.0000000000000000       -0.0000000000000000     0.0000000000000000
     0.0000000000000000     0.0000000000000000       -0.0020890981584132     0.0000000000000000       -0.0000000000000000     0.0000000000000000
    -0.0000000000000000     0.0000000000000000       -0.0000000000000000     0.0000000000000000       -0.0071633349584904     0.0000000000000000
    4    6
    -0.0059894974401657     0.0000000000000000       -0.0093508791504751     0.0000000000000000       -0.0131134140171769     0.0000000000000000
    -0.0093508791504751     0.0000000000000000        0.0048079677491661     0.0000000000000000       -0.0075710331130755     0.0000000000000000
    -0.0169322433904409     0.0000000000000000       -0.0097758352797954     0.0000000000000000        0.0056113860938595     0.0000000000000000
    4    7
     0.0102067003433302     0.0000000000000000        0.0000000000000000     0.0000000000000000        0.0000000000000000     0.0000000000000000
     0.0000000000000000     0.0000000000000000       -0.0113882300354566     0.0000000000000000        0.0151420662261509     0.0000000000000000
     0.0000000000000000     0.0000000000000000        0.0195516705595908     0.0000000000000000        0.0056113860938595     0.0000000000000000
    4    8
    -0.0059894974401656     0.0000000000000000        0.0093508791504751     0.0000000000000000        0.0131134140171769     0.0000000000000000
     0.0093508791504751     0.0000000000000000        0.0048079677491661     0.0000000000000000       -0.0075710331130755     0.0000000000000000
     0.0169322433904409     0.0000000000000000       -0.0097758352797954     0.0000000000000000        0.0056113860938595     0.0000000000000000
    4    9
     0.0066227063065307     0.0000000000000000       -0.0000000000000000     0.0000000000000000       -0.0000000000000000     0.0000000000000000
    -0.0000000000000000     0.0000000000000000       -0.0119874730178139     0.0000000000000000       -0.0160876152277959     0.0000000000000000
    -0.0000000000000000     0.0000000000000000       -0.0229254750561569     0.0000000000000000       -0.0260996822963697     0.0000000000000000
    4   10
    -0.0073349281861023     0.0000000000000000        0.0080584440318524     0.0000000000000000       -0.0139322834730959     0.0000000000000000
     0.0080584440318524     0.0000000000000000        0.0019701614757901     0.0000000000000000        0.0080438076138979     0.0000000000000000
    -0.0198540437917677     0.0000000000000000        0.0114627375280784     0.0000000000000000       -0.0260996822963697     0.0000000000000000
    4   11
    -0.0073349281861022     0.0000000000000000       -0.0080584440318524     0.0000000000000000        0.0139322834730959     0.0000000000000000
    -0.0080584440318524     0.0000000000000000        0.0019701614757901     0.0000000000000000        0.0080438076138979     0.0000000000000000
     0.0198540437917677     0.0000000000000000        0.0114627375280784     0.0000000000000000       -0.0260996822963697     0.0000000000000000
    5    1
    -0.0789409228911984     0.0000000000000000        0.0000000000000000     0.0000000000000000       -0.0000000000000000     0.0000000000000000
     0.0000000000000000     0.0000000000000000       -0.0789409228966906     0.0000000000000000       -0.0000000000000000     0.0000000000000000
    -0.0000000000000000     0.0000000000000000       -0.0000000000000000     0.0000000000000000       -0.0259976735825342     0.0000000000000000
    5    2
    -0.0218005254795318     0.0000000000000000        0.0000000000000000     0.0000000000000000        0.0000000000000000     0.0000000000000000
     0.0000000000000000     0.0000000000000000       -0.0218005254810486     0.0000000000000000        0.0000000000000000     0.0000000000000000
     0.0000000000000000     0.0000000000000000        0.0000000000000000     0.0000000000000000        0.0019778951979519     0.0000000000000000
    5    3
     0.0137775265100872     0.0000000000000000       -0.0000000000000000     0.0000000000000000       -0.0000000000000000     0.0000000000000000
     0.0000000000000000     0.0000000000000000        0.0137775265110457     0.0000000000000000       -0.0000000000000000     0.0000000000000000
    -0.0000000000000000     0.0000000000000000       -0.0000000000000000     0.0000000000000000       -0.0287050885191459     0.0000000000000000
    5    4
    -0.0020890981582678     0.0000000000000000        0.0000000000000000     0.0000000000000000       -0.0000000000000000     0.0000000000000000
     0.0000000000000000     0.0000000000000000       -0.0020890981584132     0.0000000000000000       -0.0000000000000000     0.0000000000000000
    -0.0000000000000000     0.0000000000000000       -0.0000000000000000     0.0000000000000000       -0.0071633349584904     0.0000000000000000
    5    5
     0.0988724646215858     0.0000000000000000        0.0000000000000000     0.0000000000000000        0.0000000000000000     0.0000000000000000
     0.0000000000000000     0.0000000000000000        0.0988724646284647     0.0000000000000000        0.0000000000000000     0.0000000000000000
     0.0000000000000000     0.0000000000000000        0.0000000000000000     0.0000000000000000        0.1213530904697490     0.0000000000000000
    5    6
    -0.0073349281861023     0.0000000000000000       -0.0080584440318524     0.0000000000000000        0.0139322834730959     0.0000000000000000
    -0.0080584440318524     0.0000000000000000        0.0019701614757901     0.0000000000000000        0.0080438076138979     0.0000000000000000
     0.0198540437917677     0.0000000000000000        0.0114627375280784     0.0000000000000000       -0.0260996822963697     0.0000000000000000
    5    7
     0.0066227063065307     0.0000000000000000       -0.0000000000000000     0.0000000000000000       -0.0000000000000000     0.0000000000000000
    -0.0000000000000000     0.0000000000000000       -0.0119874730178139     0.0000000000000000       -0.0160876152277959     0.0000000000000000
    -0.0000000000000000     0.0000000000000000       -0.0229254750561569     0.0000000000000000       -0.0260996822963697     0.0000000000000000
    5    8
    -0.0073349281861023     0.0000000000000000        0.0080584440318524     0.0000000000000000       -0.0139322834730960     0.0000000000000000
     0.0080584440318524     0.0000000000000000        0.0019701614757901     0.0000000000000000        0.0080438076138979     0.0000000000000000
    -0.0198540437917677     0.0000000000000000        0.0114627375280784     0.0000000000000000       -0.0260996822963697     0.0000000000000000
    5    9
     0.0102067003433302     0.0000000000000000        0.0000000000000000     0.0000000000000000        0.0000000000000000     0.0000000000000000
     0.0000000000000000     0.0000000000000000       -0.0113882300354566     0.0000000000000000        0.0151420662261509     0.0000000000000000
     0.0000000000000000     0.0000000000000000        0.0195516705595908     0.0000000000000000        0.0056113860938595     0.0000000000000000
    5   10
    -0.0059894974401656     0.0000000000000000        0.0093508791504751     0.0000000000000000        0.0131134140171769     0.0000000000000000
     0.0093508791504751     0.0000000000000000        0.0048079677491661     0.0000000000000000       -0.0075710331130755     0.0000000000000000
     0.0169322433904409     0.0000000000000000       -0.0097758352797954     0.0000000000000000        0.0056113860938595     0.0000000000000000
    5   11
    -0.0059894974401657     0.0000000000000000       -0.0093508791504751     0.0000000000000000       -0.0131134140171769     0.0000000000000000
    -0.0093508791504751     0.0000000000000000        0.0048079677491661     0.0000000000000000       -0.0075710331130755     0.0000000000000000
    -0.0169322433904409     0.0000000000000000       -0.0097758352797954     0.0000000000000000        0.0056113860938595     0.0000000000000000
    6    1
    -0.0583447278507073     0.0000000000000000        0.0295668089351943     0.0000000000000000       -0.0159389030125813     0.0000000000000000
     0.0295668089351943     0.0000000000000000       -0.0924855380515795     0.0000000000000000       -0.0092023299452213     0.0000000000000000
    -0.0166615178086516     0.0000000000000000       -0.0096195317922673     0.0000000000000000       -0.0927967327382967     0.0000000000000000
    6    2
    -0.0036209449358655     0.0000000000000000        0.0058908248449032     0.0000000000000000       -0.0050790117048264     0.0000000000000000
     0.0058908248449032     0.0000000000000000       -0.0104230835562617     0.0000000000000000       -0.0029323687751008     0.0000000000000000
    -0.0045813157437658     0.0000000000000000       -0.0026450238779978     0.0000000000000000       -0.0171544414063173     0.0000000000000000
    6    3
    -0.0117632482384918     0.0000000000000000       -0.0153696524261812     0.0000000000000000        0.0071412894073249     0.0000000000000000
    -0.0153696524261812     0.0000000000000000        0.0059840976925205     0.0000000000000000        0.0041230253618235     0.0000000000000000
     0.0112442120800654     0.0000000000000000        0.0064918488714768     0.0000000000000000        0.0118031255632001     0.0000000000000000
    6    4
    -0.0059894974401657     0.0000000000000000       -0.0093508791504751     0.0000000000000000       -0.0169322433904409     0.0000000000000000
    -0.0093508791504751     0.0000000000000000        0.0048079677491661     0.0000000000000000       -0.0097758352797954     0.0000000000000000
    -0.0131134140171769     0.0000000000000000       -0.0075710331130755     0.0000000000000000        0.0056113860938595     0.0000000000000000
    6    5
    -0.0073349281861023     0.0000000000000000       -0.0080584440318524     0.0000000000000000        0.0198540437917677     0.0000000000000000
    -0.0080584440318524     0.0000000000000000        0.0019701614757901     0.0000000000000000        0.0114627375280784     0.0000000000000000
     0.0139322834730959     0.0000000000000000        0.0080438076138979     0.0000000000000000       -0.0260996822963697     0.0000000000000000
    6    6
     0.1216614676281942     0.0000000000000000        0.0046153003609376     0.0000000000000000       -0.0010870320118631     0.0000000000000000
     0.0046153003609376     0.0000000000000000        0.1163321778249166     0.0000000000000000       -0.0006275982246887     0.0000000000000000
    -0.0010870320118631     0.0000000000000000       -0.0006275982246887     0.0000000000000000        0.1128186926444107     0.0000000000000000
    6    7
    -0.0063361535698094     0.0000000000000000       -0.0221631603452781     0.0000000000000000        0.0032197643611371     0.0000000000000000
    -0.0132024191415614     0.0000000000000000       -0.0267544804077344     0.0000000000000000       -0.0015599658892984     0.0000000000000000
     0.0029608522696912     0.0000000000000000       -0.0020084147863922     0.0000000000000000        0.0052930445899113     0.0000000000000000
    6    8
    -0.0369636438239048     0.0000000000000000        0.0044803706018584     0.0000000000000000        0.0002589120914459     0.0000000000000000
    -0.0044803706018584     0.0000000000000000        0.0038730098484919     0.0000000000000000        0.0035683806756907     0.0000000000000000
    -0.0002589120914459     0.0000000000000000        0.0035683806756907     0.0000000000000000        0.0052930445899113     0.0000000000000000
    6    9
    -0.0022476267749511     0.0000000000000000        0.0105985149592932     0.0000000000000000        0.0088214249114019     0.0000000000000000
     0.0082041389727319     0.0000000000000000        0.0086080905344043     0.0000000000000000       -0.0047087921039740     0.0000000000000000
     0.0084886460387401     0.0000000000000000       -0.0052851820191298     0.0000000000000000       -0.0002528511684573     0.0000000000000000
    6   10
     0.0140359491881836     0.0000000000000000       -0.0011971879932806     0.0000000000000000        0.0003327788726618     0.0000000000000000
     0.0011971879932806     0.0000000000000000       -0.0076754854298633     0.0000000000000000        0.0099939741231037     0.0000000000000000
    -0.0003327788726618     0.0000000000000000        0.0099939741231037     0.0000000000000000       -0.0002528511684573     0.0000000000000000
    6   11
    -0.0030966459963802     0.0000000000000000        0.0009875042448807     0.0000000000000000       -0.0005910233160276     0.0000000000000000
     0.0009875042448807     0.0000000000000000       -0.0042369176798508     0.0000000000000000       -0.0003412274706178     0.0000000000000000
    -0.0005910233160276     0.0000000000000000       -0.0003412274706178     0.0000000000000000       -0.0042627347033947     0.0000000000000000
    7    1
    -0.1095559431423638     0.0000000000000000        0.0000000000000000     0.0000000000000000       -0.0000000000000000     0.0000000000000000
     0.0000000000000000     0.0000000000000000       -0.0412743227563599     0.0000000000000000        0.0184046598904426     0.0000000000000000
    -0.0000000000000000     0.0000000000000000        0.0192390635845347     0.0000000000000000       -0.0927967327382967     0.0000000000000000
    7    2
    -0.0138241528653720     0.0000000000000000        0.0000000000000000     0.0000000000000000       -0.0000000000000000     0.0000000000000000
     0.0000000000000000     0.0000000000000000       -0.0002198756260453     0.0000000000000000        0.0058647375502016     0.0000000000000000
    -0.0000000000000000     0.0000000000000000        0.0052900477559957     0.0000000000000000       -0.0171544414063173     0.0000000000000000
    7    3
     0.0148577706574022     0.0000000000000000       -0.0000000000000000     0.0000000000000000        0.0000000000000000     0.0000000000000000
    -0.0000000000000000     0.0000000000000000       -0.0206369212052256     0.0000000000000000       -0.0082460507236470     0.0000000000000000
     0.0000000000000000     0.0000000000000000       -0.0129836977429536     0.0000000000000000        0.0118031255632001     0.0000000000000000
    7    4
     0.0102067003433302     0.0000000000000000        0.0000000000000000     0.0000000000000000        0.0000000000000000     0.0000000000000000
     0.0000000000000000     0.0000000000000000       -0.0113882300354566     0.0000000000000000        0.0195516705595908     0.0000000000000000
     0.0000000000000000     0.0000000000000000        0.0151420662261509     0.0000000000000000        0.0056113860938595     0.0000000000000000
    7    5
     0.0066227063065307     0.0000000000000000       -0.0000000000000000     0.0000000000000000       -0.0000000000000000     0.0000000000000000
    -0.0000000000000000     0.0000000000000000       -0.0119874730178139     0.0000000000000000       -0.0229254750561569     0.0000000000000000
    -0.0000000000000000     0.0000000000000000       -0.0160876152277959     0.0000000000000000       -0.0260996822963697     0.0000000000000000
    7    6
    -0.0063361535698094     0.0000000000000000       -0.0132024191415614     0.0000000000000000        0.0029608522696912     0.0000000000000000
    -0.0221631603452781     0.0000000000000000       -0.0267544804077344     0.0000000000000000       -0.0020084147863922     0.0000000000000000
     0.0032197643611371     0.0000000000000000       -0.0015599658892984     0.0000000000000000        0.0052930445899113     0.0000000000000000
    7    7
     0.1136675329111374     0.0000000000000000       -0.0000000000000000     0.0000000000000000        0.0000000000000000     0.0000000000000000
     0.0000000000000000     0.0000000000000000        0.1243261125425296     0.0000000000000000        0.0012551964493775     0.0000000000000000
     0.0000000000000000     0.0000000000000000        0.0012551964493775     0.0000000000000000        0.1128186926444107     0.0000000000000000
    7    8
    -0.0063361535698094     0.0000000000000000        0.0132024191415614     0.0000000000000000       -0.0029608522696912     0.0000000000000000
     0.0221631603452781     0.0000000000000000       -0.0267544804077344     0.0000000000000000       -0.0020084147863922     0.0000000000000000
    -0.0032197643611370     0.0000000000000000       -0.0015599658892984     0.0000000000000000        0.0052930445899113     0.0000000000000000
    7    9
    -0.0048070535211440     0.0000000000000000        0.0000000000000000     0.0000000000000000       -0.0000000000000000     0.0000000000000000
    -0.0000000000000000     0.0000000000000000       -0.0025265101549680     0.0000000000000000        0.0006824549412355     0.0000000000000000
    -0.0000000000000000     0.0000000000000000        0.0006824549412355     0.0000000000000000       -0.0042627347033947     0.0000000000000000
    7   10
    -0.0022476267749511     0.0000000000000000       -0.0082041389727319     0.0000000000000000       -0.0084886460387401     0.0000000000000000
    -0.0105985149592932     0.0000000000000000        0.0086080905344043     0.0000000000000000       -0.0052851820191298     0.0000000000000000
    -0.0088214249114019     0.0000000000000000       -0.0047087921039740     0.0000000000000000       -0.0002528511684573     0.0000000000000000
    7   11
    -0.0022476267749511     0.0000000000000000        0.0082041389727319     0.0000000000000000        0.0084886460387401     0.0000000000000000
     0.0105985149592932     0.0000000000000000        0.0086080905344043     0.0000000000000000       -0.0052851820191298     0.0000000000000000
     0.0088214249114019     0.0000000000000000       -0.0047087921039740     0.0000000000000000       -0.0002528511684573     0.0000000000000000
    8    1
    -0.0583447278507072     0.0000000000000000       -0.0295668089351943     0.0000000000000000        0.0159389030125813     0.0000000000000000
    -0.0295668089351943     0.0000000000000000       -0.0924855380515794     0.0000000000000000       -0.0092023299452213     0.0000000000000000
     0.0166615178086515     0.0000000000000000       -0.0096195317922673     0.0000000000000000       -0.0927967327382967     0.0000000000000000
    8    2
    -0.0036209449358655     0.0000000000000000       -0.0058908248449032     0.0000000000000000        0.0050790117048264     0.0000000000000000
    -0.0058908248449032     0.0000000000000000       -0.0104230835562617     0.0000000000000000       -0.0029323687751008     0.0000000000000000
     0.0045813157437658     0.0000000000000000       -0.0026450238779978     0.0000000000000000       -0.0171544414063173     0.0000000000000000
    8    3
    -0.0117632482384918     0.0000000000000000        0.0153696524261812     0.0000000000000000       -0.0071412894073249     0.0000000000000000
     0.0153696524261812     0.0000000000000000        0.0059840976925205     0.0000000000000000        0.0041230253618235     0.0000000000000000
    -0.0112442120800654     0.0000000000000000        0.0064918488714768     0.0000000000000000        0.0118031255632001     0.0000000000000000
    8    4
    -0.0059894974401656     0.0000000000000000        0.0093508791504751     0.0000000000000000        0.0169322433904409     0.0000000000000000
     0.0093508791504751     0.0000000000000000        0.0048079677491661     0.0000000000000000       -0.0097758352797954     0.0000000000000000
     0.0131134140171769     0.0000000000000000       -0.0075710331130755     0.0000000000000000        0.0056113860938595     0.0000000000000000
    8    5
    -0.0073349281861023     0.0000000000000000        0.0080584440318524     0.0000000000000000       -0.0198540437917677     0.0000000000000000
     0.0080584440318524     0.0000000000000000        0.0019701614757901     0.0000000000000000        0.0114627375280784     0.0000000000000000
    -0.0139322834730960     0.0000000000000000        0.0080438076138979     0.0000000000000000       -0.0260996822963697     0.0000000000000000
    8    6
    -0.0369636438239048     0.0000000000000000       -0.0044803706018584     0.0000000000000000       -0.0002589120914459     0.0000000000000000
     0.0044803706018584     0.0000000000000000        0.0038730098484919     0.0000000000000000        0.0035683806756907     0.0000000000000000
     0.0002589120914459     0.0000000000000000        0.0035683806756907     0.0000000000000000        0.0052930445899113     0.0000000000000000
    8    7
    -0.0063361535698094     0.0000000000000000        0.0221631603452781     0.0000000000000000       -0.0032197643611370     0.0000000000000000
     0.0132024191415614     0.0000000000000000       -0.0267544804077344     0.0000000000000000       -0.0015599658892984     0.0000000000000000
    -0.0029608522696912     0.0000000000000000       -0.0020084147863922     0.0000000000000000        0.0052930445899113     0.0000000000000000
    8    8
     0.1216614676281942     0.0000000000000000       -0.0046153003609376     0.0000000000000000        0.0010870320118631     0.0000000000000000
    -0.0046153003609376     0.0000000000000000        0.1163321778249167     0.0000000000000000       -0.0006275982246887     0.0000000000000000
     0.0010870320118631     0.0000000000000000       -0.0006275982246887     0.0000000000000000        0.1128186926444107     0.0000000000000000
    8    9
    -0.0022476267749511     0.0000000000000000       -0.0105985149592932     0.0000000000000000       -0.0088214249114019     0.0000000000000000
    -0.0082041389727319     0.0000000000000000        0.0086080905344043     0.0000000000000000       -0.0047087921039740     0.0000000000000000
    -0.0084886460387401     0.0000000000000000       -0.0052851820191298     0.0000000000000000       -0.0002528511684573     0.0000000000000000
    8   10
    -0.0030966459963802     0.0000000000000000       -0.0009875042448807     0.0000000000000000        0.0005910233160276     0.0000000000000000
    -0.0009875042448807     0.0000000000000000       -0.0042369176798508     0.0000000000000000       -0.0003412274706178     0.0000000000000000
     0.0005910233160276     0.0000000000000000       -0.0003412274706178     0.0000000000000000       -0.0042627347033947     0.0000000000000000
    8   11
     0.0140359491881836     0.0000000000000000        0.0011971879932806     0.0000000000000000       -0.0003327788726618     0.0000000000000000
    -0.0011971879932806     0.0000000000000000       -0.0076754854298633     0.0000000000000000        0.0099939741231037     0.0000000000000000
     0.0003327788726618     0.0000000000000000        0.0099939741231037     0.0000000000000000       -0.0002528511684573     0.0000000000000000
    9    1
    -0.1095559431423638     0.0000000000000000        0.0000000000000000     0.0000000000000000       -0.0000000000000000     0.0000000000000000
    -0.0000000000000000     0.0000000000000000       -0.0412743227563599     0.0000000000000000        0.0184046598904426     0.0000000000000000
    -0.0000000000000000     0.0000000000000000        0.0192390635845346     0.0000000000000000       -0.0927967327382967     0.0000000000000000
    9    2
     0.0148577706574022     0.0000000000000000       -0.0000000000000000     0.0000000000000000        0.0000000000000000     0.0000000000000000
    -0.0000000000000000     0.0000000000000000       -0.0206369212052255     0.0000000000000000       -0.0082460507236470     0.0000000000000000
     0.0000000000000000     0.0000000000000000       -0.0129836977429536     0.0000000000000000        0.0118031255632001     0.0000000000000000
    9    3
    -0.0138241528653720     0.0000000000000000        0.0000000000000000     0.0000000000000000       -0.0000000000000000     0.0000000000000000
     0.0000000000000000     0.0000000000000000       -0.0002198756260453     0.0000000000000000        0.0058647375502016     0.0000000000000000
    -0.0000000000000000     0.0000000000000000        0.0052900477559957     0.0000000000000000       -0.0171544414063173     0.0000000000000000
    9    4
     0.0066227063065307     0.0000000000000000       -0.0000000000000000     0.0000000000000000       -0.0000000000000000     0.0000000000000000
    -0.0000000000000000     0.0000000000000000       -0.0119874730178139     0.0000000000000000       -0.0229254750561569     0.0000000000000000
    -0.0000000000000000     0.0000000000000000       -0.0160876152277959     0.0000000000000000       -0.0260996822963697     0.0000000000000000
    9    5
     0.0102067003433302     0.0000000000000000        0.0000000000000000     0.0000000000000000        0.0000000000000000     0.0000000000000000
     0.0000000000000000     0.0000000000000000       -0.0113882300354566     0.0000000000000000        0.0195516705595908     0.0000000000000000
     0.0000000000000000     0.0000000000000000        0.0151420662261509     0.0000000000000000        0.0056113860938595     0.0000000000000000
    9    6
    -0.0022476267749511     0.0000000000000000        0.0082041389727319     0.0000000000000000        0.0084886460387401     0.0000000000000000
     0.0105985149592932     0.0000000000000000        0.0086080905344043     0.0000000000000000       -0.0052851820191298     0.0000000000000000
     0.0088214249114019     0.0000000000000000       -0.0047087921039740     0.0000000000000000       -0.0002528511684573     0.0000000000000000
    9    7
    -0.0048070535211440     0.0000000000000000        0.0000000000000000     0.0000000000000000       -0.0000000000000000     0.0000000000000000
    -0.0000000000000000     0.0000000000000000       -0.0025265101549680     0.0000000000000000        0.0006824549412355     0.0000000000000000
    -0.0000000000000000     0.0000000000000000        0.0006824549412355     0.0000000000000000       -0.0042627347033947     0.0000000000000000
    9    8
    -0.0022476267749511     0.0000000000000000       -0.0082041389727319     0.0000000000000000       -0.0084886460387401     0.0000000000000000
    -0.0105985149592932     0.0000000000000000        0.0086080905344043     0.0000000000000000       -0.0052851820191298     0.0000000000000000
    -0.0088214249114019     0.0000000000000000       -0.0047087921039740     0.0000000000000000       -0.0002528511684573     0.0000000000000000
    9    9
     0.1136675329111374     0.0000000000000000       -0.0000000000000000     0.0000000000000000        0.0000000000000000     0.0000000000000000
     0.0000000000000000     0.0000000000000000        0.1243261125425296     0.0000000000000000        0.0012551964493775     0.0000000000000000
     0.0000000000000000     0.0000000000000000        0.0012551964493775     0.0000000000000000        0.1128186926444107     0.0000000000000000
    9   10
    -0.0063361535698094     0.0000000000000000        0.0132024191415614     0.0000000000000000       -0.0029608522696912     0.0000000000000000
     0.0221631603452781     0.0000000000000000       -0.0267544804077344     0.0000000000000000       -0.0020084147863922     0.0000000000000000
    -0.0032197643611370     0.0000000000000000       -0.0015599658892984     0.0000000000000000        0.0052930445899113     0.0000000000000000
    9   11
    -0.0063361535698094     0.0000000000000000       -0.0132024191415614     0.0000000000000000        0.0029608522696912     0.0000000000000000
    -0.0221631603452781     0.0000000000000000       -0.0267544804077344     0.0000000000000000       -0.0020084147863922     0.0000000000000000
     0.0032197643611371     0.0000000000000000       -0.0015599658892984     0.0000000000000000        0.0052930445899113     0.0000000000000000
   10    1
    -0.0583447278507072     0.0000000000000000       -0.0295668089351943     0.0000000000000000        0.0159389030125813     0.0000000000000000
    -0.0295668089351943     0.0000000000000000       -0.0924855380515794     0.0000000000000000       -0.0092023299452213     0.0000000000000000
     0.0166615178086515     0.0000000000000000       -0.0096195317922673     0.0000000000000000       -0.0927967327382967     0.0000000000000000
   10    2
    -0.0117632482384918     0.0000000000000000        0.0153696524261812     0.0000000000000000       -0.0071412894073249     0.0000000000000000
     0.0153696524261812     0.0000000000000000        0.0059840976925205     0.0000000000000000        0.0041230253618235     0.0000000000000000
    -0.0112442120800654     0.0000000000000000        0.0064918488714768     0.0000000000000000        0.0118031255632001     0.0000000000000000
   10    3
    -0.0036209449358655     0.0000000000000000       -0.0058908248449032     0.0000000000000000        0.0050790117048264     0.0000000000000000
    -0.0058908248449032     0.0000000000000000       -0.0104230835562617     0.0000000000000000       -0.0029323687751008     0.0000000000000000
     0.0045813157437658     0.0000000000000000       -0.0026450238779978     0.0000000000000000       -0.0171544414063173     0.0000000000000000
   10    4
    -0.0073349281861023     0.0000000000000000        0.0080584440318524     0.0000000000000000       -0.0198540437917677     0.0000000000000000
     0.0080584440318524     0.0000000000000000        0.0019701614757901     0.0000000000000000        0.0114627375280784     0.0000000000000000
    -0.0139322834730960     0.0000000000000000        0.0080438076138979     0.0000000000000000       -0.0260996822963697     0.0000000000000000
   10    5
    -0.0059894974401656     0.0000000000000000        0.0093508791504751     0.0000000000000000        0.0169322433904409     0.0000000000000000
     0.0093508791504751     0.0000000000000000        0.0048079677491661     0.0000000000000000       -0.0097758352797954     0.0000000000000000
     0.0131134140171769     0.0000000000000000       -0.0075710331130755     0.0000000000000000        0.0056113860938595     0.0000000000000000
   10    6
     0.0140359491881836     0.0000000000000000        0.0011971879932806     0.0000000000000000       -0.0003327788726618     0.0000000000000000
    -0.0011971879932806     0.0000000000000000       -0.0076754854298633     0.0000000000000000        0.0099939741231037     0.0000000000000000
     0.0003327788726618     0.0000000000000000        0.0099939741231037     0.0000000000000000       -0.0002528511684573     0.0000000000000000
   10    7
    -0.0022476267749511     0.0000000000000000       -0.0105985149592932     0.0000000000000000       -0.0088214249114019     0.0000000000000000
    -0.0082041389727319     0.0000000000000000        0.0086080905344043     0.0000000000000000       -0.0047087921039740     0.0000000000000000
    -0.0084886460387401     0.0000000000000000       -0.0052851820191298     0.0000000000000000       -0.0002528511684573     0.0000000000000000
   10    8
    -0.0030966459963802     0.0000000000000000       -0.0009875042448807     0.0000000000000000        0.0005910233160276     0.0000000000000000
    -0.0009875042448807     0.0000000000000000       -0.0042369176798508     0.0000000000000000       -0.0003412274706178     0.0000000000000000
     0.0005910233160276     0.0000000000000000       -0.0003412274706178     0.0000000000000000       -0.0042627347033947     0.0000000000000000
   10    9
    -0.0063361535698094     0.0000000000000000        0.0221631603452781     0.0000000000000000       -0.0032197643611370     0.0000000000000000
     0.0132024191415614     0.0000000000000000       -0.0267544804077344     0.0000000000000000       -0.0015599658892984     0.0000000000000000
    -0.0029608522696912     0.0000000000000000       -0.0020084147863922     0.0000000000000000        0.0052930445899113     0.0000000000000000
   10   10
     0.1216614676281942     0.0000000000000000       -0.0046153003609376     0.0000000000000000        0.0010870320118631     0.0000000000000000
    -0.0046153003609376     0.0000000000000000        0.1163321778249166     0.0000000000000000       -0.0006275982246887     0.0000000000000000
     0.0010870320118631     0.0000000000000000       -0.0006275982246887     0.0000000000000000        0.1128186926444107     0.0000000000000000
   10   11
    -0.0369636438239048     0.0000000000000000       -0.0044803706018584     0.0000000000000000       -0.0002589120914459     0.0000000000000000
     0.0044803706018584     0.0000000000000000        0.0038730098484919     0.0000000000000000        0.0035683806756907     0.0000000000000000
     0.0002589120914459     0.0000000000000000        0.0035683806756907     0.0000000000000000        0.0052930445899113     0.0000000000000000
   11    1
    -0.0583447278507073     0.0000000000000000        0.0295668089351943     0.0000000000000000       -0.0159389030125813     0.0000000000000000
     0.0295668089351943     0.0000000000000000       -0.0924855380515794     0.0000000000000000       -0.0092023299452213     0.0000000000000000
    -0.0166615178086515     0.0000000000000000       -0.0096195317922674     0.0000000000000000       -0.0927967327382967     0.0000000000000000
   11    2
    -0.0117632482384918     0.0000000000000000       -0.0153696524261812     0.0000000000000000        0.0071412894073249     0.0000000000000000
    -0.0153696524261812     0.0000000000000000        0.0059840976925205     0.0000000000000000        0.0041230253618235     0.0000000000000000
     0.0112442120800654     0.0000000000000000        0.0064918488714768     0.0000000000000000        0.0118031255632001     0.0000000000000000
   11    3
    -0.0036209449358655     0.0000000000000000        0.0058908248449032     0.0000000000000000       -0.0050790117048264     0.0000000000000000
     0.0058908248449032     0.0000000000000000       -0.0104230835562617     0.0000000000000000       -0.0029323687751008     0.0000000000000000
    -0.0045813157437658     0.0000000000000000       -0.0026450238779978     0.0000000000000000       -0.0171544414063173     0.0000000000000000
   11    4
    -0.0073349281861022     0.0000000000000000       -0.0080584440318524     0.0000000000000000        0.0198540437917677     0.0000000000000000
    -0.0080584440318524     0.0000000000000000        0.0019701614757901     0.0000000000000000        0.0114627375280784     0.0000000000000000
     0.0139322834730959     0.0000000000000000        0.0080438076138979     0.0000000000000000       -0.0260996822963697     0.0000000000000000
   11    5
    -0.0059894974401657     0.0000000000000000       -0.0093508791504751     0.0000000000000000       -0.0169322433904409     0.0000000000000000
    -0.0093508791504751     0.0000000000000000        0.0048079677491661     0.0000000000000000       -0.0097758352797954     0.0000000000000000
    -0.0131134140171769     0.0000000000000000       -0.0075710331130755     0.0000000000000000        0.0056113860938595     0.0000000000000000
   11    6
    -0.0030966459963802     0.0000000000000000        0.0009875042448807     0.0000000000000000       -0.0005910233160276     0.0000000000000000
     0.0009875042448807     0.0000000000000000       -0.0042369176798508     0.0000000000000000       -0.0003412274706178     0.0000000000000000
    -0.0005910233160276     0.0000000000000000       -0.0003412274706178     0.0000000000000000       -0.0042627347033947     0.0000000000000000
   11    7
    -0.0022476267749511     0.0000000000000000        0.0105985149592932     0.0000000000000000        0.0088214249114019     0.0000000000000000
     0.0082041389727319     0.0000000000000000        0.0086080905344043     0.0000000000000000       -0.0047087921039740     0.0000000000000000
     0.0084886460387401     0.0000000000000000       -0.0052851820191298     0.0000000000000000       -0.0002528511684573     0.0000000000000000
   11    8
     0.0140359491881836     0.0000000000000000       -0.0011971879932806     0.0000000000000000        0.0003327788726618     0.0000000000000000
     0.0011971879932806     0.0000000000000000       -0.0076754854298633     0.0000000000000000        0.0099939741231037     0.0000000000000000
    -0.0003327788726618     0.0000000000000000        0.0099939741231037     0.0000000000000000       -0.0002528511684573     0.0000000000000000
   11    9
    -0.0063361535698094     0.0000000000000000       -0.0221631603452781     0.0000000000000000        0.0032197643611371     0.0000000000000000
    -0.0132024191415614     0.0000000000000000       -0.0267544804077344     0.0000000000000000       -0.0015599658892984     0.0000000000000000
     0.0029608522696912     0.0000000000000000       -0.0020084147863922     0.0000000000000000        0.0052930445899113     0.0000000000000000
   11   10
    -0.0369636438239048     0.0000000000000000        0.0044803706018584     0.0000000000000000        0.0002589120914459     0.0000000000000000
    -0.0044803706018584     0.0000000000000000        0.0038730098484919     0.0000000000000000        0.0035683806756907     0.0000000000000000
    -0.0002589120914459     0.0000000000000000        0.0035683806756907     0.0000000000000000        0.0052930445899113     0.0000000000000000
   11   11
     0.1216614676281942     0.0000000000000000        0.0046153003609376     0.0000000000000000       -0.0010870320118631     0.0000000000000000
     0.0046153003609376     0.0000000000000000        0.1163321778249167     0.0000000000000000       -0.0006275982246887     0.0000000000000000
    -0.0010870320118630     0.0000000000000000       -0.0006275982246887     0.0000000000000000        0.1128186926444107     0.0000000000000000

     Diagonalizing the dynamical matrix

     q = (     0.000000000000     0.000000000000     0.000000000000 )

***************************************************************************
   freq (    1) =     0.00000007 [THz] =     0.00000221 [cm-1]
(   0.301511  0.000000  -0.000000  0.000000  -0.000000  0.000000 )
(   0.301511  0.000000  -0.000000  0.000000   0.000000  0.000000 )
(   0.301511  0.000000  -0.000000  0.000000  -0.000000  0.000000 )
(   0.301511  0.000000  -0.000000  0.000000  -0.000000  0.000000 )
(   0.301511  0.000000  -0.000000  0.000000   0.000000  0.000000 )
(   0.301511  0.000000  -0.000000  0.000000  -0.000000  0.000000 )
(   0.301511  0.000000  -0.000000  0.000000  -0.000000  0.000000 )
(   0.301511  0.000000  -0.000000  0.000000   0.000000  0.000000 )
(   0.301511  0.000000  -0.000000  0.000000   0.000000  0.000000 )
(   0.301511  0.000000  -0.000000  0.000000   0.000000  0.000000 )
(   0.301511  0.000000  -0.000000  0.000000  -0.000000  0.000000 )
   freq (    2) =     0.00000092 [THz] =     0.00003081 [cm-1]
(   0.000000  0.000000   0.298050  0.000000   0.045558  0.000000 )
(   0.000000  0.000000   0.298050  0.000000   0.045558  0.000000 )
(  -0.000000  0.000000   0.298050  0.000000   0.045558  0.000000 )
(   0.000000  0.000000   0.298050  0.000000   0.045558  0.000000 )
(   0.000000  0.000000   0.298050  0.000000   0.045558  0.000000 )
(   0.000000  0.000000   0.298050  0.000000   0.045558  0.000000 )
(   0.000000  0.000000   0.298050  0.000000   0.045558  0.000000 )
(  -0.000000  0.000000   0.298050  0.000000   0.045558  0.000000 )
(   0.000000  0.000000   0.298050  0.000000   0.045558  0.000000 )
(   0.000000  0.000000   0.298050  0.000000   0.045558  0.000000 )
(  -0.000000  0.000000   0.298050  0.000000   0.045558  0.000000 )
   freq (    3) =     0.00000095 [THz] =     0.00003185 [cm-1]
(   0.000000  0.000000   0.045558  0.000000  -0.298050  0.000000 )
(   0.000000  0.000000   0.045558  0.000000  -0.298050  0.000000 )
(  -0.000000  0.000000   0.045558  0.000000  -0.298050  0.000000 )
(  -0.000000  0.000000   0.045558  0.000000  -0.298050  0.000000 )
(   0.000000  0.000000   0.045558  0.000000  -0.298050  0.000000 )
(   0.000000  0.000000   0.045558  0.000000  -0.298050  0.000000 )
(   0.000000  0.000000   0.045558  0.000000  -0.298050  0.000000 )
(   0.000000  0.000000   0.045558  0.000000  -0.298050  0.000000 )
(   0.000000  0.000000   0.045558  0.000000  -0.298050  0.000000 )
(  -0.000000  0.000000   0.045558  0.000000  -0.298050  0.000000 )
(  -0.000000  0.000000   0.045558  0.000000  -0.298050  0.000000 )
   freq (    4) =    20.38124935 [THz] =   679.84520259 [cm-1]
(  -0.000000  0.000000  -0.000000  0.000000   0.000000  0.000000 )
(   0.577973  0.000000   0.000008  0.000000  -0.000000  0.000000 )
(  -0.577973  0.000000  -0.000008  0.000000   0.000000  0.000000 )
(  -0.290968  0.000000  -0.000004  0.000000   0.000000  0.000000 )
(   0.290968  0.000000   0.000004  0.000000  -0.000000  0.000000 )
(  -0.104690  0.000000  -0.138469  0.000000   0.037107  0.000000 )
(   0.135148  0.000000  -0.000003  0.000000  -0.000001  0.000000 )
(  -0.104686  0.000000   0.138470  0.000000  -0.037106  0.000000 )
(  -0.135148  0.000000   0.000003  0.000000   0.000001  0.000000 )
(   0.104686  0.000000  -0.138470  0.000000   0.037106  0.000000 )
(   0.104690  0.000000   0.138469  0.000000  -0.037107  0.000000 )
   freq (    5) =    20.38124935 [THz] =   679.84520261 [cm-1]
(  -0.000000  0.000000   0.000000  0.000000  -0.000000  0.000000 )
(  -0.000008  0.000000   0.577973  0.000000  -0.000000  0.000000 )
(   0.000008  0.000000  -0.577973  0.000000   0.000000  0.000000 )
(   0.000004  0.000000  -0.290968  0.000000  -0.000000  0.000000 )
(  -0.000004  0.000000   0.290968  0.000000   0.000000  0.000000 )
(  -0.138468  0.000000   0.055205  0.000000   0.021423  0.000000 )
(  -0.000002  0.000000  -0.184633  0.000000  -0.042847  0.000000 )
(   0.138471  0.000000   0.055201  0.000000   0.021424  0.000000 )
(   0.000002  0.000000   0.184633  0.000000   0.042847  0.000000 )
(  -0.138471  0.000000  -0.055201  0.000000  -0.021424  0.000000 )
(   0.138468  0.000000  -0.055205  0.000000  -0.021423  0.000000 )
   freq (    6) =    24.45332858 [THz] =   815.67512569 [cm-1]
(  -0.017903  0.000000   0.000000  0.000000   0.000000  0.000000 )
(   0.500240  0.000000   0.000000  0.000000  -0.000000  0.000000 )
(   0.500240  0.000000   0.000000  0.000000  -0.000000  0.000000 )
(   0.315494  0.000000   0.000000  0.000000  -0.000000  0.000000 )
(   0.315494  0.000000  -0.000000  0.000000  -0.000000  0.000000 )
(   0.226571  0.000000   0.151191  0.000000  -0.014677  0.000000 )
(  -0.035299  0.000000   0.000000  0.000000   0.000000  0.000000 )
(   0.226571  0.000000  -0.151191  0.000000   0.014677  0.000000 )
(  -0.035299  0.000000  -0.000000  0.000000  -0.000000  0.000000 )
(   0.226571  0.000000  -0.151191  0.000000   0.014677  0.000000 )
(   0.226571  0.000000   0.151191  0.000000  -0.014677  0.000000 )
   freq (    7) =    24.45332859 [THz] =   815.67512571 [cm-1]
(   0.000000  0.000000  -0.017903  0.000000   0.000000  0.000000 )
(  -0.000000  0.000000   0.500240  0.000000  -0.000000  0.000000 )
(   0.000000  0.000000   0.500240  0.000000  -0.000000  0.000000 )
(  -0.000000  0.000000   0.315494  0.000000  -0.000000  0.000000 )
(   0.000000  0.000000   0.315494  0.000000  -0.000000  0.000000 )
(   0.151191  0.000000   0.051991  0.000000  -0.008474  0.000000 )
(  -0.000000  0.000000   0.313861  0.000000   0.016947  0.000000 )
(  -0.151191  0.000000   0.051991  0.000000  -0.008474  0.000000 )
(   0.000000  0.000000   0.313861  0.000000   0.016947  0.000000 )
(  -0.151191  0.000000   0.051991  0.000000  -0.008474  0.000000 )
(   0.151191  0.000000   0.051991  0.000000  -0.008474  0.000000 )
   freq (    8) =    25.61788981 [THz] =   854.52070126 [cm-1]
(   0.000000  0.000000  -0.000000  0.000000   0.000000  0.000000 )
(  -0.000000  0.000000   0.000000  0.000000   0.285222  0.000000 )
(   0.000000  0.000000  -0.000000  0.000000  -0.285222  0.000000 )
(  -0.000000  0.000000  -0.000000  0.000000   0.549849  0.000000 )
(   0.000000  0.000000   0.000000  0.000000  -0.549849  0.000000 )
(   0.141069  0.000000   0.081446  0.000000  -0.110623  0.000000 )
(   0.000000  0.000000  -0.162893  0.000000  -0.110623  0.000000 )
(  -0.141069  0.000000   0.081446  0.000000  -0.110623  0.000000 )
(  -0.000000  0.000000   0.162893  0.000000   0.110623  0.000000 )
(   0.141069  0.000000  -0.081446  0.000000   0.110623  0.000000 )
(  -0.141069  0.000000  -0.081446  0.000000   0.110623  0.000000 )
   freq (    9) =    27.03580739 [THz] =   901.81733408 [cm-1]
(  -0.000000  0.000000   0.000000  0.000000   0.000000  0.000000 )
(  -0.000000  0.000000  -0.000000  0.000000  -0.502088  0.000000 )
(   0.000000  0.000000   0.000000  0.000000   0.502088  0.000000 )
(  -0.000000  0.000000   0.000000  0.000000   0.115936  0.000000 )
(   0.000000  0.000000  -0.000000  0.000000  -0.115936  0.000000 )
(  -0.022869  0.000000  -0.013203  0.000000  -0.278313  0.000000 )
(   0.000000  0.000000   0.026407  0.000000  -0.278313  0.000000 )
(   0.022869  0.000000  -0.013203  0.000000  -0.278313  0.000000 )
(  -0.000000  0.000000  -0.026407  0.000000   0.278313  0.000000 )
(  -0.022869  0.000000   0.013203  0.000000   0.278313  0.000000 )
(   0.022869  0.000000   0.013203  0.000000   0.278313  0.000000 )
   freq (   10) =    28.18861296 [THz] =   940.27078311 [cm-1]
(  -0.000000  0.000000  -0.000000  0.000000  -0.021204  0.000000 )
(   0.000000  0.000000   0.000000  0.000000   0.362932  0.000000 )
(   0.000000  0.000000   0.000000  0.000000   0.362932  0.000000 )
(  -0.000000  0.000000  -0.000000  0.000000   0.479647  0.000000 )
(   0.000000  0.000000  -0.000000  0.000000   0.479647  0.000000 )
(  -0.051294  0.000000  -0.029614  0.000000   0.206131  0.000000 )
(  -0.000000  0.000000   0.059229  0.000000   0.206131  0.000000 )
(   0.051294  0.000000  -0.029614  0.000000   0.206131  0.000000 )
(   0.000000  0.000000   0.059229  0.000000   0.206131  0.000000 )
(   0.051294  0.000000  -0.029614  0.000000   0.206131  0.000000 )
(  -0.051294  0.000000  -0.029614  0.000000   0.206131  0.000000 )
   freq (   11) =    28.26244963 [THz] =   942.73370912 [cm-1]
(  -0.000000  0.000000  -0.000000  0.000000  -0.000000  0.000000 )
(   0.060271  0.000000   0.000001  0.000000  -0.000000  0.000000 )
(  -0.060271  0.000000  -0.000001  0.000000   0.000000  0.000000 )
(   0.434343  0.000000   0.000006  0.000000   0.000000  0.000000 )
(  -0.434343  0.000000  -0.000006  0.000000  -0.000000  0.000000 )
(  -0.233507  0.000000  -0.102321  0.000000   0.295432  0.000000 )
(  -0.056283  0.000000  -0.000004  0.000000  -0.000005  0.000000 )
(  -0.233504  0.000000   0.102318  0.000000  -0.295427  0.000000 )
(   0.056283  0.000000   0.000004  0.000000   0.000005  0.000000 )
(   0.233504  0.000000  -0.102318  0.000000   0.295427  0.000000 )
(   0.233507  0.000000   0.102321  0.000000  -0.295432  0.000000 )
   freq (   12) =    28.26244963 [THz] =   942.73370914 [cm-1]
(  -0.000000  0.000000  -0.000000  0.000000  -0.000000  0.000000 )
(  -0.000001  0.000000   0.060271  0.000000   0.000000  0.000000 )
(   0.000001  0.000000  -0.060271  0.000000  -0.000000  0.000000 )
(  -0.000006  0.000000   0.434343  0.000000   0.000000  0.000000 )
(   0.000006  0.000000  -0.434343  0.000000  -0.000000  0.000000 )
(  -0.102316  0.000000  -0.115356  0.000000   0.170562  0.000000 )
(   0.000001  0.000000  -0.292580  0.000000  -0.341133  0.000000 )
(   0.102323  0.000000  -0.115359  0.000000   0.170571  0.000000 )
(  -0.000001  0.000000   0.292580  0.000000   0.341133  0.000000 )
(  -0.102323  0.000000   0.115359  0.000000  -0.170571  0.000000 )
(   0.102316  0.000000   0.115356  0.000000  -0.170562  0.000000 )
   freq (   13) =    29.55765382 [THz] =   985.93706434 [cm-1]
(  -0.000000  0.000000   0.000000  0.000000   0.000000  0.000000 )
(  -0.154128  0.000000   0.000000  0.000000  -0.000000  0.000000 )
(   0.154128  0.000000  -0.000000  0.000000  -0.000000  0.000000 )
(  -0.156692  0.000000   0.000000  0.000000  -0.000000  0.000000 )
(   0.156692  0.000000  -0.000000  0.000000  -0.000000  0.000000 )
(  -0.375209  0.000000  -0.061468  0.000000  -0.212544  0.000000 )
(  -0.268741  0.000000   0.000001  0.000000  -0.000001  0.000000 )
(  -0.375209  0.000000   0.061470  0.000000   0.212544  0.000000 )
(   0.268741  0.000000  -0.000001  0.000000   0.000001  0.000000 )
(   0.375209  0.000000  -0.061470  0.000000  -0.212544  0.000000 )
(   0.375209  0.000000   0.061468  0.000000   0.212544  0.000000 )
   freq (   14) =    29.55765382 [THz] =   985.93706436 [cm-1]
(  -0.000000  0.000000  -0.000000  0.000000   0.000000  0.000000 )
(  -0.000000  0.000000  -0.154128  0.000000   0.000000  0.000000 )
(   0.000000  0.000000   0.154128  0.000000  -0.000000  0.000000 )
(  -0.000000  0.000000  -0.156692  0.000000   0.000000  0.000000 )
(   0.000000  0.000000   0.156692  0.000000  -0.000000  0.000000 )
(  -0.061470  0.000000  -0.304231  0.000000  -0.122713  0.000000 )
(  -0.000001  0.000000  -0.410698  0.000000   0.245425  0.000000 )
(   0.061468  0.000000  -0.304230  0.000000  -0.122712  0.000000 )
(   0.000001  0.000000   0.410698  0.000000  -0.245425  0.000000 )
(  -0.061468  0.000000   0.304230  0.000000   0.122712  0.000000 )
(   0.061470  0.000000   0.304231  0.000000   0.122713  0.000000 )
   freq (   15) =    30.00095751 [THz] =  1000.72408143 [cm-1]
(   0.005437  0.000000  -0.000000  0.000000  -0.000000  0.000000 )
(  -0.242609  0.000000   0.000000  0.000000   0.000000  0.000000 )
(  -0.242609  0.000000   0.000000  0.000000   0.000000  0.000000 )
(   0.350151  0.000000  -0.000000  0.000000  -0.000000  0.000000 )
(   0.350151  0.000000  -0.000000  0.000000   0.000000  0.000000 )
(  -0.072208  0.000000   0.153304  0.000000   0.271129  0.000000 )
(  -0.337738  0.000000  -0.000000  0.000000   0.000000  0.000000 )
(  -0.072208  0.000000  -0.153304  0.000000  -0.271129  0.000000 )
(  -0.337738  0.000000  -0.000000  0.000000   0.000000  0.000000 )
(  -0.072208  0.000000  -0.153304  0.000000  -0.271129  0.000000 )
(  -0.072208  0.000000   0.153304  0.000000   0.271129  0.000000 )
   freq (   16) =    30.00095751 [THz] =  1000.72408145 [cm-1]
(   0.000000  0.000000   0.005437  0.000000  -0.000000  0.000000 )
(  -0.000000  0.000000  -0.242609  0.000000   0.000000  0.000000 )
(  -0.000000  0.000000  -0.242609  0.000000   0.000000  0.000000 )
(   0.000000  0.000000   0.350151  0.000000   0.000000  0.000000 )
(   0.000000  0.000000   0.350151  0.000000   0.000000  0.000000 )
(   0.153304  0.000000  -0.249228  0.000000   0.156536  0.000000 )
(  -0.000000  0.000000   0.016302  0.000000  -0.313073  0.000000 )
(  -0.153304  0.000000  -0.249228  0.000000   0.156536  0.000000 )
(  -0.000000  0.000000   0.016302  0.000000  -0.313073  0.000000 )
(  -0.153304  0.000000  -0.249228  0.000000   0.156536  0.000000 )
(   0.153304  0.000000  -0.249228  0.000000   0.156536  0.000000 )
   freq (   17) =    31.73416740 [THz] =  1058.53773200 [cm-1]
(  -0.000000  0.000000   0.000000  0.000000   0.000000  0.000000 )
(   0.000000  0.000000   0.000000  0.000000   0.000000  0.000000 )
(  -0.000000  0.000000   0.000000  0.000000   0.000000  0.000000 )
(   0.000000  0.000000   0.000000  0.000000  -0.000000  0.000000 )
(  -0.000000  0.000000  -0.000000  0.000000   0.000000  0.000000 )
(   0.204124  0.000000  -0.353553  0.000000   0.000000  0.000000 )
(  -0.408248  0.000000  -0.000000  0.000000   0.000000  0.000000 )
(   0.204124  0.000000   0.353553  0.000000  -0.000000  0.000000 )
(   0.408248  0.000000  -0.000000  0.000000   0.000000  0.000000 )
(  -0.204124  0.000000  -0.353553  0.000000   0.000000  0.000000 )
(  -0.204124  0.000000   0.353553  0.000000  -0.000000  0.000000 )
   freq (   18) =    34.54398095 [THz] =  1152.26301004 [cm-1]
(  -0.009969  0.000000   0.000000  0.000000   0.000000  0.000000 )
(  -0.422377  0.000000   0.000000  0.000000   0.000000  0.000000 )
(  -0.422377  0.000000   0.000000  0.000000   0.000000  0.000000 )
(   0.233436  0.000000  -0.000000  0.000000  -0.000000  0.000000 )
(   0.233436  0.000000  -0.000000  0.000000  -0.000000  0.000000 )
(   0.293029  0.000000   0.001904  0.000000  -0.075404  0.000000 )
(   0.289732  0.000000  -0.000000  0.000000  -0.000000  0.000000 )
(   0.293029  0.000000  -0.001904  0.000000   0.075404  0.000000 )
(   0.289732  0.000000  -0.000000  0.000000  -0.000000  0.000000 )
(   0.293029  0.000000  -0.001904  0.000000   0.075404  0.000000 )
(   0.293029  0.000000   0.001904  0.000000  -0.075404  0.000000 )
   freq (   19) =    34.54398095 [THz] =  1152.26301008 [cm-1]
(  -0.000000  0.000000  -0.009969  0.000000  -0.000000  0.000000 )
(  -0.000000  0.000000  -0.422377  0.000000   0.000000  0.000000 )
(  -0.000000  0.000000  -0.422377  0.000000   0.000000  0.000000 )
(   0.000000  0.000000   0.233436  0.000000   0.000000  0.000000 )
(   0.000000  0.000000   0.233436  0.000000   0.000000  0.000000 )
(   0.001904  0.000000   0.290831  0.000000  -0.043535  0.000000 )
(   0.000000  0.000000   0.294128  0.000000   0.087069  0.000000 )
(  -0.001904  0.000000   0.290831  0.000000  -0.043535  0.000000 )
(   0.000000  0.000000   0.294128  0.000000   0.087069  0.000000 )
(  -0.001904  0.000000   0.290831  0.000000  -0.043535  0.000000 )
(   0.001904  0.000000   0.290831  0.000000  -0.043535  0.000000 )
   freq (   20) =    35.33754169 [THz] =  1178.73334325 [cm-1]
(   0.003437  0.000000   0.000000  0.000000  -0.000000  0.000000 )
(  -0.049655  0.000000  -0.000000  0.000000   0.000000  0.000000 )
(  -0.049655  0.000000  -0.000000  0.000000   0.000000  0.000000 )
(   0.345651  0.000000   0.000000  0.000000  -0.000000  0.000000 )
(   0.345651  0.000000   0.000000  0.000000  -0.000000  0.000000 )
(  -0.193601  0.000000  -0.027692  0.000000  -0.374398  0.000000 )
(  -0.145637  0.000000  -0.000000  0.000000   0.000000  0.000000 )
(  -0.193601  0.000000   0.027692  0.000000   0.374398  0.000000 )
(  -0.145637  0.000000  -0.000000  0.000000   0.000000  0.000000 )
(  -0.193601  0.000000   0.027692  0.000000   0.374398  0.000000 )
(  -0.193601  0.000000  -0.027692  0.000000  -0.374398  0.000000 )
   freq (   21) =    35.33754169 [THz] =  1178.73334327 [cm-1]
(   0.000000  0.000000  -0.003437  0.000000  -0.000000  0.000000 )
(  -0.000000  0.000000   0.049655  0.000000   0.000000  0.000000 )
(  -0.000000  0.000000   0.049655  0.000000   0.000000  0.000000 )
(   0.000000  0.000000  -0.345651  0.000000   0.000000  0.000000 )
(   0.000000  0.000000  -0.345651  0.000000   0.000000  0.000000 )
(   0.027692  0.000000   0.161625  0.000000   0.216159  0.000000 )
(  -0.000000  0.000000   0.209589  0.000000  -0.432317  0.000000 )
(  -0.027692  0.000000   0.161625  0.000000   0.216159  0.000000 )
(  -0.000000  0.000000   0.209589  0.000000  -0.432317  0.000000 )
(  -0.027692  0.000000   0.161625  0.000000   0.216159  0.000000 )
(   0.027692  0.000000   0.161625  0.000000   0.216159  0.000000 )
   freq (   22) =    35.79879574 [THz] =  1194.11912031 [cm-1]
(  -0.000000  0.000000   0.000000  0.000000  -0.000000  0.000000 )
(   0.000000  0.000000  -0.000000  0.000000  -0.000000  0.000000 )
(   0.000000  0.000000  -0.000000  0.000000  -0.000000  0.000000 )
(   0.000000  0.000000   0.000000  0.000000   0.000000  0.000000 )
(   0.000000  0.000000   0.000000  0.000000   0.000000  0.000000 )
(  -0.204124  0.000000   0.353553  0.000000   0.000000  0.000000 )
(   0.408248  0.000000  -0.000000  0.000000   0.000000  0.000000 )
(  -0.204124  0.000000  -0.353553  0.000000  -0.000000  0.000000 )
(   0.408248  0.000000  -0.000000  0.000000   0.000000  0.000000 )
(  -0.204124  0.000000  -0.353553  0.000000  -0.000000  0.000000 )
(  -0.204124  0.000000   0.353553  0.000000   0.000000  0.000000 )
   freq (   23) =    37.74080670 [THz] =  1258.89762390 [cm-1]
(   0.000000  0.000000   0.000000  0.000000   0.003259  0.000000 )
(   0.000000  0.000000  -0.000000  0.000000   0.569074  0.000000 )
(   0.000000  0.000000  -0.000000  0.000000   0.569074  0.000000 )
(  -0.000000  0.000000  -0.000000  0.000000  -0.107006  0.000000 )
(  -0.000000  0.000000  -0.000000  0.000000  -0.107006  0.000000 )
(   0.043470  0.000000   0.025097  0.000000  -0.228867  0.000000 )
(  -0.000000  0.000000  -0.050194  0.000000  -0.228867  0.000000 )
(  -0.043470  0.000000   0.025097  0.000000  -0.228867  0.000000 )
(  -0.000000  0.000000  -0.050194  0.000000  -0.228867  0.000000 )
(  -0.043470  0.000000   0.025097  0.000000  -0.228867  0.000000 )
(   0.043470  0.000000   0.025097  0.000000  -0.228867  0.000000 )
   freq (   24) =    42.51325274 [THz] =  1418.08926554 [cm-1]
(  -0.000000  0.000000  -0.000000  0.000000  -0.004141  0.000000 )
(   0.000000  0.000000   0.000000  0.000000   0.194528  0.000000 )
(   0.000000  0.000000   0.000000  0.000000   0.194528  0.000000 )
(   0.000000  0.000000   0.000000  0.000000  -0.480159  0.000000 )
(   0.000000  0.000000   0.000000  0.000000  -0.480159  0.000000 )
(  -0.175317  0.000000  -0.101219  0.000000   0.190310  0.000000 )
(   0.000000  0.000000   0.202439  0.000000   0.190310  0.000000 )
(   0.175317  0.000000  -0.101219  0.000000   0.190310  0.000000 )
(   0.000000  0.000000   0.202439  0.000000   0.190310  0.000000 )
(   0.175317  0.000000  -0.101219  0.000000   0.190310  0.000000 )
(  -0.175317  0.000000  -0.101219  0.000000   0.190310  0.000000 )
   freq (   25) =    42.69942580 [THz] =  1424.29932946 [cm-1]
(  -0.000000  0.000000   0.000000  0.000000   0.000000  0.000000 )
(   0.006578  0.000000  -0.000000  0.000000  -0.000000  0.000000 )
(  -0.006578  0.000000   0.000000  0.000000  -0.000000  0.000000 )
(   0.324775  0.000000  -0.000003  0.000000   0.000000  0.000000 )
(  -0.324775  0.000000   0.000003  0.000000   0.000000  0.000000 )
(  -0.005709  0.000000  -0.217897  0.000000  -0.283987  0.000000 )
(   0.371695  0.000000   0.000001  0.000000  -0.000003  0.000000 )
(  -0.005713  0.000000   0.217893  0.000000   0.283990  0.000000 )
(  -0.371695  0.000000  -0.000001  0.000000   0.000003  0.000000 )
(   0.005713  0.000000  -0.217893  0.000000  -0.283990  0.000000 )
(   0.005709  0.000000   0.217897  0.000000   0.283987  0.000000 )
   freq (   26) =    42.69942580 [THz] =  1424.29932947 [cm-1]
(  -0.000000  0.000000  -0.000000  0.000000  -0.000000  0.000000 )
(  -0.000000  0.000000  -0.006578  0.000000  -0.000000  0.000000 )
(   0.000000  0.000000   0.006578  0.000000   0.000000  0.000000 )
(  -0.000003  0.000000  -0.324775  0.000000  -0.000000  0.000000 )
(   0.000003  0.000000   0.324775  0.000000   0.000000  0.000000 )
(   0.217895  0.000000  -0.245891  0.000000   0.163963  0.000000 )
(  -0.000003  0.000000   0.131513  0.000000  -0.327921  0.000000 )
(  -0.217895  0.000000  -0.245895  0.000000   0.163958  0.000000 )
(   0.000003  0.000000  -0.131513  0.000000   0.327921  0.000000 )
(   0.217895  0.000000   0.245895  0.000000  -0.163958  0.000000 )
(  -0.217895  0.000000   0.245891  0.000000  -0.163963  0.000000 )
   freq (   27) =    43.01191739 [THz] =  1434.72292526 [cm-1]
(  -0.006701  0.000000  -0.000000  0.000000   0.000000  0.000000 )
(   0.128504  0.000000   0.000000  0.000000  -0.000000  0.000000 )
(   0.128504  0.000000   0.000000  0.000000  -0.000000  0.000000 )
(   0.321488  0.000000   0.000000  0.000000   0.000000  0.000000 )
(   0.321488  0.000000   0.000000  0.000000   0.000000  0.000000 )
(  -0.158794  0.000000  -0.281798  0.000000   0.176670  0.000000 )
(   0.329293  0.000000  -0.000000  0.000000  -0.000000  0.000000 )
(  -0.158794  0.000000   0.281798  0.000000  -0.176670  0.000000 )
(   0.329293  0.000000  -0.000000  0.000000  -0.000000  0.000000 )
(  -0.158794  0.000000   0.281798  0.000000  -0.176670  0.000000 )
(  -0.158794  0.000000  -0.281798  0.000000   0.176670  0.000000 )
   freq (   28) =    43.01191739 [THz] =  1434.72292527 [cm-1]
(   0.000000  0.000000  -0.006701  0.000000   0.000000  0.000000 )
(  -0.000000  0.000000   0.128504  0.000000  -0.000000  0.000000 )
(  -0.000000  0.000000   0.128504  0.000000  -0.000000  0.000000 )
(  -0.000000  0.000000   0.321488  0.000000   0.000000  0.000000 )
(  -0.000000  0.000000   0.321488  0.000000   0.000000  0.000000 )
(  -0.281798  0.000000   0.166597  0.000000   0.102001  0.000000 )
(  -0.000000  0.000000  -0.321490  0.000000  -0.204002  0.000000 )
(   0.281798  0.000000   0.166597  0.000000   0.102001  0.000000 )
(  -0.000000  0.000000  -0.321490  0.000000  -0.204002  0.000000 )
(   0.281798  0.000000   0.166597  0.000000   0.102001  0.000000 )
(  -0.281798  0.000000   0.166597  0.000000   0.102001  0.000000 )
   freq (   29) =    44.16539745 [THz] =  1473.19887323 [cm-1]
(  -0.000000  0.000000  -0.000000  0.000000  -0.006319  0.000000 )
(   0.000000  0.000000   0.000000  0.000000   0.089793  0.000000 )
(   0.000000  0.000000   0.000000  0.000000   0.089793  0.000000 )
(   0.000000  0.000000   0.000000  0.000000  -0.187744  0.000000 )
(   0.000000  0.000000   0.000000  0.000000  -0.187744  0.000000 )
(   0.300769  0.000000   0.173649  0.000000   0.177784  0.000000 )
(   0.000000  0.000000  -0.347298  0.000000   0.177784  0.000000 )
(  -0.300769  0.000000   0.173649  0.000000   0.177784  0.000000 )
(  -0.000000  0.000000  -0.347298  0.000000   0.177784  0.000000 )
(  -0.300769  0.000000   0.173649  0.000000   0.177784  0.000000 )
(   0.300769  0.000000   0.173649  0.000000   0.177784  0.000000 )
   freq (   30) =    44.92403680 [THz] =  1498.50435437 [cm-1]
(   0.000000  0.000000   0.000000  0.000000  -0.000000  0.000000 )
(   0.372178  0.000000   0.000001  0.000000  -0.000000  0.000000 )
(  -0.372178  0.000000  -0.000001  0.000000   0.000000  0.000000 )
(   0.310890  0.000000   0.000001  0.000000   0.000000  0.000000 )
(  -0.310890  0.000000  -0.000001  0.000000  -0.000000  0.000000 )
(   0.045107  0.000000   0.210000  0.000000  -0.188468  0.000000 )
(  -0.318625  0.000000   0.000000  0.000000   0.000001  0.000000 )
(   0.045106  0.000000  -0.210001  0.000000   0.188467  0.000000 )
(   0.318625  0.000000  -0.000000  0.000000  -0.000001  0.000000 )
(  -0.045106  0.000000   0.210001  0.000000  -0.188467  0.000000 )
(  -0.045107  0.000000  -0.210000  0.000000   0.188468  0.000000 )
   freq (   31) =    44.92403680 [THz] =  1498.50435440 [cm-1]
(   0.000000  0.000000  -0.000000  0.000000   0.000000  0.000000 )
(  -0.000001  0.000000   0.372178  0.000000  -0.000000  0.000000 )
(   0.000001  0.000000  -0.372178  0.000000   0.000000  0.000000 )
(  -0.000001  0.000000   0.310890  0.000000  -0.000000  0.000000 )
(   0.000001  0.000000  -0.310890  0.000000   0.000000  0.000000 )
(   0.210000  0.000000  -0.197381  0.000000  -0.108811  0.000000 )
(   0.000001  0.000000   0.166350  0.000000   0.217624  0.000000 )
(  -0.210000  0.000000  -0.197380  0.000000  -0.108812  0.000000 )
(  -0.000001  0.000000  -0.166350  0.000000  -0.217624  0.000000 )
(   0.210000  0.000000   0.197380  0.000000   0.108812  0.000000 )
(  -0.210000  0.000000   0.197381  0.000000   0.108811  0.000000 )
   freq (   32) =    47.82419592 [THz] =  1595.24323578 [cm-1]
(  -0.000000  0.000000  -0.000000  0.000000  -0.000000  0.000000 )
(  -0.000000  0.000000  -0.000000  0.000000  -0.405471  0.000000 )
(   0.000000  0.000000   0.000000  0.000000   0.405471  0.000000 )
(   0.000000  0.000000  -0.000000  0.000000   0.199785  0.000000 )
(   0.000000  0.000000   0.000000  0.000000  -0.199785  0.000000 )
(   0.159703  0.000000   0.092204  0.000000   0.254073  0.000000 )
(   0.000000  0.000000  -0.184409  0.000000   0.254073  0.000000 )
(  -0.159703  0.000000   0.092204  0.000000   0.254073  0.000000 )
(  -0.000000  0.000000   0.184409  0.000000  -0.254073  0.000000 )
(   0.159703  0.000000  -0.092204  0.000000  -0.254073  0.000000 )
(  -0.159703  0.000000  -0.092204  0.000000  -0.254073  0.000000 )
   freq (   33) =    56.30236800 [THz] =  1878.04457518 [cm-1]
(   0.000000  0.000000  -0.000000  0.000000  -0.000000  0.000000 )
(   0.000000  0.000000  -0.000000  0.000000   0.046361  0.000000 )
(   0.000000  0.000000   0.000000  0.000000  -0.046361  0.000000 )
(  -0.000000  0.000000  -0.000000  0.000000  -0.379882  0.000000 )
(   0.000000  0.000000   0.000000  0.000000   0.379882  0.000000 )
(   0.281197  0.000000   0.162349  0.000000  -0.111436  0.000000 )
(  -0.000000  0.000000  -0.324698  0.000000  -0.111436  0.000000 )
(  -0.281197  0.000000   0.162349  0.000000  -0.111436  0.000000 )
(   0.000000  0.000000   0.324698  0.000000   0.111436  0.000000 )
(   0.281197  0.000000  -0.162349  0.000000   0.111436  0.000000 )
(  -0.281197  0.000000  -0.162349  0.000000   0.111436  0.000000 )
***************************************************************************
