Dynamical matrix file
File generated with the CellConstructor by Lorenzo Monacelli
2 11 0     1.8897259890000000     0.0000000000000000     0.0000000000000000     0.0000000000000000     0.0000000000000000     0.0000000000000000
Basis vectors
    1.8028144597103091    -1.0408554136112913     2.8976609601478147
   -0.0000000000000003     2.0817108272225830     2.8976609601478152
   -1.8028144597103091    -1.0408554136112915     2.8976609601478120
	1  'La '  126604.5951757480361266
	2  'H '    918.7358275894680446
    1     1     0.0000000000000001     0.0000000000000004     4.3464914836695598
    2     2     0.0000000000000000     0.0000000000000001     2.1622009804305646
    3     2     0.0000000000000000    -0.0000000000000001    -2.1622009804305646
    4     2     0.0000000000000002     0.0000000000000002     0.9976886358657584
    5     2    -0.0000000000000002    -0.0000000000000002    -0.9976886358657584
    6     2     0.9378393351741569     0.5414617920498646     6.1778156846670464
    7     2    -0.0000000000000002    -1.0829235840997269     6.1778156846670438
    8     2    -0.9378393351741553     0.5414617920498639     6.1778156846670456
    9     2    -0.0000000000000003     1.0829235840997284     2.5151672790514246
   10     2     0.9378393351741577    -0.5414617920498637     2.5151672790514246
   11     2    -0.9378393351741567    -0.5414617920498634     2.5151672790514237

     Dynamical Matrix in cartesian axes

     q = (     0.000000000000     0.000000000000     0.000000000000 )

    1    1
     0.6059699911819910     0.0000000000000000       -0.0000000000000002     0.0000000000000000       -0.0000000000000005     0.0000000000000000
    -0.0000000000000001     0.0000000000000000        0.6059699911836272     0.0000000000000000       -0.0000000000000004     0.0000000000000000
    -0.0000000000000006     0.0000000000000000       -0.0000000000000004     0.0000000000000000        0.5958501157296854     0.0000000000000000
    1    2
    -0.0291100931405732     0.0000000000000000       -0.0000000000000000     0.0000000000000000        0.0000000000000000     0.0000000000000000
    -0.0000000000000000     0.0000000000000000       -0.0291100931406518     0.0000000000000000        0.0000000000000000     0.0000000000000000
     0.0000000000000000     0.0000000000000000        0.0000000000000000     0.0000000000000000       -0.0469366615848424     0.0000000000000000
    1    3
    -0.0291100931405732     0.0000000000000000       -0.0000000000000000     0.0000000000000000        0.0000000000000000     0.0000000000000000
    -0.0000000000000000     0.0000000000000000       -0.0291100931406518     0.0000000000000000        0.0000000000000000     0.0000000000000000
     0.0000000000000000     0.0000000000000000        0.0000000000000000     0.0000000000000000       -0.0469366615848424     0.0000000000000000
    1    4
    -0.0813396787095593     0.0000000000000000       -0.0000000000000000     0.0000000000000000        0.0000000000000000     0.0000000000000000
    -0.0000000000000000     0.0000000000000000       -0.0813396787097789     0.0000000000000000        0.0000000000000000     0.0000000000000000
     0.0000000000000000     0.0000000000000000        0.0000000000000000     0.0000000000000000       -0.0188352763959030     0.0000000000000000
    1    5
    -0.0813396787095593     0.0000000000000000       -0.0000000000000000     0.0000000000000000        0.0000000000000000     0.0000000000000000
    -0.0000000000000000     0.0000000000000000       -0.0813396787097789     0.0000000000000000        0.0000000000000000     0.0000000000000000
     0.0000000000000000     0.0000000000000000        0.0000000000000000     0.0000000000000000       -0.0188352763959030     0.0000000000000000
    1    6
    -0.0452237962437966     0.0000000000000000        0.0328303504499181     0.0000000000000000       -0.0196385541059275     0.0000000000000000
     0.0328303504499181     0.0000000000000000       -0.0831330195836697     0.0000000000000000       -0.0113383244995675     0.0000000000000000
    -0.0221717703750157     0.0000000000000000       -0.0128008775944431     0.0000000000000000       -0.0773843732946990     0.0000000000000000
    1    7
    -0.1020876312532697     0.0000000000000000       -0.0000000000000000     0.0000000000000000        0.0000000000000001     0.0000000000000000
    -0.0000000000000000     0.0000000000000000       -0.0262691845740432     0.0000000000000000        0.0226766489991353     0.0000000000000000
     0.0000000000000001     0.0000000000000000        0.0256017551888864     0.0000000000000000       -0.0773843732946990     0.0000000000000000
    1    8
    -0.0452237962437967     0.0000000000000000       -0.0328303504499180     0.0000000000000000        0.0196385541059276     0.0000000000000000
    -0.0328303504499180     0.0000000000000000       -0.0831330195836698     0.0000000000000000       -0.0113383244995675     0.0000000000000000
     0.0221717703750158     0.0000000000000000       -0.0128008775944431     0.0000000000000000       -0.0773843732946990     0.0000000000000000
    1    9
    -0.1020876312532697     0.0000000000000000       -0.0000000000000000     0.0000000000000000        0.0000000000000001     0.0000000000000000
    -0.0000000000000000     0.0000000000000000       -0.0262691845740432     0.0000000000000000        0.0226766489991353     0.0000000000000000
     0.0000000000000001     0.0000000000000000        0.0256017551888864     0.0000000000000000       -0.0773843732946990     0.0000000000000000
    1   10
    -0.0452237962437967     0.0000000000000000       -0.0328303504499180     0.0000000000000000        0.0196385541059276     0.0000000000000000
    -0.0328303504499180     0.0000000000000000       -0.0831330195836698     0.0000000000000000       -0.0113383244995675     0.0000000000000000
     0.0221717703750158     0.0000000000000000       -0.0128008775944431     0.0000000000000000       -0.0773843732946990     0.0000000000000000
    1   11
    -0.0452237962437966     0.0000000000000000        0.0328303504499181     0.0000000000000000       -0.0196385541059275     0.0000000000000000
     0.0328303504499181     0.0000000000000000       -0.0831330195836697     0.0000000000000000       -0.0113383244995675     0.0000000000000000
    -0.0221717703750157     0.0000000000000000       -0.0128008775944431     0.0000000000000000       -0.0773843732946990     0.0000000000000000
    2    1
    -0.0291100931405732     0.0000000000000000        0.0000000000000000     0.0000000000000000        0.0000000000000000     0.0000000000000000
    -0.0000000000000000     0.0000000000000000       -0.0291100931406518     0.0000000000000000        0.0000000000000000     0.0000000000000000
     0.0000000000000000     0.0000000000000000        0.0000000000000000     0.0000000000000000       -0.0469366615848424     0.0000000000000000
    2    2
     0.0764550923286051     0.0000000000000000        0.0000000000000000     0.0000000000000000       -0.0000000000000001     0.0000000000000000
    -0.0000000000000000     0.0000000000000000        0.0764550923288115     0.0000000000000000       -0.0000000000000001     0.0000000000000000
    -0.0000000000000001     0.0000000000000000       -0.0000000000000001     0.0000000000000000        0.0974302899184693     0.0000000000000000
    2    3
    -0.0051907327826859     0.0000000000000000        0.0000000000000000     0.0000000000000000        0.0000000000000000     0.0000000000000000
     0.0000000000000000     0.0000000000000000       -0.0051907327826999     0.0000000000000000        0.0000000000000000     0.0000000000000000
     0.0000000000000000     0.0000000000000000        0.0000000000000000     0.0000000000000000       -0.0006275037079933     0.0000000000000000
    2    4
     0.0084040685076850     0.0000000000000000       -0.0000000000000000     0.0000000000000000        0.0000000000000000     0.0000000000000000
     0.0000000000000000     0.0000000000000000        0.0084040685077077     0.0000000000000000        0.0000000000000000     0.0000000000000000
     0.0000000000000000     0.0000000000000000        0.0000000000000000     0.0000000000000000       -0.0169611374400067     0.0000000000000000
    2    5
    -0.0153783017882681     0.0000000000000000        0.0000000000000000     0.0000000000000000       -0.0000000000000000     0.0000000000000000
    -0.0000000000000000     0.0000000000000000       -0.0153783017883097     0.0000000000000000        0.0000000000000000     0.0000000000000000
    -0.0000000000000000     0.0000000000000000        0.0000000000000000     0.0000000000000000        0.0006683681028223     0.0000000000000000
    2    6
    -0.0035064142900294     0.0000000000000000        0.0052569731064730     0.0000000000000000       -0.0053403557337548     0.0000000000000000
     0.0052569731064731     0.0000000000000000       -0.0095766439663368     0.0000000000000000       -0.0030832558204558     0.0000000000000000
    -0.0061764844911980     0.0000000000000000       -0.0035659949836435     0.0000000000000000       -0.0139728901940744     0.0000000000000000
    2    7
    -0.0126117588044516     0.0000000000000000       -0.0000000000000000     0.0000000000000000        0.0000000000000000     0.0000000000000000
    -0.0000000000000000     0.0000000000000000       -0.0004712994518900     0.0000000000000000        0.0061665116409117     0.0000000000000000
     0.0000000000000000     0.0000000000000000        0.0071319899672871     0.0000000000000000       -0.0139728901940744     0.0000000000000000
    2    8
    -0.0035064142900294     0.0000000000000000       -0.0052569731064730     0.0000000000000000        0.0053403557337548     0.0000000000000000
    -0.0052569731064730     0.0000000000000000       -0.0095766439663367     0.0000000000000000       -0.0030832558204559     0.0000000000000000
     0.0061764844911980     0.0000000000000000       -0.0035659949836435     0.0000000000000000       -0.0139728901940744     0.0000000000000000
    2    9
     0.0062240838418080     0.0000000000000000        0.0000000000000000     0.0000000000000000       -0.0000000000000000     0.0000000000000000
     0.0000000000000000     0.0000000000000000       -0.0165943810020211     0.0000000000000000       -0.0073736861746448     0.0000000000000000
    -0.0000000000000000     0.0000000000000000       -0.0084771853350541     0.0000000000000000        0.0027817717645913     0.0000000000000000
    2   10
    -0.0108897647910302     0.0000000000000000        0.0098806851150530     0.0000000000000000       -0.0063857995467679     0.0000000000000000
     0.0098806851150530     0.0000000000000000        0.0005194676308633     0.0000000000000000        0.0036868430873224     0.0000000000000000
    -0.0073414578527359     0.0000000000000000        0.0042385926675271     0.0000000000000000        0.0027817717645913     0.0000000000000000
    2   11
    -0.0108897647910302     0.0000000000000000       -0.0098806851150530     0.0000000000000000        0.0063857995467679     0.0000000000000000
    -0.0098806851150530     0.0000000000000000        0.0005194676308633     0.0000000000000000        0.0036868430873224     0.0000000000000000
     0.0073414578527359     0.0000000000000000        0.0042385926675271     0.0000000000000000        0.0027817717645913     0.0000000000000000
    3    1
    -0.0291100931405732     0.0000000000000000        0.0000000000000000     0.0000000000000000        0.0000000000000000     0.0000000000000000
    -0.0000000000000000     0.0000000000000000       -0.0291100931406518     0.0000000000000000        0.0000000000000000     0.0000000000000000
     0.0000000000000000     0.0000000000000000        0.0000000000000000     0.0000000000000000       -0.0469366615848424     0.0000000000000000
    3    2
    -0.0051907327826859     0.0000000000000000        0.0000000000000000     0.0000000000000000        0.0000000000000000     0.0000000000000000
     0.0000000000000000     0.0000000000000000       -0.0051907327826999     0.0000000000000000        0.0000000000000000     0.0000000000000000
     0.0000000000000000     0.0000000000000000        0.0000000000000000     0.0000000000000000       -0.0006275037079933     0.0000000000000000
    3    3
     0.0764550923286051     0.0000000000000000        0.0000000000000000     0.0000000000000000       -0.0000000000000001     0.0000000000000000
     0.0000000000000000     0.0000000000000000        0.0764550923288115     0.0000000000000000       -0.0000000000000001     0.0000000000000000
    -0.0000000000000001     0.0000000000000000       -0.0000000000000001     0.0000000000000000        0.0974302899184693     0.0000000000000000
    3    4
    -0.0153783017882681     0.0000000000000000        0.0000000000000000     0.0000000000000000       -0.0000000000000000     0.0000000000000000
    -0.0000000000000000     0.0000000000000000       -0.0153783017883097     0.0000000000000000       -0.0000000000000000     0.0000000000000000
    -0.0000000000000000     0.0000000000000000        0.0000000000000000     0.0000000000000000        0.0006683681028223     0.0000000000000000
    3    5
     0.0084040685076850     0.0000000000000000        0.0000000000000000     0.0000000000000000        0.0000000000000000     0.0000000000000000
    -0.0000000000000000     0.0000000000000000        0.0084040685077077     0.0000000000000000        0.0000000000000000     0.0000000000000000
     0.0000000000000000     0.0000000000000000        0.0000000000000000     0.0000000000000000       -0.0169611374400067     0.0000000000000000
    3    6
    -0.0108897647910302     0.0000000000000000       -0.0098806851150530     0.0000000000000000        0.0063857995467679     0.0000000000000000
    -0.0098806851150530     0.0000000000000000        0.0005194676308633     0.0000000000000000        0.0036868430873224     0.0000000000000000
     0.0073414578527359     0.0000000000000000        0.0042385926675271     0.0000000000000000        0.0027817717645913     0.0000000000000000
    3    7
     0.0062240838418080     0.0000000000000000        0.0000000000000000     0.0000000000000000       -0.0000000000000000     0.0000000000000000
     0.0000000000000000     0.0000000000000000       -0.0165943810020211     0.0000000000000000       -0.0073736861746448     0.0000000000000000
    -0.0000000000000000     0.0000000000000000       -0.0084771853350541     0.0000000000000000        0.0027817717645913     0.0000000000000000
    3    8
    -0.0108897647910302     0.0000000000000000        0.0098806851150530     0.0000000000000000       -0.0063857995467679     0.0000000000000000
     0.0098806851150530     0.0000000000000000        0.0005194676308633     0.0000000000000000        0.0036868430873224     0.0000000000000000
    -0.0073414578527359     0.0000000000000000        0.0042385926675271     0.0000000000000000        0.0027817717645913     0.0000000000000000
    3    9
    -0.0126117588044516     0.0000000000000000       -0.0000000000000000     0.0000000000000000        0.0000000000000000     0.0000000000000000
    -0.0000000000000000     0.0000000000000000       -0.0004712994518900     0.0000000000000000        0.0061665116409117     0.0000000000000000
     0.0000000000000000     0.0000000000000000        0.0071319899672871     0.0000000000000000       -0.0139728901940744     0.0000000000000000
    3   10
    -0.0035064142900294     0.0000000000000000       -0.0052569731064730     0.0000000000000000        0.0053403557337548     0.0000000000000000
    -0.0052569731064730     0.0000000000000000       -0.0095766439663367     0.0000000000000000       -0.0030832558204559     0.0000000000000000
     0.0061764844911980     0.0000000000000000       -0.0035659949836435     0.0000000000000000       -0.0139728901940744     0.0000000000000000
    3   11
    -0.0035064142900294     0.0000000000000000        0.0052569731064731     0.0000000000000000       -0.0053403557337548     0.0000000000000000
     0.0052569731064731     0.0000000000000000       -0.0095766439663367     0.0000000000000000       -0.0030832558204558     0.0000000000000000
    -0.0061764844911980     0.0000000000000000       -0.0035659949836435     0.0000000000000000       -0.0139728901940744     0.0000000000000000
    4    1
    -0.0813396787095593     0.0000000000000000       -0.0000000000000000     0.0000000000000000        0.0000000000000000     0.0000000000000000
    -0.0000000000000000     0.0000000000000000       -0.0813396787097789     0.0000000000000000        0.0000000000000000     0.0000000000000000
     0.0000000000000000     0.0000000000000000        0.0000000000000000     0.0000000000000000       -0.0188352763959030     0.0000000000000000
    4    2
     0.0084040685076850     0.0000000000000000        0.0000000000000000     0.0000000000000000        0.0000000000000000     0.0000000000000000
     0.0000000000000000     0.0000000000000000        0.0084040685077077     0.0000000000000000        0.0000000000000000     0.0000000000000000
     0.0000000000000000     0.0000000000000000        0.0000000000000000     0.0000000000000000       -0.0169611374400067     0.0000000000000000
    4    3
    -0.0153783017882681     0.0000000000000000       -0.0000000000000000     0.0000000000000000       -0.0000000000000000     0.0000000000000000
    -0.0000000000000000     0.0000000000000000       -0.0153783017883097     0.0000000000000000       -0.0000000000000000     0.0000000000000000
    -0.0000000000000000     0.0000000000000000       -0.0000000000000000     0.0000000000000000        0.0006683681028223     0.0000000000000000
    4    4
     0.1033348929389874     0.0000000000000000       -0.0000000000000000     0.0000000000000000       -0.0000000000000001     0.0000000000000000
     0.0000000000000000     0.0000000000000000        0.1033348929392664     0.0000000000000000       -0.0000000000000001     0.0000000000000000
    -0.0000000000000001     0.0000000000000000       -0.0000000000000001     0.0000000000000000        0.1290827958945607     0.0000000000000000
    4    5
    -0.0036947001925873     0.0000000000000000        0.0000000000000000     0.0000000000000000        0.0000000000000000     0.0000000000000000
     0.0000000000000000     0.0000000000000000       -0.0036947001925973     0.0000000000000000        0.0000000000000000     0.0000000000000000
     0.0000000000000000     0.0000000000000000        0.0000000000000000     0.0000000000000000       -0.0119382727666941     0.0000000000000000
    4    6
    -0.0031717915564180     0.0000000000000000       -0.0065572550109572     0.0000000000000000       -0.0023147372012338     0.0000000000000000
    -0.0065572550109572     0.0000000000000000        0.0043998743350260     0.0000000000000000       -0.0013364141462374     0.0000000000000000
    -0.0220568047940320     0.0000000000000000       -0.0127345021853146     0.0000000000000000        0.0055827205798430     0.0000000000000000
    4    7
     0.0081857072807302     0.0000000000000000       -0.0000000000000000     0.0000000000000000       -0.0000000000000000     0.0000000000000000
    -0.0000000000000000     0.0000000000000000       -0.0069576245021529     0.0000000000000000        0.0026728282924748     0.0000000000000000
    -0.0000000000000000     0.0000000000000000        0.0254690043706292     0.0000000000000000        0.0055827205798430     0.0000000000000000
    4    8
    -0.0031717915564181     0.0000000000000000        0.0065572550109572     0.0000000000000000        0.0023147372012338     0.0000000000000000
     0.0065572550109572     0.0000000000000000        0.0043998743350260     0.0000000000000000       -0.0013364141462374     0.0000000000000000
     0.0220568047940320     0.0000000000000000       -0.0127345021853146     0.0000000000000000        0.0055827205798430     0.0000000000000000
    4    9
     0.0072601863189658     0.0000000000000000        0.0000000000000000     0.0000000000000000        0.0000000000000000     0.0000000000000000
     0.0000000000000000     0.0000000000000000       -0.0160391229351103     0.0000000000000000       -0.0233951102686595     0.0000000000000000
     0.0000000000000000     0.0000000000000000       -0.0293219431140093     0.0000000000000000       -0.0329215463781027     0.0000000000000000
    4   10
    -0.0102142956215588     0.0000000000000000        0.0100888968523248     0.0000000000000000       -0.0202607598169699     0.0000000000000000
     0.0100888968523248     0.0000000000000000        0.0014353590054615     0.0000000000000000        0.0116975551343298     0.0000000000000000
    -0.0253935476250200     0.0000000000000000        0.0146609715570047     0.0000000000000000       -0.0329215463781027     0.0000000000000000
    4   11
    -0.0102142956215588     0.0000000000000000       -0.0100888968523248     0.0000000000000000        0.0202607598169700     0.0000000000000000
    -0.0100888968523248     0.0000000000000000        0.0014353590054615     0.0000000000000000        0.0116975551343298     0.0000000000000000
     0.0253935476250200     0.0000000000000000        0.0146609715570047     0.0000000000000000       -0.0329215463781027     0.0000000000000000
    5    1
    -0.0813396787095593     0.0000000000000000       -0.0000000000000000     0.0000000000000000        0.0000000000000000     0.0000000000000000
    -0.0000000000000000     0.0000000000000000       -0.0813396787097789     0.0000000000000000        0.0000000000000000     0.0000000000000000
     0.0000000000000000     0.0000000000000000        0.0000000000000000     0.0000000000000000       -0.0188352763959030     0.0000000000000000
    5    2
    -0.0153783017882681     0.0000000000000000        0.0000000000000000     0.0000000000000000       -0.0000000000000000     0.0000000000000000
    -0.0000000000000000     0.0000000000000000       -0.0153783017883097     0.0000000000000000       -0.0000000000000000     0.0000000000000000
    -0.0000000000000000     0.0000000000000000        0.0000000000000000     0.0000000000000000        0.0006683681028223     0.0000000000000000
    5    3
     0.0084040685076850     0.0000000000000000        0.0000000000000000     0.0000000000000000        0.0000000000000000     0.0000000000000000
     0.0000000000000000     0.0000000000000000        0.0084040685077077     0.0000000000000000        0.0000000000000000     0.0000000000000000
     0.0000000000000000     0.0000000000000000        0.0000000000000000     0.0000000000000000       -0.0169611374400067     0.0000000000000000
    5    4
    -0.0036947001925873     0.0000000000000000        0.0000000000000000     0.0000000000000000        0.0000000000000000     0.0000000000000000
    -0.0000000000000000     0.0000000000000000       -0.0036947001925973     0.0000000000000000        0.0000000000000000     0.0000000000000000
     0.0000000000000000     0.0000000000000000        0.0000000000000000     0.0000000000000000       -0.0119382727666941     0.0000000000000000
    5    5
     0.1033348929389874     0.0000000000000000       -0.0000000000000000     0.0000000000000000       -0.0000000000000001     0.0000000000000000
     0.0000000000000000     0.0000000000000000        0.1033348929392663     0.0000000000000000       -0.0000000000000001     0.0000000000000000
    -0.0000000000000001     0.0000000000000000       -0.0000000000000001     0.0000000000000000        0.1290827958945607     0.0000000000000000
    5    6
    -0.0102142956215588     0.0000000000000000       -0.0100888968523248     0.0000000000000000        0.0202607598169700     0.0000000000000000
    -0.0100888968523248     0.0000000000000000        0.0014353590054615     0.0000000000000000        0.0116975551343298     0.0000000000000000
     0.0253935476250200     0.0000000000000000        0.0146609715570047     0.0000000000000000       -0.0329215463781027     0.0000000000000000
    5    7
     0.0072601863189658     0.0000000000000000        0.0000000000000000     0.0000000000000000        0.0000000000000000     0.0000000000000000
     0.0000000000000000     0.0000000000000000       -0.0160391229351103     0.0000000000000000       -0.0233951102686595     0.0000000000000000
     0.0000000000000000     0.0000000000000000       -0.0293219431140093     0.0000000000000000       -0.0329215463781027     0.0000000000000000
    5    8
    -0.0102142956215587     0.0000000000000000        0.0100888968523248     0.0000000000000000       -0.0202607598169699     0.0000000000000000
     0.0100888968523248     0.0000000000000000        0.0014353590054615     0.0000000000000000        0.0116975551343298     0.0000000000000000
    -0.0253935476250200     0.0000000000000000        0.0146609715570047     0.0000000000000000       -0.0329215463781027     0.0000000000000000
    5    9
     0.0081857072807302     0.0000000000000000       -0.0000000000000000     0.0000000000000000       -0.0000000000000000     0.0000000000000000
    -0.0000000000000000     0.0000000000000000       -0.0069576245021529     0.0000000000000000        0.0026728282924748     0.0000000000000000
    -0.0000000000000000     0.0000000000000000        0.0254690043706292     0.0000000000000000        0.0055827205798430     0.0000000000000000
    5   10
    -0.0031717915564181     0.0000000000000000        0.0065572550109572     0.0000000000000000        0.0023147372012338     0.0000000000000000
     0.0065572550109572     0.0000000000000000        0.0043998743350260     0.0000000000000000       -0.0013364141462374     0.0000000000000000
     0.0220568047940320     0.0000000000000000       -0.0127345021853146     0.0000000000000000        0.0055827205798430     0.0000000000000000
    5   11
    -0.0031717915564180     0.0000000000000000       -0.0065572550109572     0.0000000000000000       -0.0023147372012338     0.0000000000000000
    -0.0065572550109572     0.0000000000000000        0.0043998743350260     0.0000000000000000       -0.0013364141462374     0.0000000000000000
    -0.0220568047940320     0.0000000000000000       -0.0127345021853146     0.0000000000000000        0.0055827205798430     0.0000000000000000
    6    1
    -0.0452237962437966     0.0000000000000000        0.0328303504499181     0.0000000000000000       -0.0221717703750157     0.0000000000000000
     0.0328303504499181     0.0000000000000000       -0.0831330195836697     0.0000000000000000       -0.0128008775944431     0.0000000000000000
    -0.0196385541059275     0.0000000000000000       -0.0113383244995675     0.0000000000000000       -0.0773843732946990     0.0000000000000000
    6    2
    -0.0035064142900294     0.0000000000000000        0.0052569731064730     0.0000000000000000       -0.0061764844911980     0.0000000000000000
     0.0052569731064731     0.0000000000000000       -0.0095766439663367     0.0000000000000000       -0.0035659949836435     0.0000000000000000
    -0.0053403557337548     0.0000000000000000       -0.0030832558204559     0.0000000000000000       -0.0139728901940744     0.0000000000000000
    6    3
    -0.0108897647910302     0.0000000000000000       -0.0098806851150530     0.0000000000000000        0.0073414578527359     0.0000000000000000
    -0.0098806851150530     0.0000000000000000        0.0005194676308633     0.0000000000000000        0.0042385926675271     0.0000000000000000
     0.0063857995467679     0.0000000000000000        0.0036868430873224     0.0000000000000000        0.0027817717645913     0.0000000000000000
    6    4
    -0.0031717915564180     0.0000000000000000       -0.0065572550109572     0.0000000000000000       -0.0220568047940320     0.0000000000000000
    -0.0065572550109572     0.0000000000000000        0.0043998743350260     0.0000000000000000       -0.0127345021853146     0.0000000000000000
    -0.0023147372012338     0.0000000000000000       -0.0013364141462374     0.0000000000000000        0.0055827205798429     0.0000000000000000
    6    5
    -0.0102142956215589     0.0000000000000000       -0.0100888968523248     0.0000000000000000        0.0253935476250200     0.0000000000000000
    -0.0100888968523248     0.0000000000000000        0.0014353590054615     0.0000000000000000        0.0146609715570047     0.0000000000000000
     0.0202607598169700     0.0000000000000000        0.0116975551343298     0.0000000000000000       -0.0329215463781027     0.0000000000000000
    6    6
     0.1254855015309090     0.0000000000000000        0.0043529625464897     0.0000000000000000       -0.0009672877870286     0.0000000000000000
     0.0043529625464897     0.0000000000000000        0.1204591333352646     0.0000000000000000       -0.0005584638642255     0.0000000000000000
    -0.0009672877870285     0.0000000000000000       -0.0005584638642256     0.0000000000000000        0.1105933678748177     0.0000000000000000
    6    7
    -0.0099141590695284     0.0000000000000000       -0.0275503015641022     0.0000000000000000        0.0011505461588569     0.0000000000000000
    -0.0201928318051547     0.0000000000000000       -0.0374786699722890     0.0000000000000000       -0.0017363613014206     0.0000000000000000
     0.0020790060766048     0.0000000000000000       -0.0001282215510877     0.0000000000000000        0.0041217163791615     0.0000000000000000
    6    8
    -0.0512609254235176     0.0000000000000000        0.0036787348794738     0.0000000000000000       -0.0009284599177480     0.0000000000000000
    -0.0036787348794738     0.0000000000000000        0.0038680963818117     0.0000000000000000        0.0018645828525083     0.0000000000000000
     0.0009284599177479     0.0000000000000000        0.0018645828525083     0.0000000000000000        0.0041217163791615     0.0000000000000000
    6    9
    -0.0002968002446972     0.0000000000000000        0.0155444389262824     0.0000000000000000        0.0102868627547191     0.0000000000000000
     0.0007556205598663     0.0000000000000000        0.0091140434874496     0.0000000000000000        0.0016851130491673     0.0000000000000000
     0.0036840806685340     0.0000000000000000       -0.0097512409954264     0.0000000000000000        0.0018329717134982     0.0000000000000000
    6   10
     0.0138194653534861     0.0000000000000000       -0.0073944091832080     0.0000000000000000        0.0066027820861851     0.0000000000000000
     0.0073944091832080     0.0000000000000000       -0.0050022221107718     0.0000000000000000        0.0080661279462591     0.0000000000000000
    -0.0066027820861851     0.0000000000000000        0.0080661279462591     0.0000000000000000        0.0018329717134981     0.0000000000000000
    6   11
    -0.0048270196438188     0.0000000000000000       -0.0001919121829917     0.0000000000000000        0.0015256108875052     0.0000000000000000
    -0.0001919121829917     0.0000000000000000       -0.0046054185428094     0.0000000000000000        0.0008808118565809     0.0000000000000000
     0.0015256108875052     0.0000000000000000        0.0008808118565809     0.0000000000000000       -0.0065884265376951     0.0000000000000000
    7    1
    -0.1020876312532697     0.0000000000000000       -0.0000000000000000     0.0000000000000000        0.0000000000000001     0.0000000000000000
    -0.0000000000000001     0.0000000000000000       -0.0262691845740432     0.0000000000000000        0.0256017551888865     0.0000000000000000
     0.0000000000000001     0.0000000000000000        0.0226766489991353     0.0000000000000000       -0.0773843732946990     0.0000000000000000
    7    2
    -0.0126117588044516     0.0000000000000000       -0.0000000000000000     0.0000000000000000        0.0000000000000000     0.0000000000000000
    -0.0000000000000000     0.0000000000000000       -0.0004712994518900     0.0000000000000000        0.0071319899672871     0.0000000000000000
     0.0000000000000000     0.0000000000000000        0.0061665116409117     0.0000000000000000       -0.0139728901940744     0.0000000000000000
    7    3
     0.0062240838418080     0.0000000000000000        0.0000000000000000     0.0000000000000000       -0.0000000000000000     0.0000000000000000
     0.0000000000000000     0.0000000000000000       -0.0165943810020211     0.0000000000000000       -0.0084771853350541     0.0000000000000000
    -0.0000000000000000     0.0000000000000000       -0.0073736861746448     0.0000000000000000        0.0027817717645913     0.0000000000000000
    7    4
     0.0081857072807302     0.0000000000000000       -0.0000000000000000     0.0000000000000000       -0.0000000000000000     0.0000000000000000
    -0.0000000000000000     0.0000000000000000       -0.0069576245021529     0.0000000000000000        0.0254690043706292     0.0000000000000000
    -0.0000000000000000     0.0000000000000000        0.0026728282924748     0.0000000000000000        0.0055827205798430     0.0000000000000000
    7    5
     0.0072601863189658     0.0000000000000000        0.0000000000000000     0.0000000000000000        0.0000000000000000     0.0000000000000000
     0.0000000000000000     0.0000000000000000       -0.0160391229351103     0.0000000000000000       -0.0293219431140093     0.0000000000000000
     0.0000000000000000     0.0000000000000000       -0.0233951102686595     0.0000000000000000       -0.0329215463781027     0.0000000000000000
    7    6
    -0.0099141590695284     0.0000000000000000       -0.0201928318051547     0.0000000000000000        0.0020790060766048     0.0000000000000000
    -0.0275503015641022     0.0000000000000000       -0.0374786699722890     0.0000000000000000       -0.0001282215510877     0.0000000000000000
     0.0011505461588569     0.0000000000000000       -0.0017363613014206     0.0000000000000000        0.0041217163791615     0.0000000000000000
    7    7
     0.1179459492369546     0.0000000000000000        0.0000000000000000     0.0000000000000000       -0.0000000000000001     0.0000000000000000
     0.0000000000000000     0.0000000000000000        0.1279986856292393     0.0000000000000000        0.0011169277284509     0.0000000000000000
    -0.0000000000000001     0.0000000000000000        0.0011169277284509     0.0000000000000000        0.1105933678748177     0.0000000000000000
    7    8
    -0.0099141590695284     0.0000000000000000        0.0201928318051547     0.0000000000000000       -0.0020790060766048     0.0000000000000000
     0.0275503015641022     0.0000000000000000       -0.0374786699722891     0.0000000000000000       -0.0001282215510877     0.0000000000000000
    -0.0011505461588569     0.0000000000000000       -0.0017363613014206     0.0000000000000000        0.0041217163791615     0.0000000000000000
    7    9
    -0.0044946179922861     0.0000000000000000       -0.0000000000000000     0.0000000000000000        0.0000000000000000     0.0000000000000000
     0.0000000000000000     0.0000000000000000       -0.0049378201943430     0.0000000000000000       -0.0017616237131618     0.0000000000000000
     0.0000000000000000     0.0000000000000000       -0.0017616237131618     0.0000000000000000       -0.0065884265376951     0.0000000000000000
    7   10
    -0.0002968002446971     0.0000000000000000       -0.0007556205598663     0.0000000000000000       -0.0036840806685340     0.0000000000000000
    -0.0155444389262823     0.0000000000000000        0.0091140434874496     0.0000000000000000       -0.0097512409954264     0.0000000000000000
    -0.0102868627547191     0.0000000000000000        0.0016851130491673     0.0000000000000000        0.0018329717134981     0.0000000000000000
    7   11
    -0.0002968002446972     0.0000000000000000        0.0007556205598663     0.0000000000000000        0.0036840806685340     0.0000000000000000
     0.0155444389262824     0.0000000000000000        0.0091140434874496     0.0000000000000000       -0.0097512409954264     0.0000000000000000
     0.0102868627547191     0.0000000000000000        0.0016851130491673     0.0000000000000000        0.0018329717134982     0.0000000000000000
    8    1
    -0.0452237962437967     0.0000000000000000       -0.0328303504499180     0.0000000000000000        0.0221717703750158     0.0000000000000000
    -0.0328303504499181     0.0000000000000000       -0.0831330195836698     0.0000000000000000       -0.0128008775944431     0.0000000000000000
     0.0196385541059276     0.0000000000000000       -0.0113383244995675     0.0000000000000000       -0.0773843732946990     0.0000000000000000
    8    2
    -0.0035064142900294     0.0000000000000000       -0.0052569731064730     0.0000000000000000        0.0061764844911980     0.0000000000000000
    -0.0052569731064730     0.0000000000000000       -0.0095766439663367     0.0000000000000000       -0.0035659949836435     0.0000000000000000
     0.0053403557337548     0.0000000000000000       -0.0030832558204559     0.0000000000000000       -0.0139728901940744     0.0000000000000000
    8    3
    -0.0108897647910302     0.0000000000000000        0.0098806851150530     0.0000000000000000       -0.0073414578527359     0.0000000000000000
     0.0098806851150530     0.0000000000000000        0.0005194676308633     0.0000000000000000        0.0042385926675271     0.0000000000000000
    -0.0063857995467679     0.0000000000000000        0.0036868430873224     0.0000000000000000        0.0027817717645913     0.0000000000000000
    8    4
    -0.0031717915564181     0.0000000000000000        0.0065572550109572     0.0000000000000000        0.0220568047940320     0.0000000000000000
     0.0065572550109572     0.0000000000000000        0.0043998743350260     0.0000000000000000       -0.0127345021853146     0.0000000000000000
     0.0023147372012338     0.0000000000000000       -0.0013364141462374     0.0000000000000000        0.0055827205798430     0.0000000000000000
    8    5
    -0.0102142956215588     0.0000000000000000        0.0100888968523248     0.0000000000000000       -0.0253935476250200     0.0000000000000000
     0.0100888968523248     0.0000000000000000        0.0014353590054615     0.0000000000000000        0.0146609715570047     0.0000000000000000
    -0.0202607598169699     0.0000000000000000        0.0116975551343298     0.0000000000000000       -0.0329215463781027     0.0000000000000000
    8    6
    -0.0512609254235176     0.0000000000000000       -0.0036787348794738     0.0000000000000000        0.0009284599177479     0.0000000000000000
     0.0036787348794738     0.0000000000000000        0.0038680963818117     0.0000000000000000        0.0018645828525083     0.0000000000000000
    -0.0009284599177480     0.0000000000000000        0.0018645828525083     0.0000000000000000        0.0041217163791615     0.0000000000000000
    8    7
    -0.0099141590695284     0.0000000000000000        0.0275503015641022     0.0000000000000000       -0.0011505461588569     0.0000000000000000
     0.0201928318051547     0.0000000000000000       -0.0374786699722890     0.0000000000000000       -0.0017363613014206     0.0000000000000000
    -0.0020790060766048     0.0000000000000000       -0.0001282215510877     0.0000000000000000        0.0041217163791615     0.0000000000000000
    8    8
     0.1254855015309090     0.0000000000000000       -0.0043529625464897     0.0000000000000000        0.0009672877870283     0.0000000000000000
    -0.0043529625464897     0.0000000000000000        0.1204591333352646     0.0000000000000000       -0.0005584638642256     0.0000000000000000
     0.0009672877870283     0.0000000000000000       -0.0005584638642255     0.0000000000000000        0.1105933678748176     0.0000000000000000
    8    9
    -0.0002968002446971     0.0000000000000000       -0.0155444389262823     0.0000000000000000       -0.0102868627547191     0.0000000000000000
    -0.0007556205598663     0.0000000000000000        0.0091140434874496     0.0000000000000000        0.0016851130491673     0.0000000000000000
    -0.0036840806685340     0.0000000000000000       -0.0097512409954264     0.0000000000000000        0.0018329717134981     0.0000000000000000
    8   10
    -0.0048270196438188     0.0000000000000000        0.0001919121829917     0.0000000000000000       -0.0015256108875051     0.0000000000000000
     0.0001919121829917     0.0000000000000000       -0.0046054185428094     0.0000000000000000        0.0008808118565809     0.0000000000000000
    -0.0015256108875051     0.0000000000000000        0.0008808118565809     0.0000000000000000       -0.0065884265376951     0.0000000000000000
    8   11
     0.0138194653534861     0.0000000000000000        0.0073944091832080     0.0000000000000000       -0.0066027820861851     0.0000000000000000
    -0.0073944091832080     0.0000000000000000       -0.0050022221107718     0.0000000000000000        0.0080661279462591     0.0000000000000000
     0.0066027820861851     0.0000000000000000        0.0080661279462591     0.0000000000000000        0.0018329717134981     0.0000000000000000
    9    1
    -0.1020876312532697     0.0000000000000000       -0.0000000000000000     0.0000000000000000        0.0000000000000001     0.0000000000000000
    -0.0000000000000001     0.0000000000000000       -0.0262691845740432     0.0000000000000000        0.0256017551888865     0.0000000000000000
     0.0000000000000001     0.0000000000000000        0.0226766489991353     0.0000000000000000       -0.0773843732946990     0.0000000000000000
    9    2
     0.0062240838418080     0.0000000000000000        0.0000000000000000     0.0000000000000000       -0.0000000000000000     0.0000000000000000
     0.0000000000000000     0.0000000000000000       -0.0165943810020211     0.0000000000000000       -0.0084771853350541     0.0000000000000000
    -0.0000000000000000     0.0000000000000000       -0.0073736861746448     0.0000000000000000        0.0027817717645913     0.0000000000000000
    9    3
    -0.0126117588044516     0.0000000000000000       -0.0000000000000000     0.0000000000000000        0.0000000000000000     0.0000000000000000
    -0.0000000000000000     0.0000000000000000       -0.0004712994518900     0.0000000000000000        0.0071319899672871     0.0000000000000000
     0.0000000000000000     0.0000000000000000        0.0061665116409117     0.0000000000000000       -0.0139728901940744     0.0000000000000000
    9    4
     0.0072601863189658     0.0000000000000000        0.0000000000000000     0.0000000000000000        0.0000000000000000     0.0000000000000000
     0.0000000000000000     0.0000000000000000       -0.0160391229351103     0.0000000000000000       -0.0293219431140093     0.0000000000000000
     0.0000000000000000     0.0000000000000000       -0.0233951102686595     0.0000000000000000       -0.0329215463781027     0.0000000000000000
    9    5
     0.0081857072807302     0.0000000000000000       -0.0000000000000000     0.0000000000000000       -0.0000000000000000     0.0000000000000000
    -0.0000000000000000     0.0000000000000000       -0.0069576245021529     0.0000000000000000        0.0254690043706292     0.0000000000000000
    -0.0000000000000000     0.0000000000000000        0.0026728282924748     0.0000000000000000        0.0055827205798430     0.0000000000000000
    9    6
    -0.0002968002446972     0.0000000000000000        0.0007556205598663     0.0000000000000000        0.0036840806685340     0.0000000000000000
     0.0155444389262824     0.0000000000000000        0.0091140434874496     0.0000000000000000       -0.0097512409954264     0.0000000000000000
     0.0102868627547191     0.0000000000000000        0.0016851130491673     0.0000000000000000        0.0018329717134982     0.0000000000000000
    9    7
    -0.0044946179922861     0.0000000000000000        0.0000000000000000     0.0000000000000000        0.0000000000000000     0.0000000000000000
     0.0000000000000000     0.0000000000000000       -0.0049378201943430     0.0000000000000000       -0.0017616237131618     0.0000000000000000
     0.0000000000000000     0.0000000000000000       -0.0017616237131618     0.0000000000000000       -0.0065884265376951     0.0000000000000000
    9    8
    -0.0002968002446971     0.0000000000000000       -0.0007556205598663     0.0000000000000000       -0.0036840806685340     0.0000000000000000
    -0.0155444389262823     0.0000000000000000        0.0091140434874496     0.0000000000000000       -0.0097512409954264     0.0000000000000000
    -0.0102868627547191     0.0000000000000000        0.0016851130491673     0.0000000000000000        0.0018329717134981     0.0000000000000000
    9    9
     0.1179459492369546     0.0000000000000000       -0.0000000000000000     0.0000000000000000       -0.0000000000000001     0.0000000000000000
     0.0000000000000000     0.0000000000000000        0.1279986856292394     0.0000000000000000        0.0011169277284509     0.0000000000000000
    -0.0000000000000001     0.0000000000000000        0.0011169277284508     0.0000000000000000        0.1105933678748177     0.0000000000000000
    9   10
    -0.0099141590695284     0.0000000000000000        0.0201928318051547     0.0000000000000000       -0.0020790060766048     0.0000000000000000
     0.0275503015641022     0.0000000000000000       -0.0374786699722891     0.0000000000000000       -0.0001282215510877     0.0000000000000000
    -0.0011505461588569     0.0000000000000000       -0.0017363613014206     0.0000000000000000        0.0041217163791615     0.0000000000000000
    9   11
    -0.0099141590695284     0.0000000000000000       -0.0201928318051547     0.0000000000000000        0.0020790060766048     0.0000000000000000
    -0.0275503015641022     0.0000000000000000       -0.0374786699722890     0.0000000000000000       -0.0001282215510877     0.0000000000000000
     0.0011505461588569     0.0000000000000000       -0.0017363613014206     0.0000000000000000        0.0041217163791615     0.0000000000000000
   10    1
    -0.0452237962437967     0.0000000000000000       -0.0328303504499180     0.0000000000000000        0.0221717703750158     0.0000000000000000
    -0.0328303504499181     0.0000000000000000       -0.0831330195836698     0.0000000000000000       -0.0128008775944431     0.0000000000000000
     0.0196385541059276     0.0000000000000000       -0.0113383244995675     0.0000000000000000       -0.0773843732946990     0.0000000000000000
   10    2
    -0.0108897647910302     0.0000000000000000        0.0098806851150530     0.0000000000000000       -0.0073414578527359     0.0000000000000000
     0.0098806851150530     0.0000000000000000        0.0005194676308633     0.0000000000000000        0.0042385926675271     0.0000000000000000
    -0.0063857995467679     0.0000000000000000        0.0036868430873224     0.0000000000000000        0.0027817717645913     0.0000000000000000
   10    3
    -0.0035064142900294     0.0000000000000000       -0.0052569731064730     0.0000000000000000        0.0061764844911980     0.0000000000000000
    -0.0052569731064730     0.0000000000000000       -0.0095766439663367     0.0000000000000000       -0.0035659949836435     0.0000000000000000
     0.0053403557337548     0.0000000000000000       -0.0030832558204559     0.0000000000000000       -0.0139728901940744     0.0000000000000000
   10    4
    -0.0102142956215587     0.0000000000000000        0.0100888968523248     0.0000000000000000       -0.0253935476250200     0.0000000000000000
     0.0100888968523248     0.0000000000000000        0.0014353590054615     0.0000000000000000        0.0146609715570047     0.0000000000000000
    -0.0202607598169699     0.0000000000000000        0.0116975551343298     0.0000000000000000       -0.0329215463781027     0.0000000000000000
   10    5
    -0.0031717915564181     0.0000000000000000        0.0065572550109572     0.0000000000000000        0.0220568047940320     0.0000000000000000
     0.0065572550109572     0.0000000000000000        0.0043998743350260     0.0000000000000000       -0.0127345021853146     0.0000000000000000
     0.0023147372012338     0.0000000000000000       -0.0013364141462374     0.0000000000000000        0.0055827205798430     0.0000000000000000
   10    6
     0.0138194653534861     0.0000000000000000        0.0073944091832080     0.0000000000000000       -0.0066027820861851     0.0000000000000000
    -0.0073944091832080     0.0000000000000000       -0.0050022221107718     0.0000000000000000        0.0080661279462591     0.0000000000000000
     0.0066027820861851     0.0000000000000000        0.0080661279462591     0.0000000000000000        0.0018329717134981     0.0000000000000000
   10    7
    -0.0002968002446971     0.0000000000000000       -0.0155444389262823     0.0000000000000000       -0.0102868627547191     0.0000000000000000
    -0.0007556205598663     0.0000000000000000        0.0091140434874496     0.0000000000000000        0.0016851130491673     0.0000000000000000
    -0.0036840806685340     0.0000000000000000       -0.0097512409954264     0.0000000000000000        0.0018329717134981     0.0000000000000000
   10    8
    -0.0048270196438188     0.0000000000000000        0.0001919121829917     0.0000000000000000       -0.0015256108875051     0.0000000000000000
     0.0001919121829917     0.0000000000000000       -0.0046054185428094     0.0000000000000000        0.0008808118565809     0.0000000000000000
    -0.0015256108875051     0.0000000000000000        0.0008808118565809     0.0000000000000000       -0.0065884265376951     0.0000000000000000
   10    9
    -0.0099141590695284     0.0000000000000000        0.0275503015641022     0.0000000000000000       -0.0011505461588569     0.0000000000000000
     0.0201928318051547     0.0000000000000000       -0.0374786699722890     0.0000000000000000       -0.0017363613014206     0.0000000000000000
    -0.0020790060766048     0.0000000000000000       -0.0001282215510877     0.0000000000000000        0.0041217163791615     0.0000000000000000
   10   10
     0.1254855015309090     0.0000000000000000       -0.0043529625464897     0.0000000000000000        0.0009672877870283     0.0000000000000000
    -0.0043529625464897     0.0000000000000000        0.1204591333352646     0.0000000000000000       -0.0005584638642256     0.0000000000000000
     0.0009672877870283     0.0000000000000000       -0.0005584638642255     0.0000000000000000        0.1105933678748176     0.0000000000000000
   10   11
    -0.0512609254235176     0.0000000000000000       -0.0036787348794738     0.0000000000000000        0.0009284599177479     0.0000000000000000
     0.0036787348794738     0.0000000000000000        0.0038680963818117     0.0000000000000000        0.0018645828525083     0.0000000000000000
    -0.0009284599177480     0.0000000000000000        0.0018645828525083     0.0000000000000000        0.0041217163791615     0.0000000000000000
   11    1
    -0.0452237962437966     0.0000000000000000        0.0328303504499181     0.0000000000000000       -0.0221717703750157     0.0000000000000000
     0.0328303504499181     0.0000000000000000       -0.0831330195836697     0.0000000000000000       -0.0128008775944431     0.0000000000000000
    -0.0196385541059275     0.0000000000000000       -0.0113383244995675     0.0000000000000000       -0.0773843732946990     0.0000000000000000
   11    2
    -0.0108897647910302     0.0000000000000000       -0.0098806851150530     0.0000000000000000        0.0073414578527359     0.0000000000000000
    -0.0098806851150530     0.0000000000000000        0.0005194676308633     0.0000000000000000        0.0042385926675271     0.0000000000000000
     0.0063857995467679     0.0000000000000000        0.0036868430873224     0.0000000000000000        0.0027817717645913     0.0000000000000000
   11    3
    -0.0035064142900294     0.0000000000000000        0.0052569731064730     0.0000000000000000       -0.0061764844911980     0.0000000000000000
     0.0052569731064731     0.0000000000000000       -0.0095766439663367     0.0000000000000000       -0.0035659949836435     0.0000000000000000
    -0.0053403557337548     0.0000000000000000       -0.0030832558204559     0.0000000000000000       -0.0139728901940744     0.0000000000000000
   11    4
    -0.0102142956215589     0.0000000000000000       -0.0100888968523248     0.0000000000000000        0.0253935476250200     0.0000000000000000
    -0.0100888968523248     0.0000000000000000        0.0014353590054615     0.0000000000000000        0.0146609715570047     0.0000000000000000
     0.0202607598169700     0.0000000000000000        0.0116975551343298     0.0000000000000000       -0.0329215463781027     0.0000000000000000
   11    5
    -0.0031717915564180     0.0000000000000000       -0.0065572550109572     0.0000000000000000       -0.0220568047940320     0.0000000000000000
    -0.0065572550109572     0.0000000000000000        0.0043998743350260     0.0000000000000000       -0.0127345021853146     0.0000000000000000
    -0.0023147372012338     0.0000000000000000       -0.0013364141462374     0.0000000000000000        0.0055827205798429     0.0000000000000000
   11    6
    -0.0048270196438188     0.0000000000000000       -0.0001919121829917     0.0000000000000000        0.0015256108875052     0.0000000000000000
    -0.0001919121829917     0.0000000000000000       -0.0046054185428094     0.0000000000000000        0.0008808118565809     0.0000000000000000
     0.0015256108875052     0.0000000000000000        0.0008808118565809     0.0000000000000000       -0.0065884265376951     0.0000000000000000
   11    7
    -0.0002968002446972     0.0000000000000000        0.0155444389262824     0.0000000000000000        0.0102868627547191     0.0000000000000000
     0.0007556205598663     0.0000000000000000        0.0091140434874496     0.0000000000000000        0.0016851130491673     0.0000000000000000
     0.0036840806685340     0.0000000000000000       -0.0097512409954264     0.0000000000000000        0.0018329717134982     0.0000000000000000
   11    8
     0.0138194653534861     0.0000000000000000       -0.0073944091832080     0.0000000000000000        0.0066027820861851     0.0000000000000000
     0.0073944091832080     0.0000000000000000       -0.0050022221107718     0.0000000000000000        0.0080661279462591     0.0000000000000000
    -0.0066027820861851     0.0000000000000000        0.0080661279462591     0.0000000000000000        0.0018329717134981     0.0000000000000000
   11    9
    -0.0099141590695284     0.0000000000000000       -0.0275503015641022     0.0000000000000000        0.0011505461588569     0.0000000000000000
    -0.0201928318051547     0.0000000000000000       -0.0374786699722890     0.0000000000000000       -0.0017363613014206     0.0000000000000000
     0.0020790060766048     0.0000000000000000       -0.0001282215510877     0.0000000000000000        0.0041217163791615     0.0000000000000000
   11   10
    -0.0512609254235176     0.0000000000000000        0.0036787348794738     0.0000000000000000       -0.0009284599177480     0.0000000000000000
    -0.0036787348794738     0.0000000000000000        0.0038680963818117     0.0000000000000000        0.0018645828525083     0.0000000000000000
     0.0009284599177479     0.0000000000000000        0.0018645828525083     0.0000000000000000        0.0041217163791615     0.0000000000000000
   11   11
     0.1254855015309090     0.0000000000000000        0.0043529625464897     0.0000000000000000       -0.0009672877870286     0.0000000000000000
     0.0043529625464897     0.0000000000000000        0.1204591333352646     0.0000000000000000       -0.0005584638642255     0.0000000000000000
    -0.0009672877870286     0.0000000000000000       -0.0005584638642256     0.0000000000000000        0.1105933678748177     0.0000000000000000

     Diagonalizing the dynamical matrix

     q = (     0.000000000000     0.000000000000     0.000000000000 )

***************************************************************************
   freq (    1) =     0.00000003 [THz] =     0.00000087 [cm-1]
(   0.301511  0.000000  -0.000000  0.000000  -0.000000  0.000000 )
(   0.301511  0.000000   0.000000  0.000000  -0.000000  0.000000 )
(   0.301511  0.000000   0.000000  0.000000  -0.000000  0.000000 )
(   0.301511  0.000000  -0.000000  0.000000  -0.000000  0.000000 )
(   0.301511  0.000000   0.000000  0.000000  -0.000000  0.000000 )
(   0.301511  0.000000  -0.000000  0.000000  -0.000000  0.000000 )
(   0.301511  0.000000   0.000000  0.000000  -0.000000  0.000000 )
(   0.301511  0.000000   0.000000  0.000000  -0.000000  0.000000 )
(   0.301511  0.000000  -0.000000  0.000000  -0.000000  0.000000 )
(   0.301511  0.000000   0.000000  0.000000  -0.000000  0.000000 )
(   0.301511  0.000000  -0.000000  0.000000  -0.000000  0.000000 )
   freq (    2) =     0.00000028 [THz] =     0.00000933 [cm-1]
(  -0.000000  0.000000  -0.037115  0.000000  -0.299218  0.000000 )
(   0.000000  0.000000  -0.037115  0.000000  -0.299218  0.000000 )
(   0.000000  0.000000  -0.037115  0.000000  -0.299218  0.000000 )
(   0.000000  0.000000  -0.037115  0.000000  -0.299218  0.000000 )
(   0.000000  0.000000  -0.037115  0.000000  -0.299218  0.000000 )
(   0.000000  0.000000  -0.037115  0.000000  -0.299218  0.000000 )
(  -0.000000  0.000000  -0.037115  0.000000  -0.299218  0.000000 )
(  -0.000000  0.000000  -0.037115  0.000000  -0.299218  0.000000 )
(  -0.000000  0.000000  -0.037115  0.000000  -0.299218  0.000000 )
(   0.000000  0.000000  -0.037115  0.000000  -0.299218  0.000000 )
(   0.000000  0.000000  -0.037115  0.000000  -0.299218  0.000000 )
   freq (    3) =     0.00000065 [THz] =     0.00002173 [cm-1]
(   0.000000  0.000000  -0.299218  0.000000   0.037115  0.000000 )
(  -0.000000  0.000000  -0.299218  0.000000   0.037115  0.000000 )
(   0.000000  0.000000  -0.299218  0.000000   0.037115  0.000000 )
(  -0.000000  0.000000  -0.299218  0.000000   0.037115  0.000000 )
(   0.000000  0.000000  -0.299218  0.000000   0.037115  0.000000 )
(   0.000000  0.000000  -0.299218  0.000000   0.037115  0.000000 )
(   0.000000  0.000000  -0.299218  0.000000   0.037115  0.000000 )
(   0.000000  0.000000  -0.299218  0.000000   0.037115  0.000000 )
(   0.000000  0.000000  -0.299218  0.000000   0.037115  0.000000 )
(  -0.000000  0.000000  -0.299218  0.000000   0.037115  0.000000 )
(   0.000000  0.000000  -0.299218  0.000000   0.037115  0.000000 )
   freq (    4) =    23.94021263 [THz] =   798.55942206 [cm-1]
(   0.020482  0.000000   0.000000  0.000000   0.000000  0.000000 )
(  -0.484304  0.000000  -0.000000  0.000000  -0.000000  0.000000 )
(  -0.484304  0.000000  -0.000000  0.000000  -0.000000  0.000000 )
(  -0.263406  0.000000  -0.000000  0.000000  -0.000000  0.000000 )
(  -0.263406  0.000000  -0.000000  0.000000  -0.000000  0.000000 )
(  -0.276199  0.000000  -0.095308  0.000000   0.079906  0.000000 )
(  -0.111121  0.000000  -0.000000  0.000000  -0.000000  0.000000 )
(  -0.276199  0.000000   0.095308  0.000000  -0.079906  0.000000 )
(  -0.111121  0.000000  -0.000000  0.000000  -0.000000  0.000000 )
(  -0.276199  0.000000   0.095308  0.000000  -0.079906  0.000000 )
(  -0.276199  0.000000  -0.095308  0.000000   0.079906  0.000000 )
   freq (    5) =    23.94021263 [THz] =   798.55942206 [cm-1]
(   0.000000  0.000000  -0.020482  0.000000   0.000000  0.000000 )
(  -0.000000  0.000000   0.484304  0.000000  -0.000000  0.000000 )
(  -0.000000  0.000000   0.484304  0.000000  -0.000000  0.000000 )
(  -0.000000  0.000000   0.263406  0.000000  -0.000000  0.000000 )
(  -0.000000  0.000000   0.263406  0.000000  -0.000000  0.000000 )
(   0.095308  0.000000   0.166147  0.000000  -0.046134  0.000000 )
(  -0.000000  0.000000   0.331225  0.000000   0.092268  0.000000 )
(  -0.095308  0.000000   0.166147  0.000000  -0.046134  0.000000 )
(  -0.000000  0.000000   0.331225  0.000000   0.092268  0.000000 )
(  -0.095308  0.000000   0.166147  0.000000  -0.046134  0.000000 )
(   0.095308  0.000000   0.166147  0.000000  -0.046134  0.000000 )
   freq (    6) =    24.33103881 [THz] =   811.59597858 [cm-1]
(   0.000000  0.000000  -0.000000  0.000000   0.000000  0.000000 )
(   0.000000  0.000000  -0.000000  0.000000   0.075162  0.000000 )
(  -0.000000  0.000000   0.000000  0.000000  -0.075162  0.000000 )
(   0.000000  0.000000  -0.000000  0.000000   0.535145  0.000000 )
(  -0.000000  0.000000   0.000000  0.000000  -0.535145  0.000000 )
(   0.107701  0.000000   0.062181  0.000000  -0.232072  0.000000 )
(  -0.000000  0.000000  -0.124363  0.000000  -0.232072  0.000000 )
(  -0.107701  0.000000   0.062181  0.000000  -0.232072  0.000000 )
(   0.000000  0.000000   0.124363  0.000000   0.232072  0.000000 )
(   0.107701  0.000000  -0.062181  0.000000   0.232072  0.000000 )
(  -0.107701  0.000000  -0.062181  0.000000   0.232072  0.000000 )
   freq (    7) =    24.45644473 [THz] =   815.77906896 [cm-1]
(   0.000000  0.000000   0.000000  0.000000   0.000000  0.000000 )
(   0.293526  0.000000   0.000100  0.000000  -0.000000  0.000000 )
(  -0.293526  0.000000  -0.000100  0.000000   0.000000  0.000000 )
(   0.098736  0.000000   0.000034  0.000000  -0.000000  0.000000 )
(  -0.098736  0.000000  -0.000034  0.000000   0.000000  0.000000 )
(  -0.391931  0.000000  -0.159056  0.000000   0.128150  0.000000 )
(  -0.116507  0.000000  -0.000166  0.000000  -0.000051  0.000000 )
(  -0.391823  0.000000   0.158913  0.000000  -0.128100  0.000000 )
(   0.116507  0.000000   0.000166  0.000000   0.000051  0.000000 )
(   0.391823  0.000000  -0.158913  0.000000   0.128100  0.000000 )
(   0.391931  0.000000   0.159056  0.000000  -0.128150  0.000000 )
   freq (    8) =    24.45644473 [THz] =   815.77906896 [cm-1]
(   0.000000  0.000000   0.000000  0.000000   0.000000  0.000000 )
(   0.000100  0.000000  -0.293526  0.000000  -0.000000  0.000000 )
(  -0.000100  0.000000   0.293526  0.000000   0.000000  0.000000 )
(   0.000034  0.000000  -0.098736  0.000000  -0.000000  0.000000 )
(  -0.000034  0.000000   0.098736  0.000000   0.000000  0.000000 )
(   0.158851  0.000000   0.208243  0.000000  -0.073929  0.000000 )
(  -0.000040  0.000000   0.483667  0.000000   0.147946  0.000000 )
(  -0.159119  0.000000   0.208352  0.000000  -0.074017  0.000000 )
(   0.000040  0.000000  -0.483667  0.000000  -0.147946  0.000000 )
(   0.159119  0.000000  -0.208352  0.000000   0.074017  0.000000 )
(  -0.158851  0.000000  -0.208243  0.000000   0.073929  0.000000 )
   freq (    9) =    25.45798393 [THz] =   849.18681586 [cm-1]
(   0.000000  0.000000  -0.000000  0.000000  -0.022035  0.000000 )
(  -0.000000  0.000000   0.000000  0.000000   0.347143  0.000000 )
(  -0.000000  0.000000   0.000000  0.000000   0.347143  0.000000 )
(  -0.000000  0.000000   0.000000  0.000000   0.424963  0.000000 )
(  -0.000000  0.000000   0.000000  0.000000   0.424963  0.000000 )
(  -0.057213  0.000000  -0.033032  0.000000   0.248705  0.000000 )
(  -0.000000  0.000000   0.066064  0.000000   0.248705  0.000000 )
(   0.057213  0.000000  -0.033032  0.000000   0.248705  0.000000 )
(  -0.000000  0.000000   0.066064  0.000000   0.248705  0.000000 )
(   0.057213  0.000000  -0.033032  0.000000   0.248705  0.000000 )
(  -0.057213  0.000000  -0.033032  0.000000   0.248705  0.000000 )
   freq (   10) =    27.07622372 [THz] =   903.16547735 [cm-1]
(   0.000000  0.000000   0.000000  0.000000  -0.000000  0.000000 )
(  -0.539779  0.000000  -0.000145  0.000000  -0.000000  0.000000 )
(   0.539779  0.000000   0.000145  0.000000   0.000000  0.000000 )
(   0.365934  0.000000   0.000098  0.000000  -0.000000  0.000000 )
(  -0.365934  0.000000  -0.000098  0.000000   0.000000  0.000000 )
(  -0.128934  0.000000   0.034801  0.000000   0.040102  0.000000 )
(  -0.189299  0.000000  -0.000029  0.000000  -0.000012  0.000000 )
(  -0.128952  0.000000  -0.034892  0.000000  -0.040090  0.000000 )
(   0.189299  0.000000   0.000029  0.000000   0.000012  0.000000 )
(   0.128952  0.000000   0.034892  0.000000   0.040090  0.000000 )
(   0.128934  0.000000  -0.034801  0.000000  -0.040102  0.000000 )
   freq (   11) =    27.07622372 [THz] =   903.16547735 [cm-1]
(   0.000000  0.000000   0.000000  0.000000  -0.000000  0.000000 )
(  -0.000145  0.000000   0.539779  0.000000  -0.000000  0.000000 )
(   0.000145  0.000000  -0.539779  0.000000   0.000000  0.000000 )
(   0.000098  0.000000  -0.365934  0.000000   0.000000  0.000000 )
(  -0.000098  0.000000   0.365934  0.000000  -0.000000  0.000000 )
(  -0.034881  0.000000   0.169190  0.000000  -0.023139  0.000000 )
(  -0.000051  0.000000   0.108824  0.000000   0.046299  0.000000 )
(   0.034812  0.000000   0.169171  0.000000  -0.023160  0.000000 )
(   0.000051  0.000000  -0.108824  0.000000  -0.046299  0.000000 )
(  -0.034812  0.000000  -0.169171  0.000000   0.023160  0.000000 )
(   0.034881  0.000000  -0.169190  0.000000   0.023139  0.000000 )
   freq (   12) =    29.22837712 [THz] =   974.95357741 [cm-1]
(   0.000000  0.000000   0.000000  0.000000  -0.000000  0.000000 )
(  -0.000000  0.000000  -0.000000  0.000000  -0.601855  0.000000 )
(  -0.000000  0.000000   0.000000  0.000000   0.601855  0.000000 )
(  -0.000000  0.000000   0.000000  0.000000  -0.084608  0.000000 )
(   0.000000  0.000000  -0.000000  0.000000   0.084608  0.000000 )
(  -0.086230  0.000000  -0.049785  0.000000  -0.183366  0.000000 )
(  -0.000000  0.000000   0.099570  0.000000  -0.183366  0.000000 )
(   0.086230  0.000000  -0.049785  0.000000  -0.183366  0.000000 )
(  -0.000000  0.000000  -0.099570  0.000000   0.183366  0.000000 )
(  -0.086230  0.000000   0.049785  0.000000   0.183366  0.000000 )
(   0.086230  0.000000   0.049785  0.000000   0.183366  0.000000 )
   freq (   13) =    29.83512174 [THz] =   995.19239635 [cm-1]
(  -0.001151  0.000000   0.000000  0.000000  -0.000000  0.000000 )
(   0.240581  0.000000  -0.000000  0.000000  -0.000000  0.000000 )
(   0.240581  0.000000  -0.000000  0.000000   0.000000  0.000000 )
(  -0.453435  0.000000   0.000000  0.000000  -0.000000  0.000000 )
(  -0.453435  0.000000   0.000000  0.000000  -0.000000  0.000000 )
(   0.078777  0.000000  -0.032214  0.000000   0.319312  0.000000 )
(   0.134573  0.000000  -0.000000  0.000000   0.000000  0.000000 )
(   0.078777  0.000000   0.032214  0.000000  -0.319312  0.000000 )
(   0.134573  0.000000  -0.000000  0.000000   0.000000  0.000000 )
(   0.078777  0.000000   0.032214  0.000000  -0.319312  0.000000 )
(   0.078777  0.000000  -0.032214  0.000000   0.319312  0.000000 )
   freq (   14) =    29.83512174 [THz] =   995.19239635 [cm-1]
(  -0.000000  0.000000  -0.001151  0.000000   0.000000  0.000000 )
(   0.000000  0.000000   0.240581  0.000000  -0.000000  0.000000 )
(   0.000000  0.000000   0.240581  0.000000  -0.000000  0.000000 )
(  -0.000000  0.000000  -0.453435  0.000000  -0.000000  0.000000 )
(  -0.000000  0.000000  -0.453435  0.000000  -0.000000  0.000000 )
(  -0.032214  0.000000   0.115974  0.000000   0.184355  0.000000 )
(   0.000000  0.000000   0.060179  0.000000  -0.368710  0.000000 )
(   0.032214  0.000000   0.115974  0.000000   0.184355  0.000000 )
(   0.000000  0.000000   0.060179  0.000000  -0.368710  0.000000 )
(   0.032214  0.000000   0.115974  0.000000   0.184355  0.000000 )
(  -0.032214  0.000000   0.115974  0.000000   0.184355  0.000000 )
   freq (   15) =    31.64944907 [THz] =  1055.71183337 [cm-1]
(  -0.000000  0.000000   0.000000  0.000000  -0.000000  0.000000 )
(   0.154510  0.000000  -0.000025  0.000000  -0.000000  0.000000 )
(  -0.154510  0.000000   0.000025  0.000000   0.000000  0.000000 )
(   0.386419  0.000000  -0.000062  0.000000  -0.000000  0.000000 )
(  -0.386419  0.000000   0.000062  0.000000   0.000000  0.000000 )
(   0.187440  0.000000  -0.002006  0.000000   0.331710  0.000000 )
(   0.190861  0.000000  -0.000030  0.000000   0.000061  0.000000 )
(   0.187439  0.000000   0.001945  0.000000  -0.331772  0.000000 )
(  -0.190861  0.000000   0.000030  0.000000  -0.000061  0.000000 )
(  -0.187439  0.000000  -0.001945  0.000000   0.331772  0.000000 )
(  -0.187440  0.000000   0.002006  0.000000  -0.331710  0.000000 )
   freq (   16) =    31.64944907 [THz] =  1055.71183337 [cm-1]
(  -0.000000  0.000000   0.000000  0.000000  -0.000000  0.000000 )
(  -0.000025  0.000000  -0.154510  0.000000  -0.000000  0.000000 )
(   0.000025  0.000000   0.154510  0.000000   0.000000  0.000000 )
(  -0.000062  0.000000  -0.386419  0.000000  -0.000000  0.000000 )
(   0.000062  0.000000   0.386419  0.000000   0.000000  0.000000 )
(   0.001946  0.000000  -0.189720  0.000000  -0.191584  0.000000 )
(  -0.000030  0.000000  -0.186299  0.000000   0.383062  0.000000 )
(  -0.002005  0.000000  -0.189721  0.000000  -0.191478  0.000000 )
(   0.000030  0.000000   0.186299  0.000000  -0.383062  0.000000 )
(   0.002005  0.000000   0.189721  0.000000   0.191478  0.000000 )
(  -0.001946  0.000000   0.189720  0.000000   0.191584  0.000000 )
   freq (   17) =    32.56054607 [THz] =  1086.10275340 [cm-1]
(   0.000000  0.000000   0.000000  0.000000  -0.000000  0.000000 )
(  -0.000000  0.000000  -0.000000  0.000000   0.000000  0.000000 )
(  -0.000000  0.000000  -0.000000  0.000000  -0.000000  0.000000 )
(   0.000000  0.000000   0.000000  0.000000   0.000000  0.000000 )
(   0.000000  0.000000   0.000000  0.000000   0.000000  0.000000 )
(   0.204124  0.000000  -0.353553  0.000000   0.000000  0.000000 )
(  -0.408248  0.000000   0.000000  0.000000  -0.000000  0.000000 )
(   0.204124  0.000000   0.353553  0.000000  -0.000000  0.000000 )
(  -0.408248  0.000000   0.000000  0.000000   0.000000  0.000000 )
(   0.204124  0.000000   0.353553  0.000000  -0.000000  0.000000 )
(   0.204124  0.000000  -0.353553  0.000000   0.000000  0.000000 )
   freq (   18) =    33.56775065 [THz] =  1119.69947707 [cm-1]
(   0.006487  0.000000  -0.000000  0.000000   0.000000  0.000000 )
(   0.462077  0.000000   0.000000  0.000000   0.000000  0.000000 )
(   0.462077  0.000000  -0.000000  0.000000   0.000000  0.000000 )
(  -0.075175  0.000000   0.000000  0.000000  -0.000000  0.000000 )
(  -0.075175  0.000000   0.000000  0.000000  -0.000000  0.000000 )
(  -0.321470  0.000000  -0.075382  0.000000  -0.114711  0.000000 )
(  -0.190904  0.000000   0.000000  0.000000  -0.000000  0.000000 )
(  -0.321470  0.000000   0.075382  0.000000   0.114711  0.000000 )
(  -0.190904  0.000000  -0.000000  0.000000  -0.000000  0.000000 )
(  -0.321470  0.000000   0.075382  0.000000   0.114711  0.000000 )
(  -0.321470  0.000000  -0.075382  0.000000  -0.114711  0.000000 )
   freq (   19) =    33.56775065 [THz] =  1119.69947708 [cm-1]
(  -0.000000  0.000000  -0.006487  0.000000  -0.000000  0.000000 )
(   0.000000  0.000000  -0.462077  0.000000   0.000000  0.000000 )
(  -0.000000  0.000000  -0.462077  0.000000   0.000000  0.000000 )
(   0.000000  0.000000   0.075175  0.000000   0.000000  0.000000 )
(   0.000000  0.000000   0.075175  0.000000   0.000000  0.000000 )
(   0.075382  0.000000   0.234426  0.000000   0.066228  0.000000 )
(  -0.000000  0.000000   0.364992  0.000000  -0.132456  0.000000 )
(  -0.075382  0.000000   0.234426  0.000000   0.066228  0.000000 )
(   0.000000  0.000000   0.364992  0.000000  -0.132456  0.000000 )
(  -0.075382  0.000000   0.234426  0.000000   0.066228  0.000000 )
(   0.075382  0.000000   0.234426  0.000000   0.066228  0.000000 )
   freq (   20) =    33.58954211 [THz] =  1120.42636174 [cm-1]
(  -0.000000  0.000000   0.000000  0.000000  -0.000000  0.000000 )
(   0.000000  0.000000   0.000000  0.000000   0.000000  0.000000 )
(  -0.000000  0.000000   0.000000  0.000000  -0.000000  0.000000 )
(  -0.000000  0.000000  -0.000000  0.000000   0.000000  0.000000 )
(   0.000000  0.000000  -0.000000  0.000000  -0.000000  0.000000 )
(   0.204124  0.000000  -0.353553  0.000000   0.000000  0.000000 )
(  -0.408248  0.000000  -0.000000  0.000000   0.000000  0.000000 )
(   0.204124  0.000000   0.353553  0.000000  -0.000000  0.000000 )
(   0.408248  0.000000  -0.000000  0.000000   0.000000  0.000000 )
(  -0.204124  0.000000  -0.353553  0.000000   0.000000  0.000000 )
(  -0.204124  0.000000   0.353553  0.000000  -0.000000  0.000000 )
   freq (   21) =    35.20712487 [THz] =  1174.38310725 [cm-1]
(  -0.002029  0.000000   0.000000  0.000000  -0.000000  0.000000 )
(  -0.028312  0.000000   0.000000  0.000000  -0.000000  0.000000 )
(  -0.028312  0.000000   0.000000  0.000000  -0.000000  0.000000 )
(  -0.315904  0.000000   0.000000  0.000000  -0.000000  0.000000 )
(  -0.315904  0.000000   0.000000  0.000000  -0.000000  0.000000 )
(   0.063783  0.000000  -0.168980  0.000000  -0.321783  0.000000 )
(   0.356465  0.000000   0.000000  0.000000  -0.000000  0.000000 )
(   0.063783  0.000000   0.168980  0.000000   0.321783  0.000000 )
(   0.356465  0.000000   0.000000  0.000000  -0.000000  0.000000 )
(   0.063783  0.000000   0.168980  0.000000   0.321783  0.000000 )
(   0.063783  0.000000  -0.168980  0.000000  -0.321783  0.000000 )
   freq (   22) =    35.20712487 [THz] =  1174.38310725 [cm-1]
(   0.000000  0.000000   0.002029  0.000000  -0.000000  0.000000 )
(   0.000000  0.000000   0.028312  0.000000   0.000000  0.000000 )
(   0.000000  0.000000   0.028312  0.000000   0.000000  0.000000 )
(   0.000000  0.000000   0.315904  0.000000  -0.000000  0.000000 )
(   0.000000  0.000000   0.315904  0.000000  -0.000000  0.000000 )
(   0.168980  0.000000  -0.258904  0.000000   0.185782  0.000000 )
(  -0.000000  0.000000   0.033778  0.000000  -0.371563  0.000000 )
(  -0.168980  0.000000  -0.258904  0.000000   0.185782  0.000000 )
(  -0.000000  0.000000   0.033778  0.000000  -0.371563  0.000000 )
(  -0.168980  0.000000  -0.258904  0.000000   0.185782  0.000000 )
(   0.168980  0.000000  -0.258904  0.000000   0.185782  0.000000 )
   freq (   23) =    36.13660073 [THz] =  1205.38707998 [cm-1]
(  -0.000000  0.000000   0.000000  0.000000   0.000454  0.000000 )
(  -0.000000  0.000000   0.000000  0.000000   0.616226  0.000000 )
(  -0.000000  0.000000   0.000000  0.000000   0.616226  0.000000 )
(   0.000000  0.000000  -0.000000  0.000000  -0.243596  0.000000 )
(   0.000000  0.000000  -0.000000  0.000000  -0.243596  0.000000 )
(   0.040474  0.000000   0.023367  0.000000  -0.134628  0.000000 )
(   0.000000  0.000000  -0.046735  0.000000  -0.134628  0.000000 )
(  -0.040474  0.000000   0.023367  0.000000  -0.134628  0.000000 )
(   0.000000  0.000000  -0.046735  0.000000  -0.134628  0.000000 )
(  -0.040474  0.000000   0.023367  0.000000  -0.134628  0.000000 )
(   0.040474  0.000000   0.023367  0.000000  -0.134628  0.000000 )
   freq (   24) =    41.71114146 [THz] =  1391.33371697 [cm-1]
(   0.000000  0.000000   0.000000  0.000000   0.000000  0.000000 )
(   0.064690  0.000000   0.000006  0.000000   0.000000  0.000000 )
(  -0.064690  0.000000  -0.000006  0.000000   0.000000  0.000000 )
(   0.359861  0.000000   0.000032  0.000000   0.000000  0.000000 )
(  -0.359861  0.000000  -0.000032  0.000000  -0.000000  0.000000 )
(  -0.004902  0.000000  -0.185529  0.000000  -0.314057  0.000000 )
(   0.316493  0.000000  -0.000010  0.000000   0.000032  0.000000 )
(  -0.004869  0.000000   0.185567  0.000000   0.314024  0.000000 )
(  -0.316493  0.000000   0.000010  0.000000  -0.000032  0.000000 )
(   0.004869  0.000000  -0.185567  0.000000  -0.314024  0.000000 )
(   0.004902  0.000000   0.185529  0.000000   0.314057  0.000000 )
   freq (   25) =    41.71114146 [THz] =  1391.33371697 [cm-1]
(   0.000000  0.000000  -0.000000  0.000000   0.000000  0.000000 )
(  -0.000006  0.000000   0.064690  0.000000   0.000000  0.000000 )
(   0.000006  0.000000  -0.064690  0.000000  -0.000000  0.000000 )
(  -0.000032  0.000000   0.359861  0.000000  -0.000000  0.000000 )
(   0.000032  0.000000  -0.359861  0.000000   0.000000  0.000000 )
(  -0.185548  0.000000   0.209384  0.000000  -0.181283  0.000000 )
(  -0.000028  0.000000  -0.112012  0.000000   0.362623  0.000000 )
(   0.185549  0.000000   0.209351  0.000000  -0.181340  0.000000 )
(   0.000028  0.000000   0.112012  0.000000  -0.362623  0.000000 )
(  -0.185549  0.000000  -0.209351  0.000000   0.181340  0.000000 )
(   0.185548  0.000000  -0.209384  0.000000   0.181283  0.000000 )
   freq (   26) =    43.25464904 [THz] =  1442.81958061 [cm-1]
(   0.000000  0.000000  -0.000000  0.000000  -0.002483  0.000000 )
(   0.000000  0.000000   0.000000  0.000000  -0.002463  0.000000 )
(  -0.000000  0.000000   0.000000  0.000000  -0.002463  0.000000 )
(  -0.000000  0.000000   0.000000  0.000000  -0.485637  0.000000 )
(  -0.000000  0.000000   0.000000  0.000000  -0.485637  0.000000 )
(  -0.172707  0.000000  -0.099712  0.000000   0.219725  0.000000 )
(  -0.000000  0.000000   0.199424  0.000000   0.219725  0.000000 )
(   0.172707  0.000000  -0.099712  0.000000   0.219725  0.000000 )
(  -0.000000  0.000000   0.199424  0.000000   0.219725  0.000000 )
(   0.172707  0.000000  -0.099712  0.000000   0.219725  0.000000 )
(  -0.172707  0.000000  -0.099712  0.000000   0.219725  0.000000 )
   freq (   27) =    44.21341183 [THz] =  1474.80046016 [cm-1]
(   0.000000  0.000000   0.000000  0.000000   0.000000  0.000000 )
(   0.307282  0.000000  -0.000195  0.000000   0.000000  0.000000 )
(  -0.307282  0.000000   0.000195  0.000000  -0.000000  0.000000 )
(   0.278431  0.000000  -0.000177  0.000000  -0.000000  0.000000 )
(  -0.278431  0.000000   0.000177  0.000000   0.000000  0.000000 )
(   0.054448  0.000000   0.253286  0.000000  -0.152596  0.000000 )
(  -0.383835  0.000000  -0.000127  0.000000  -0.000112  0.000000 )
(   0.054769  0.000000  -0.252984  0.000000   0.152708  0.000000 )
(   0.383835  0.000000   0.000127  0.000000   0.000112  0.000000 )
(  -0.054769  0.000000   0.252984  0.000000  -0.152708  0.000000 )
(  -0.054448  0.000000  -0.253286  0.000000   0.152596  0.000000 )
   freq (   28) =    44.21341183 [THz] =  1474.80046016 [cm-1]
(   0.000000  0.000000  -0.000000  0.000000  -0.000000  0.000000 )
(   0.000195  0.000000   0.307282  0.000000  -0.000000  0.000000 )
(  -0.000195  0.000000  -0.307282  0.000000   0.000000  0.000000 )
(   0.000177  0.000000   0.278431  0.000000   0.000000  0.000000 )
(  -0.000177  0.000000  -0.278431  0.000000  -0.000000  0.000000 )
(   0.253170  0.000000  -0.237526  0.000000  -0.088230  0.000000 )
(  -0.000244  0.000000   0.200756  0.000000   0.176267  0.000000 )
(  -0.253101  0.000000  -0.237848  0.000000  -0.088037  0.000000 )
(   0.000244  0.000000  -0.200756  0.000000  -0.176267  0.000000 )
(   0.253101  0.000000   0.237848  0.000000   0.088037  0.000000 )
(  -0.253170  0.000000   0.237526  0.000000   0.088230  0.000000 )
   freq (   29) =    44.72371063 [THz] =  1491.82219356 [cm-1]
(   0.000000  0.000000  -0.000000  0.000000  -0.000000  0.000000 )
(   0.000000  0.000000  -0.000000  0.000000  -0.363091  0.000000 )
(  -0.000000  0.000000   0.000000  0.000000   0.363091  0.000000 )
(   0.000000  0.000000  -0.000000  0.000000   0.268102  0.000000 )
(  -0.000000  0.000000   0.000000  0.000000  -0.268102  0.000000 )
(   0.151822  0.000000   0.087655  0.000000   0.260823  0.000000 )
(  -0.000000  0.000000  -0.175309  0.000000   0.260823  0.000000 )
(  -0.151822  0.000000   0.087655  0.000000   0.260823  0.000000 )
(   0.000000  0.000000   0.175309  0.000000  -0.260823  0.000000 )
(   0.151822  0.000000  -0.087655  0.000000  -0.260823  0.000000 )
(  -0.151822  0.000000  -0.087655  0.000000  -0.260823  0.000000 )
   freq (   30) =    45.00442320 [THz] =  1501.18575579 [cm-1]
(  -0.006875  0.000000  -0.000000  0.000000  -0.000000  0.000000 )
(   0.021310  0.000000   0.000000  0.000000   0.000000  0.000000 )
(   0.021310  0.000000   0.000000  0.000000  -0.000000  0.000000 )
(   0.342706  0.000000   0.000000  0.000000  -0.000000  0.000000 )
(   0.342706  0.000000   0.000000  0.000000  -0.000000  0.000000 )
(  -0.128475  0.000000  -0.285847  0.000000   0.160048  0.000000 )
(   0.366627  0.000000  -0.000000  0.000000   0.000000  0.000000 )
(  -0.128475  0.000000   0.285847  0.000000  -0.160048  0.000000 )
(   0.366627  0.000000  -0.000000  0.000000   0.000000  0.000000 )
(  -0.128475  0.000000   0.285847  0.000000  -0.160048  0.000000 )
(  -0.128475  0.000000  -0.285847  0.000000   0.160048  0.000000 )
   freq (   31) =    45.00442320 [THz] =  1501.18575579 [cm-1]
(   0.000000  0.000000  -0.006875  0.000000   0.000000  0.000000 )
(   0.000000  0.000000   0.021310  0.000000   0.000000  0.000000 )
(  -0.000000  0.000000   0.021310  0.000000   0.000000  0.000000 )
(  -0.000000  0.000000   0.342706  0.000000   0.000000  0.000000 )
(  -0.000000  0.000000   0.342706  0.000000   0.000000  0.000000 )
(  -0.285847  0.000000   0.201593  0.000000   0.092404  0.000000 )
(  -0.000000  0.000000  -0.293509  0.000000  -0.184807  0.000000 )
(   0.285847  0.000000   0.201593  0.000000   0.092404  0.000000 )
(  -0.000000  0.000000  -0.293509  0.000000  -0.184807  0.000000 )
(   0.285847  0.000000   0.201593  0.000000   0.092404  0.000000 )
(  -0.285847  0.000000   0.201593  0.000000   0.092404  0.000000 )
   freq (   32) =    46.26806165 [THz] =  1543.33619123 [cm-1]
(   0.000000  0.000000  -0.000000  0.000000  -0.005426  0.000000 )
(  -0.000000  0.000000   0.000000  0.000000  -0.022455  0.000000 )
(   0.000000  0.000000   0.000000  0.000000  -0.022455  0.000000 )
(  -0.000000  0.000000   0.000000  0.000000  -0.170361  0.000000 )
(  -0.000000  0.000000   0.000000  0.000000  -0.170361  0.000000 )
(   0.301421  0.000000   0.174025  0.000000   0.188892  0.000000 )
(  -0.000000  0.000000  -0.348051  0.000000   0.188892  0.000000 )
(  -0.301421  0.000000   0.174025  0.000000   0.188892  0.000000 )
(  -0.000000  0.000000  -0.348051  0.000000   0.188892  0.000000 )
(  -0.301421  0.000000   0.174025  0.000000   0.188892  0.000000 )
(   0.301421  0.000000   0.174025  0.000000   0.188892  0.000000 )
   freq (   33) =    61.63237383 [THz] =  2055.83440700 [cm-1]
(  -0.000000  0.000000  -0.000000  0.000000  -0.000000  0.000000 )
(   0.000000  0.000000  -0.000000  0.000000  -0.016904  0.000000 )
(  -0.000000  0.000000   0.000000  0.000000   0.016904  0.000000 )
(   0.000000  0.000000  -0.000000  0.000000  -0.366854  0.000000 )
(  -0.000000  0.000000   0.000000  0.000000   0.366854  0.000000 )
(   0.287949  0.000000   0.166248  0.000000  -0.105630  0.000000 )
(   0.000000  0.000000  -0.332495  0.000000  -0.105630  0.000000 )
(  -0.287949  0.000000   0.166248  0.000000  -0.105630  0.000000 )
(  -0.000000  0.000000   0.332495  0.000000   0.105630  0.000000 )
(   0.287949  0.000000  -0.166248  0.000000   0.105630  0.000000 )
(  -0.287949  0.000000  -0.166248  0.000000   0.105630  0.000000 )
***************************************************************************
