Dynamical matrix file
File generated with the CellConstructor by Lorenzo Monacelli
2 11 0     1.8897259890000000     0.0000000000000000     0.0000000000000000     0.0000000000000000     0.0000000000000000     0.0000000000000000
Basis vectors
    1.8094346549500144    -1.0446775851163712     2.9557725580731149
   -0.0000000000000026     2.0893551702327393     2.9557725580731198
   -1.8094346549500149    -1.0446775851163737     2.9557725580731149
	1  'La '  126604.5951757480361266
	2  'H '    918.7358275894680446
    1     1     0.0000000000000002    -0.0000000000000011     4.4336588814288449
    2     2    -0.0000000000000003    -0.0000000000000020     2.2174947628419788
    3     2     0.0000000000000003     0.0000000000000020    -2.2174947628419788
    4     2    -0.0000000000000002    -0.0000000000000004     1.0703234498771703
    5     2     0.0000000000000002     0.0000000000000004    -1.0703234498771703
    6     2     0.9371370346557675     0.5410563186551236     6.2675218600703895
    7     2     0.0000000000000018    -1.0821126373102592     6.2675218600703868
    8     2    -0.9371370346557722     0.5410563186551217     6.2675218600703904
    9     2    -0.0000000000000015     1.0821126373102565     2.5997958990940409
   10     2     0.9371370346557729    -0.5410563186551287     2.5997958990940413
   11     2    -0.9371370346557705    -0.5410563186551302     2.5997958990940413

     Dynamical Matrix in cartesian axes

     q = (     0.000000000000     0.000000000000     0.000000000000 )

    1    1
     0.5673030638792994     0.0000000000000000        0.0000000000000001     0.0000000000000000        0.0000000000000004     0.0000000000000000
     0.0000000000000001     0.0000000000000000        0.5673030638793628     0.0000000000000000       -0.0000000000000004     0.0000000000000000
     0.0000000000000003     0.0000000000000000       -0.0000000000000004     0.0000000000000000        0.5653517846876576     0.0000000000000000
    1    2
    -0.0368786220712564     0.0000000000000000       -0.0000000000000000     0.0000000000000000       -0.0000000000000000     0.0000000000000000
    -0.0000000000000000     0.0000000000000000       -0.0368786220712605     0.0000000000000000        0.0000000000000000     0.0000000000000000
    -0.0000000000000000     0.0000000000000000        0.0000000000000000     0.0000000000000000       -0.0364194267007399     0.0000000000000000
    1    3
    -0.0368786220712564     0.0000000000000000        0.0000000000000000     0.0000000000000000       -0.0000000000000000     0.0000000000000000
    -0.0000000000000000     0.0000000000000000       -0.0368786220712605     0.0000000000000000        0.0000000000000000     0.0000000000000000
    -0.0000000000000000     0.0000000000000000        0.0000000000000000     0.0000000000000000       -0.0364194267007399     0.0000000000000000
    1    4
    -0.0836707800888656     0.0000000000000000       -0.0000000000000000     0.0000000000000000       -0.0000000000000000     0.0000000000000000
    -0.0000000000000000     0.0000000000000000       -0.0836707800888749     0.0000000000000000       -0.0000000000000000     0.0000000000000000
    -0.0000000000000000     0.0000000000000000       -0.0000000000000000     0.0000000000000000       -0.0194367320604712     0.0000000000000000
    1    5
    -0.0836707800888656     0.0000000000000000       -0.0000000000000000     0.0000000000000000       -0.0000000000000000     0.0000000000000000
    -0.0000000000000000     0.0000000000000000       -0.0836707800888749     0.0000000000000000       -0.0000000000000000     0.0000000000000000
    -0.0000000000000000     0.0000000000000000       -0.0000000000000000     0.0000000000000000       -0.0194367320604712     0.0000000000000000
    1    6
    -0.0396668676995854     0.0000000000000000        0.0254620283008185     0.0000000000000000       -0.0176413523769452     0.0000000000000000
     0.0254620283008185     0.0000000000000000       -0.0690678854867741     0.0000000000000000       -0.0101852395436989     0.0000000000000000
    -0.0178345299492306     0.0000000000000000       -0.0102967706670593     0.0000000000000000       -0.0756065778608726     0.0000000000000000
    1    7
    -0.0837683943803571     0.0000000000000000       -0.0000000000000001     0.0000000000000000       -0.0000000000000000     0.0000000000000000
    -0.0000000000000000     0.0000000000000000       -0.0249663588059976     0.0000000000000000        0.0203704790873980     0.0000000000000000
    -0.0000000000000000     0.0000000000000000        0.0205935413341187     0.0000000000000000       -0.0756065778608725     0.0000000000000000
    1    8
    -0.0396668676995853     0.0000000000000000       -0.0254620283008185     0.0000000000000000        0.0176413523769452     0.0000000000000000
    -0.0254620283008185     0.0000000000000000       -0.0690678854867742     0.0000000000000000       -0.0101852395436989     0.0000000000000000
     0.0178345299492306     0.0000000000000000       -0.0102967706670592     0.0000000000000000       -0.0756065778608726     0.0000000000000000
    1    9
    -0.0837683943803571     0.0000000000000000       -0.0000000000000001     0.0000000000000000       -0.0000000000000000     0.0000000000000000
    -0.0000000000000000     0.0000000000000000       -0.0249663588059976     0.0000000000000000        0.0203704790873980     0.0000000000000000
    -0.0000000000000000     0.0000000000000000        0.0205935413341187     0.0000000000000000       -0.0756065778608725     0.0000000000000000
    1   10
    -0.0396668676995853     0.0000000000000000       -0.0254620283008185     0.0000000000000000        0.0176413523769452     0.0000000000000000
    -0.0254620283008185     0.0000000000000000       -0.0690678854867742     0.0000000000000000       -0.0101852395436989     0.0000000000000000
     0.0178345299492306     0.0000000000000000       -0.0102967706670593     0.0000000000000000       -0.0756065778608726     0.0000000000000000
    1   11
    -0.0396668676995854     0.0000000000000000        0.0254620283008185     0.0000000000000000       -0.0176413523769452     0.0000000000000000
     0.0254620283008185     0.0000000000000000       -0.0690678854867741     0.0000000000000000       -0.0101852395436989     0.0000000000000000
    -0.0178345299492306     0.0000000000000000       -0.0102967706670592     0.0000000000000000       -0.0756065778608726     0.0000000000000000
    2    1
    -0.0368786220712564     0.0000000000000000       -0.0000000000000000     0.0000000000000000       -0.0000000000000000     0.0000000000000000
    -0.0000000000000000     0.0000000000000000       -0.0368786220712605     0.0000000000000000        0.0000000000000000     0.0000000000000000
    -0.0000000000000000     0.0000000000000000        0.0000000000000000     0.0000000000000000       -0.0364194267007399     0.0000000000000000
    2    2
     0.0864076155606413     0.0000000000000000       -0.0000000000000000     0.0000000000000000        0.0000000000000000     0.0000000000000000
     0.0000000000000000     0.0000000000000000        0.0864076155606509     0.0000000000000000       -0.0000000000000001     0.0000000000000000
     0.0000000000000000     0.0000000000000000       -0.0000000000000000     0.0000000000000000        0.0856052559317115     0.0000000000000000
    2    3
    -0.0041937376299926     0.0000000000000000       -0.0000000000000000     0.0000000000000000       -0.0000000000000000     0.0000000000000000
    -0.0000000000000000     0.0000000000000000       -0.0041937376299931     0.0000000000000000        0.0000000000000000     0.0000000000000000
    -0.0000000000000000     0.0000000000000000        0.0000000000000000     0.0000000000000000       -0.0040436056054761     0.0000000000000000
    2    4
     0.0078992733828608     0.0000000000000000        0.0000000000000000     0.0000000000000000        0.0000000000000000     0.0000000000000000
     0.0000000000000000     0.0000000000000000        0.0078992733828617     0.0000000000000000        0.0000000000000000     0.0000000000000000
    -0.0000000000000000     0.0000000000000000        0.0000000000000000     0.0000000000000000       -0.0304003136292471     0.0000000000000000
    2    5
    -0.0093209052989883     0.0000000000000000       -0.0000000000000000     0.0000000000000000       -0.0000000000000000     0.0000000000000000
     0.0000000000000000     0.0000000000000000       -0.0093209052989893     0.0000000000000000       -0.0000000000000000     0.0000000000000000
    -0.0000000000000000     0.0000000000000000       -0.0000000000000000     0.0000000000000000        0.0012233034119252     0.0000000000000000
    2    6
    -0.0032470975833121     0.0000000000000000        0.0035764236347061     0.0000000000000000       -0.0022800394527968     0.0000000000000000
     0.0035764236347061     0.0000000000000000       -0.0073767958797801     0.0000000000000000       -0.0013163813918353     0.0000000000000000
    -0.0017508726654396     0.0000000000000000       -0.0010108668047084     0.0000000000000000       -0.0087345231430827     0.0000000000000000
    2    7
    -0.0094416450280129     0.0000000000000000       -0.0000000000000000     0.0000000000000000       -0.0000000000000000     0.0000000000000000
    -0.0000000000000000     0.0000000000000000       -0.0011822484350787     0.0000000000000000        0.0026327627836706     0.0000000000000000
    -0.0000000000000000     0.0000000000000000        0.0020217336094168     0.0000000000000000       -0.0087345231430827     0.0000000000000000
    2    8
    -0.0032470975833121     0.0000000000000000       -0.0035764236347061     0.0000000000000000        0.0022800394527968     0.0000000000000000
    -0.0035764236347061     0.0000000000000000       -0.0073767958797802     0.0000000000000000       -0.0013163813918353     0.0000000000000000
     0.0017508726654396     0.0000000000000000       -0.0010108668047084     0.0000000000000000       -0.0087345231430827     0.0000000000000000
    2    9
     0.0073004613288124     0.0000000000000000        0.0000000000000000     0.0000000000000000        0.0000000000000000     0.0000000000000000
     0.0000000000000000     0.0000000000000000       -0.0259523171612335     0.0000000000000000       -0.0122400586951085     0.0000000000000000
     0.0000000000000000     0.0000000000000000       -0.0115400158651189     0.0000000000000000        0.0034127853403582     0.0000000000000000
    2   10
    -0.0176391225387199     0.0000000000000000        0.0143988754593978     0.0000000000000000       -0.0106002017737760     0.0000000000000000
     0.0143988754593978     0.0000000000000000       -0.0010127332936985     0.0000000000000000        0.0061200293475542     0.0000000000000000
    -0.0099939468992678     0.0000000000000000        0.0057700079325594     0.0000000000000000        0.0034127853403582     0.0000000000000000
    2   11
    -0.0176391225387199     0.0000000000000000       -0.0143988754593978     0.0000000000000000        0.0106002017737760     0.0000000000000000
    -0.0143988754593978     0.0000000000000000       -0.0010127332936985     0.0000000000000000        0.0061200293475543     0.0000000000000000
     0.0099939468992678     0.0000000000000000        0.0057700079325594     0.0000000000000000        0.0034127853403582     0.0000000000000000
    3    1
    -0.0368786220712564     0.0000000000000000        0.0000000000000000     0.0000000000000000       -0.0000000000000000     0.0000000000000000
    -0.0000000000000000     0.0000000000000000       -0.0368786220712605     0.0000000000000000        0.0000000000000000     0.0000000000000000
    -0.0000000000000000     0.0000000000000000        0.0000000000000000     0.0000000000000000       -0.0364194267007399     0.0000000000000000
    3    2
    -0.0041937376299926     0.0000000000000000       -0.0000000000000000     0.0000000000000000       -0.0000000000000000     0.0000000000000000
     0.0000000000000000     0.0000000000000000       -0.0041937376299931     0.0000000000000000        0.0000000000000000     0.0000000000000000
    -0.0000000000000000     0.0000000000000000        0.0000000000000000     0.0000000000000000       -0.0040436056054761     0.0000000000000000
    3    3
     0.0864076155606413     0.0000000000000000       -0.0000000000000000     0.0000000000000000        0.0000000000000000     0.0000000000000000
     0.0000000000000000     0.0000000000000000        0.0864076155606509     0.0000000000000000       -0.0000000000000001     0.0000000000000000
     0.0000000000000000     0.0000000000000000       -0.0000000000000000     0.0000000000000000        0.0856052559317115     0.0000000000000000
    3    4
    -0.0093209052989883     0.0000000000000000       -0.0000000000000000     0.0000000000000000       -0.0000000000000000     0.0000000000000000
     0.0000000000000000     0.0000000000000000       -0.0093209052989893     0.0000000000000000       -0.0000000000000000     0.0000000000000000
    -0.0000000000000000     0.0000000000000000       -0.0000000000000000     0.0000000000000000        0.0012233034119252     0.0000000000000000
    3    5
     0.0078992733828608     0.0000000000000000        0.0000000000000000     0.0000000000000000        0.0000000000000000     0.0000000000000000
    -0.0000000000000000     0.0000000000000000        0.0078992733828617     0.0000000000000000        0.0000000000000000     0.0000000000000000
    -0.0000000000000000     0.0000000000000000        0.0000000000000000     0.0000000000000000       -0.0304003136292471     0.0000000000000000
    3    6
    -0.0176391225387199     0.0000000000000000       -0.0143988754593978     0.0000000000000000        0.0106002017737760     0.0000000000000000
    -0.0143988754593978     0.0000000000000000       -0.0010127332936985     0.0000000000000000        0.0061200293475543     0.0000000000000000
     0.0099939468992678     0.0000000000000000        0.0057700079325594     0.0000000000000000        0.0034127853403582     0.0000000000000000
    3    7
     0.0073004613288124     0.0000000000000000        0.0000000000000000     0.0000000000000000        0.0000000000000000     0.0000000000000000
     0.0000000000000000     0.0000000000000000       -0.0259523171612335     0.0000000000000000       -0.0122400586951085     0.0000000000000000
     0.0000000000000000     0.0000000000000000       -0.0115400158651189     0.0000000000000000        0.0034127853403582     0.0000000000000000
    3    8
    -0.0176391225387199     0.0000000000000000        0.0143988754593978     0.0000000000000000       -0.0106002017737760     0.0000000000000000
     0.0143988754593978     0.0000000000000000       -0.0010127332936985     0.0000000000000000        0.0061200293475542     0.0000000000000000
    -0.0099939468992678     0.0000000000000000        0.0057700079325594     0.0000000000000000        0.0034127853403582     0.0000000000000000
    3    9
    -0.0094416450280129     0.0000000000000000       -0.0000000000000000     0.0000000000000000       -0.0000000000000000     0.0000000000000000
    -0.0000000000000000     0.0000000000000000       -0.0011822484350787     0.0000000000000000        0.0026327627836706     0.0000000000000000
    -0.0000000000000000     0.0000000000000000        0.0020217336094168     0.0000000000000000       -0.0087345231430827     0.0000000000000000
    3   10
    -0.0032470975833121     0.0000000000000000       -0.0035764236347061     0.0000000000000000        0.0022800394527968     0.0000000000000000
    -0.0035764236347061     0.0000000000000000       -0.0073767958797802     0.0000000000000000       -0.0013163813918353     0.0000000000000000
     0.0017508726654396     0.0000000000000000       -0.0010108668047084     0.0000000000000000       -0.0087345231430827     0.0000000000000000
    3   11
    -0.0032470975833121     0.0000000000000000        0.0035764236347061     0.0000000000000000       -0.0022800394527968     0.0000000000000000
     0.0035764236347061     0.0000000000000000       -0.0073767958797801     0.0000000000000000       -0.0013163813918353     0.0000000000000000
    -0.0017508726654396     0.0000000000000000       -0.0010108668047084     0.0000000000000000       -0.0087345231430827     0.0000000000000000
    4    1
    -0.0836707800888656     0.0000000000000000       -0.0000000000000000     0.0000000000000000       -0.0000000000000000     0.0000000000000000
    -0.0000000000000000     0.0000000000000000       -0.0836707800888749     0.0000000000000000       -0.0000000000000000     0.0000000000000000
    -0.0000000000000000     0.0000000000000000       -0.0000000000000000     0.0000000000000000       -0.0194367320604712     0.0000000000000000
    4    2
     0.0078992733828608     0.0000000000000000        0.0000000000000000     0.0000000000000000        0.0000000000000000     0.0000000000000000
     0.0000000000000000     0.0000000000000000        0.0078992733828617     0.0000000000000000        0.0000000000000000     0.0000000000000000
    -0.0000000000000000     0.0000000000000000        0.0000000000000000     0.0000000000000000       -0.0304003136292471     0.0000000000000000
    4    3
    -0.0093209052989883     0.0000000000000000       -0.0000000000000000     0.0000000000000000       -0.0000000000000000     0.0000000000000000
    -0.0000000000000000     0.0000000000000000       -0.0093209052989893     0.0000000000000000       -0.0000000000000000     0.0000000000000000
    -0.0000000000000000     0.0000000000000000       -0.0000000000000000     0.0000000000000000        0.0012233034119252     0.0000000000000000
    4    4
     0.1091583279955186     0.0000000000000000        0.0000000000000000     0.0000000000000000        0.0000000000000001     0.0000000000000000
    -0.0000000000000000     0.0000000000000000        0.1091583279955308     0.0000000000000000       -0.0000000000000001     0.0000000000000000
     0.0000000000000001     0.0000000000000000       -0.0000000000000001     0.0000000000000000        0.1174880908139946     0.0000000000000000
    4    5
    -0.0065995259832049     0.0000000000000000       -0.0000000000000000     0.0000000000000000       -0.0000000000000000     0.0000000000000000
    -0.0000000000000000     0.0000000000000000       -0.0065995259832057     0.0000000000000000        0.0000000000000000     0.0000000000000000
    -0.0000000000000000     0.0000000000000000        0.0000000000000000     0.0000000000000000       -0.0073835211824787     0.0000000000000000
    4    6
    -0.0051904410704411     0.0000000000000000       -0.0063887963858832     0.0000000000000000       -0.0097128688203856     0.0000000000000000
    -0.0063887963858832     0.0000000000000000        0.0021867055559335     0.0000000000000000       -0.0056077274280535     0.0000000000000000
    -0.0189105258595051     0.0000000000000000       -0.0109179971955033     0.0000000000000000        0.0039868237575821     0.0000000000000000
    4    7
     0.0058752788691204     0.0000000000000000        0.0000000000000000     0.0000000000000000       -0.0000000000000000     0.0000000000000000
     0.0000000000000000     0.0000000000000000       -0.0088790143836293     0.0000000000000000        0.0112154548561069     0.0000000000000000
    -0.0000000000000000     0.0000000000000000        0.0218359943910065     0.0000000000000000        0.0039868237575822     0.0000000000000000
    4    8
    -0.0051904410704411     0.0000000000000000        0.0063887963858832     0.0000000000000000        0.0097128688203856     0.0000000000000000
     0.0063887963858832     0.0000000000000000        0.0021867055559335     0.0000000000000000       -0.0056077274280534     0.0000000000000000
     0.0189105258595051     0.0000000000000000       -0.0109179971955033     0.0000000000000000        0.0039868237575821     0.0000000000000000
    4    9
     0.0027770054932421     0.0000000000000000        0.0000000000000000     0.0000000000000000        0.0000000000000000     0.0000000000000000
     0.0000000000000000     0.0000000000000000       -0.0114175299836159     0.0000000000000000       -0.0163619327250624     0.0000000000000000
     0.0000000000000000     0.0000000000000000       -0.0198086005177501     0.0000000000000000       -0.0244837662088231     0.0000000000000000
    4   10
    -0.0078688961144005     0.0000000000000000        0.0061464141589391     0.0000000000000000       -0.0141698493949152     0.0000000000000000
     0.0061464141589391     0.0000000000000000       -0.0007716283759722     0.0000000000000000        0.0081809663625312     0.0000000000000000
    -0.0171547512617882     0.0000000000000000        0.0099043002588751     0.0000000000000000       -0.0244837662088230     0.0000000000000000
    4   11
    -0.0078688961144005     0.0000000000000000       -0.0061464141589391     0.0000000000000000        0.0141698493949152     0.0000000000000000
    -0.0061464141589391     0.0000000000000000       -0.0007716283759722     0.0000000000000000        0.0081809663625313     0.0000000000000000
     0.0171547512617882     0.0000000000000000        0.0099043002588751     0.0000000000000000       -0.0244837662088230     0.0000000000000000
    5    1
    -0.0836707800888656     0.0000000000000000       -0.0000000000000000     0.0000000000000000       -0.0000000000000000     0.0000000000000000
    -0.0000000000000000     0.0000000000000000       -0.0836707800888749     0.0000000000000000       -0.0000000000000000     0.0000000000000000
    -0.0000000000000000     0.0000000000000000       -0.0000000000000000     0.0000000000000000       -0.0194367320604712     0.0000000000000000
    5    2
    -0.0093209052989883     0.0000000000000000        0.0000000000000000     0.0000000000000000       -0.0000000000000000     0.0000000000000000
    -0.0000000000000000     0.0000000000000000       -0.0093209052989893     0.0000000000000000       -0.0000000000000000     0.0000000000000000
    -0.0000000000000000     0.0000000000000000       -0.0000000000000000     0.0000000000000000        0.0012233034119252     0.0000000000000000
    5    3
     0.0078992733828608     0.0000000000000000        0.0000000000000000     0.0000000000000000        0.0000000000000000     0.0000000000000000
    -0.0000000000000000     0.0000000000000000        0.0078992733828617     0.0000000000000000        0.0000000000000000     0.0000000000000000
    -0.0000000000000000     0.0000000000000000        0.0000000000000000     0.0000000000000000       -0.0304003136292471     0.0000000000000000
    5    4
    -0.0065995259832049     0.0000000000000000       -0.0000000000000000     0.0000000000000000       -0.0000000000000000     0.0000000000000000
    -0.0000000000000000     0.0000000000000000       -0.0065995259832057     0.0000000000000000        0.0000000000000000     0.0000000000000000
    -0.0000000000000000     0.0000000000000000        0.0000000000000000     0.0000000000000000       -0.0073835211824787     0.0000000000000000
    5    5
     0.1091583279955186     0.0000000000000000        0.0000000000000000     0.0000000000000000        0.0000000000000001     0.0000000000000000
    -0.0000000000000000     0.0000000000000000        0.1091583279955308     0.0000000000000000       -0.0000000000000001     0.0000000000000000
     0.0000000000000001     0.0000000000000000       -0.0000000000000001     0.0000000000000000        0.1174880908139946     0.0000000000000000
    5    6
    -0.0078688961144005     0.0000000000000000       -0.0061464141589391     0.0000000000000000        0.0141698493949152     0.0000000000000000
    -0.0061464141589391     0.0000000000000000       -0.0007716283759722     0.0000000000000000        0.0081809663625313     0.0000000000000000
     0.0171547512617882     0.0000000000000000        0.0099043002588751     0.0000000000000000       -0.0244837662088230     0.0000000000000000
    5    7
     0.0027770054932421     0.0000000000000000        0.0000000000000000     0.0000000000000000        0.0000000000000000     0.0000000000000000
     0.0000000000000000     0.0000000000000000       -0.0114175299836159     0.0000000000000000       -0.0163619327250624     0.0000000000000000
     0.0000000000000000     0.0000000000000000       -0.0198086005177501     0.0000000000000000       -0.0244837662088231     0.0000000000000000
    5    8
    -0.0078688961144005     0.0000000000000000        0.0061464141589391     0.0000000000000000       -0.0141698493949152     0.0000000000000000
     0.0061464141589391     0.0000000000000000       -0.0007716283759722     0.0000000000000000        0.0081809663625312     0.0000000000000000
    -0.0171547512617882     0.0000000000000000        0.0099043002588751     0.0000000000000000       -0.0244837662088231     0.0000000000000000
    5    9
     0.0058752788691204     0.0000000000000000        0.0000000000000000     0.0000000000000000       -0.0000000000000000     0.0000000000000000
     0.0000000000000000     0.0000000000000000       -0.0088790143836293     0.0000000000000000        0.0112154548561069     0.0000000000000000
    -0.0000000000000000     0.0000000000000000        0.0218359943910065     0.0000000000000000        0.0039868237575822     0.0000000000000000
    5   10
    -0.0051904410704411     0.0000000000000000        0.0063887963858832     0.0000000000000000        0.0097128688203856     0.0000000000000000
     0.0063887963858832     0.0000000000000000        0.0021867055559335     0.0000000000000000       -0.0056077274280534     0.0000000000000000
     0.0189105258595051     0.0000000000000000       -0.0109179971955033     0.0000000000000000        0.0039868237575821     0.0000000000000000
    5   11
    -0.0051904410704411     0.0000000000000000       -0.0063887963858832     0.0000000000000000       -0.0097128688203856     0.0000000000000000
    -0.0063887963858832     0.0000000000000000        0.0021867055559335     0.0000000000000000       -0.0056077274280535     0.0000000000000000
    -0.0189105258595051     0.0000000000000000       -0.0109179971955033     0.0000000000000000        0.0039868237575821     0.0000000000000000
    6    1
    -0.0396668676995854     0.0000000000000000        0.0254620283008185     0.0000000000000000       -0.0178345299492306     0.0000000000000000
     0.0254620283008185     0.0000000000000000       -0.0690678854867741     0.0000000000000000       -0.0102967706670592     0.0000000000000000
    -0.0176413523769452     0.0000000000000000       -0.0101852395436989     0.0000000000000000       -0.0756065778608726     0.0000000000000000
    6    2
    -0.0032470975833121     0.0000000000000000        0.0035764236347061     0.0000000000000000       -0.0017508726654396     0.0000000000000000
     0.0035764236347061     0.0000000000000000       -0.0073767958797802     0.0000000000000000       -0.0010108668047084     0.0000000000000000
    -0.0022800394527968     0.0000000000000000       -0.0013163813918353     0.0000000000000000       -0.0087345231430827     0.0000000000000000
    6    3
    -0.0176391225387199     0.0000000000000000       -0.0143988754593978     0.0000000000000000        0.0099939468992678     0.0000000000000000
    -0.0143988754593978     0.0000000000000000       -0.0010127332936985     0.0000000000000000        0.0057700079325594     0.0000000000000000
     0.0106002017737760     0.0000000000000000        0.0061200293475543     0.0000000000000000        0.0034127853403582     0.0000000000000000
    6    4
    -0.0051904410704411     0.0000000000000000       -0.0063887963858832     0.0000000000000000       -0.0189105258595051     0.0000000000000000
    -0.0063887963858832     0.0000000000000000        0.0021867055559335     0.0000000000000000       -0.0109179971955033     0.0000000000000000
    -0.0097128688203856     0.0000000000000000       -0.0056077274280535     0.0000000000000000        0.0039868237575821     0.0000000000000000
    6    5
    -0.0078688961144005     0.0000000000000000       -0.0061464141589391     0.0000000000000000        0.0171547512617882     0.0000000000000000
    -0.0061464141589391     0.0000000000000000       -0.0007716283759722     0.0000000000000000        0.0099043002588751     0.0000000000000000
     0.0141698493949152     0.0000000000000000        0.0081809663625313     0.0000000000000000       -0.0244837662088230     0.0000000000000000
    6    6
     0.1132065438037065     0.0000000000000000        0.0030278464238890     0.0000000000000000       -0.0033022124068959     0.0000000000000000
     0.0030278464238890     0.0000000000000000        0.1097102879079246     0.0000000000000000       -0.0019065332220429     0.0000000000000000
    -0.0033022124068959     0.0000000000000000       -0.0019065332220429     0.0000000000000000        0.1091742595006757     0.0000000000000000
    6    7
    -0.0070965547788676     0.0000000000000000       -0.0180220637293601     0.0000000000000000       -0.0004237279821184     0.0000000000000000
    -0.0155005566827632     0.0000000000000000       -0.0264508486977505     0.0000000000000000       -0.0013975119020078     0.0000000000000000
     0.0009984168181706     0.0000000000000000        0.0010657151478127     0.0000000000000000        0.0030495362597997     0.0000000000000000
    6    8
    -0.0361279956571875     0.0000000000000000        0.0012607535232985     0.0000000000000000       -0.0014221448002890     0.0000000000000000
    -0.0012607535232985     0.0000000000000000        0.0025805921805726     0.0000000000000000        0.0003317967541950     0.0000000000000000
     0.0014221448002889     0.0000000000000000        0.0003317967541950     0.0000000000000000        0.0030495362597997     0.0000000000000000
    6    9
    -0.0050572066482499     0.0000000000000000        0.0156403712507658     0.0000000000000000        0.0131125231117482     0.0000000000000000
     0.0071879698766596     0.0000000000000000        0.0081227422468220     0.0000000000000000       -0.0034330515002202     0.0000000000000000
     0.0095293713675650     0.0000000000000000       -0.0096392523723750     0.0000000000000000       -0.0039630869753768     0.0000000000000000
    6   10
     0.0147127166943566     0.0000000000000000       -0.0042262006870531     0.0000000000000000        0.0035831517441832     0.0000000000000000
     0.0042262006870531     0.0000000000000000       -0.0116471810957867     0.0000000000000000        0.0130723038725953     0.0000000000000000
    -0.0035831517441832     0.0000000000000000        0.0130723038725953     0.0000000000000000       -0.0039630869753768     0.0000000000000000
    6   11
    -0.0060250784072991     0.0000000000000000        0.0002149272871554     0.0000000000000000       -0.0002003593535088     0.0000000000000000
     0.0002149272871554     0.0000000000000000       -0.0062732550614905     0.0000000000000000       -0.0001156775266830     0.0000000000000000
    -0.0002003593535088     0.0000000000000000       -0.0001156775266830     0.0000000000000000       -0.0059218999546834     0.0000000000000000
    7    1
    -0.0837683943803571     0.0000000000000000       -0.0000000000000001     0.0000000000000000       -0.0000000000000000     0.0000000000000000
    -0.0000000000000001     0.0000000000000000       -0.0249663588059976     0.0000000000000000        0.0205935413341187     0.0000000000000000
    -0.0000000000000000     0.0000000000000000        0.0203704790873980     0.0000000000000000       -0.0756065778608725     0.0000000000000000
    7    2
    -0.0094416450280129     0.0000000000000000       -0.0000000000000000     0.0000000000000000       -0.0000000000000000     0.0000000000000000
    -0.0000000000000000     0.0000000000000000       -0.0011822484350787     0.0000000000000000        0.0020217336094168     0.0000000000000000
    -0.0000000000000000     0.0000000000000000        0.0026327627836706     0.0000000000000000       -0.0087345231430827     0.0000000000000000
    7    3
     0.0073004613288124     0.0000000000000000        0.0000000000000000     0.0000000000000000        0.0000000000000000     0.0000000000000000
     0.0000000000000000     0.0000000000000000       -0.0259523171612335     0.0000000000000000       -0.0115400158651189     0.0000000000000000
     0.0000000000000000     0.0000000000000000       -0.0122400586951085     0.0000000000000000        0.0034127853403582     0.0000000000000000
    7    4
     0.0058752788691204     0.0000000000000000        0.0000000000000000     0.0000000000000000       -0.0000000000000000     0.0000000000000000
     0.0000000000000000     0.0000000000000000       -0.0088790143836293     0.0000000000000000        0.0218359943910065     0.0000000000000000
    -0.0000000000000000     0.0000000000000000        0.0112154548561069     0.0000000000000000        0.0039868237575822     0.0000000000000000
    7    5
     0.0027770054932421     0.0000000000000000        0.0000000000000000     0.0000000000000000        0.0000000000000000     0.0000000000000000
     0.0000000000000000     0.0000000000000000       -0.0114175299836159     0.0000000000000000       -0.0198086005177501     0.0000000000000000
     0.0000000000000000     0.0000000000000000       -0.0163619327250624     0.0000000000000000       -0.0244837662088231     0.0000000000000000
    7    6
    -0.0070965547788676     0.0000000000000000       -0.0155005566827632     0.0000000000000000        0.0009984168181706     0.0000000000000000
    -0.0180220637293601     0.0000000000000000       -0.0264508486977505     0.0000000000000000        0.0010657151478127     0.0000000000000000
    -0.0004237279821184     0.0000000000000000       -0.0013975119020078     0.0000000000000000        0.0030495362597997     0.0000000000000000
    7    7
     0.1079621599600153     0.0000000000000000        0.0000000000000000     0.0000000000000000        0.0000000000000001     0.0000000000000000
    -0.0000000000000000     0.0000000000000000        0.1149546717516164     0.0000000000000000        0.0038130664440855     0.0000000000000000
     0.0000000000000000     0.0000000000000000        0.0038130664440855     0.0000000000000000        0.1091742595006757     0.0000000000000000
    7    8
    -0.0070965547788676     0.0000000000000000        0.0155005566827632     0.0000000000000000       -0.0009984168181706     0.0000000000000000
     0.0180220637293601     0.0000000000000000       -0.0264508486977505     0.0000000000000000        0.0010657151478127     0.0000000000000000
     0.0004237279821184     0.0000000000000000       -0.0013975119020078     0.0000000000000000        0.0030495362597997     0.0000000000000000
    7    9
    -0.0063973433885852     0.0000000000000000        0.0000000000000000     0.0000000000000000       -0.0000000000000000     0.0000000000000000
    -0.0000000000000000     0.0000000000000000       -0.0059009900802044     0.0000000000000000        0.0002313550533660     0.0000000000000000
    -0.0000000000000000     0.0000000000000000        0.0002313550533660     0.0000000000000000       -0.0059218999546834     0.0000000000000000
    7   10
    -0.0050572066482499     0.0000000000000000       -0.0071879698766597     0.0000000000000000       -0.0095293713675650     0.0000000000000000
    -0.0156403712507658     0.0000000000000000        0.0081227422468220     0.0000000000000000       -0.0096392523723750     0.0000000000000000
    -0.0131125231117482     0.0000000000000000       -0.0034330515002203     0.0000000000000000       -0.0039630869753768     0.0000000000000000
    7   11
    -0.0050572066482499     0.0000000000000000        0.0071879698766596     0.0000000000000000        0.0095293713675650     0.0000000000000000
     0.0156403712507658     0.0000000000000000        0.0081227422468220     0.0000000000000000       -0.0096392523723750     0.0000000000000000
     0.0131125231117482     0.0000000000000000       -0.0034330515002202     0.0000000000000000       -0.0039630869753768     0.0000000000000000
    8    1
    -0.0396668676995853     0.0000000000000000       -0.0254620283008185     0.0000000000000000        0.0178345299492306     0.0000000000000000
    -0.0254620283008185     0.0000000000000000       -0.0690678854867742     0.0000000000000000       -0.0102967706670592     0.0000000000000000
     0.0176413523769452     0.0000000000000000       -0.0101852395436989     0.0000000000000000       -0.0756065778608726     0.0000000000000000
    8    2
    -0.0032470975833121     0.0000000000000000       -0.0035764236347061     0.0000000000000000        0.0017508726654396     0.0000000000000000
    -0.0035764236347061     0.0000000000000000       -0.0073767958797802     0.0000000000000000       -0.0010108668047084     0.0000000000000000
     0.0022800394527968     0.0000000000000000       -0.0013163813918353     0.0000000000000000       -0.0087345231430827     0.0000000000000000
    8    3
    -0.0176391225387199     0.0000000000000000        0.0143988754593978     0.0000000000000000       -0.0099939468992678     0.0000000000000000
     0.0143988754593978     0.0000000000000000       -0.0010127332936985     0.0000000000000000        0.0057700079325594     0.0000000000000000
    -0.0106002017737760     0.0000000000000000        0.0061200293475542     0.0000000000000000        0.0034127853403582     0.0000000000000000
    8    4
    -0.0051904410704411     0.0000000000000000        0.0063887963858832     0.0000000000000000        0.0189105258595051     0.0000000000000000
     0.0063887963858832     0.0000000000000000        0.0021867055559335     0.0000000000000000       -0.0109179971955033     0.0000000000000000
     0.0097128688203856     0.0000000000000000       -0.0056077274280534     0.0000000000000000        0.0039868237575821     0.0000000000000000
    8    5
    -0.0078688961144005     0.0000000000000000        0.0061464141589391     0.0000000000000000       -0.0171547512617883     0.0000000000000000
     0.0061464141589391     0.0000000000000000       -0.0007716283759722     0.0000000000000000        0.0099043002588751     0.0000000000000000
    -0.0141698493949152     0.0000000000000000        0.0081809663625312     0.0000000000000000       -0.0244837662088230     0.0000000000000000
    8    6
    -0.0361279956571875     0.0000000000000000       -0.0012607535232985     0.0000000000000000        0.0014221448002889     0.0000000000000000
     0.0012607535232985     0.0000000000000000        0.0025805921805726     0.0000000000000000        0.0003317967541950     0.0000000000000000
    -0.0014221448002890     0.0000000000000000        0.0003317967541950     0.0000000000000000        0.0030495362597997     0.0000000000000000
    8    7
    -0.0070965547788676     0.0000000000000000        0.0180220637293601     0.0000000000000000        0.0004237279821184     0.0000000000000000
     0.0155005566827632     0.0000000000000000       -0.0264508486977505     0.0000000000000000       -0.0013975119020078     0.0000000000000000
    -0.0009984168181706     0.0000000000000000        0.0010657151478127     0.0000000000000000        0.0030495362597997     0.0000000000000000
    8    8
     0.1132065438037065     0.0000000000000000       -0.0030278464238890     0.0000000000000000        0.0033022124068960     0.0000000000000000
    -0.0030278464238890     0.0000000000000000        0.1097102879079246     0.0000000000000000       -0.0019065332220429     0.0000000000000000
     0.0033022124068960     0.0000000000000000       -0.0019065332220429     0.0000000000000000        0.1091742595006757     0.0000000000000000
    8    9
    -0.0050572066482499     0.0000000000000000       -0.0156403712507658     0.0000000000000000       -0.0131125231117482     0.0000000000000000
    -0.0071879698766597     0.0000000000000000        0.0081227422468220     0.0000000000000000       -0.0034330515002203     0.0000000000000000
    -0.0095293713675650     0.0000000000000000       -0.0096392523723750     0.0000000000000000       -0.0039630869753768     0.0000000000000000
    8   10
    -0.0060250784072991     0.0000000000000000       -0.0002149272871554     0.0000000000000000        0.0002003593535088     0.0000000000000000
    -0.0002149272871554     0.0000000000000000       -0.0062732550614905     0.0000000000000000       -0.0001156775266830     0.0000000000000000
     0.0002003593535088     0.0000000000000000       -0.0001156775266830     0.0000000000000000       -0.0059218999546834     0.0000000000000000
    8   11
     0.0147127166943566     0.0000000000000000        0.0042262006870531     0.0000000000000000       -0.0035831517441832     0.0000000000000000
    -0.0042262006870530     0.0000000000000000       -0.0116471810957867     0.0000000000000000        0.0130723038725953     0.0000000000000000
     0.0035831517441832     0.0000000000000000        0.0130723038725953     0.0000000000000000       -0.0039630869753768     0.0000000000000000
    9    1
    -0.0837683943803571     0.0000000000000000       -0.0000000000000001     0.0000000000000000       -0.0000000000000001     0.0000000000000000
    -0.0000000000000000     0.0000000000000000       -0.0249663588059976     0.0000000000000000        0.0205935413341187     0.0000000000000000
    -0.0000000000000000     0.0000000000000000        0.0203704790873980     0.0000000000000000       -0.0756065778608726     0.0000000000000000
    9    2
     0.0073004613288124     0.0000000000000000        0.0000000000000000     0.0000000000000000        0.0000000000000000     0.0000000000000000
     0.0000000000000000     0.0000000000000000       -0.0259523171612335     0.0000000000000000       -0.0115400158651189     0.0000000000000000
     0.0000000000000000     0.0000000000000000       -0.0122400586951085     0.0000000000000000        0.0034127853403582     0.0000000000000000
    9    3
    -0.0094416450280129     0.0000000000000000       -0.0000000000000000     0.0000000000000000       -0.0000000000000000     0.0000000000000000
    -0.0000000000000000     0.0000000000000000       -0.0011822484350787     0.0000000000000000        0.0020217336094168     0.0000000000000000
    -0.0000000000000000     0.0000000000000000        0.0026327627836706     0.0000000000000000       -0.0087345231430827     0.0000000000000000
    9    4
     0.0027770054932421     0.0000000000000000        0.0000000000000000     0.0000000000000000        0.0000000000000000     0.0000000000000000
     0.0000000000000000     0.0000000000000000       -0.0114175299836159     0.0000000000000000       -0.0198086005177501     0.0000000000000000
     0.0000000000000000     0.0000000000000000       -0.0163619327250624     0.0000000000000000       -0.0244837662088231     0.0000000000000000
    9    5
     0.0058752788691204     0.0000000000000000        0.0000000000000000     0.0000000000000000       -0.0000000000000000     0.0000000000000000
     0.0000000000000000     0.0000000000000000       -0.0088790143836293     0.0000000000000000        0.0218359943910065     0.0000000000000000
    -0.0000000000000000     0.0000000000000000        0.0112154548561069     0.0000000000000000        0.0039868237575822     0.0000000000000000
    9    6
    -0.0050572066482499     0.0000000000000000        0.0071879698766596     0.0000000000000000        0.0095293713675650     0.0000000000000000
     0.0156403712507658     0.0000000000000000        0.0081227422468220     0.0000000000000000       -0.0096392523723750     0.0000000000000000
     0.0131125231117482     0.0000000000000000       -0.0034330515002202     0.0000000000000000       -0.0039630869753768     0.0000000000000000
    9    7
    -0.0063973433885852     0.0000000000000000       -0.0000000000000000     0.0000000000000000       -0.0000000000000000     0.0000000000000000
    -0.0000000000000000     0.0000000000000000       -0.0059009900802044     0.0000000000000000        0.0002313550533660     0.0000000000000000
    -0.0000000000000000     0.0000000000000000        0.0002313550533660     0.0000000000000000       -0.0059218999546834     0.0000000000000000
    9    8
    -0.0050572066482499     0.0000000000000000       -0.0071879698766597     0.0000000000000000       -0.0095293713675650     0.0000000000000000
    -0.0156403712507658     0.0000000000000000        0.0081227422468220     0.0000000000000000       -0.0096392523723750     0.0000000000000000
    -0.0131125231117482     0.0000000000000000       -0.0034330515002203     0.0000000000000000       -0.0039630869753768     0.0000000000000000
    9    9
     0.1079621599600153     0.0000000000000000        0.0000000000000000     0.0000000000000000        0.0000000000000000     0.0000000000000000
    -0.0000000000000000     0.0000000000000000        0.1149546717516163     0.0000000000000000        0.0038130664440855     0.0000000000000000
     0.0000000000000001     0.0000000000000000        0.0038130664440855     0.0000000000000000        0.1091742595006757     0.0000000000000000
    9   10
    -0.0070965547788676     0.0000000000000000        0.0155005566827632     0.0000000000000000       -0.0009984168181706     0.0000000000000000
     0.0180220637293601     0.0000000000000000       -0.0264508486977505     0.0000000000000000        0.0010657151478127     0.0000000000000000
     0.0004237279821184     0.0000000000000000       -0.0013975119020078     0.0000000000000000        0.0030495362597997     0.0000000000000000
    9   11
    -0.0070965547788676     0.0000000000000000       -0.0155005566827632     0.0000000000000000        0.0009984168181706     0.0000000000000000
    -0.0180220637293601     0.0000000000000000       -0.0264508486977505     0.0000000000000000        0.0010657151478127     0.0000000000000000
    -0.0004237279821184     0.0000000000000000       -0.0013975119020078     0.0000000000000000        0.0030495362597997     0.0000000000000000
   10    1
    -0.0396668676995853     0.0000000000000000       -0.0254620283008185     0.0000000000000000        0.0178345299492306     0.0000000000000000
    -0.0254620283008185     0.0000000000000000       -0.0690678854867742     0.0000000000000000       -0.0102967706670592     0.0000000000000000
     0.0176413523769452     0.0000000000000000       -0.0101852395436989     0.0000000000000000       -0.0756065778608726     0.0000000000000000
   10    2
    -0.0176391225387199     0.0000000000000000        0.0143988754593978     0.0000000000000000       -0.0099939468992678     0.0000000000000000
     0.0143988754593978     0.0000000000000000       -0.0010127332936985     0.0000000000000000        0.0057700079325594     0.0000000000000000
    -0.0106002017737760     0.0000000000000000        0.0061200293475542     0.0000000000000000        0.0034127853403582     0.0000000000000000
   10    3
    -0.0032470975833121     0.0000000000000000       -0.0035764236347061     0.0000000000000000        0.0017508726654396     0.0000000000000000
    -0.0035764236347061     0.0000000000000000       -0.0073767958797802     0.0000000000000000       -0.0010108668047084     0.0000000000000000
     0.0022800394527968     0.0000000000000000       -0.0013163813918353     0.0000000000000000       -0.0087345231430827     0.0000000000000000
   10    4
    -0.0078688961144005     0.0000000000000000        0.0061464141589391     0.0000000000000000       -0.0171547512617883     0.0000000000000000
     0.0061464141589391     0.0000000000000000       -0.0007716283759722     0.0000000000000000        0.0099043002588751     0.0000000000000000
    -0.0141698493949152     0.0000000000000000        0.0081809663625312     0.0000000000000000       -0.0244837662088230     0.0000000000000000
   10    5
    -0.0051904410704411     0.0000000000000000        0.0063887963858832     0.0000000000000000        0.0189105258595051     0.0000000000000000
     0.0063887963858832     0.0000000000000000        0.0021867055559335     0.0000000000000000       -0.0109179971955033     0.0000000000000000
     0.0097128688203856     0.0000000000000000       -0.0056077274280534     0.0000000000000000        0.0039868237575821     0.0000000000000000
   10    6
     0.0147127166943566     0.0000000000000000        0.0042262006870531     0.0000000000000000       -0.0035831517441832     0.0000000000000000
    -0.0042262006870530     0.0000000000000000       -0.0116471810957867     0.0000000000000000        0.0130723038725953     0.0000000000000000
     0.0035831517441832     0.0000000000000000        0.0130723038725953     0.0000000000000000       -0.0039630869753768     0.0000000000000000
   10    7
    -0.0050572066482499     0.0000000000000000       -0.0156403712507658     0.0000000000000000       -0.0131125231117482     0.0000000000000000
    -0.0071879698766597     0.0000000000000000        0.0081227422468220     0.0000000000000000       -0.0034330515002203     0.0000000000000000
    -0.0095293713675650     0.0000000000000000       -0.0096392523723750     0.0000000000000000       -0.0039630869753768     0.0000000000000000
   10    8
    -0.0060250784072991     0.0000000000000000       -0.0002149272871554     0.0000000000000000        0.0002003593535088     0.0000000000000000
    -0.0002149272871554     0.0000000000000000       -0.0062732550614905     0.0000000000000000       -0.0001156775266830     0.0000000000000000
     0.0002003593535088     0.0000000000000000       -0.0001156775266830     0.0000000000000000       -0.0059218999546834     0.0000000000000000
   10    9
    -0.0070965547788676     0.0000000000000000        0.0180220637293601     0.0000000000000000        0.0004237279821184     0.0000000000000000
     0.0155005566827632     0.0000000000000000       -0.0264508486977505     0.0000000000000000       -0.0013975119020078     0.0000000000000000
    -0.0009984168181706     0.0000000000000000        0.0010657151478127     0.0000000000000000        0.0030495362597997     0.0000000000000000
   10   10
     0.1132065438037064     0.0000000000000000       -0.0030278464238890     0.0000000000000000        0.0033022124068960     0.0000000000000000
    -0.0030278464238890     0.0000000000000000        0.1097102879079246     0.0000000000000000       -0.0019065332220429     0.0000000000000000
     0.0033022124068960     0.0000000000000000       -0.0019065332220429     0.0000000000000000        0.1091742595006757     0.0000000000000000
   10   11
    -0.0361279956571875     0.0000000000000000       -0.0012607535232985     0.0000000000000000        0.0014221448002889     0.0000000000000000
     0.0012607535232985     0.0000000000000000        0.0025805921805726     0.0000000000000000        0.0003317967541950     0.0000000000000000
    -0.0014221448002890     0.0000000000000000        0.0003317967541950     0.0000000000000000        0.0030495362597997     0.0000000000000000
   11    1
    -0.0396668676995854     0.0000000000000000        0.0254620283008185     0.0000000000000000       -0.0178345299492306     0.0000000000000000
     0.0254620283008185     0.0000000000000000       -0.0690678854867742     0.0000000000000000       -0.0102967706670592     0.0000000000000000
    -0.0176413523769452     0.0000000000000000       -0.0101852395436989     0.0000000000000000       -0.0756065778608726     0.0000000000000000
   11    2
    -0.0176391225387199     0.0000000000000000       -0.0143988754593978     0.0000000000000000        0.0099939468992678     0.0000000000000000
    -0.0143988754593978     0.0000000000000000       -0.0010127332936985     0.0000000000000000        0.0057700079325594     0.0000000000000000
     0.0106002017737760     0.0000000000000000        0.0061200293475543     0.0000000000000000        0.0034127853403582     0.0000000000000000
   11    3
    -0.0032470975833121     0.0000000000000000        0.0035764236347061     0.0000000000000000       -0.0017508726654396     0.0000000000000000
     0.0035764236347061     0.0000000000000000       -0.0073767958797802     0.0000000000000000       -0.0010108668047084     0.0000000000000000
    -0.0022800394527968     0.0000000000000000       -0.0013163813918353     0.0000000000000000       -0.0087345231430827     0.0000000000000000
   11    4
    -0.0078688961144005     0.0000000000000000       -0.0061464141589391     0.0000000000000000        0.0171547512617882     0.0000000000000000
    -0.0061464141589391     0.0000000000000000       -0.0007716283759722     0.0000000000000000        0.0099043002588751     0.0000000000000000
     0.0141698493949152     0.0000000000000000        0.0081809663625313     0.0000000000000000       -0.0244837662088230     0.0000000000000000
   11    5
    -0.0051904410704411     0.0000000000000000       -0.0063887963858832     0.0000000000000000       -0.0189105258595051     0.0000000000000000
    -0.0063887963858832     0.0000000000000000        0.0021867055559335     0.0000000000000000       -0.0109179971955033     0.0000000000000000
    -0.0097128688203856     0.0000000000000000       -0.0056077274280535     0.0000000000000000        0.0039868237575821     0.0000000000000000
   11    6
    -0.0060250784072991     0.0000000000000000        0.0002149272871554     0.0000000000000000       -0.0002003593535088     0.0000000000000000
     0.0002149272871554     0.0000000000000000       -0.0062732550614905     0.0000000000000000       -0.0001156775266830     0.0000000000000000
    -0.0002003593535088     0.0000000000000000       -0.0001156775266830     0.0000000000000000       -0.0059218999546834     0.0000000000000000
   11    7
    -0.0050572066482499     0.0000000000000000        0.0156403712507658     0.0000000000000000        0.0131125231117482     0.0000000000000000
     0.0071879698766596     0.0000000000000000        0.0081227422468220     0.0000000000000000       -0.0034330515002202     0.0000000000000000
     0.0095293713675650     0.0000000000000000       -0.0096392523723750     0.0000000000000000       -0.0039630869753768     0.0000000000000000
   11    8
     0.0147127166943566     0.0000000000000000       -0.0042262006870531     0.0000000000000000        0.0035831517441832     0.0000000000000000
     0.0042262006870531     0.0000000000000000       -0.0116471810957867     0.0000000000000000        0.0130723038725953     0.0000000000000000
    -0.0035831517441832     0.0000000000000000        0.0130723038725953     0.0000000000000000       -0.0039630869753768     0.0000000000000000
   11    9
    -0.0070965547788676     0.0000000000000000       -0.0180220637293601     0.0000000000000000       -0.0004237279821184     0.0000000000000000
    -0.0155005566827632     0.0000000000000000       -0.0264508486977505     0.0000000000000000       -0.0013975119020078     0.0000000000000000
     0.0009984168181706     0.0000000000000000        0.0010657151478127     0.0000000000000000        0.0030495362597997     0.0000000000000000
   11   10
    -0.0361279956571875     0.0000000000000000        0.0012607535232985     0.0000000000000000       -0.0014221448002890     0.0000000000000000
    -0.0012607535232985     0.0000000000000000        0.0025805921805726     0.0000000000000000        0.0003317967541950     0.0000000000000000
     0.0014221448002889     0.0000000000000000        0.0003317967541950     0.0000000000000000        0.0030495362597997     0.0000000000000000
   11   11
     0.1132065438037065     0.0000000000000000        0.0030278464238890     0.0000000000000000       -0.0033022124068959     0.0000000000000000
     0.0030278464238890     0.0000000000000000        0.1097102879079246     0.0000000000000000       -0.0019065332220429     0.0000000000000000
    -0.0033022124068959     0.0000000000000000       -0.0019065332220429     0.0000000000000000        0.1091742595006757     0.0000000000000000

     Diagonalizing the dynamical matrix

     q = (     0.000000000000     0.000000000000     0.000000000000 )

***************************************************************************
   freq (    1) =    -0.00000060 [THz] =    -0.00002015 [cm-1]
(  -0.000000  0.000000  -0.019125  0.000000   0.300904  0.000000 )
(   0.000000  0.000000  -0.019125  0.000000   0.300904  0.000000 )
(   0.000000  0.000000  -0.019125  0.000000   0.300904  0.000000 )
(  -0.000000  0.000000  -0.019125  0.000000   0.300904  0.000000 )
(   0.000000  0.000000  -0.019125  0.000000   0.300904  0.000000 )
(   0.000000  0.000000  -0.019125  0.000000   0.300904  0.000000 )
(  -0.000000  0.000000  -0.019125  0.000000   0.300904  0.000000 )
(   0.000000  0.000000  -0.019125  0.000000   0.300904  0.000000 )
(  -0.000000  0.000000  -0.019125  0.000000   0.300904  0.000000 )
(   0.000000  0.000000  -0.019125  0.000000   0.300904  0.000000 )
(  -0.000000  0.000000  -0.019125  0.000000   0.300904  0.000000 )
   freq (    2) =    -0.00000016 [THz] =    -0.00000534 [cm-1]
(   0.301511  0.000000   0.000000  0.000000   0.000000  0.000000 )
(   0.301511  0.000000  -0.000000  0.000000   0.000000  0.000000 )
(   0.301511  0.000000  -0.000000  0.000000   0.000000  0.000000 )
(   0.301511  0.000000   0.000000  0.000000   0.000000  0.000000 )
(   0.301511  0.000000   0.000000  0.000000   0.000000  0.000000 )
(   0.301511  0.000000   0.000000  0.000000   0.000000  0.000000 )
(   0.301511  0.000000   0.000000  0.000000   0.000000  0.000000 )
(   0.301511  0.000000   0.000000  0.000000   0.000000  0.000000 )
(   0.301511  0.000000  -0.000000  0.000000  -0.000000  0.000000 )
(   0.301511  0.000000   0.000000  0.000000   0.000000  0.000000 )
(   0.301511  0.000000  -0.000000  0.000000   0.000000  0.000000 )
   freq (    3) =     0.00000104 [THz] =     0.00003479 [cm-1]
(  -0.000000  0.000000   0.300904  0.000000   0.019125  0.000000 )
(   0.000000  0.000000   0.300904  0.000000   0.019125  0.000000 )
(  -0.000000  0.000000   0.300904  0.000000   0.019125  0.000000 )
(  -0.000000  0.000000   0.300904  0.000000   0.019125  0.000000 )
(   0.000000  0.000000   0.300904  0.000000   0.019125  0.000000 )
(  -0.000000  0.000000   0.300904  0.000000   0.019125  0.000000 )
(   0.000000  0.000000   0.300904  0.000000   0.019125  0.000000 )
(  -0.000000  0.000000   0.300904  0.000000   0.019125  0.000000 )
(  -0.000000  0.000000   0.300904  0.000000   0.019125  0.000000 )
(  -0.000000  0.000000   0.300904  0.000000   0.019125  0.000000 )
(   0.000000  0.000000   0.300904  0.000000   0.019125  0.000000 )
   freq (    4) =    23.38889544 [THz] =   780.16946301 [cm-1]
(  -0.000000  0.000000  -0.000000  0.000000  -0.000000  0.000000 )
(   0.433948  0.000000  -0.022468  0.000000   0.000000  0.000000 )
(  -0.433948  0.000000   0.022468  0.000000  -0.000000  0.000000 )
(   0.010095  0.000000  -0.000523  0.000000   0.000000  0.000000 )
(  -0.010095  0.000000   0.000523  0.000000  -0.000000  0.000000 )
(  -0.310588  0.000000  -0.178508  0.000000   0.132885  0.000000 )
(  -0.001288  0.000000   0.022077  0.000000   0.008190  0.000000 )
(  -0.329650  0.000000   0.189647  0.000000  -0.141074  0.000000 )
(   0.001288  0.000000  -0.022077  0.000000  -0.008190  0.000000 )
(   0.329650  0.000000  -0.189647  0.000000   0.141074  0.000000 )
(   0.310588  0.000000   0.178508  0.000000  -0.132885  0.000000 )
   freq (    5) =    23.38889544 [THz] =   780.16946301 [cm-1]
(  -0.000000  0.000000  -0.000000  0.000000   0.000000  0.000000 )
(  -0.022468  0.000000  -0.433948  0.000000   0.000000  0.000000 )
(   0.022468  0.000000   0.433948  0.000000  -0.000000  0.000000 )
(  -0.000523  0.000000  -0.010095  0.000000   0.000000  0.000000 )
(   0.000523  0.000000   0.010095  0.000000  -0.000000  0.000000 )
(   0.200652  0.000000   0.117096  0.000000  -0.086178  0.000000 )
(   0.000067  0.000000   0.426396  0.000000   0.158171  0.000000 )
(  -0.167503  0.000000   0.098034  0.000000  -0.071993  0.000000 )
(  -0.000067  0.000000  -0.426396  0.000000  -0.158171  0.000000 )
(   0.167503  0.000000  -0.098034  0.000000   0.071993  0.000000 )
(  -0.200652  0.000000  -0.117096  0.000000   0.086178  0.000000 )
   freq (    6) =    23.51218775 [THz] =   784.28205102 [cm-1]
(   0.000000  0.000000  -0.000000  0.000000   0.000000  0.000000 )
(  -0.000000  0.000000  -0.000000  0.000000  -0.446396  0.000000 )
(   0.000000  0.000000   0.000000  0.000000   0.446396  0.000000 )
(  -0.000000  0.000000  -0.000000  0.000000  -0.476411  0.000000 )
(  -0.000000  0.000000   0.000000  0.000000   0.476411  0.000000 )
(  -0.127387  0.000000  -0.073547  0.000000   0.054324  0.000000 )
(   0.000000  0.000000   0.147094  0.000000   0.054324  0.000000 )
(   0.127387  0.000000  -0.073547  0.000000   0.054324  0.000000 )
(   0.000000  0.000000  -0.147094  0.000000  -0.054324  0.000000 )
(  -0.127387  0.000000   0.073547  0.000000  -0.054324  0.000000 )
(   0.127387  0.000000   0.073547  0.000000  -0.054324  0.000000 )
   freq (    7) =    23.74585651 [THz] =   792.07640083 [cm-1]
(   0.020698  0.000000   0.000000  0.000000   0.000000  0.000000 )
(  -0.470158  0.000000  -0.000000  0.000000  -0.000000  0.000000 )
(  -0.470158  0.000000  -0.000000  0.000000  -0.000000  0.000000 )
(  -0.160522  0.000000  -0.000000  0.000000  -0.000000  0.000000 )
(  -0.160522  0.000000  -0.000000  0.000000  -0.000000  0.000000 )
(  -0.318949  0.000000  -0.093186  0.000000   0.060515  0.000000 )
(  -0.157547  0.000000  -0.000000  0.000000  -0.000000  0.000000 )
(  -0.318949  0.000000   0.093186  0.000000  -0.060515  0.000000 )
(  -0.157547  0.000000  -0.000000  0.000000  -0.000000  0.000000 )
(  -0.318949  0.000000   0.093186  0.000000  -0.060515  0.000000 )
(  -0.318949  0.000000  -0.093186  0.000000   0.060515  0.000000 )
   freq (    8) =    23.74585651 [THz] =   792.07640083 [cm-1]
(  -0.000000  0.000000   0.020698  0.000000  -0.000000  0.000000 )
(   0.000000  0.000000  -0.470158  0.000000   0.000000  0.000000 )
(   0.000000  0.000000  -0.470158  0.000000   0.000000  0.000000 )
(   0.000000  0.000000  -0.160522  0.000000   0.000000  0.000000 )
(   0.000000  0.000000  -0.160522  0.000000   0.000000  0.000000 )
(  -0.093186  0.000000  -0.211347  0.000000   0.034939  0.000000 )
(   0.000000  0.000000  -0.372750  0.000000  -0.069877  0.000000 )
(   0.093186  0.000000  -0.211347  0.000000   0.034939  0.000000 )
(   0.000000  0.000000  -0.372750  0.000000  -0.069877  0.000000 )
(   0.093186  0.000000  -0.211347  0.000000   0.034939  0.000000 )
(  -0.093186  0.000000  -0.211347  0.000000   0.034939  0.000000 )
   freq (    9) =    23.74613246 [THz] =   792.08560564 [cm-1]
(  -0.000000  0.000000   0.000000  0.000000   0.020677  0.000000 )
(   0.000000  0.000000  -0.000000  0.000000  -0.472121  0.000000 )
(   0.000000  0.000000  -0.000000  0.000000  -0.472121  0.000000 )
(   0.000000  0.000000  -0.000000  0.000000  -0.391852  0.000000 )
(   0.000000  0.000000  -0.000000  0.000000  -0.391852  0.000000 )
(   0.068069  0.000000   0.039300  0.000000  -0.186910  0.000000 )
(   0.000000  0.000000  -0.078600  0.000000  -0.186910  0.000000 )
(  -0.068069  0.000000   0.039300  0.000000  -0.186910  0.000000 )
(   0.000000  0.000000  -0.078600  0.000000  -0.186910  0.000000 )
(  -0.068069  0.000000   0.039300  0.000000  -0.186910  0.000000 )
(   0.068069  0.000000   0.039300  0.000000  -0.186910  0.000000 )
   freq (   10) =    30.13772282 [THz] =  1005.28608062 [cm-1]
(  -0.000000  0.000000  -0.000000  0.000000  -0.000000  0.000000 )
(  -0.000000  0.000000  -0.000000  0.000000  -0.000000  0.000000 )
(   0.000000  0.000000   0.000000  0.000000  -0.000000  0.000000 )
(  -0.000000  0.000000  -0.000000  0.000000  -0.000000  0.000000 )
(   0.000000  0.000000   0.000000  0.000000  -0.000000  0.000000 )
(  -0.204124  0.000000   0.353553  0.000000  -0.000000  0.000000 )
(   0.408248  0.000000  -0.000000  0.000000   0.000000  0.000000 )
(  -0.204124  0.000000  -0.353553  0.000000   0.000000  0.000000 )
(  -0.408248  0.000000   0.000000  0.000000  -0.000000  0.000000 )
(   0.204124  0.000000   0.353553  0.000000  -0.000000  0.000000 )
(   0.204124  0.000000  -0.353553  0.000000   0.000000  0.000000 )
   freq (   11) =    30.25564694 [THz] =  1009.21960518 [cm-1]
(  -0.000000  0.000000   0.000000  0.000000  -0.000000  0.000000 )
(  -0.000687  0.000000   0.000007  0.000000   0.000000  0.000000 )
(   0.000687  0.000000  -0.000007  0.000000  -0.000000  0.000000 )
(   0.414579  0.000000  -0.004197  0.000000   0.000000  0.000000 )
(  -0.414579  0.000000   0.004197  0.000000  -0.000000  0.000000 )
(   0.157046  0.000000   0.001323  0.000000   0.355388  0.000000 )
(   0.152088  0.000000  -0.001607  0.000000   0.004179  0.000000 )
(   0.157104  0.000000  -0.004436  0.000000  -0.359567  0.000000 )
(  -0.152088  0.000000   0.001607  0.000000  -0.004179  0.000000 )
(  -0.157104  0.000000   0.004436  0.000000   0.359567  0.000000 )
(  -0.157046  0.000000  -0.001323  0.000000  -0.355388  0.000000 )
   freq (   12) =    30.25564694 [THz] =  1009.21960518 [cm-1]
(  -0.000000  0.000000   0.000000  0.000000   0.000000  0.000000 )
(  -0.000007  0.000000  -0.000687  0.000000  -0.000000  0.000000 )
(   0.000007  0.000000   0.000687  0.000000   0.000000  0.000000 )
(   0.004197  0.000000   0.414579  0.000000  -0.000000  0.000000 )
(  -0.004197  0.000000  -0.414579  0.000000  -0.000000  0.000000 )
(   0.004470  0.000000   0.153779  0.000000   0.210009  0.000000 )
(   0.001540  0.000000   0.158738  0.000000  -0.412779  0.000000 )
(  -0.001289  0.000000   0.153721  0.000000   0.202771  0.000000 )
(  -0.001540  0.000000  -0.158738  0.000000   0.412779  0.000000 )
(   0.001289  0.000000  -0.153721  0.000000  -0.202771  0.000000 )
(  -0.004470  0.000000  -0.153779  0.000000  -0.210009  0.000000 )
   freq (   13) =    31.54347703 [THz] =  1052.17698690 [cm-1]
(   0.000000  0.000000   0.000000  0.000000   0.000000  0.000000 )
(   0.000000  0.000000  -0.000000  0.000000  -0.401266  0.000000 )
(  -0.000000  0.000000   0.000000  0.000000   0.401266  0.000000 )
(  -0.000000  0.000000   0.000000  0.000000   0.282729  0.000000 )
(   0.000000  0.000000  -0.000000  0.000000  -0.282729  0.000000 )
(  -0.006760  0.000000  -0.003903  0.000000  -0.293750  0.000000 )
(   0.000000  0.000000   0.007805  0.000000  -0.293750  0.000000 )
(   0.006760  0.000000  -0.003903  0.000000  -0.293750  0.000000 )
(  -0.000000  0.000000  -0.007805  0.000000   0.293750  0.000000 )
(  -0.006760  0.000000   0.003903  0.000000   0.293750  0.000000 )
(   0.006760  0.000000   0.003903  0.000000   0.293750  0.000000 )
   freq (   14) =    31.59271442 [THz] =  1053.81936942 [cm-1]
(   0.000000  0.000000  -0.000000  0.000000  -0.000000  0.000000 )
(   0.410600  0.000000  -0.001042  0.000000   0.000000  0.000000 )
(  -0.410600  0.000000   0.001042  0.000000  -0.000000  0.000000 )
(  -0.309083  0.000000   0.000784  0.000000  -0.000000  0.000000 )
(   0.309083  0.000000  -0.000784  0.000000   0.000000  0.000000 )
(   0.275915  0.000000  -0.008270  0.000000  -0.003012  0.000000 )
(   0.288968  0.000000  -0.000689  0.000000  -0.000009  0.000000 )
(   0.275877  0.000000   0.006825  0.000000   0.003020  0.000000 )
(  -0.288968  0.000000   0.000689  0.000000   0.000009  0.000000 )
(  -0.275877  0.000000  -0.006825  0.000000  -0.003020  0.000000 )
(  -0.275915  0.000000   0.008270  0.000000   0.003012  0.000000 )
   freq (   15) =    31.59271442 [THz] =  1053.81936942 [cm-1]
(   0.000000  0.000000   0.000000  0.000000  -0.000000  0.000000 )
(   0.001042  0.000000   0.410600  0.000000  -0.000000  0.000000 )
(  -0.001042  0.000000  -0.410600  0.000000   0.000000  0.000000 )
(  -0.000784  0.000000  -0.309083  0.000000   0.000000  0.000000 )
(   0.000784  0.000000   0.309083  0.000000  -0.000000  0.000000 )
(  -0.006847  0.000000   0.284592  0.000000  -0.001749  0.000000 )
(   0.000733  0.000000   0.271538  0.000000   0.003483  0.000000 )
(   0.008248  0.000000   0.284630  0.000000  -0.001734  0.000000 )
(  -0.000733  0.000000  -0.271538  0.000000  -0.003483  0.000000 )
(  -0.008248  0.000000  -0.284630  0.000000   0.001734  0.000000 )
(   0.006847  0.000000  -0.284592  0.000000   0.001749  0.000000 )
   freq (   16) =    31.71758996 [THz] =  1057.98476840 [cm-1]
(  -0.000162  0.000000  -0.000000  0.000000  -0.000000  0.000000 )
(  -0.038427  0.000000   0.000000  0.000000   0.000000  0.000000 )
(  -0.038427  0.000000  -0.000000  0.000000  -0.000000  0.000000 )
(   0.343973  0.000000   0.000000  0.000000  -0.000000  0.000000 )
(   0.343973  0.000000   0.000000  0.000000   0.000000  0.000000 )
(   0.021189  0.000000   0.206680  0.000000   0.300372  0.000000 )
(  -0.336792  0.000000   0.000000  0.000000  -0.000000  0.000000 )
(   0.021189  0.000000  -0.206680  0.000000  -0.300372  0.000000 )
(  -0.336792  0.000000   0.000000  0.000000  -0.000000  0.000000 )
(   0.021189  0.000000  -0.206680  0.000000  -0.300372  0.000000 )
(   0.021189  0.000000   0.206680  0.000000   0.300372  0.000000 )
   freq (   17) =    31.71758996 [THz] =  1057.98476840 [cm-1]
(   0.000000  0.000000   0.000162  0.000000   0.000000  0.000000 )
(   0.000000  0.000000   0.038427  0.000000  -0.000000  0.000000 )
(  -0.000000  0.000000   0.038427  0.000000   0.000000  0.000000 )
(   0.000000  0.000000  -0.343973  0.000000  -0.000000  0.000000 )
(   0.000000  0.000000  -0.343973  0.000000  -0.000000  0.000000 )
(  -0.206680  0.000000   0.217465  0.000000  -0.173420  0.000000 )
(  -0.000000  0.000000  -0.140515  0.000000   0.346839  0.000000 )
(   0.206680  0.000000   0.217465  0.000000  -0.173420  0.000000 )
(  -0.000000  0.000000  -0.140515  0.000000   0.346839  0.000000 )
(   0.206680  0.000000   0.217465  0.000000  -0.173420  0.000000 )
(  -0.206680  0.000000   0.217465  0.000000  -0.173420  0.000000 )
   freq (   18) =    34.20581597 [THz] =  1140.98304219 [cm-1]
(  -0.000000  0.000000  -0.000000  0.000000  -0.000000  0.000000 )
(  -0.000000  0.000000  -0.000000  0.000000  -0.000000  0.000000 )
(  -0.000000  0.000000  -0.000000  0.000000  -0.000000  0.000000 )
(   0.000000  0.000000  -0.000000  0.000000   0.000000  0.000000 )
(   0.000000  0.000000  -0.000000  0.000000   0.000000  0.000000 )
(  -0.204124  0.000000   0.353553  0.000000   0.000000  0.000000 )
(   0.408248  0.000000   0.000000  0.000000   0.000000  0.000000 )
(  -0.204124  0.000000  -0.353553  0.000000  -0.000000  0.000000 )
(   0.408248  0.000000   0.000000  0.000000   0.000000  0.000000 )
(  -0.204124  0.000000  -0.353553  0.000000  -0.000000  0.000000 )
(  -0.204124  0.000000   0.353553  0.000000   0.000000  0.000000 )
   freq (   19) =    34.23589072 [THz] =  1141.98622773 [cm-1]
(  -0.000000  0.000000  -0.000000  0.000000   0.007500  0.000000 )
(  -0.000000  0.000000  -0.000000  0.000000   0.488627  0.000000 )
(  -0.000000  0.000000  -0.000000  0.000000   0.488627  0.000000 )
(   0.000000  0.000000   0.000000  0.000000  -0.208244  0.000000 )
(   0.000000  0.000000   0.000000  0.000000  -0.208244  0.000000 )
(  -0.038880  0.000000  -0.022447  0.000000  -0.265709  0.000000 )
(   0.000000  0.000000   0.044895  0.000000  -0.265709  0.000000 )
(   0.038880  0.000000  -0.022447  0.000000  -0.265709  0.000000 )
(   0.000000  0.000000   0.044895  0.000000  -0.265709  0.000000 )
(   0.038880  0.000000  -0.022447  0.000000  -0.265709  0.000000 )
(  -0.038880  0.000000  -0.022447  0.000000  -0.265709  0.000000 )
   freq (   20) =    34.32981321 [THz] =  1145.11914420 [cm-1]
(   0.007082  0.000000  -0.000000  0.000000   0.000000  0.000000 )
(   0.471020  0.000000  -0.000000  0.000000   0.000000  0.000000 )
(   0.471020  0.000000  -0.000000  0.000000   0.000000  0.000000 )
(  -0.122508  0.000000   0.000000  0.000000  -0.000000  0.000000 )
(  -0.122508  0.000000   0.000000  0.000000  -0.000000  0.000000 )
(  -0.251297  0.000000   0.047696  0.000000  -0.101884  0.000000 )
(  -0.333909  0.000000   0.000000  0.000000  -0.000000  0.000000 )
(  -0.251297  0.000000  -0.047696  0.000000   0.101884  0.000000 )
(  -0.333909  0.000000   0.000000  0.000000  -0.000000  0.000000 )
(  -0.251297  0.000000  -0.047696  0.000000   0.101884  0.000000 )
(  -0.251297  0.000000   0.047696  0.000000  -0.101884  0.000000 )
   freq (   21) =    34.32981321 [THz] =  1145.11914420 [cm-1]
(   0.000000  0.000000   0.007082  0.000000   0.000000  0.000000 )
(   0.000000  0.000000   0.471020  0.000000   0.000000  0.000000 )
(   0.000000  0.000000   0.471020  0.000000   0.000000  0.000000 )
(  -0.000000  0.000000  -0.122508  0.000000  -0.000000  0.000000 )
(  -0.000000  0.000000  -0.122508  0.000000  -0.000000  0.000000 )
(   0.047696  0.000000  -0.306372  0.000000  -0.058823  0.000000 )
(  -0.000000  0.000000  -0.223760  0.000000   0.117645  0.000000 )
(  -0.047696  0.000000  -0.306372  0.000000  -0.058823  0.000000 )
(  -0.000000  0.000000  -0.223760  0.000000   0.117645  0.000000 )
(  -0.047696  0.000000  -0.306372  0.000000  -0.058823  0.000000 )
(   0.047696  0.000000  -0.306372  0.000000  -0.058823  0.000000 )
   freq (   22) =    34.47236385 [THz] =  1149.87412101 [cm-1]
(  -0.002228  0.000000  -0.000000  0.000000  -0.000000  0.000000 )
(  -0.133079  0.000000  -0.000000  0.000000  -0.000000  0.000000 )
(  -0.133079  0.000000  -0.000000  0.000000  -0.000000  0.000000 )
(   0.506194  0.000000   0.000000  0.000000   0.000000  0.000000 )
(   0.506194  0.000000   0.000000  0.000000   0.000000  0.000000 )
(  -0.077585  0.000000  -0.007577  0.000000  -0.323841  0.000000 )
(  -0.064460  0.000000  -0.000000  0.000000   0.000000  0.000000 )
(  -0.077585  0.000000   0.007577  0.000000   0.323841  0.000000 )
(  -0.064460  0.000000  -0.000000  0.000000   0.000000  0.000000 )
(  -0.077585  0.000000   0.007577  0.000000   0.323841  0.000000 )
(  -0.077585  0.000000  -0.007577  0.000000  -0.323841  0.000000 )
   freq (   23) =    34.47236385 [THz] =  1149.87412101 [cm-1]
(  -0.000000  0.000000   0.002228  0.000000   0.000000  0.000000 )
(  -0.000000  0.000000   0.133079  0.000000   0.000000  0.000000 )
(  -0.000000  0.000000   0.133079  0.000000   0.000000  0.000000 )
(   0.000000  0.000000  -0.506194  0.000000  -0.000000  0.000000 )
(   0.000000  0.000000  -0.506194  0.000000  -0.000000  0.000000 )
(   0.007577  0.000000   0.068835  0.000000   0.186970  0.000000 )
(  -0.000000  0.000000   0.081959  0.000000  -0.373940  0.000000 )
(  -0.007577  0.000000   0.068835  0.000000   0.186970  0.000000 )
(  -0.000000  0.000000   0.081959  0.000000  -0.373940  0.000000 )
(  -0.007577  0.000000   0.068835  0.000000   0.186970  0.000000 )
(   0.007577  0.000000   0.068835  0.000000   0.186970  0.000000 )
   freq (   24) =    38.36214347 [THz] =  1279.62318471 [cm-1]
(   0.000000  0.000000   0.000000  0.000000   0.000173  0.000000 )
(   0.000000  0.000000  -0.000000  0.000000   0.027576  0.000000 )
(  -0.000000  0.000000  -0.000000  0.000000   0.027576  0.000000 )
(   0.000000  0.000000  -0.000000  0.000000   0.351966  0.000000 )
(   0.000000  0.000000  -0.000000  0.000000   0.351966  0.000000 )
(   0.284729  0.000000   0.164388  0.000000  -0.130484  0.000000 )
(   0.000000  0.000000  -0.328776  0.000000  -0.130484  0.000000 )
(  -0.284729  0.000000   0.164388  0.000000  -0.130484  0.000000 )
(  -0.000000  0.000000  -0.328776  0.000000  -0.130484  0.000000 )
(  -0.284729  0.000000   0.164388  0.000000  -0.130484  0.000000 )
(   0.284729  0.000000   0.164388  0.000000  -0.130484  0.000000 )
   freq (   25) =    42.87008037 [THz] =  1429.99175247 [cm-1]
(  -0.000000  0.000000   0.000000  0.000000  -0.000000  0.000000 )
(   0.373085  0.000000   0.002786  0.000000  -0.000000  0.000000 )
(  -0.373085  0.000000  -0.002786  0.000000   0.000000  0.000000 )
(   0.266429  0.000000   0.001990  0.000000  -0.000000  0.000000 )
(  -0.266429  0.000000  -0.001990  0.000000  -0.000000  0.000000 )
(   0.069794  0.000000   0.247790  0.000000  -0.109009  0.000000 )
(  -0.364101  0.000000   0.001583  0.000000   0.000936  0.000000 )
(   0.066068  0.000000  -0.251078  0.000000   0.108073  0.000000 )
(   0.364101  0.000000  -0.001583  0.000000  -0.000936  0.000000 )
(  -0.066068  0.000000   0.251078  0.000000  -0.108073  0.000000 )
(  -0.069794  0.000000  -0.247790  0.000000   0.109009  0.000000 )
   freq (   26) =    42.87008037 [THz] =  1429.99175247 [cm-1]
(  -0.000000  0.000000   0.000000  0.000000  -0.000000  0.000000 )
(   0.002786  0.000000  -0.373085  0.000000   0.000000  0.000000 )
(  -0.002786  0.000000   0.373085  0.000000  -0.000000  0.000000 )
(   0.001990  0.000000  -0.266429  0.000000  -0.000000  0.000000 )
(  -0.001990  0.000000   0.266429  0.000000   0.000000  0.000000 )
(  -0.248926  0.000000   0.221953  0.000000   0.061855  0.000000 )
(  -0.002719  0.000000  -0.211942  0.000000  -0.125332  0.000000 )
(   0.249941  0.000000   0.218227  0.000000   0.063477  0.000000 )
(   0.002719  0.000000   0.211942  0.000000   0.125332  0.000000 )
(  -0.249941  0.000000  -0.218227  0.000000  -0.063477  0.000000 )
(   0.248926  0.000000  -0.221953  0.000000  -0.061855  0.000000 )
   freq (   27) =    42.91316697 [THz] =  1431.42896639 [cm-1]
(  -0.000000  0.000000   0.000000  0.000000   0.000000  0.000000 )
(   0.000000  0.000000   0.000000  0.000000   0.373397  0.000000 )
(  -0.000000  0.000000  -0.000000  0.000000  -0.373397  0.000000 )
(   0.000000  0.000000   0.000000  0.000000  -0.249190  0.000000 )
(  -0.000000  0.000000  -0.000000  0.000000   0.249190  0.000000 )
(  -0.172392  0.000000  -0.099530  0.000000  -0.244679  0.000000 )
(  -0.000000  0.000000   0.199061  0.000000  -0.244679  0.000000 )
(   0.172392  0.000000  -0.099530  0.000000  -0.244679  0.000000 )
(   0.000000  0.000000  -0.199061  0.000000   0.244679  0.000000 )
(  -0.172392  0.000000   0.099530  0.000000   0.244679  0.000000 )
(   0.172392  0.000000   0.099530  0.000000   0.244679  0.000000 )
   freq (   28) =    42.92597770 [THz] =  1431.85628621 [cm-1]
(   0.000000  0.000000  -0.000000  0.000000   0.005598  0.000000 )
(   0.000000  0.000000   0.000000  0.000000  -0.212491  0.000000 )
(  -0.000000  0.000000   0.000000  0.000000  -0.212491  0.000000 )
(   0.000000  0.000000   0.000000  0.000000   0.426654  0.000000 )
(  -0.000000  0.000000   0.000000  0.000000   0.426654  0.000000 )
(  -0.195488  0.000000  -0.112865  0.000000  -0.199946  0.000000 )
(  -0.000000  0.000000   0.225730  0.000000  -0.199946  0.000000 )
(   0.195488  0.000000  -0.112865  0.000000  -0.199946  0.000000 )
(   0.000000  0.000000   0.225730  0.000000  -0.199946  0.000000 )
(   0.195488  0.000000  -0.112865  0.000000  -0.199946  0.000000 )
(  -0.195488  0.000000  -0.112865  0.000000  -0.199946  0.000000 )
   freq (   29) =    43.00215468 [THz] =  1434.39727644 [cm-1]
(   0.000000  0.000000  -0.000000  0.000000  -0.000000  0.000000 )
(  -0.058219  0.000000   0.000591  0.000000   0.000000  0.000000 )
(   0.058219  0.000000  -0.000591  0.000000   0.000000  0.000000 )
(  -0.401828  0.000000   0.004080  0.000000  -0.000000  0.000000 )
(   0.401828  0.000000  -0.004080  0.000000  -0.000000  0.000000 )
(  -0.014882  0.000000   0.171637  0.000000   0.300853  0.000000 )
(  -0.306772  0.000000  -0.000860  0.000000   0.003548  0.000000 )
(  -0.011440  0.000000  -0.167396  0.000000  -0.304401  0.000000 )
(   0.306772  0.000000   0.000860  0.000000  -0.003548  0.000000 )
(   0.011440  0.000000   0.167396  0.000000   0.304401  0.000000 )
(   0.014882  0.000000  -0.171637  0.000000  -0.300853  0.000000 )
   freq (   30) =    43.00215468 [THz] =  1434.39727644 [cm-1]
(   0.000000  0.000000  -0.000000  0.000000  -0.000000  0.000000 )
(  -0.000591  0.000000  -0.058219  0.000000   0.000000  0.000000 )
(   0.000591  0.000000   0.058219  0.000000  -0.000000  0.000000 )
(  -0.004080  0.000000  -0.401828  0.000000  -0.000000  0.000000 )
(   0.004080  0.000000   0.401828  0.000000   0.000000  0.000000 )
(   0.169383  0.000000  -0.207181  0.000000   0.177794  0.000000 )
(  -0.003115  0.000000   0.084709  0.000000  -0.349443  0.000000 )
(  -0.169650  0.000000  -0.210623  0.000000   0.171649  0.000000 )
(   0.003115  0.000000  -0.084709  0.000000   0.349443  0.000000 )
(   0.169650  0.000000   0.210623  0.000000  -0.171649  0.000000 )
(  -0.169383  0.000000   0.207181  0.000000  -0.177794  0.000000 )
   freq (   31) =    43.33231906 [THz] =  1445.41037333 [cm-1]
(  -0.005623  0.000000   0.000000  0.000000   0.000000  0.000000 )
(   0.212356  0.000000  -0.000000  0.000000  -0.000000  0.000000 )
(   0.212356  0.000000  -0.000000  0.000000  -0.000000  0.000000 )
(   0.282765  0.000000  -0.000000  0.000000   0.000000  0.000000 )
(   0.282765  0.000000  -0.000000  0.000000   0.000000  0.000000 )
(  -0.190902  0.000000  -0.268466  0.000000   0.203432  0.000000 )
(   0.274095  0.000000   0.000000  0.000000   0.000000  0.000000 )
(  -0.190902  0.000000   0.268466  0.000000  -0.203432  0.000000 )
(   0.274095  0.000000   0.000000  0.000000   0.000000  0.000000 )
(  -0.190902  0.000000   0.268466  0.000000  -0.203432  0.000000 )
(  -0.190902  0.000000  -0.268466  0.000000   0.203432  0.000000 )
   freq (   32) =    43.33231906 [THz] =  1445.41037333 [cm-1]
(  -0.000000  0.000000  -0.005623  0.000000  -0.000000  0.000000 )
(   0.000000  0.000000   0.212356  0.000000   0.000000  0.000000 )
(   0.000000  0.000000   0.212356  0.000000   0.000000  0.000000 )
(   0.000000  0.000000   0.282765  0.000000  -0.000000  0.000000 )
(   0.000000  0.000000   0.282765  0.000000  -0.000000  0.000000 )
(  -0.268466  0.000000   0.119096  0.000000   0.117451  0.000000 )
(   0.000000  0.000000  -0.345901  0.000000  -0.234903  0.000000 )
(   0.268466  0.000000   0.119096  0.000000   0.117451  0.000000 )
(   0.000000  0.000000  -0.345901  0.000000  -0.234903  0.000000 )
(   0.268466  0.000000   0.119096  0.000000   0.117451  0.000000 )
(  -0.268466  0.000000   0.119096  0.000000   0.117451  0.000000 )
   freq (   33) =    56.36273950 [THz] =  1880.05835150 [cm-1]
(  -0.000000  0.000000   0.000000  0.000000  -0.000000  0.000000 )
(  -0.000000  0.000000  -0.000000  0.000000   0.017052  0.000000 )
(   0.000000  0.000000   0.000000  0.000000  -0.017052  0.000000 )
(  -0.000000  0.000000   0.000000  0.000000  -0.361941  0.000000 )
(   0.000000  0.000000  -0.000000  0.000000   0.361941  0.000000 )
(   0.281084  0.000000   0.162284  0.000000  -0.132509  0.000000 )
(  -0.000000  0.000000  -0.324568  0.000000  -0.132509  0.000000 )
(  -0.281084  0.000000   0.162284  0.000000  -0.132509  0.000000 )
(   0.000000  0.000000   0.324568  0.000000   0.132509  0.000000 )
(   0.281084  0.000000  -0.162284  0.000000   0.132509  0.000000 )
(  -0.281084  0.000000  -0.162284  0.000000   0.132509  0.000000 )
***************************************************************************
