Dynamical matrix file
File generated with the CellConstructor by Lorenzo Monacelli
2 11 0     1.8897259890000000     0.0000000000000000     0.0000000000000000     0.0000000000000000     0.0000000000000000     0.0000000000000000
Basis vectors
    1.7915405097350925    -1.0343463955606642     2.9342449756350595
   -0.0000000000000026     2.0686927911213253     2.9342449756350595
   -1.7915405097350974    -1.0343463955606651     2.9342449756350586
	1  'La '  126604.5951757480361266
	2  'H '    918.7358275894680446
    1     1    -0.0000000000000036    -0.0000000000000010     4.4013675074489722
    2     2    -0.0000000000000018    -0.0000000000000007     2.1943064817466853
    3     2     0.0000000000000018     0.0000000000000007    -2.1943064817466853
    4     2    -0.0000000000000007    -0.0000000000000002     1.0467948465594412
    5     2     0.0000000000000007     0.0000000000000002    -1.0467948465594412
    6     2     0.9290611601612986     0.5363937103479931     6.2353229674519506
    7     2    -0.0000000000000058    -1.0727874206959913     6.2353229674519497
    8     2    -0.9290611601613065     0.5363937103479923     6.2353229674519515
    9     2    -0.0000000000000021     1.0727874206959891     2.5674120437796302
   10     2     0.9290611601613021    -0.5363937103479954     2.5674120437796302
   11     2    -0.9290611601613055    -0.5363937103479955     2.5674120437796306

     Dynamical Matrix in cartesian axes

     q = (     0.000000000000     0.000000000000     0.000000000000 )

    1    1
     0.6551253838902077     0.0000000000000000       -0.0000000000000001     0.0000000000000000        0.0000000000000005     0.0000000000000000
    -0.0000000000000002     0.0000000000000000        0.6551253838889572     0.0000000000000000        0.0000000000000004     0.0000000000000000
     0.0000000000000003     0.0000000000000000        0.0000000000000004     0.0000000000000000        0.6510778832278185     0.0000000000000000
    1    2
    -0.0350092048648997     0.0000000000000000        0.0000000000000000     0.0000000000000000       -0.0000000000000000     0.0000000000000000
     0.0000000000000000     0.0000000000000000       -0.0350092048648329     0.0000000000000000       -0.0000000000000000     0.0000000000000000
    -0.0000000000000000     0.0000000000000000       -0.0000000000000000     0.0000000000000000       -0.0352068615083104     0.0000000000000000
    1    3
    -0.0350092048648997     0.0000000000000000        0.0000000000000000     0.0000000000000000       -0.0000000000000000     0.0000000000000000
     0.0000000000000000     0.0000000000000000       -0.0350092048648329     0.0000000000000000       -0.0000000000000000     0.0000000000000000
    -0.0000000000000000     0.0000000000000000       -0.0000000000000000     0.0000000000000000       -0.0352068615083104     0.0000000000000000
    1    4
    -0.0890132019383577     0.0000000000000000        0.0000000000000000     0.0000000000000000       -0.0000000000000001     0.0000000000000000
     0.0000000000000000     0.0000000000000000       -0.0890132019381878     0.0000000000000000       -0.0000000000000000     0.0000000000000000
    -0.0000000000000001     0.0000000000000000       -0.0000000000000000     0.0000000000000000       -0.0237536886947877     0.0000000000000000
    1    5
    -0.0890132019383577     0.0000000000000000        0.0000000000000000     0.0000000000000000       -0.0000000000000001     0.0000000000000000
     0.0000000000000000     0.0000000000000000       -0.0890132019381878     0.0000000000000000       -0.0000000000000000     0.0000000000000000
    -0.0000000000000001     0.0000000000000000       -0.0000000000000000     0.0000000000000000       -0.0237536886947877     0.0000000000000000
    1    6
    -0.0507313760244448     0.0000000000000000        0.0296447176053298     0.0000000000000000       -0.0200293608654198     0.0000000000000000
     0.0296447176053298     0.0000000000000000       -0.0849621474032906     0.0000000000000000       -0.0115639568873352     0.0000000000000000
    -0.0192763588903665     0.0000000000000000       -0.0111292109943383     0.0000000000000000       -0.0888594638036038     0.0000000000000000
    1    7
    -0.1020775330929567     0.0000000000000000        0.0000000000000000     0.0000000000000000       -0.0000000000000000     0.0000000000000000
     0.0000000000000000     0.0000000000000000       -0.0336159903348767     0.0000000000000000        0.0231279137746704     0.0000000000000000
    -0.0000000000000001     0.0000000000000000        0.0222584219886766     0.0000000000000000       -0.0888594638036037     0.0000000000000000
    1    8
    -0.0507313760244448     0.0000000000000000       -0.0296447176053298     0.0000000000000000        0.0200293608654197     0.0000000000000000
    -0.0296447176053298     0.0000000000000000       -0.0849621474032906     0.0000000000000000       -0.0115639568873353     0.0000000000000000
     0.0192763588903664     0.0000000000000000       -0.0111292109943384     0.0000000000000000       -0.0888594638036037     0.0000000000000000
    1    9
    -0.1020775330929567     0.0000000000000000        0.0000000000000000     0.0000000000000000       -0.0000000000000000     0.0000000000000000
     0.0000000000000000     0.0000000000000000       -0.0336159903348767     0.0000000000000000        0.0231279137746704     0.0000000000000000
    -0.0000000000000001     0.0000000000000000        0.0222584219886766     0.0000000000000000       -0.0888594638036037     0.0000000000000000
    1   10
    -0.0507313760244448     0.0000000000000000       -0.0296447176053298     0.0000000000000000        0.0200293608654197     0.0000000000000000
    -0.0296447176053298     0.0000000000000000       -0.0849621474032906     0.0000000000000000       -0.0115639568873353     0.0000000000000000
     0.0192763588903664     0.0000000000000000       -0.0111292109943384     0.0000000000000000       -0.0888594638036037     0.0000000000000000
    1   11
    -0.0507313760244448     0.0000000000000000        0.0296447176053299     0.0000000000000000       -0.0200293608654197     0.0000000000000000
     0.0296447176053298     0.0000000000000000       -0.0849621474032906     0.0000000000000000       -0.0115639568873352     0.0000000000000000
    -0.0192763588903665     0.0000000000000000       -0.0111292109943383     0.0000000000000000       -0.0888594638036038     0.0000000000000000
    2    1
    -0.0350092048648997     0.0000000000000000        0.0000000000000000     0.0000000000000000       -0.0000000000000000     0.0000000000000000
     0.0000000000000000     0.0000000000000000       -0.0350092048648329     0.0000000000000000       -0.0000000000000000     0.0000000000000000
    -0.0000000000000000     0.0000000000000000       -0.0000000000000000     0.0000000000000000       -0.0352068615083104     0.0000000000000000
    2    2
     0.0909648275439803     0.0000000000000000       -0.0000000000000000     0.0000000000000000        0.0000000000000000     0.0000000000000000
    -0.0000000000000000     0.0000000000000000        0.0909648275438067     0.0000000000000000        0.0000000000000000     0.0000000000000000
     0.0000000000000000     0.0000000000000000        0.0000000000000000     0.0000000000000000        0.0965283447731373     0.0000000000000000
    2    3
    -0.0028259404169117     0.0000000000000000        0.0000000000000000     0.0000000000000000       -0.0000000000000000     0.0000000000000000
     0.0000000000000000     0.0000000000000000       -0.0028259404169063     0.0000000000000000       -0.0000000000000000     0.0000000000000000
    -0.0000000000000000     0.0000000000000000       -0.0000000000000000     0.0000000000000000       -0.0020818373389588     0.0000000000000000
    2    4
     0.0079711021228959     0.0000000000000000       -0.0000000000000000     0.0000000000000000        0.0000000000000000     0.0000000000000000
    -0.0000000000000000     0.0000000000000000        0.0079711021228807     0.0000000000000000        0.0000000000000000     0.0000000000000000
     0.0000000000000000     0.0000000000000000        0.0000000000000000     0.0000000000000000       -0.0259417743374980     0.0000000000000000
    2    5
    -0.0162098123042316     0.0000000000000000        0.0000000000000000     0.0000000000000000       -0.0000000000000000     0.0000000000000000
     0.0000000000000000     0.0000000000000000       -0.0162098123042007     0.0000000000000000       -0.0000000000000000     0.0000000000000000
    -0.0000000000000000     0.0000000000000000       -0.0000000000000000     0.0000000000000000       -0.0004326173835143     0.0000000000000000
    2    6
    -0.0051767586403600     0.0000000000000000        0.0048722080886483     0.0000000000000000       -0.0041761962578026     0.0000000000000000
     0.0048722080886483     0.0000000000000000       -0.0108026999434027     0.0000000000000000       -0.0024111280336287     0.0000000000000000
    -0.0044090867510713     0.0000000000000000       -0.0025455874226090     0.0000000000000000       -0.0135612252862859     0.0000000000000000
    2    7
    -0.0136156705949550     0.0000000000000000       -0.0000000000000000     0.0000000000000000       -0.0000000000000000     0.0000000000000000
    -0.0000000000000000     0.0000000000000000       -0.0023637879888239     0.0000000000000000        0.0048222560672575     0.0000000000000000
    -0.0000000000000000     0.0000000000000000        0.0050911748452180     0.0000000000000000       -0.0135612252862859     0.0000000000000000
    2    8
    -0.0051767586403600     0.0000000000000000       -0.0048722080886483     0.0000000000000000        0.0041761962578026     0.0000000000000000
    -0.0048722080886483     0.0000000000000000       -0.0108026999434027     0.0000000000000000       -0.0024111280336287     0.0000000000000000
     0.0044090867510713     0.0000000000000000       -0.0025455874226090     0.0000000000000000       -0.0135612252862859     0.0000000000000000
    2    9
     0.0071120221218117     0.0000000000000000        0.0000000000000000     0.0000000000000000        0.0000000000000000     0.0000000000000000
     0.0000000000000000     0.0000000000000000       -0.0210598782585437     0.0000000000000000       -0.0113598125698774     0.0000000000000000
     0.0000000000000000     0.0000000000000000       -0.0088558279957264     0.0000000000000000        0.0026061405513339     0.0000000000000000
    2   10
    -0.0140169031634849     0.0000000000000000        0.0121987907011419     0.0000000000000000       -0.0098378862677530     0.0000000000000000
     0.0121987907011419     0.0000000000000000        0.0000690470267127     0.0000000000000000        0.0056799062849387     0.0000000000000000
    -0.0076693720158518     0.0000000000000000        0.0044279139978632     0.0000000000000000        0.0026061405513339     0.0000000000000000
    2   11
    -0.0140169031634849     0.0000000000000000       -0.0121987907011419     0.0000000000000000        0.0098378862677530     0.0000000000000000
    -0.0121987907011419     0.0000000000000000        0.0000690470267127     0.0000000000000000        0.0056799062849387     0.0000000000000000
     0.0076693720158517     0.0000000000000000        0.0044279139978632     0.0000000000000000        0.0026061405513339     0.0000000000000000
    3    1
    -0.0350092048648997     0.0000000000000000        0.0000000000000000     0.0000000000000000       -0.0000000000000000     0.0000000000000000
     0.0000000000000000     0.0000000000000000       -0.0350092048648329     0.0000000000000000       -0.0000000000000000     0.0000000000000000
    -0.0000000000000000     0.0000000000000000       -0.0000000000000000     0.0000000000000000       -0.0352068615083104     0.0000000000000000
    3    2
    -0.0028259404169117     0.0000000000000000        0.0000000000000000     0.0000000000000000       -0.0000000000000000     0.0000000000000000
     0.0000000000000000     0.0000000000000000       -0.0028259404169063     0.0000000000000000       -0.0000000000000000     0.0000000000000000
    -0.0000000000000000     0.0000000000000000       -0.0000000000000000     0.0000000000000000       -0.0020818373389588     0.0000000000000000
    3    3
     0.0909648275439803     0.0000000000000000       -0.0000000000000000     0.0000000000000000        0.0000000000000000     0.0000000000000000
    -0.0000000000000000     0.0000000000000000        0.0909648275438067     0.0000000000000000        0.0000000000000000     0.0000000000000000
     0.0000000000000000     0.0000000000000000        0.0000000000000000     0.0000000000000000        0.0965283447731373     0.0000000000000000
    3    4
    -0.0162098123042316     0.0000000000000000        0.0000000000000000     0.0000000000000000       -0.0000000000000000     0.0000000000000000
     0.0000000000000000     0.0000000000000000       -0.0162098123042007     0.0000000000000000       -0.0000000000000000     0.0000000000000000
    -0.0000000000000000     0.0000000000000000       -0.0000000000000000     0.0000000000000000       -0.0004326173835143     0.0000000000000000
    3    5
     0.0079711021228959     0.0000000000000000       -0.0000000000000000     0.0000000000000000        0.0000000000000000     0.0000000000000000
    -0.0000000000000000     0.0000000000000000        0.0079711021228807     0.0000000000000000        0.0000000000000000     0.0000000000000000
     0.0000000000000000     0.0000000000000000        0.0000000000000000     0.0000000000000000       -0.0259417743374980     0.0000000000000000
    3    6
    -0.0140169031634849     0.0000000000000000       -0.0121987907011419     0.0000000000000000        0.0098378862677530     0.0000000000000000
    -0.0121987907011419     0.0000000000000000        0.0000690470267127     0.0000000000000000        0.0056799062849387     0.0000000000000000
     0.0076693720158517     0.0000000000000000        0.0044279139978632     0.0000000000000000        0.0026061405513339     0.0000000000000000
    3    7
     0.0071120221218117     0.0000000000000000        0.0000000000000000     0.0000000000000000        0.0000000000000000     0.0000000000000000
     0.0000000000000000     0.0000000000000000       -0.0210598782585437     0.0000000000000000       -0.0113598125698774     0.0000000000000000
     0.0000000000000000     0.0000000000000000       -0.0088558279957264     0.0000000000000000        0.0026061405513339     0.0000000000000000
    3    8
    -0.0140169031634849     0.0000000000000000        0.0121987907011419     0.0000000000000000       -0.0098378862677530     0.0000000000000000
     0.0121987907011419     0.0000000000000000        0.0000690470267127     0.0000000000000000        0.0056799062849387     0.0000000000000000
    -0.0076693720158518     0.0000000000000000        0.0044279139978632     0.0000000000000000        0.0026061405513339     0.0000000000000000
    3    9
    -0.0136156705949550     0.0000000000000000       -0.0000000000000000     0.0000000000000000       -0.0000000000000000     0.0000000000000000
    -0.0000000000000000     0.0000000000000000       -0.0023637879888239     0.0000000000000000        0.0048222560672575     0.0000000000000000
    -0.0000000000000000     0.0000000000000000        0.0050911748452180     0.0000000000000000       -0.0135612252862859     0.0000000000000000
    3   10
    -0.0051767586403600     0.0000000000000000       -0.0048722080886483     0.0000000000000000        0.0041761962578026     0.0000000000000000
    -0.0048722080886483     0.0000000000000000       -0.0108026999434027     0.0000000000000000       -0.0024111280336287     0.0000000000000000
     0.0044090867510713     0.0000000000000000       -0.0025455874226090     0.0000000000000000       -0.0135612252862859     0.0000000000000000
    3   11
    -0.0051767586403600     0.0000000000000000        0.0048722080886483     0.0000000000000000       -0.0041761962578026     0.0000000000000000
     0.0048722080886483     0.0000000000000000       -0.0108026999434027     0.0000000000000000       -0.0024111280336287     0.0000000000000000
    -0.0044090867510713     0.0000000000000000       -0.0025455874226090     0.0000000000000000       -0.0135612252862859     0.0000000000000000
    4    1
    -0.0890132019383577     0.0000000000000000        0.0000000000000000     0.0000000000000000       -0.0000000000000001     0.0000000000000000
     0.0000000000000000     0.0000000000000000       -0.0890132019381878     0.0000000000000000       -0.0000000000000000     0.0000000000000000
    -0.0000000000000001     0.0000000000000000       -0.0000000000000000     0.0000000000000000       -0.0237536886947877     0.0000000000000000
    4    2
     0.0079711021228959     0.0000000000000000       -0.0000000000000000     0.0000000000000000        0.0000000000000000     0.0000000000000000
    -0.0000000000000000     0.0000000000000000        0.0079711021228807     0.0000000000000000        0.0000000000000000     0.0000000000000000
     0.0000000000000000     0.0000000000000000        0.0000000000000000     0.0000000000000000       -0.0259417743374980     0.0000000000000000
    4    3
    -0.0162098123042316     0.0000000000000000        0.0000000000000000     0.0000000000000000       -0.0000000000000000     0.0000000000000000
     0.0000000000000000     0.0000000000000000       -0.0162098123042007     0.0000000000000000       -0.0000000000000000     0.0000000000000000
    -0.0000000000000000     0.0000000000000000       -0.0000000000000000     0.0000000000000000       -0.0004326173835143     0.0000000000000000
    4    4
     0.1127400832375514     0.0000000000000000       -0.0000000000000000     0.0000000000000000        0.0000000000000000     0.0000000000000000
    -0.0000000000000000     0.0000000000000000        0.1127400832373362     0.0000000000000000        0.0000000000000000     0.0000000000000000
     0.0000000000000000     0.0000000000000000        0.0000000000000001     0.0000000000000000        0.1345130969234518     0.0000000000000000
    4    5
    -0.0054066866399477     0.0000000000000000        0.0000000000000000     0.0000000000000000       -0.0000000000000000     0.0000000000000000
     0.0000000000000000     0.0000000000000000       -0.0054066866399373     0.0000000000000000       -0.0000000000000000     0.0000000000000000
    -0.0000000000000000     0.0000000000000000       -0.0000000000000000     0.0000000000000000       -0.0044571778274871     0.0000000000000000
    4    6
    -0.0022323691609638     0.0000000000000000       -0.0062661965870507     0.0000000000000000       -0.0060536713337957     0.0000000000000000
    -0.0062661965870507     0.0000000000000000        0.0050032114116912     0.0000000000000000       -0.0034950887741491     0.0000000000000000
    -0.0154751189625649     0.0000000000000000       -0.0089345640987698     0.0000000000000000        0.0041030819911166     0.0000000000000000
    4    7
     0.0086210016980331     0.0000000000000000       -0.0000000000000000     0.0000000000000000        0.0000000000000000     0.0000000000000000
     0.0000000000000000     0.0000000000000000       -0.0058501594472849     0.0000000000000000        0.0069901775482982     0.0000000000000000
     0.0000000000000000     0.0000000000000000        0.0178691281975396     0.0000000000000000        0.0041030819911167     0.0000000000000000
    4    8
    -0.0022323691609638     0.0000000000000000        0.0062661965870507     0.0000000000000000        0.0060536713337956     0.0000000000000000
     0.0062661965870507     0.0000000000000000        0.0050032114116912     0.0000000000000000       -0.0034950887741491     0.0000000000000000
     0.0154751189625649     0.0000000000000000       -0.0089345640987698     0.0000000000000000        0.0041030819911167     0.0000000000000000
    4    9
     0.0057414471018428     0.0000000000000000        0.0000000000000000     0.0000000000000000        0.0000000000000000     0.0000000000000000
     0.0000000000000000     0.0000000000000000       -0.0152332790044909     0.0000000000000000       -0.0219816391081255     0.0000000000000000
     0.0000000000000000     0.0000000000000000       -0.0261687119167097     0.0000000000000000       -0.0307456948845049     0.0000000000000000
    4   10
    -0.0099895974779293     0.0000000000000000        0.0090823228227567     0.0000000000000000       -0.0190366578844764     0.0000000000000000
     0.0090823228227567     0.0000000000000000        0.0004977655752511     0.0000000000000000        0.0109908195540628     0.0000000000000000
    -0.0226627693042088     0.0000000000000000        0.0130843559583549     0.0000000000000000       -0.0307456948845049     0.0000000000000000
    4   11
    -0.0099895974779293     0.0000000000000000       -0.0090823228227567     0.0000000000000000        0.0190366578844764     0.0000000000000000
    -0.0090823228227567     0.0000000000000000        0.0004977655752511     0.0000000000000000        0.0109908195540627     0.0000000000000000
     0.0226627693042088     0.0000000000000000        0.0130843559583548     0.0000000000000000       -0.0307456948845048     0.0000000000000000
    5    1
    -0.0890132019383577     0.0000000000000000        0.0000000000000000     0.0000000000000000       -0.0000000000000001     0.0000000000000000
     0.0000000000000000     0.0000000000000000       -0.0890132019381878     0.0000000000000000       -0.0000000000000000     0.0000000000000000
    -0.0000000000000001     0.0000000000000000       -0.0000000000000000     0.0000000000000000       -0.0237536886947877     0.0000000000000000
    5    2
    -0.0162098123042316     0.0000000000000000        0.0000000000000000     0.0000000000000000       -0.0000000000000000     0.0000000000000000
     0.0000000000000000     0.0000000000000000       -0.0162098123042007     0.0000000000000000       -0.0000000000000000     0.0000000000000000
    -0.0000000000000000     0.0000000000000000       -0.0000000000000000     0.0000000000000000       -0.0004326173835143     0.0000000000000000
    5    3
     0.0079711021228959     0.0000000000000000       -0.0000000000000000     0.0000000000000000        0.0000000000000000     0.0000000000000000
    -0.0000000000000000     0.0000000000000000        0.0079711021228807     0.0000000000000000        0.0000000000000000     0.0000000000000000
     0.0000000000000000     0.0000000000000000        0.0000000000000000     0.0000000000000000       -0.0259417743374980     0.0000000000000000
    5    4
    -0.0054066866399477     0.0000000000000000        0.0000000000000000     0.0000000000000000       -0.0000000000000000     0.0000000000000000
     0.0000000000000000     0.0000000000000000       -0.0054066866399373     0.0000000000000000       -0.0000000000000000     0.0000000000000000
    -0.0000000000000000     0.0000000000000000       -0.0000000000000000     0.0000000000000000       -0.0044571778274871     0.0000000000000000
    5    5
     0.1127400832375514     0.0000000000000000       -0.0000000000000000     0.0000000000000000        0.0000000000000000     0.0000000000000000
    -0.0000000000000000     0.0000000000000000        0.1127400832373362     0.0000000000000000        0.0000000000000001     0.0000000000000000
     0.0000000000000000     0.0000000000000000        0.0000000000000001     0.0000000000000000        0.1345130969234518     0.0000000000000000
    5    6
    -0.0099895974779293     0.0000000000000000       -0.0090823228227567     0.0000000000000000        0.0190366578844764     0.0000000000000000
    -0.0090823228227567     0.0000000000000000        0.0004977655752511     0.0000000000000000        0.0109908195540627     0.0000000000000000
     0.0226627693042088     0.0000000000000000        0.0130843559583548     0.0000000000000000       -0.0307456948845048     0.0000000000000000
    5    7
     0.0057414471018428     0.0000000000000000        0.0000000000000000     0.0000000000000000        0.0000000000000000     0.0000000000000000
     0.0000000000000000     0.0000000000000000       -0.0152332790044909     0.0000000000000000       -0.0219816391081255     0.0000000000000000
     0.0000000000000000     0.0000000000000000       -0.0261687119167097     0.0000000000000000       -0.0307456948845049     0.0000000000000000
    5    8
    -0.0099895974779293     0.0000000000000000        0.0090823228227567     0.0000000000000000       -0.0190366578844764     0.0000000000000000
     0.0090823228227567     0.0000000000000000        0.0004977655752511     0.0000000000000000        0.0109908195540628     0.0000000000000000
    -0.0226627693042088     0.0000000000000000        0.0130843559583549     0.0000000000000000       -0.0307456948845049     0.0000000000000000
    5    9
     0.0086210016980331     0.0000000000000000       -0.0000000000000000     0.0000000000000000        0.0000000000000000     0.0000000000000000
    -0.0000000000000000     0.0000000000000000       -0.0058501594472849     0.0000000000000000        0.0069901775482982     0.0000000000000000
     0.0000000000000000     0.0000000000000000        0.0178691281975396     0.0000000000000000        0.0041030819911167     0.0000000000000000
    5   10
    -0.0022323691609638     0.0000000000000000        0.0062661965870507     0.0000000000000000        0.0060536713337956     0.0000000000000000
     0.0062661965870507     0.0000000000000000        0.0050032114116912     0.0000000000000000       -0.0034950887741491     0.0000000000000000
     0.0154751189625649     0.0000000000000000       -0.0089345640987698     0.0000000000000000        0.0041030819911167     0.0000000000000000
    5   11
    -0.0022323691609638     0.0000000000000000       -0.0062661965870507     0.0000000000000000       -0.0060536713337957     0.0000000000000000
    -0.0062661965870507     0.0000000000000000        0.0050032114116912     0.0000000000000000       -0.0034950887741491     0.0000000000000000
    -0.0154751189625649     0.0000000000000000       -0.0089345640987698     0.0000000000000000        0.0041030819911166     0.0000000000000000
    6    1
    -0.0507313760244448     0.0000000000000000        0.0296447176053299     0.0000000000000000       -0.0192763588903664     0.0000000000000000
     0.0296447176053298     0.0000000000000000       -0.0849621474032906     0.0000000000000000       -0.0111292109943383     0.0000000000000000
    -0.0200293608654197     0.0000000000000000       -0.0115639568873352     0.0000000000000000       -0.0888594638036038     0.0000000000000000
    6    2
    -0.0051767586403600     0.0000000000000000        0.0048722080886483     0.0000000000000000       -0.0044090867510713     0.0000000000000000
     0.0048722080886483     0.0000000000000000       -0.0108026999434027     0.0000000000000000       -0.0025455874226090     0.0000000000000000
    -0.0041761962578026     0.0000000000000000       -0.0024111280336287     0.0000000000000000       -0.0135612252862859     0.0000000000000000
    6    3
    -0.0140169031634849     0.0000000000000000       -0.0121987907011419     0.0000000000000000        0.0076693720158517     0.0000000000000000
    -0.0121987907011419     0.0000000000000000        0.0000690470267127     0.0000000000000000        0.0044279139978632     0.0000000000000000
     0.0098378862677530     0.0000000000000000        0.0056799062849387     0.0000000000000000        0.0026061405513339     0.0000000000000000
    6    4
    -0.0022323691609638     0.0000000000000000       -0.0062661965870507     0.0000000000000000       -0.0154751189625649     0.0000000000000000
    -0.0062661965870507     0.0000000000000000        0.0050032114116912     0.0000000000000000       -0.0089345640987698     0.0000000000000000
    -0.0060536713337957     0.0000000000000000       -0.0034950887741491     0.0000000000000000        0.0041030819911166     0.0000000000000000
    6    5
    -0.0099895974779293     0.0000000000000000       -0.0090823228227567     0.0000000000000000        0.0226627693042088     0.0000000000000000
    -0.0090823228227567     0.0000000000000000        0.0004977655752511     0.0000000000000000        0.0130843559583548     0.0000000000000000
     0.0190366578844764     0.0000000000000000        0.0109908195540627     0.0000000000000000       -0.0307456948845048     0.0000000000000000
    6    6
     0.1297000573853533     0.0000000000000000        0.0052988081084445     0.0000000000000000       -0.0033371356019218     0.0000000000000000
     0.0052988081084445     0.0000000000000000        0.1235815208095224     0.0000000000000000       -0.0019266961380899     0.0000000000000000
    -0.0033371356019217     0.0000000000000000       -0.0019266961380899     0.0000000000000000        0.1187430980171683     0.0000000000000000
    6    7
    -0.0096034958922814     0.0000000000000000       -0.0230095123131845     0.0000000000000000        0.0013703854836695     0.0000000000000000
    -0.0209378941797285     0.0000000000000000       -0.0349765428611081     0.0000000000000000       -0.0017532516345655     0.0000000000000000
     0.0022035531965965     0.0000000000000000       -0.0003101628245514     0.0000000000000000        0.0043129661516831     0.0000000000000000
    6    8
    -0.0476630663456216     0.0000000000000000        0.0010358090667280     0.0000000000000000       -0.0008331677129270     0.0000000000000000
    -0.0010358090667280     0.0000000000000000        0.0030830275921594     0.0000000000000000        0.0020634144591169     0.0000000000000000
     0.0008331677129270     0.0000000000000000        0.0020634144591169     0.0000000000000000        0.0043129661516831     0.0000000000000000
    6    9
    -0.0008441928207794     0.0000000000000000        0.0120667521470495     0.0000000000000000        0.0096141542094492     0.0000000000000000
     0.0031434480884687     0.0000000000000000        0.0079374203796184     0.0000000000000000       -0.0017235788452497     0.0000000000000000
     0.0062997401701377     0.0000000000000000       -0.0074643123586513     0.0000000000000000        0.0019533396590701     0.0000000000000000
    6   10
     0.0123282269798400     0.0000000000000000       -0.0044616520292904     0.0000000000000000        0.0033144140393115     0.0000000000000000
     0.0044616520292904     0.0000000000000000       -0.0052349994209758     0.0000000000000000        0.0091878912039010     0.0000000000000000
    -0.0033144140393115     0.0000000000000000        0.0091878912039010     0.0000000000000000        0.0019533396590701     0.0000000000000000
    6   11
    -0.0017705248393282     0.0000000000000000        0.0021001794372241     0.0000000000000000       -0.0013002271336393     0.0000000000000000
     0.0021001794372241     0.0000000000000000       -0.0041956031661781     0.0000000000000000       -0.0007506864856136     0.0000000000000000
    -0.0013002271336393     0.0000000000000000       -0.0007506864856136     0.0000000000000000       -0.0048185482067307     0.0000000000000000
    7    1
    -0.1020775330929566     0.0000000000000000        0.0000000000000000     0.0000000000000000       -0.0000000000000000     0.0000000000000000
     0.0000000000000000     0.0000000000000000       -0.0336159903348767     0.0000000000000000        0.0222584219886765     0.0000000000000000
    -0.0000000000000001     0.0000000000000000        0.0231279137746704     0.0000000000000000       -0.0888594638036037     0.0000000000000000
    7    2
    -0.0136156705949550     0.0000000000000000        0.0000000000000000     0.0000000000000000       -0.0000000000000000     0.0000000000000000
     0.0000000000000000     0.0000000000000000       -0.0023637879888239     0.0000000000000000        0.0050911748452180     0.0000000000000000
    -0.0000000000000000     0.0000000000000000        0.0048222560672574     0.0000000000000000       -0.0135612252862859     0.0000000000000000
    7    3
     0.0071120221218117     0.0000000000000000        0.0000000000000000     0.0000000000000000        0.0000000000000000     0.0000000000000000
     0.0000000000000000     0.0000000000000000       -0.0210598782585437     0.0000000000000000       -0.0088558279957264     0.0000000000000000
     0.0000000000000000     0.0000000000000000       -0.0113598125698774     0.0000000000000000        0.0026061405513339     0.0000000000000000
    7    4
     0.0086210016980331     0.0000000000000000        0.0000000000000000     0.0000000000000000        0.0000000000000000     0.0000000000000000
    -0.0000000000000000     0.0000000000000000       -0.0058501594472849     0.0000000000000000        0.0178691281975396     0.0000000000000000
     0.0000000000000000     0.0000000000000000        0.0069901775482982     0.0000000000000000        0.0041030819911167     0.0000000000000000
    7    5
     0.0057414471018428     0.0000000000000000        0.0000000000000000     0.0000000000000000        0.0000000000000000     0.0000000000000000
     0.0000000000000000     0.0000000000000000       -0.0152332790044909     0.0000000000000000       -0.0261687119167097     0.0000000000000000
     0.0000000000000000     0.0000000000000000       -0.0219816391081255     0.0000000000000000       -0.0307456948845049     0.0000000000000000
    7    6
    -0.0096034958922814     0.0000000000000000       -0.0209378941797285     0.0000000000000000        0.0022035531965965     0.0000000000000000
    -0.0230095123131845     0.0000000000000000       -0.0349765428611081     0.0000000000000000       -0.0003101628245514     0.0000000000000000
     0.0013703854836695     0.0000000000000000       -0.0017532516345655     0.0000000000000000        0.0043129661516831     0.0000000000000000
    7    7
     0.1205222525219608     0.0000000000000000       -0.0000000000000000     0.0000000000000000        0.0000000000000000     0.0000000000000000
    -0.0000000000000001     0.0000000000000000        0.1327593256728975     0.0000000000000000        0.0038533922761801     0.0000000000000000
     0.0000000000000001     0.0000000000000000        0.0038533922761801     0.0000000000000000        0.1187430980171683     0.0000000000000000
    7    8
    -0.0096034958922815     0.0000000000000000        0.0209378941797285     0.0000000000000000       -0.0022035531965965     0.0000000000000000
     0.0230095123131845     0.0000000000000000       -0.0349765428611081     0.0000000000000000       -0.0003101628245514     0.0000000000000000
    -0.0013703854836695     0.0000000000000000       -0.0017532516345655     0.0000000000000000        0.0043129661516831     0.0000000000000000
    7    9
    -0.0054081423296151     0.0000000000000000       -0.0000000000000000     0.0000000000000000       -0.0000000000000000     0.0000000000000000
    -0.0000000000000000     0.0000000000000000       -0.0005579856758981     0.0000000000000000        0.0015013729712272     0.0000000000000000
    -0.0000000000000000     0.0000000000000000        0.0015013729712272     0.0000000000000000       -0.0048185482067307     0.0000000000000000
    7   10
    -0.0008441928207793     0.0000000000000000       -0.0031434480884687     0.0000000000000000       -0.0062997401701377     0.0000000000000000
    -0.0120667521470495     0.0000000000000000        0.0079374203796184     0.0000000000000000       -0.0074643123586513     0.0000000000000000
    -0.0096141542094492     0.0000000000000000       -0.0017235788452497     0.0000000000000000        0.0019533396590700     0.0000000000000000
    7   11
    -0.0008441928207794     0.0000000000000000        0.0031434480884687     0.0000000000000000        0.0062997401701377     0.0000000000000000
     0.0120667521470495     0.0000000000000000        0.0079374203796184     0.0000000000000000       -0.0074643123586513     0.0000000000000000
     0.0096141542094492     0.0000000000000000       -0.0017235788452497     0.0000000000000000        0.0019533396590701     0.0000000000000000
    8    1
    -0.0507313760244448     0.0000000000000000       -0.0296447176053298     0.0000000000000000        0.0192763588903664     0.0000000000000000
    -0.0296447176053298     0.0000000000000000       -0.0849621474032906     0.0000000000000000       -0.0111292109943384     0.0000000000000000
     0.0200293608654197     0.0000000000000000       -0.0115639568873353     0.0000000000000000       -0.0888594638036037     0.0000000000000000
    8    2
    -0.0051767586403600     0.0000000000000000       -0.0048722080886483     0.0000000000000000        0.0044090867510713     0.0000000000000000
    -0.0048722080886483     0.0000000000000000       -0.0108026999434027     0.0000000000000000       -0.0025455874226090     0.0000000000000000
     0.0041761962578026     0.0000000000000000       -0.0024111280336287     0.0000000000000000       -0.0135612252862859     0.0000000000000000
    8    3
    -0.0140169031634849     0.0000000000000000        0.0121987907011419     0.0000000000000000       -0.0076693720158518     0.0000000000000000
     0.0121987907011419     0.0000000000000000        0.0000690470267127     0.0000000000000000        0.0044279139978632     0.0000000000000000
    -0.0098378862677530     0.0000000000000000        0.0056799062849387     0.0000000000000000        0.0026061405513339     0.0000000000000000
    8    4
    -0.0022323691609638     0.0000000000000000        0.0062661965870507     0.0000000000000000        0.0154751189625649     0.0000000000000000
     0.0062661965870507     0.0000000000000000        0.0050032114116912     0.0000000000000000       -0.0089345640987698     0.0000000000000000
     0.0060536713337956     0.0000000000000000       -0.0034950887741491     0.0000000000000000        0.0041030819911167     0.0000000000000000
    8    5
    -0.0099895974779293     0.0000000000000000        0.0090823228227567     0.0000000000000000       -0.0226627693042088     0.0000000000000000
     0.0090823228227567     0.0000000000000000        0.0004977655752511     0.0000000000000000        0.0130843559583549     0.0000000000000000
    -0.0190366578844764     0.0000000000000000        0.0109908195540628     0.0000000000000000       -0.0307456948845049     0.0000000000000000
    8    6
    -0.0476630663456216     0.0000000000000000       -0.0010358090667280     0.0000000000000000        0.0008331677129270     0.0000000000000000
     0.0010358090667280     0.0000000000000000        0.0030830275921594     0.0000000000000000        0.0020634144591169     0.0000000000000000
    -0.0008331677129270     0.0000000000000000        0.0020634144591169     0.0000000000000000        0.0043129661516831     0.0000000000000000
    8    7
    -0.0096034958922815     0.0000000000000000        0.0230095123131845     0.0000000000000000       -0.0013703854836695     0.0000000000000000
     0.0209378941797285     0.0000000000000000       -0.0349765428611081     0.0000000000000000       -0.0017532516345655     0.0000000000000000
    -0.0022035531965965     0.0000000000000000       -0.0003101628245514     0.0000000000000000        0.0043129661516831     0.0000000000000000
    8    8
     0.1297000573853533     0.0000000000000000       -0.0052988081084445     0.0000000000000000        0.0033371356019219     0.0000000000000000
    -0.0052988081084445     0.0000000000000000        0.1235815208095224     0.0000000000000000       -0.0019266961380899     0.0000000000000000
     0.0033371356019219     0.0000000000000000       -0.0019266961380899     0.0000000000000000        0.1187430980171683     0.0000000000000000
    8    9
    -0.0008441928207793     0.0000000000000000       -0.0120667521470495     0.0000000000000000       -0.0096141542094492     0.0000000000000000
    -0.0031434480884687     0.0000000000000000        0.0079374203796184     0.0000000000000000       -0.0017235788452497     0.0000000000000000
    -0.0062997401701377     0.0000000000000000       -0.0074643123586513     0.0000000000000000        0.0019533396590700     0.0000000000000000
    8   10
    -0.0017705248393282     0.0000000000000000       -0.0021001794372241     0.0000000000000000        0.0013002271336393     0.0000000000000000
    -0.0021001794372241     0.0000000000000000       -0.0041956031661781     0.0000000000000000       -0.0007506864856136     0.0000000000000000
     0.0013002271336393     0.0000000000000000       -0.0007506864856136     0.0000000000000000       -0.0048185482067307     0.0000000000000000
    8   11
     0.0123282269798400     0.0000000000000000        0.0044616520292904     0.0000000000000000       -0.0033144140393115     0.0000000000000000
    -0.0044616520292904     0.0000000000000000       -0.0052349994209758     0.0000000000000000        0.0091878912039010     0.0000000000000000
     0.0033144140393115     0.0000000000000000        0.0091878912039010     0.0000000000000000        0.0019533396590701     0.0000000000000000
    9    1
    -0.1020775330929567     0.0000000000000000       -0.0000000000000000     0.0000000000000000       -0.0000000000000001     0.0000000000000000
     0.0000000000000000     0.0000000000000000       -0.0336159903348767     0.0000000000000000        0.0222584219886766     0.0000000000000000
    -0.0000000000000001     0.0000000000000000        0.0231279137746704     0.0000000000000000       -0.0888594638036037     0.0000000000000000
    9    2
     0.0071120221218117     0.0000000000000000        0.0000000000000000     0.0000000000000000        0.0000000000000000     0.0000000000000000
     0.0000000000000000     0.0000000000000000       -0.0210598782585437     0.0000000000000000       -0.0088558279957264     0.0000000000000000
     0.0000000000000000     0.0000000000000000       -0.0113598125698774     0.0000000000000000        0.0026061405513339     0.0000000000000000
    9    3
    -0.0136156705949550     0.0000000000000000       -0.0000000000000000     0.0000000000000000       -0.0000000000000000     0.0000000000000000
    -0.0000000000000000     0.0000000000000000       -0.0023637879888239     0.0000000000000000        0.0050911748452180     0.0000000000000000
    -0.0000000000000000     0.0000000000000000        0.0048222560672574     0.0000000000000000       -0.0135612252862859     0.0000000000000000
    9    4
     0.0057414471018428     0.0000000000000000        0.0000000000000000     0.0000000000000000        0.0000000000000000     0.0000000000000000
     0.0000000000000000     0.0000000000000000       -0.0152332790044909     0.0000000000000000       -0.0261687119167097     0.0000000000000000
     0.0000000000000000     0.0000000000000000       -0.0219816391081255     0.0000000000000000       -0.0307456948845049     0.0000000000000000
    9    5
     0.0086210016980331     0.0000000000000000       -0.0000000000000000     0.0000000000000000        0.0000000000000000     0.0000000000000000
     0.0000000000000000     0.0000000000000000       -0.0058501594472849     0.0000000000000000        0.0178691281975396     0.0000000000000000
     0.0000000000000000     0.0000000000000000        0.0069901775482982     0.0000000000000000        0.0041030819911167     0.0000000000000000
    9    6
    -0.0008441928207794     0.0000000000000000        0.0031434480884687     0.0000000000000000        0.0062997401701377     0.0000000000000000
     0.0120667521470495     0.0000000000000000        0.0079374203796184     0.0000000000000000       -0.0074643123586513     0.0000000000000000
     0.0096141542094492     0.0000000000000000       -0.0017235788452497     0.0000000000000000        0.0019533396590701     0.0000000000000000
    9    7
    -0.0054081423296151     0.0000000000000000       -0.0000000000000000     0.0000000000000000       -0.0000000000000000     0.0000000000000000
    -0.0000000000000000     0.0000000000000000       -0.0005579856758981     0.0000000000000000        0.0015013729712272     0.0000000000000000
    -0.0000000000000000     0.0000000000000000        0.0015013729712272     0.0000000000000000       -0.0048185482067307     0.0000000000000000
    9    8
    -0.0008441928207793     0.0000000000000000       -0.0031434480884687     0.0000000000000000       -0.0062997401701377     0.0000000000000000
    -0.0120667521470495     0.0000000000000000        0.0079374203796184     0.0000000000000000       -0.0074643123586513     0.0000000000000000
    -0.0096141542094492     0.0000000000000000       -0.0017235788452497     0.0000000000000000        0.0019533396590700     0.0000000000000000
    9    9
     0.1205222525219608     0.0000000000000000       -0.0000000000000000     0.0000000000000000        0.0000000000000001     0.0000000000000000
    -0.0000000000000000     0.0000000000000000        0.1327593256728975     0.0000000000000000        0.0038533922761801     0.0000000000000000
     0.0000000000000001     0.0000000000000000        0.0038533922761801     0.0000000000000000        0.1187430980171683     0.0000000000000000
    9   10
    -0.0096034958922815     0.0000000000000000        0.0209378941797285     0.0000000000000000       -0.0022035531965965     0.0000000000000000
     0.0230095123131845     0.0000000000000000       -0.0349765428611081     0.0000000000000000       -0.0003101628245514     0.0000000000000000
    -0.0013703854836695     0.0000000000000000       -0.0017532516345655     0.0000000000000000        0.0043129661516831     0.0000000000000000
    9   11
    -0.0096034958922814     0.0000000000000000       -0.0209378941797285     0.0000000000000000        0.0022035531965965     0.0000000000000000
    -0.0230095123131845     0.0000000000000000       -0.0349765428611081     0.0000000000000000       -0.0003101628245514     0.0000000000000000
     0.0013703854836695     0.0000000000000000       -0.0017532516345655     0.0000000000000000        0.0043129661516831     0.0000000000000000
   10    1
    -0.0507313760244448     0.0000000000000000       -0.0296447176053298     0.0000000000000000        0.0192763588903664     0.0000000000000000
    -0.0296447176053298     0.0000000000000000       -0.0849621474032906     0.0000000000000000       -0.0111292109943384     0.0000000000000000
     0.0200293608654197     0.0000000000000000       -0.0115639568873353     0.0000000000000000       -0.0888594638036037     0.0000000000000000
   10    2
    -0.0140169031634849     0.0000000000000000        0.0121987907011419     0.0000000000000000       -0.0076693720158518     0.0000000000000000
     0.0121987907011419     0.0000000000000000        0.0000690470267127     0.0000000000000000        0.0044279139978632     0.0000000000000000
    -0.0098378862677530     0.0000000000000000        0.0056799062849387     0.0000000000000000        0.0026061405513339     0.0000000000000000
   10    3
    -0.0051767586403600     0.0000000000000000       -0.0048722080886483     0.0000000000000000        0.0044090867510713     0.0000000000000000
    -0.0048722080886483     0.0000000000000000       -0.0108026999434027     0.0000000000000000       -0.0025455874226090     0.0000000000000000
     0.0041761962578026     0.0000000000000000       -0.0024111280336287     0.0000000000000000       -0.0135612252862859     0.0000000000000000
   10    4
    -0.0099895974779293     0.0000000000000000        0.0090823228227567     0.0000000000000000       -0.0226627693042088     0.0000000000000000
     0.0090823228227567     0.0000000000000000        0.0004977655752511     0.0000000000000000        0.0130843559583549     0.0000000000000000
    -0.0190366578844764     0.0000000000000000        0.0109908195540628     0.0000000000000000       -0.0307456948845049     0.0000000000000000
   10    5
    -0.0022323691609638     0.0000000000000000        0.0062661965870507     0.0000000000000000        0.0154751189625649     0.0000000000000000
     0.0062661965870507     0.0000000000000000        0.0050032114116912     0.0000000000000000       -0.0089345640987698     0.0000000000000000
     0.0060536713337956     0.0000000000000000       -0.0034950887741491     0.0000000000000000        0.0041030819911167     0.0000000000000000
   10    6
     0.0123282269798400     0.0000000000000000        0.0044616520292904     0.0000000000000000       -0.0033144140393115     0.0000000000000000
    -0.0044616520292904     0.0000000000000000       -0.0052349994209758     0.0000000000000000        0.0091878912039010     0.0000000000000000
     0.0033144140393115     0.0000000000000000        0.0091878912039010     0.0000000000000000        0.0019533396590701     0.0000000000000000
   10    7
    -0.0008441928207793     0.0000000000000000       -0.0120667521470495     0.0000000000000000       -0.0096141542094492     0.0000000000000000
    -0.0031434480884687     0.0000000000000000        0.0079374203796184     0.0000000000000000       -0.0017235788452497     0.0000000000000000
    -0.0062997401701377     0.0000000000000000       -0.0074643123586513     0.0000000000000000        0.0019533396590700     0.0000000000000000
   10    8
    -0.0017705248393282     0.0000000000000000       -0.0021001794372241     0.0000000000000000        0.0013002271336393     0.0000000000000000
    -0.0021001794372241     0.0000000000000000       -0.0041956031661781     0.0000000000000000       -0.0007506864856136     0.0000000000000000
     0.0013002271336393     0.0000000000000000       -0.0007506864856136     0.0000000000000000       -0.0048185482067307     0.0000000000000000
   10    9
    -0.0096034958922815     0.0000000000000000        0.0230095123131845     0.0000000000000000       -0.0013703854836695     0.0000000000000000
     0.0209378941797285     0.0000000000000000       -0.0349765428611081     0.0000000000000000       -0.0017532516345655     0.0000000000000000
    -0.0022035531965965     0.0000000000000000       -0.0003101628245514     0.0000000000000000        0.0043129661516831     0.0000000000000000
   10   10
     0.1297000573853533     0.0000000000000000       -0.0052988081084445     0.0000000000000000        0.0033371356019219     0.0000000000000000
    -0.0052988081084445     0.0000000000000000        0.1235815208095224     0.0000000000000000       -0.0019266961380900     0.0000000000000000
     0.0033371356019219     0.0000000000000000       -0.0019266961380900     0.0000000000000000        0.1187430980171683     0.0000000000000000
   10   11
    -0.0476630663456216     0.0000000000000000       -0.0010358090667280     0.0000000000000000        0.0008331677129270     0.0000000000000000
     0.0010358090667280     0.0000000000000000        0.0030830275921594     0.0000000000000000        0.0020634144591169     0.0000000000000000
    -0.0008331677129270     0.0000000000000000        0.0020634144591169     0.0000000000000000        0.0043129661516831     0.0000000000000000
   11    1
    -0.0507313760244448     0.0000000000000000        0.0296447176053299     0.0000000000000000       -0.0192763588903665     0.0000000000000000
     0.0296447176053298     0.0000000000000000       -0.0849621474032906     0.0000000000000000       -0.0111292109943383     0.0000000000000000
    -0.0200293608654197     0.0000000000000000       -0.0115639568873352     0.0000000000000000       -0.0888594638036038     0.0000000000000000
   11    2
    -0.0140169031634849     0.0000000000000000       -0.0121987907011419     0.0000000000000000        0.0076693720158517     0.0000000000000000
    -0.0121987907011419     0.0000000000000000        0.0000690470267127     0.0000000000000000        0.0044279139978632     0.0000000000000000
     0.0098378862677530     0.0000000000000000        0.0056799062849387     0.0000000000000000        0.0026061405513339     0.0000000000000000
   11    3
    -0.0051767586403600     0.0000000000000000        0.0048722080886483     0.0000000000000000       -0.0044090867510713     0.0000000000000000
     0.0048722080886483     0.0000000000000000       -0.0108026999434027     0.0000000000000000       -0.0025455874226090     0.0000000000000000
    -0.0041761962578026     0.0000000000000000       -0.0024111280336287     0.0000000000000000       -0.0135612252862859     0.0000000000000000
   11    4
    -0.0099895974779293     0.0000000000000000       -0.0090823228227567     0.0000000000000000        0.0226627693042088     0.0000000000000000
    -0.0090823228227567     0.0000000000000000        0.0004977655752511     0.0000000000000000        0.0130843559583548     0.0000000000000000
     0.0190366578844764     0.0000000000000000        0.0109908195540627     0.0000000000000000       -0.0307456948845048     0.0000000000000000
   11    5
    -0.0022323691609638     0.0000000000000000       -0.0062661965870507     0.0000000000000000       -0.0154751189625649     0.0000000000000000
    -0.0062661965870507     0.0000000000000000        0.0050032114116912     0.0000000000000000       -0.0089345640987698     0.0000000000000000
    -0.0060536713337957     0.0000000000000000       -0.0034950887741491     0.0000000000000000        0.0041030819911166     0.0000000000000000
   11    6
    -0.0017705248393282     0.0000000000000000        0.0021001794372241     0.0000000000000000       -0.0013002271336393     0.0000000000000000
     0.0021001794372241     0.0000000000000000       -0.0041956031661781     0.0000000000000000       -0.0007506864856136     0.0000000000000000
    -0.0013002271336393     0.0000000000000000       -0.0007506864856136     0.0000000000000000       -0.0048185482067307     0.0000000000000000
   11    7
    -0.0008441928207794     0.0000000000000000        0.0120667521470495     0.0000000000000000        0.0096141542094492     0.0000000000000000
     0.0031434480884687     0.0000000000000000        0.0079374203796184     0.0000000000000000       -0.0017235788452497     0.0000000000000000
     0.0062997401701377     0.0000000000000000       -0.0074643123586513     0.0000000000000000        0.0019533396590701     0.0000000000000000
   11    8
     0.0123282269798400     0.0000000000000000       -0.0044616520292904     0.0000000000000000        0.0033144140393115     0.0000000000000000
     0.0044616520292904     0.0000000000000000       -0.0052349994209758     0.0000000000000000        0.0091878912039010     0.0000000000000000
    -0.0033144140393115     0.0000000000000000        0.0091878912039010     0.0000000000000000        0.0019533396590701     0.0000000000000000
   11    9
    -0.0096034958922814     0.0000000000000000       -0.0230095123131845     0.0000000000000000        0.0013703854836695     0.0000000000000000
    -0.0209378941797285     0.0000000000000000       -0.0349765428611081     0.0000000000000000       -0.0017532516345655     0.0000000000000000
     0.0022035531965965     0.0000000000000000       -0.0003101628245514     0.0000000000000000        0.0043129661516831     0.0000000000000000
   11   10
    -0.0476630663456216     0.0000000000000000        0.0010358090667280     0.0000000000000000       -0.0008331677129270     0.0000000000000000
    -0.0010358090667280     0.0000000000000000        0.0030830275921594     0.0000000000000000        0.0020634144591169     0.0000000000000000
     0.0008331677129270     0.0000000000000000        0.0020634144591169     0.0000000000000000        0.0043129661516831     0.0000000000000000
   11   11
     0.1297000573853533     0.0000000000000000        0.0052988081084445     0.0000000000000000       -0.0033371356019218     0.0000000000000000
     0.0052988081084445     0.0000000000000000        0.1235815208095224     0.0000000000000000       -0.0019266961380899     0.0000000000000000
    -0.0033371356019217     0.0000000000000000       -0.0019266961380899     0.0000000000000000        0.1187430980171683     0.0000000000000000

     Diagonalizing the dynamical matrix

     q = (     0.000000000000     0.000000000000     0.000000000000 )

***************************************************************************
   freq (    1) =    -0.00000069 [THz] =    -0.00002290 [cm-1]
(   0.000000  0.000000  -0.172621  0.000000  -0.247207  0.000000 )
(   0.000000  0.000000  -0.172621  0.000000  -0.247207  0.000000 )
(   0.000000  0.000000  -0.172621  0.000000  -0.247207  0.000000 )
(   0.000000  0.000000  -0.172621  0.000000  -0.247207  0.000000 )
(   0.000000  0.000000  -0.172621  0.000000  -0.247207  0.000000 )
(   0.000000  0.000000  -0.172621  0.000000  -0.247207  0.000000 )
(   0.000000  0.000000  -0.172621  0.000000  -0.247207  0.000000 )
(   0.000000  0.000000  -0.172621  0.000000  -0.247207  0.000000 )
(   0.000000  0.000000  -0.172621  0.000000  -0.247207  0.000000 )
(   0.000000  0.000000  -0.172621  0.000000  -0.247207  0.000000 )
(   0.000000  0.000000  -0.172621  0.000000  -0.247207  0.000000 )
   freq (    2) =     0.00000013 [THz] =     0.00000417 [cm-1]
(   0.301511  0.000000   0.000000  0.000000   0.000000  0.000000 )
(   0.301511  0.000000   0.000000  0.000000   0.000000  0.000000 )
(   0.301511  0.000000   0.000000  0.000000   0.000000  0.000000 )
(   0.301511  0.000000   0.000000  0.000000   0.000000  0.000000 )
(   0.301511  0.000000   0.000000  0.000000   0.000000  0.000000 )
(   0.301511  0.000000   0.000000  0.000000   0.000000  0.000000 )
(   0.301511  0.000000   0.000000  0.000000   0.000000  0.000000 )
(   0.301511  0.000000   0.000000  0.000000   0.000000  0.000000 )
(   0.301511  0.000000   0.000000  0.000000   0.000000  0.000000 )
(   0.301511  0.000000   0.000000  0.000000   0.000000  0.000000 )
(   0.301511  0.000000   0.000000  0.000000   0.000000  0.000000 )
   freq (    3) =     0.00000083 [THz] =     0.00002779 [cm-1]
(  -0.000000  0.000000  -0.247207  0.000000   0.172621  0.000000 )
(  -0.000000  0.000000  -0.247207  0.000000   0.172621  0.000000 )
(  -0.000000  0.000000  -0.247207  0.000000   0.172621  0.000000 )
(   0.000000  0.000000  -0.247207  0.000000   0.172621  0.000000 )
(   0.000000  0.000000  -0.247207  0.000000   0.172621  0.000000 )
(  -0.000000  0.000000  -0.247207  0.000000   0.172621  0.000000 )
(  -0.000000  0.000000  -0.247207  0.000000   0.172621  0.000000 )
(   0.000000  0.000000  -0.247207  0.000000   0.172621  0.000000 )
(  -0.000000  0.000000  -0.247207  0.000000   0.172621  0.000000 )
(   0.000000  0.000000  -0.247207  0.000000   0.172621  0.000000 )
(   0.000000  0.000000  -0.247207  0.000000   0.172621  0.000000 )
   freq (    4) =    25.58903162 [THz] =   853.55809595 [cm-1]
(   0.000000  0.000000  -0.020808  0.000000  -0.000000  0.000000 )
(  -0.000000  0.000000   0.476637  0.000000   0.000000  0.000000 )
(  -0.000000  0.000000   0.476637  0.000000   0.000000  0.000000 )
(  -0.000000  0.000000   0.231411  0.000000   0.000000  0.000000 )
(  -0.000000  0.000000   0.231411  0.000000   0.000000  0.000000 )
(   0.089334  0.000000   0.190309  0.000000  -0.043972  0.000000 )
(  -0.000000  0.000000   0.345040  0.000000   0.087944  0.000000 )
(  -0.089334  0.000000   0.190309  0.000000  -0.043972  0.000000 )
(  -0.000000  0.000000   0.345040  0.000000   0.087944  0.000000 )
(  -0.089334  0.000000   0.190309  0.000000  -0.043972  0.000000 )
(   0.089334  0.000000   0.190309  0.000000  -0.043972  0.000000 )
   freq (    5) =    25.58903162 [THz] =   853.55809595 [cm-1]
(   0.020808  0.000000   0.000000  0.000000  -0.000000  0.000000 )
(  -0.476637  0.000000  -0.000000  0.000000   0.000000  0.000000 )
(  -0.476637  0.000000  -0.000000  0.000000   0.000000  0.000000 )
(  -0.231411  0.000000  -0.000000  0.000000   0.000000  0.000000 )
(  -0.231411  0.000000  -0.000000  0.000000   0.000000  0.000000 )
(  -0.293463  0.000000  -0.089334  0.000000   0.076162  0.000000 )
(  -0.138732  0.000000  -0.000000  0.000000   0.000000  0.000000 )
(  -0.293463  0.000000   0.089334  0.000000  -0.076162  0.000000 )
(  -0.138732  0.000000  -0.000000  0.000000   0.000000  0.000000 )
(  -0.293463  0.000000   0.089334  0.000000  -0.076162  0.000000 )
(  -0.293463  0.000000  -0.089334  0.000000   0.076162  0.000000 )
   freq (    6) =    25.79022109 [THz] =   860.26905324 [cm-1]
(  -0.000000  0.000000   0.000000  0.000000  -0.021238  0.000000 )
(   0.000000  0.000000  -0.000000  0.000000   0.452063  0.000000 )
(   0.000000  0.000000  -0.000000  0.000000   0.452063  0.000000 )
(   0.000000  0.000000  -0.000000  0.000000   0.398142  0.000000 )
(   0.000000  0.000000  -0.000000  0.000000   0.398142  0.000000 )
(  -0.053801  0.000000  -0.031062  0.000000   0.204383  0.000000 )
(   0.000000  0.000000   0.062124  0.000000   0.204383  0.000000 )
(   0.053801  0.000000  -0.031062  0.000000   0.204383  0.000000 )
(   0.000000  0.000000   0.062124  0.000000   0.204383  0.000000 )
(   0.053801  0.000000  -0.031062  0.000000   0.204383  0.000000 )
(  -0.053801  0.000000  -0.031062  0.000000   0.204383  0.000000 )
   freq (    7) =    26.14570083 [THz] =   872.12657942 [cm-1]
(  -0.000000  0.000000   0.000000  0.000000   0.000000  0.000000 )
(   0.000082  0.000000  -0.316526  0.000000  -0.000000  0.000000 )
(  -0.000082  0.000000   0.316526  0.000000   0.000000  0.000000 )
(   0.000026  0.000000  -0.101221  0.000000  -0.000000  0.000000 )
(  -0.000026  0.000000   0.101221  0.000000   0.000000  0.000000 )
(   0.160455  0.000000   0.197001  0.000000  -0.075915  0.000000 )
(  -0.000027  0.000000   0.475130  0.000000   0.151898  0.000000 )
(  -0.160653  0.000000   0.197084  0.000000  -0.075983  0.000000 )
(   0.000027  0.000000  -0.475130  0.000000  -0.151898  0.000000 )
(   0.160653  0.000000  -0.197084  0.000000   0.075983  0.000000 )
(  -0.160455  0.000000  -0.197001  0.000000   0.075915  0.000000 )
   freq (    8) =    26.14570083 [THz] =   872.12657942 [cm-1]
(  -0.000000  0.000000  -0.000000  0.000000  -0.000000  0.000000 )
(   0.316526  0.000000   0.000082  0.000000  -0.000000  0.000000 )
(  -0.316526  0.000000  -0.000082  0.000000   0.000000  0.000000 )
(   0.101221  0.000000   0.000026  0.000000  -0.000000  0.000000 )
(  -0.101221  0.000000  -0.000026  0.000000   0.000000  0.000000 )
(  -0.382476  0.000000  -0.160605  0.000000   0.131567  0.000000 )
(  -0.104347  0.000000  -0.000123  0.000000  -0.000039  0.000000 )
(  -0.382393  0.000000   0.160503  0.000000  -0.131528  0.000000 )
(   0.104347  0.000000   0.000123  0.000000   0.000039  0.000000 )
(   0.382393  0.000000  -0.160503  0.000000   0.131528  0.000000 )
(   0.382476  0.000000   0.160605  0.000000  -0.131567  0.000000 )
   freq (    9) =    26.24552916 [THz] =   875.45649353 [cm-1]
(  -0.000000  0.000000  -0.000000  0.000000  -0.000000  0.000000 )
(  -0.000000  0.000000   0.000000  0.000000  -0.276899  0.000000 )
(   0.000000  0.000000  -0.000000  0.000000   0.276899  0.000000 )
(  -0.000000  0.000000   0.000000  0.000000  -0.531104  0.000000 )
(   0.000000  0.000000  -0.000000  0.000000   0.531104  0.000000 )
(  -0.118598  0.000000  -0.068472  0.000000   0.168319  0.000000 )
(   0.000000  0.000000   0.136945  0.000000   0.168319  0.000000 )
(   0.118598  0.000000  -0.068472  0.000000   0.168319  0.000000 )
(  -0.000000  0.000000  -0.136945  0.000000  -0.168319  0.000000 )
(  -0.118598  0.000000   0.068472  0.000000  -0.168319  0.000000 )
(   0.118598  0.000000   0.068472  0.000000  -0.168319  0.000000 )
   freq (   10) =    29.07543088 [THz] =   969.85184070 [cm-1]
(  -0.000000  0.000000  -0.000000  0.000000   0.000000  0.000000 )
(   0.000111  0.000000   0.525627  0.000000   0.000000  0.000000 )
(  -0.000111  0.000000  -0.525627  0.000000  -0.000000  0.000000 )
(  -0.000073  0.000000  -0.343749  0.000000  -0.000000  0.000000 )
(   0.000073  0.000000   0.343749  0.000000   0.000000  0.000000 )
(  -0.042965  0.000000   0.205587  0.000000  -0.004534  0.000000 )
(   0.000049  0.000000   0.131121  0.000000   0.009065  0.000000 )
(   0.043031  0.000000   0.205605  0.000000  -0.004531  0.000000 )
(  -0.000049  0.000000  -0.131121  0.000000  -0.009065  0.000000 )
(  -0.043031  0.000000  -0.205605  0.000000   0.004531  0.000000 )
(   0.042965  0.000000  -0.205587  0.000000   0.004534  0.000000 )
   freq (   11) =    29.07543088 [THz] =   969.85184070 [cm-1]
(  -0.000000  0.000000   0.000000  0.000000   0.000000  0.000000 )
(  -0.525627  0.000000   0.000111  0.000000   0.000000  0.000000 )
(   0.525627  0.000000  -0.000111  0.000000  -0.000000  0.000000 )
(   0.343749  0.000000  -0.000073  0.000000  -0.000000  0.000000 )
(  -0.343749  0.000000   0.000073  0.000000   0.000000  0.000000 )
(  -0.155955  0.000000   0.043042  0.000000   0.007849  0.000000 )
(  -0.230421  0.000000   0.000028  0.000000   0.000002  0.000000 )
(  -0.155937  0.000000  -0.042955  0.000000  -0.007851  0.000000 )
(   0.230421  0.000000  -0.000028  0.000000  -0.000002  0.000000 )
(   0.155937  0.000000   0.042955  0.000000   0.007851  0.000000 )
(   0.155955  0.000000  -0.043042  0.000000  -0.007849  0.000000 )
   freq (   12) =    30.10821492 [THz] =  1004.30180321 [cm-1]
(  -0.000000  0.000000   0.000000  0.000000   0.000000  0.000000 )
(  -0.000000  0.000000   0.000000  0.000000  -0.547830  0.000000 )
(   0.000000  0.000000  -0.000000  0.000000   0.547830  0.000000 )
(   0.000000  0.000000  -0.000000  0.000000   0.087842  0.000000 )
(  -0.000000  0.000000   0.000000  0.000000  -0.087842  0.000000 )
(  -0.042792  0.000000  -0.024706  0.000000  -0.248221  0.000000 )
(  -0.000000  0.000000   0.049412  0.000000  -0.248221  0.000000 )
(   0.042792  0.000000  -0.024706  0.000000  -0.248221  0.000000 )
(   0.000000  0.000000  -0.049412  0.000000   0.248221  0.000000 )
(  -0.042792  0.000000   0.024706  0.000000   0.248221  0.000000 )
(   0.042792  0.000000   0.024706  0.000000   0.248221  0.000000 )
   freq (   13) =    32.19873655 [THz] =  1074.03408882 [cm-1]
(   0.000000  0.000000   0.000000  0.000000   0.000000  0.000000 )
(   0.000004  0.000000   0.084697  0.000000   0.000000  0.000000 )
(  -0.000004  0.000000  -0.084697  0.000000  -0.000000  0.000000 )
(   0.000020  0.000000   0.396437  0.000000   0.000000  0.000000 )
(  -0.000020  0.000000  -0.396437  0.000000  -0.000000  0.000000 )
(   0.002237  0.000000   0.178612  0.000000   0.199414  0.000000 )
(   0.000009  0.000000   0.182470  0.000000  -0.398794  0.000000 )
(  -0.002219  0.000000   0.178611  0.000000   0.199380  0.000000 )
(  -0.000009  0.000000  -0.182470  0.000000   0.398794  0.000000 )
(   0.002219  0.000000  -0.178611  0.000000  -0.199380  0.000000 )
(  -0.002237  0.000000  -0.178612  0.000000  -0.199414  0.000000 )
   freq (   14) =    32.19873655 [THz] =  1074.03408882 [cm-1]
(   0.000000  0.000000  -0.000000  0.000000  -0.000000  0.000000 )
(  -0.084697  0.000000   0.000004  0.000000  -0.000000  0.000000 )
(   0.084697  0.000000  -0.000004  0.000000   0.000000  0.000000 )
(  -0.396437  0.000000   0.000020  0.000000  -0.000000  0.000000 )
(   0.396437  0.000000  -0.000020  0.000000   0.000000  0.000000 )
(  -0.181184  0.000000  -0.002219  0.000000  -0.345356  0.000000 )
(  -0.177325  0.000000   0.000009  0.000000  -0.000020  0.000000 )
(  -0.181184  0.000000   0.002237  0.000000   0.345375  0.000000 )
(   0.177325  0.000000  -0.000009  0.000000   0.000020  0.000000 )
(   0.181184  0.000000  -0.002237  0.000000  -0.345375  0.000000 )
(   0.181184  0.000000   0.002219  0.000000   0.345356  0.000000 )
   freq (   15) =    32.95260670 [THz] =  1099.18048669 [cm-1]
(  -0.000000  0.000000   0.001743  0.000000   0.000000  0.000000 )
(   0.000000  0.000000  -0.073588  0.000000  -0.000000  0.000000 )
(   0.000000  0.000000  -0.073588  0.000000  -0.000000  0.000000 )
(  -0.000000  0.000000   0.461635  0.000000  -0.000000  0.000000 )
(  -0.000000  0.000000   0.461635  0.000000  -0.000000  0.000000 )
(   0.017339  0.000000  -0.179395  0.000000  -0.179908  0.000000 )
(   0.000000  0.000000  -0.149362  0.000000   0.359815  0.000000 )
(  -0.017339  0.000000  -0.179395  0.000000  -0.179908  0.000000 )
(   0.000000  0.000000  -0.149362  0.000000   0.359815  0.000000 )
(  -0.017339  0.000000  -0.179395  0.000000  -0.179908  0.000000 )
(   0.017339  0.000000  -0.179395  0.000000  -0.179908  0.000000 )
   freq (   16) =    32.95260670 [THz] =  1099.18048669 [cm-1]
(   0.001743  0.000000   0.000000  0.000000  -0.000000  0.000000 )
(  -0.073588  0.000000  -0.000000  0.000000   0.000000  0.000000 )
(  -0.073588  0.000000  -0.000000  0.000000   0.000000  0.000000 )
(   0.461635  0.000000   0.000000  0.000000  -0.000000  0.000000 )
(   0.461635  0.000000   0.000000  0.000000  -0.000000  0.000000 )
(  -0.159373  0.000000   0.017339  0.000000  -0.311609  0.000000 )
(  -0.189406  0.000000  -0.000000  0.000000   0.000000  0.000000 )
(  -0.159373  0.000000  -0.017339  0.000000   0.311609  0.000000 )
(  -0.189406  0.000000  -0.000000  0.000000   0.000000  0.000000 )
(  -0.159373  0.000000  -0.017339  0.000000   0.311609  0.000000 )
(  -0.159373  0.000000   0.017339  0.000000  -0.311609  0.000000 )
   freq (   17) =    33.09586684 [THz] =  1103.95912977 [cm-1]
(  -0.000000  0.000000  -0.000000  0.000000  -0.000000  0.000000 )
(   0.000000  0.000000   0.000000  0.000000   0.000000  0.000000 )
(  -0.000000  0.000000   0.000000  0.000000  -0.000000  0.000000 )
(  -0.000000  0.000000  -0.000000  0.000000   0.000000  0.000000 )
(   0.000000  0.000000  -0.000000  0.000000   0.000000  0.000000 )
(  -0.204124  0.000000   0.353553  0.000000   0.000000  0.000000 )
(   0.408248  0.000000   0.000000  0.000000  -0.000000  0.000000 )
(  -0.204124  0.000000  -0.353553  0.000000  -0.000000  0.000000 )
(  -0.408248  0.000000   0.000000  0.000000  -0.000000  0.000000 )
(   0.204124  0.000000   0.353553  0.000000   0.000000  0.000000 )
(   0.204124  0.000000  -0.353553  0.000000  -0.000000  0.000000 )
   freq (   18) =    33.40786589 [THz] =  1114.36629633 [cm-1]
(   0.000000  0.000000   0.000000  0.000000   0.000000  0.000000 )
(  -0.000000  0.000000  -0.000000  0.000000  -0.000000  0.000000 )
(  -0.000000  0.000000  -0.000000  0.000000   0.000000  0.000000 )
(   0.000000  0.000000   0.000000  0.000000  -0.000000  0.000000 )
(   0.000000  0.000000   0.000000  0.000000  -0.000000  0.000000 )
(  -0.204124  0.000000   0.353553  0.000000   0.000000  0.000000 )
(   0.408248  0.000000  -0.000000  0.000000   0.000000  0.000000 )
(  -0.204124  0.000000  -0.353553  0.000000  -0.000000  0.000000 )
(   0.408248  0.000000  -0.000000  0.000000   0.000000  0.000000 )
(  -0.204124  0.000000  -0.353553  0.000000  -0.000000  0.000000 )
(  -0.204124  0.000000   0.353553  0.000000   0.000000  0.000000 )
   freq (   19) =    34.82267897 [THz] =  1161.55937398 [cm-1]
(  -0.000000  0.000000  -0.000448  0.000000   0.000000  0.000000 )
(  -0.000000  0.000000  -0.091289  0.000000  -0.000000  0.000000 )
(  -0.000000  0.000000  -0.091289  0.000000  -0.000000  0.000000 )
(   0.000000  0.000000   0.331553  0.000000  -0.000000  0.000000 )
(   0.000000  0.000000   0.331553  0.000000  -0.000000  0.000000 )
(   0.189494  0.000000  -0.179203  0.000000   0.192999  0.000000 )
(  -0.000000  0.000000   0.149011  0.000000  -0.385997  0.000000 )
(  -0.189494  0.000000  -0.179203  0.000000   0.192999  0.000000 )
(  -0.000000  0.000000   0.149011  0.000000  -0.385997  0.000000 )
(  -0.189494  0.000000  -0.179203  0.000000   0.192999  0.000000 )
(   0.189494  0.000000  -0.179203  0.000000   0.192999  0.000000 )
   freq (   20) =    34.82267897 [THz] =  1161.55937398 [cm-1]
(  -0.000448  0.000000   0.000000  0.000000  -0.000000  0.000000 )
(  -0.091289  0.000000   0.000000  0.000000  -0.000000  0.000000 )
(  -0.091289  0.000000   0.000000  0.000000   0.000000  0.000000 )
(   0.331553  0.000000  -0.000000  0.000000  -0.000000  0.000000 )
(   0.331553  0.000000  -0.000000  0.000000  -0.000000  0.000000 )
(   0.039607  0.000000   0.189494  0.000000   0.334283  0.000000 )
(  -0.288607  0.000000  -0.000000  0.000000   0.000000  0.000000 )
(   0.039607  0.000000  -0.189494  0.000000  -0.334283  0.000000 )
(  -0.288607  0.000000  -0.000000  0.000000   0.000000  0.000000 )
(   0.039607  0.000000  -0.189494  0.000000  -0.334283  0.000000 )
(   0.039607  0.000000   0.189494  0.000000   0.334283  0.000000 )
   freq (   21) =    36.72189525 [THz] =  1224.91040115 [cm-1]
(   0.000000  0.000000   0.006352  0.000000   0.000000  0.000000 )
(  -0.000000  0.000000   0.509088  0.000000  -0.000000  0.000000 )
(   0.000000  0.000000   0.509088  0.000000  -0.000000  0.000000 )
(   0.000000  0.000000  -0.145090  0.000000   0.000000  0.000000 )
(   0.000000  0.000000  -0.145090  0.000000   0.000000  0.000000 )
(   0.005257  0.000000  -0.270254  0.000000   0.030084  0.000000 )
(  -0.000000  0.000000  -0.261149  0.000000  -0.060168  0.000000 )
(  -0.005257  0.000000  -0.270254  0.000000   0.030084  0.000000 )
(  -0.000000  0.000000  -0.261149  0.000000  -0.060168  0.000000 )
(  -0.005257  0.000000  -0.270254  0.000000   0.030084  0.000000 )
(   0.005257  0.000000  -0.270254  0.000000   0.030084  0.000000 )
   freq (   22) =    36.72189525 [THz] =  1224.91040115 [cm-1]
(   0.006352  0.000000  -0.000000  0.000000  -0.000000  0.000000 )
(   0.509088  0.000000  -0.000000  0.000000  -0.000000  0.000000 )
(   0.509088  0.000000  -0.000000  0.000000  -0.000000  0.000000 )
(  -0.145090  0.000000   0.000000  0.000000   0.000000  0.000000 )
(  -0.145090  0.000000   0.000000  0.000000   0.000000  0.000000 )
(  -0.264184  0.000000   0.005257  0.000000   0.052107  0.000000 )
(  -0.273289  0.000000   0.000000  0.000000   0.000000  0.000000 )
(  -0.264184  0.000000  -0.005257  0.000000  -0.052107  0.000000 )
(  -0.273289  0.000000   0.000000  0.000000   0.000000  0.000000 )
(  -0.264184  0.000000  -0.005257  0.000000  -0.052107  0.000000 )
(  -0.264184  0.000000   0.005257  0.000000   0.052107  0.000000 )
   freq (   23) =    37.64197397 [THz] =  1255.60091929 [cm-1]
(  -0.000000  0.000000   0.000000  0.000000  -0.004823  0.000000 )
(  -0.000000  0.000000  -0.000000  0.000000  -0.546228  0.000000 )
(  -0.000000  0.000000  -0.000000  0.000000  -0.546228  0.000000 )
(   0.000000  0.000000  -0.000000  0.000000   0.271934  0.000000 )
(   0.000000  0.000000  -0.000000  0.000000   0.271934  0.000000 )
(  -0.035427  0.000000  -0.020454  0.000000   0.202201  0.000000 )
(   0.000000  0.000000   0.040907  0.000000   0.202201  0.000000 )
(   0.035427  0.000000  -0.020454  0.000000   0.202201  0.000000 )
(   0.000000  0.000000   0.040907  0.000000   0.202201  0.000000 )
(   0.035427  0.000000  -0.020454  0.000000   0.202201  0.000000 )
(  -0.035427  0.000000  -0.020454  0.000000   0.202201  0.000000 )
   freq (   24) =    43.66546329 [THz] =  1456.52286707 [cm-1]
(   0.000000  0.000000  -0.000000  0.000000   0.000000  0.000000 )
(   0.000014  0.000000  -0.031243  0.000000   0.000000  0.000000 )
(  -0.000014  0.000000   0.031243  0.000000  -0.000000  0.000000 )
(   0.000160  0.000000  -0.346793  0.000000  -0.000000  0.000000 )
(  -0.000160  0.000000   0.346793  0.000000   0.000000  0.000000 )
(   0.205827  0.000000  -0.234770  0.000000   0.167715  0.000000 )
(   0.000163  0.000000   0.121829  0.000000  -0.335699  0.000000 )
(  -0.205830  0.000000  -0.234580  0.000000   0.167984  0.000000 )
(  -0.000163  0.000000  -0.121829  0.000000   0.335699  0.000000 )
(   0.205830  0.000000   0.234580  0.000000  -0.167984  0.000000 )
(  -0.205827  0.000000   0.234770  0.000000  -0.167715  0.000000 )
   freq (   25) =    43.66546329 [THz] =  1456.52286707 [cm-1]
(   0.000000  0.000000  -0.000000  0.000000  -0.000000  0.000000 )
(  -0.031243  0.000000  -0.000014  0.000000   0.000000  0.000000 )
(   0.031243  0.000000   0.000014  0.000000   0.000000  0.000000 )
(  -0.346793  0.000000  -0.000160  0.000000   0.000000  0.000000 )
(   0.346793  0.000000   0.000160  0.000000   0.000000  0.000000 )
(   0.003090  0.000000   0.205720  0.000000   0.290801  0.000000 )
(  -0.353510  0.000000   0.000056  0.000000  -0.000155  0.000000 )
(   0.002899  0.000000  -0.205936  0.000000  -0.290646  0.000000 )
(   0.353510  0.000000  -0.000056  0.000000   0.000155  0.000000 )
(  -0.002899  0.000000   0.205936  0.000000   0.290646  0.000000 )
(  -0.003090  0.000000  -0.205720  0.000000  -0.290801  0.000000 )
   freq (   26) =    45.34703980 [THz] =  1512.61421380 [cm-1]
(   0.000000  0.000000  -0.000000  0.000000  -0.006428  0.000000 )
(   0.000000  0.000000   0.000000  0.000000   0.056866  0.000000 )
(   0.000000  0.000000   0.000000  0.000000   0.056866  0.000000 )
(  -0.000000  0.000000   0.000000  0.000000  -0.448448  0.000000 )
(   0.000000  0.000000   0.000000  0.000000  -0.448448  0.000000 )
(   0.126020  0.000000   0.072758  0.000000   0.278158  0.000000 )
(  -0.000000  0.000000  -0.145515  0.000000   0.278158  0.000000 )
(  -0.126020  0.000000   0.072758  0.000000   0.278158  0.000000 )
(   0.000000  0.000000  -0.145515  0.000000   0.278158  0.000000 )
(  -0.126020  0.000000   0.072758  0.000000   0.278158  0.000000 )
(   0.126020  0.000000   0.072758  0.000000   0.278158  0.000000 )
   freq (   27) =    45.57616519 [THz] =  1520.25701297 [cm-1]
(   0.000000  0.000000   0.000000  0.000000   0.000000  0.000000 )
(  -0.000000  0.000000   0.000000  0.000000   0.350978  0.000000 )
(   0.000000  0.000000  -0.000000  0.000000  -0.350978  0.000000 )
(  -0.000000  0.000000   0.000000  0.000000  -0.276811  0.000000 )
(   0.000000  0.000000  -0.000000  0.000000   0.276811  0.000000 )
(  -0.164347  0.000000  -0.094886  0.000000  -0.253081  0.000000 )
(   0.000000  0.000000   0.189772  0.000000  -0.253081  0.000000 )
(   0.164347  0.000000  -0.094886  0.000000  -0.253081  0.000000 )
(  -0.000000  0.000000  -0.189772  0.000000   0.253081  0.000000 )
(  -0.164347  0.000000   0.094886  0.000000   0.253081  0.000000 )
(   0.164347  0.000000   0.094886  0.000000   0.253081  0.000000 )
   freq (   28) =    45.69227650 [THz] =  1524.13006887 [cm-1]
(  -0.000000  0.000000   0.006249  0.000000  -0.000000  0.000000 )
(  -0.000000  0.000000  -0.085440  0.000000   0.000000  0.000000 )
(   0.000000  0.000000  -0.085440  0.000000   0.000000  0.000000 )
(  -0.000000  0.000000  -0.315162  0.000000  -0.000000  0.000000 )
(   0.000000  0.000000  -0.315162  0.000000  -0.000000  0.000000 )
(   0.285770  0.000000  -0.174986  0.000000  -0.105195  0.000000 )
(   0.000000  0.000000   0.319983  0.000000   0.210389  0.000000 )
(  -0.285770  0.000000  -0.174986  0.000000  -0.105195  0.000000 )
(  -0.000000  0.000000   0.319983  0.000000   0.210389  0.000000 )
(  -0.285770  0.000000  -0.174986  0.000000  -0.105195  0.000000 )
(   0.285770  0.000000  -0.174986  0.000000  -0.105195  0.000000 )
   freq (   29) =    45.69227650 [THz] =  1524.13006888 [cm-1]
(   0.006249  0.000000  -0.000000  0.000000  -0.000000  0.000000 )
(  -0.085440  0.000000  -0.000000  0.000000  -0.000000  0.000000 )
(  -0.085440  0.000000  -0.000000  0.000000  -0.000000  0.000000 )
(  -0.315162  0.000000  -0.000000  0.000000   0.000000  0.000000 )
(  -0.315162  0.000000  -0.000000  0.000000   0.000000  0.000000 )
(   0.154993  0.000000   0.285770  0.000000  -0.182203  0.000000 )
(  -0.339975  0.000000  -0.000000  0.000000  -0.000000  0.000000 )
(   0.154993  0.000000  -0.285770  0.000000   0.182203  0.000000 )
(  -0.339975  0.000000  -0.000000  0.000000  -0.000000  0.000000 )
(   0.154993  0.000000  -0.285770  0.000000   0.182203  0.000000 )
(   0.154993  0.000000   0.285770  0.000000  -0.182203  0.000000 )
   freq (   30) =    45.71224856 [THz] =  1524.79626481 [cm-1]
(  -0.000000  0.000000   0.000000  0.000000  -0.000000  0.000000 )
(  -0.000144  0.000000  -0.339672  0.000000   0.000000  0.000000 )
(   0.000144  0.000000   0.339672  0.000000  -0.000000  0.000000 )
(  -0.000130  0.000000  -0.306861  0.000000  -0.000000  0.000000 )
(   0.000130  0.000000   0.306861  0.000000   0.000000  0.000000 )
(  -0.234558  0.000000   0.200557  0.000000   0.098113  0.000000 )
(   0.000143  0.000000  -0.205558  0.000000  -0.196082  0.000000 )
(   0.234498  0.000000   0.200756  0.000000   0.097969  0.000000 )
(  -0.000143  0.000000   0.205558  0.000000   0.196082  0.000000 )
(  -0.234498  0.000000  -0.200756  0.000000  -0.097969  0.000000 )
(   0.234558  0.000000  -0.200557  0.000000  -0.098113  0.000000 )
   freq (   31) =    45.71224856 [THz] =  1524.79626481 [cm-1]
(  -0.000000  0.000000   0.000000  0.000000  -0.000000  0.000000 )
(   0.339672  0.000000  -0.000144  0.000000   0.000000  0.000000 )
(  -0.339672  0.000000   0.000144  0.000000  -0.000000  0.000000 )
(   0.306861  0.000000  -0.000130  0.000000  -0.000000  0.000000 )
(  -0.306861  0.000000   0.000130  0.000000   0.000000  0.000000 )
(   0.070053  0.000000   0.234613  0.000000  -0.169770  0.000000 )
(  -0.336062  0.000000  -0.000087  0.000000  -0.000083  0.000000 )
(   0.070252  0.000000  -0.234443  0.000000   0.169853  0.000000 )
(   0.336062  0.000000   0.000087  0.000000   0.000083  0.000000 )
(  -0.070252  0.000000   0.234443  0.000000  -0.169853  0.000000 )
(  -0.070053  0.000000  -0.234613  0.000000   0.169770  0.000000 )
   freq (   32) =    46.37767325 [THz] =  1546.99244019 [cm-1]
(   0.000000  0.000000  -0.000000  0.000000   0.001360  0.000000 )
(  -0.000000  0.000000   0.000000  0.000000   0.010815  0.000000 )
(  -0.000000  0.000000   0.000000  0.000000   0.010815  0.000000 )
(  -0.000000  0.000000   0.000000  0.000000  -0.265065  0.000000 )
(  -0.000000  0.000000   0.000000  0.000000  -0.265065  0.000000 )
(  -0.324434  0.000000  -0.187312  0.000000   0.053519  0.000000 )
(  -0.000000  0.000000   0.374624  0.000000   0.053519  0.000000 )
(   0.324434  0.000000  -0.187312  0.000000   0.053519  0.000000 )
(  -0.000000  0.000000   0.374624  0.000000   0.053519  0.000000 )
(   0.324434  0.000000  -0.187312  0.000000   0.053519  0.000000 )
(  -0.324434  0.000000  -0.187312  0.000000   0.053519  0.000000 )
   freq (   33) =    58.55981042 [THz] =  1953.34473846 [cm-1]
(  -0.000000  0.000000   0.000000  0.000000   0.000000  0.000000 )
(   0.000000  0.000000   0.000000  0.000000   0.004886  0.000000 )
(  -0.000000  0.000000  -0.000000  0.000000  -0.004886  0.000000 )
(  -0.000000  0.000000   0.000000  0.000000  -0.365497  0.000000 )
(   0.000000  0.000000  -0.000000  0.000000   0.365497  0.000000 )
(   0.286519  0.000000   0.165422  0.000000  -0.112568  0.000000 )
(   0.000000  0.000000  -0.330844  0.000000  -0.112568  0.000000 )
(  -0.286519  0.000000   0.165422  0.000000  -0.112568  0.000000 )
(  -0.000000  0.000000   0.330844  0.000000   0.112568  0.000000 )
(   0.286519  0.000000  -0.165422  0.000000   0.112568  0.000000 )
(  -0.286519  0.000000  -0.165422  0.000000   0.112568  0.000000 )
***************************************************************************
