Dynamical matrix file
File generated with the CellConstructor by Lorenzo Monacelli
2 11 0     1.8897259890000000     0.0000000000000000     0.0000000000000000     0.0000000000000000     0.0000000000000000     0.0000000000000000
Basis vectors
    1.8216054416065011    -1.0517043920322153     2.8381869915015971
    0.0000000000000000     2.1034087840644307     2.8381869915015971
   -1.8216054416065011    -1.0517043920322153     2.8381869915015971
	1  'La '  126604.5951757480361266
	2  'H '    918.7358275894680446
    1     1     0.0000000000000002    -0.0000000000000001     4.2572805298084759
    2     2     0.0000000000000000     0.0000000000000002     2.1928765074752214
    3     2    -0.0000000000000000    -0.0000000000000002    -2.1928765074752214
    4     2     0.0000000000000002     0.0000000000000001     0.8909186668605773
    5     2    -0.0000000000000002    -0.0000000000000001    -0.8909186668605773
    6     2     0.9307402996566315     0.5373631619584786     6.1269086787593086
    7     2    -0.0000000000000001    -1.0747263239169569     6.1269086787593086
    8     2    -0.9307402996566306     0.5373631619584786     6.1269086787593086
    9     2     0.0000000000000000     1.0747263239169575     2.3876523773113032
   10     2     0.9307402996566315    -0.5373631619584787     2.3876523773113036
   11     2    -0.9307402996566311    -0.5373631619584786     2.3876523773113036

     Dynamical Matrix in cartesian axes

     q = (     0.000000000000     0.000000000000     0.000000000000 )

    1    1
     0.5183023165362728     0.0000000000000000       -0.0000000000000001     0.0000000000000000        0.0000000000000001     0.0000000000000000
    -0.0000000000000001     0.0000000000000000        0.5183023165723328     0.0000000000000000        0.0000000000000001     0.0000000000000000
     0.0000000000000001     0.0000000000000000        0.0000000000000000     0.0000000000000000        0.4940147704408114     0.0000000000000000
    1    2
    -0.0479105773062880     0.0000000000000000        0.0000000000000000     0.0000000000000000       -0.0000000000000000     0.0000000000000000
     0.0000000000000000     0.0000000000000000       -0.0479105773096213     0.0000000000000000       -0.0000000000000000     0.0000000000000000
    -0.0000000000000000     0.0000000000000000       -0.0000000000000000     0.0000000000000000       -0.0886710999455574     0.0000000000000000
    1    3
    -0.0479105773062880     0.0000000000000000       -0.0000000000000000     0.0000000000000000       -0.0000000000000000     0.0000000000000000
     0.0000000000000000     0.0000000000000000       -0.0479105773096212     0.0000000000000000       -0.0000000000000000     0.0000000000000000
    -0.0000000000000000     0.0000000000000000       -0.0000000000000000     0.0000000000000000       -0.0886710999455574     0.0000000000000000
    1    4
    -0.0975975012611336     0.0000000000000000        0.0000000000000000     0.0000000000000000        0.0000000000000000     0.0000000000000000
     0.0000000000000000     0.0000000000000000       -0.0975975012679238     0.0000000000000000        0.0000000000000000     0.0000000000000000
     0.0000000000000000     0.0000000000000000        0.0000000000000000     0.0000000000000000        0.0321406084858852     0.0000000000000000
    1    5
    -0.0975975012611335     0.0000000000000000        0.0000000000000000     0.0000000000000000        0.0000000000000000     0.0000000000000000
     0.0000000000000000     0.0000000000000000       -0.0975975012679237     0.0000000000000000        0.0000000000000000     0.0000000000000000
     0.0000000000000000     0.0000000000000000        0.0000000000000000     0.0000000000000000        0.0321406084858852     0.0000000000000000
    1    6
    -0.0098878078705014     0.0000000000000000        0.0484856770512447     0.0000000000000000       -0.0297016890937585     0.0000000000000000
     0.0484856770512447     0.0000000000000000       -0.0658742452678916     0.0000000000000000       -0.0171482781942646     0.0000000000000000
    -0.0395191611331584     0.0000000000000000       -0.0228163983191709     0.0000000000000000       -0.0634922979202444     0.0000000000000000
    1    7
    -0.0938674639597121     0.0000000000000000        0.0000000000000000     0.0000000000000000       -0.0000000000000000     0.0000000000000000
     0.0000000000000000     0.0000000000000000        0.0181054108271619     0.0000000000000000        0.0342965563885291     0.0000000000000000
    -0.0000000000000000     0.0000000000000000        0.0456327966383418     0.0000000000000000       -0.0634922979202444     0.0000000000000000
    1    8
    -0.0098878078705013     0.0000000000000000       -0.0484856770512447     0.0000000000000000        0.0297016890937584     0.0000000000000000
    -0.0484856770512447     0.0000000000000000       -0.0658742452678917     0.0000000000000000       -0.0171482781942645     0.0000000000000000
     0.0395191611331584     0.0000000000000000       -0.0228163983191709     0.0000000000000000       -0.0634922979202444     0.0000000000000000
    1    9
    -0.0938674639597121     0.0000000000000000        0.0000000000000000     0.0000000000000000       -0.0000000000000000     0.0000000000000000
     0.0000000000000000     0.0000000000000000        0.0181054108271619     0.0000000000000000        0.0342965563885291     0.0000000000000000
    -0.0000000000000000     0.0000000000000000        0.0456327966383418     0.0000000000000000       -0.0634922979202444     0.0000000000000000
    1   10
    -0.0098878078705013     0.0000000000000000       -0.0484856770512447     0.0000000000000000        0.0297016890937584     0.0000000000000000
    -0.0484856770512447     0.0000000000000000       -0.0658742452678917     0.0000000000000000       -0.0171482781942646     0.0000000000000000
     0.0395191611331584     0.0000000000000000       -0.0228163983191709     0.0000000000000000       -0.0634922979202444     0.0000000000000000
    1   11
    -0.0098878078705014     0.0000000000000000        0.0484856770512447     0.0000000000000000       -0.0297016890937585     0.0000000000000000
     0.0484856770512447     0.0000000000000000       -0.0658742452678916     0.0000000000000000       -0.0171482781942645     0.0000000000000000
    -0.0395191611331584     0.0000000000000000       -0.0228163983191709     0.0000000000000000       -0.0634922979202444     0.0000000000000000
    2    1
    -0.0479105773062880     0.0000000000000000       -0.0000000000000000     0.0000000000000000       -0.0000000000000000     0.0000000000000000
     0.0000000000000000     0.0000000000000000       -0.0479105773096213     0.0000000000000000       -0.0000000000000000     0.0000000000000000
    -0.0000000000000000     0.0000000000000000       -0.0000000000000000     0.0000000000000000       -0.0886710999455574     0.0000000000000000
    2    2
     0.1056137798341061     0.0000000000000000       -0.0000000000000000     0.0000000000000000        0.0000000000000000     0.0000000000000000
    -0.0000000000000000     0.0000000000000000        0.1056137798414540     0.0000000000000000        0.0000000000000000     0.0000000000000000
     0.0000000000000000     0.0000000000000000        0.0000000000000000     0.0000000000000000        0.1042942677282423     0.0000000000000000
    2    3
    -0.0249915957797050     0.0000000000000000        0.0000000000000000     0.0000000000000000       -0.0000000000000000     0.0000000000000000
     0.0000000000000000     0.0000000000000000       -0.0249915957814437     0.0000000000000000       -0.0000000000000000     0.0000000000000000
    -0.0000000000000000     0.0000000000000000       -0.0000000000000000     0.0000000000000000       -0.0081046210940511     0.0000000000000000
    2    4
     0.0157204610878494     0.0000000000000000       -0.0000000000000000     0.0000000000000000       -0.0000000000000000     0.0000000000000000
    -0.0000000000000000     0.0000000000000000        0.0157204610889431     0.0000000000000000       -0.0000000000000000     0.0000000000000000
    -0.0000000000000000     0.0000000000000000       -0.0000000000000000     0.0000000000000000       -0.0202028461402653     0.0000000000000000
    2    5
    -0.0337601076048553     0.0000000000000000        0.0000000000000000     0.0000000000000000        0.0000000000000000     0.0000000000000000
     0.0000000000000000     0.0000000000000000       -0.0337601076072041     0.0000000000000000        0.0000000000000000     0.0000000000000000
     0.0000000000000000     0.0000000000000000        0.0000000000000000     0.0000000000000000        0.0060959616221059     0.0000000000000000
    2    6
     0.0113138942642158     0.0000000000000000        0.0187117169497385     0.0000000000000000       -0.0142151849974675     0.0000000000000000
     0.0187117169497385     0.0000000000000000       -0.0102925353716119     0.0000000000000000       -0.0082071408851537     0.0000000000000000
    -0.0175738382103311     0.0000000000000000       -0.0101462602217826     0.0000000000000000       -0.0204017000085163     0.0000000000000000
    2    7
    -0.0210957501884517     0.0000000000000000        0.0000000000000000     0.0000000000000000       -0.0000000000000000     0.0000000000000000
     0.0000000000000000     0.0000000000000000        0.0221171090833104     0.0000000000000000        0.0164142817703074     0.0000000000000000
    -0.0000000000000000     0.0000000000000000        0.0202925204435651     0.0000000000000000       -0.0204017000085163     0.0000000000000000
    2    8
     0.0113138942642158     0.0000000000000000       -0.0187117169497385     0.0000000000000000        0.0142151849974675     0.0000000000000000
    -0.0187117169497385     0.0000000000000000       -0.0102925353716119     0.0000000000000000       -0.0082071408851537     0.0000000000000000
     0.0175738382103311     0.0000000000000000       -0.0101462602217826     0.0000000000000000       -0.0204017000085163     0.0000000000000000
    2    9
     0.0292812991877403     0.0000000000000000        0.0000000000000000     0.0000000000000000        0.0000000000000000     0.0000000000000000
     0.0000000000000000     0.0000000000000000       -0.0400839649045871     0.0000000000000000       -0.0112902193464885     0.0000000000000000
     0.0000000000000000     0.0000000000000000       -0.0103108728605638     0.0000000000000000        0.0225978126183582     0.0000000000000000
    2   10
    -0.0227426488794137     0.0000000000000000        0.0300360404219233     0.0000000000000000       -0.0097776167680174     0.0000000000000000
     0.0300360404219233     0.0000000000000000        0.0119399831661863     0.0000000000000000        0.0056451096732442     0.0000000000000000
    -0.0089294778321292     0.0000000000000000        0.0051554364302819     0.0000000000000000        0.0225978126183582     0.0000000000000000
    2   11
    -0.0227426488794137     0.0000000000000000       -0.0300360404219233     0.0000000000000000        0.0097776167680175     0.0000000000000000
    -0.0300360404219233     0.0000000000000000        0.0119399831661863     0.0000000000000000        0.0056451096732442     0.0000000000000000
     0.0089294778321292     0.0000000000000000        0.0051554364302819     0.0000000000000000        0.0225978126183582     0.0000000000000000
    3    1
    -0.0479105773062880     0.0000000000000000        0.0000000000000000     0.0000000000000000       -0.0000000000000000     0.0000000000000000
     0.0000000000000000     0.0000000000000000       -0.0479105773096213     0.0000000000000000       -0.0000000000000000     0.0000000000000000
    -0.0000000000000000     0.0000000000000000       -0.0000000000000000     0.0000000000000000       -0.0886710999455574     0.0000000000000000
    3    2
    -0.0249915957797050     0.0000000000000000        0.0000000000000000     0.0000000000000000       -0.0000000000000000     0.0000000000000000
     0.0000000000000000     0.0000000000000000       -0.0249915957814437     0.0000000000000000       -0.0000000000000000     0.0000000000000000
    -0.0000000000000000     0.0000000000000000       -0.0000000000000000     0.0000000000000000       -0.0081046210940511     0.0000000000000000
    3    3
     0.1056137798341061     0.0000000000000000       -0.0000000000000000     0.0000000000000000        0.0000000000000000     0.0000000000000000
    -0.0000000000000000     0.0000000000000000        0.1056137798414540     0.0000000000000000        0.0000000000000000     0.0000000000000000
     0.0000000000000000     0.0000000000000000        0.0000000000000000     0.0000000000000000        0.1042942677282423     0.0000000000000000
    3    4
    -0.0337601076048553     0.0000000000000000        0.0000000000000000     0.0000000000000000        0.0000000000000000     0.0000000000000000
     0.0000000000000000     0.0000000000000000       -0.0337601076072041     0.0000000000000000        0.0000000000000000     0.0000000000000000
     0.0000000000000000     0.0000000000000000        0.0000000000000000     0.0000000000000000        0.0060959616221059     0.0000000000000000
    3    5
     0.0157204610878494     0.0000000000000000       -0.0000000000000000     0.0000000000000000       -0.0000000000000000     0.0000000000000000
    -0.0000000000000000     0.0000000000000000        0.0157204610889431     0.0000000000000000       -0.0000000000000000     0.0000000000000000
    -0.0000000000000000     0.0000000000000000       -0.0000000000000000     0.0000000000000000       -0.0202028461402653     0.0000000000000000
    3    6
    -0.0227426488794137     0.0000000000000000       -0.0300360404219233     0.0000000000000000        0.0097776167680175     0.0000000000000000
    -0.0300360404219233     0.0000000000000000        0.0119399831661863     0.0000000000000000        0.0056451096732442     0.0000000000000000
     0.0089294778321292     0.0000000000000000        0.0051554364302819     0.0000000000000000        0.0225978126183582     0.0000000000000000
    3    7
     0.0292812991877403     0.0000000000000000       -0.0000000000000000     0.0000000000000000        0.0000000000000000     0.0000000000000000
    -0.0000000000000000     0.0000000000000000       -0.0400839649045871     0.0000000000000000       -0.0112902193464885     0.0000000000000000
     0.0000000000000000     0.0000000000000000       -0.0103108728605639     0.0000000000000000        0.0225978126183582     0.0000000000000000
    3    8
    -0.0227426488794137     0.0000000000000000        0.0300360404219233     0.0000000000000000       -0.0097776167680174     0.0000000000000000
     0.0300360404219233     0.0000000000000000        0.0119399831661863     0.0000000000000000        0.0056451096732442     0.0000000000000000
    -0.0089294778321292     0.0000000000000000        0.0051554364302819     0.0000000000000000        0.0225978126183582     0.0000000000000000
    3    9
    -0.0210957501884517     0.0000000000000000        0.0000000000000000     0.0000000000000000       -0.0000000000000000     0.0000000000000000
     0.0000000000000000     0.0000000000000000        0.0221171090833104     0.0000000000000000        0.0164142817703074     0.0000000000000000
    -0.0000000000000000     0.0000000000000000        0.0202925204435651     0.0000000000000000       -0.0204017000085163     0.0000000000000000
    3   10
     0.0113138942642158     0.0000000000000000       -0.0187117169497385     0.0000000000000000        0.0142151849974675     0.0000000000000000
    -0.0187117169497385     0.0000000000000000       -0.0102925353716119     0.0000000000000000       -0.0082071408851537     0.0000000000000000
     0.0175738382103311     0.0000000000000000       -0.0101462602217826     0.0000000000000000       -0.0204017000085163     0.0000000000000000
    3   11
     0.0113138942642158     0.0000000000000000        0.0187117169497385     0.0000000000000000       -0.0142151849974675     0.0000000000000000
     0.0187117169497385     0.0000000000000000       -0.0102925353716119     0.0000000000000000       -0.0082071408851537     0.0000000000000000
    -0.0175738382103311     0.0000000000000000       -0.0101462602217826     0.0000000000000000       -0.0204017000085163     0.0000000000000000
    4    1
    -0.0975975012611335     0.0000000000000000        0.0000000000000000     0.0000000000000000        0.0000000000000000     0.0000000000000000
     0.0000000000000000     0.0000000000000000       -0.0975975012679237     0.0000000000000000        0.0000000000000000     0.0000000000000000
     0.0000000000000000     0.0000000000000000        0.0000000000000000     0.0000000000000000        0.0321406084858852     0.0000000000000000
    4    2
     0.0157204610878494     0.0000000000000000        0.0000000000000000     0.0000000000000000       -0.0000000000000000     0.0000000000000000
    -0.0000000000000000     0.0000000000000000        0.0157204610889431     0.0000000000000000       -0.0000000000000000     0.0000000000000000
    -0.0000000000000000     0.0000000000000000       -0.0000000000000000     0.0000000000000000       -0.0202028461402653     0.0000000000000000
    4    3
    -0.0337601076048553     0.0000000000000000        0.0000000000000000     0.0000000000000000        0.0000000000000000     0.0000000000000000
     0.0000000000000000     0.0000000000000000       -0.0337601076072041     0.0000000000000000        0.0000000000000000     0.0000000000000000
     0.0000000000000000     0.0000000000000000        0.0000000000000000     0.0000000000000000        0.0060959616221059     0.0000000000000000
    4    4
     0.1087465875701148     0.0000000000000000       -0.0000000000000000     0.0000000000000000        0.0000000000000000     0.0000000000000000
    -0.0000000000000000     0.0000000000000000        0.1087465875776807     0.0000000000000000        0.0000000000000000     0.0000000000000000
     0.0000000000000000     0.0000000000000000        0.0000000000000000     0.0000000000000000        0.1031195655298618     0.0000000000000000
    4    5
    -0.0110733400560821     0.0000000000000000       -0.0000000000000000     0.0000000000000000       -0.0000000000000000     0.0000000000000000
    -0.0000000000000000     0.0000000000000000       -0.0110733400568525     0.0000000000000000       -0.0000000000000000     0.0000000000000000
    -0.0000000000000000     0.0000000000000000       -0.0000000000000000     0.0000000000000000       -0.0458474690831878     0.0000000000000000
    4    6
    -0.0058790326023433     0.0000000000000000       -0.0180426369354057     0.0000000000000000       -0.0174293251743309     0.0000000000000000
    -0.0180426369354057     0.0000000000000000        0.0149548099810667     0.0000000000000000       -0.0100628255815435     0.0000000000000000
    -0.0211416461426362     0.0000000000000000       -0.0122061350919874     0.0000000000000000        0.0256986743211832     0.0000000000000000
    4    7
     0.0253717312712110     0.0000000000000000       -0.0000000000000000     0.0000000000000000        0.0000000000000000     0.0000000000000000
     0.0000000000000000     0.0000000000000000       -0.0162959538946619     0.0000000000000000        0.0201256511630870     0.0000000000000000
     0.0000000000000000     0.0000000000000000        0.0244122701839749     0.0000000000000000        0.0256986743211832     0.0000000000000000
    4    8
    -0.0058790326023433     0.0000000000000000        0.0180426369354056     0.0000000000000000        0.0174293251743309     0.0000000000000000
     0.0180426369354057     0.0000000000000000        0.0149548099810667     0.0000000000000000       -0.0100628255815435     0.0000000000000000
     0.0211416461426362     0.0000000000000000       -0.0122061350919874     0.0000000000000000        0.0256986743211832     0.0000000000000000
    4    9
     0.0129975998629224     0.0000000000000000        0.0000000000000000     0.0000000000000000       -0.0000000000000000     0.0000000000000000
    -0.0000000000000000     0.0000000000000000       -0.0100974437319034     0.0000000000000000       -0.0396778852543363     0.0000000000000000
    -0.0000000000000000     0.0000000000000000       -0.0455855012736523     0.0000000000000000       -0.0508006144593164     0.0000000000000000
    4   10
    -0.0043236828326701     0.0000000000000000        0.0100004472273578     0.0000000000000000       -0.0343620565975039     0.0000000000000000
     0.0100004472273578     0.0000000000000000        0.0072238389648942     0.0000000000000000        0.0198389426271681     0.0000000000000000
    -0.0394782021458575     0.0000000000000000        0.0227927506368261     0.0000000000000000       -0.0508006144593164     0.0000000000000000
    4   11
    -0.0043236828326700     0.0000000000000000       -0.0100004472273578     0.0000000000000000        0.0343620565975038     0.0000000000000000
    -0.0100004472273578     0.0000000000000000        0.0072238389648942     0.0000000000000000        0.0198389426271681     0.0000000000000000
     0.0394782021458575     0.0000000000000000        0.0227927506368262     0.0000000000000000       -0.0508006144593164     0.0000000000000000
    5    1
    -0.0975975012611336     0.0000000000000000        0.0000000000000000     0.0000000000000000        0.0000000000000000     0.0000000000000000
     0.0000000000000000     0.0000000000000000       -0.0975975012679238     0.0000000000000000        0.0000000000000000     0.0000000000000000
     0.0000000000000000     0.0000000000000000        0.0000000000000000     0.0000000000000000        0.0321406084858852     0.0000000000000000
    5    2
    -0.0337601076048553     0.0000000000000000        0.0000000000000000     0.0000000000000000        0.0000000000000000     0.0000000000000000
    -0.0000000000000000     0.0000000000000000       -0.0337601076072041     0.0000000000000000        0.0000000000000000     0.0000000000000000
     0.0000000000000000     0.0000000000000000        0.0000000000000000     0.0000000000000000        0.0060959616221059     0.0000000000000000
    5    3
     0.0157204610878494     0.0000000000000000       -0.0000000000000000     0.0000000000000000       -0.0000000000000000     0.0000000000000000
    -0.0000000000000000     0.0000000000000000        0.0157204610889431     0.0000000000000000       -0.0000000000000000     0.0000000000000000
    -0.0000000000000000     0.0000000000000000       -0.0000000000000000     0.0000000000000000       -0.0202028461402653     0.0000000000000000
    5    4
    -0.0110733400560821     0.0000000000000000       -0.0000000000000000     0.0000000000000000       -0.0000000000000000     0.0000000000000000
    -0.0000000000000000     0.0000000000000000       -0.0110733400568525     0.0000000000000000       -0.0000000000000000     0.0000000000000000
    -0.0000000000000000     0.0000000000000000       -0.0000000000000000     0.0000000000000000       -0.0458474690831878     0.0000000000000000
    5    5
     0.1087465875701148     0.0000000000000000       -0.0000000000000000     0.0000000000000000        0.0000000000000000     0.0000000000000000
    -0.0000000000000000     0.0000000000000000        0.1087465875776807     0.0000000000000000        0.0000000000000000     0.0000000000000000
     0.0000000000000000     0.0000000000000000        0.0000000000000000     0.0000000000000000        0.1031195655298618     0.0000000000000000
    5    6
    -0.0043236828326700     0.0000000000000000       -0.0100004472273578     0.0000000000000000        0.0343620565975038     0.0000000000000000
    -0.0100004472273578     0.0000000000000000        0.0072238389648942     0.0000000000000000        0.0198389426271681     0.0000000000000000
     0.0394782021458575     0.0000000000000000        0.0227927506368261     0.0000000000000000       -0.0508006144593164     0.0000000000000000
    5    7
     0.0129975998629224     0.0000000000000000       -0.0000000000000000     0.0000000000000000       -0.0000000000000000     0.0000000000000000
    -0.0000000000000000     0.0000000000000000       -0.0100974437319034     0.0000000000000000       -0.0396778852543363     0.0000000000000000
    -0.0000000000000000     0.0000000000000000       -0.0455855012736523     0.0000000000000000       -0.0508006144593164     0.0000000000000000
    5    8
    -0.0043236828326701     0.0000000000000000        0.0100004472273578     0.0000000000000000       -0.0343620565975039     0.0000000000000000
     0.0100004472273578     0.0000000000000000        0.0072238389648942     0.0000000000000000        0.0198389426271681     0.0000000000000000
    -0.0394782021458575     0.0000000000000000        0.0227927506368262     0.0000000000000000       -0.0508006144593164     0.0000000000000000
    5    9
     0.0253717312712110     0.0000000000000000        0.0000000000000000     0.0000000000000000        0.0000000000000000     0.0000000000000000
     0.0000000000000000     0.0000000000000000       -0.0162959538946618     0.0000000000000000        0.0201256511630870     0.0000000000000000
     0.0000000000000000     0.0000000000000000        0.0244122701839749     0.0000000000000000        0.0256986743211832     0.0000000000000000
    5   10
    -0.0058790326023433     0.0000000000000000        0.0180426369354057     0.0000000000000000        0.0174293251743309     0.0000000000000000
     0.0180426369354056     0.0000000000000000        0.0149548099810667     0.0000000000000000       -0.0100628255815435     0.0000000000000000
     0.0211416461426362     0.0000000000000000       -0.0122061350919874     0.0000000000000000        0.0256986743211832     0.0000000000000000
    5   11
    -0.0058790326023433     0.0000000000000000       -0.0180426369354057     0.0000000000000000       -0.0174293251743309     0.0000000000000000
    -0.0180426369354057     0.0000000000000000        0.0149548099810667     0.0000000000000000       -0.0100628255815435     0.0000000000000000
    -0.0211416461426362     0.0000000000000000       -0.0122061350919874     0.0000000000000000        0.0256986743211832     0.0000000000000000
    6    1
    -0.0098878078705013     0.0000000000000000        0.0484856770512447     0.0000000000000000       -0.0395191611331584     0.0000000000000000
     0.0484856770512447     0.0000000000000000       -0.0658742452678917     0.0000000000000000       -0.0228163983191709     0.0000000000000000
    -0.0297016890937585     0.0000000000000000       -0.0171482781942645     0.0000000000000000       -0.0634922979202444     0.0000000000000000
    6    2
     0.0113138942642158     0.0000000000000000        0.0187117169497385     0.0000000000000000       -0.0175738382103311     0.0000000000000000
     0.0187117169497385     0.0000000000000000       -0.0102925353716119     0.0000000000000000       -0.0101462602217826     0.0000000000000000
    -0.0142151849974675     0.0000000000000000       -0.0082071408851537     0.0000000000000000       -0.0204017000085163     0.0000000000000000
    6    3
    -0.0227426488794137     0.0000000000000000       -0.0300360404219233     0.0000000000000000        0.0089294778321292     0.0000000000000000
    -0.0300360404219233     0.0000000000000000        0.0119399831661863     0.0000000000000000        0.0051554364302819     0.0000000000000000
     0.0097776167680175     0.0000000000000000        0.0056451096732443     0.0000000000000000        0.0225978126183582     0.0000000000000000
    6    4
    -0.0058790326023433     0.0000000000000000       -0.0180426369354057     0.0000000000000000       -0.0211416461426362     0.0000000000000000
    -0.0180426369354057     0.0000000000000000        0.0149548099810667     0.0000000000000000       -0.0122061350919874     0.0000000000000000
    -0.0174293251743309     0.0000000000000000       -0.0100628255815435     0.0000000000000000        0.0256986743211832     0.0000000000000000
    6    5
    -0.0043236828326700     0.0000000000000000       -0.0100004472273578     0.0000000000000000        0.0394782021458575     0.0000000000000000
    -0.0100004472273578     0.0000000000000000        0.0072238389648942     0.0000000000000000        0.0227927506368262     0.0000000000000000
     0.0343620565975038     0.0000000000000000        0.0198389426271681     0.0000000000000000       -0.0508006144593164     0.0000000000000000
    6    6
     0.1048455137674952     0.0000000000000000        0.0124435961969410     0.0000000000000000        0.0050301030812521     0.0000000000000000
     0.0124435961969411     0.0000000000000000        0.0904768865463079     0.0000000000000000        0.0029041313681135     0.0000000000000000
     0.0050301030812521     0.0000000000000000        0.0029041313681135     0.0000000000000000        0.1027952070579354     0.0000000000000000
    6    7
    -0.0060507228894775     0.0000000000000000       -0.0381385862791207     0.0000000000000000       -0.0007753951568734     0.0000000000000000
    -0.0300137648057044     0.0000000000000000       -0.0453985011359969     0.0000000000000000        0.0018037353809517     0.0000000000000000
    -0.0019497782399913     0.0000000000000000       -0.0002303557866286     0.0000000000000000        0.0123080540682992     0.0000000000000000
    6    8
    -0.0650723902545188     0.0000000000000000        0.0040624107367082     0.0000000000000000        0.0011743830831179     0.0000000000000000
    -0.0040624107367082     0.0000000000000000        0.0136231662331508     0.0000000000000000       -0.0015733795943230     0.0000000000000000
    -0.0011743830831179     0.0000000000000000       -0.0015733795943230     0.0000000000000000        0.0123080540682992     0.0000000000000000
    6    9
    -0.0040596000543756     0.0000000000000000        0.0154762886182779     0.0000000000000000        0.0209562130458474     0.0000000000000000
     0.0154766397455472     0.0000000000000000        0.0138110814690252     0.0000000000000000       -0.0085975265518340     0.0000000000000000
     0.0179237829262641     0.0000000000000000       -0.0138498495895371     0.0000000000000000       -0.0017824938508579     0.0000000000000000
    6   10
     0.0227464222292843     0.0000000000000000        0.0000001755636347     0.0000000000000000        0.0030324301195833     0.0000000000000000
    -0.0000001755636347     0.0000000000000000       -0.0129949408164997     0.0000000000000000        0.0224473761413711     0.0000000000000000
    -0.0030324301195833     0.0000000000000000        0.0224473761413711     0.0000000000000000       -0.0017824938508579     0.0000000000000000
    6   11
    -0.0208899448776951     0.0000000000000000       -0.0029621542527375     0.0000000000000000        0.0004092313352118     0.0000000000000000
    -0.0029621542527375     0.0000000000000000       -0.0174695437686311     0.0000000000000000        0.0002362698215536     0.0000000000000000
     0.0004092313352118     0.0000000000000000        0.0002362698215536     0.0000000000000000       -0.0374482020442823     0.0000000000000000
    7    1
    -0.0938674639597121     0.0000000000000000        0.0000000000000000     0.0000000000000000       -0.0000000000000000     0.0000000000000000
     0.0000000000000000     0.0000000000000000        0.0181054108271619     0.0000000000000000        0.0456327966383418     0.0000000000000000
    -0.0000000000000000     0.0000000000000000        0.0342965563885291     0.0000000000000000       -0.0634922979202444     0.0000000000000000
    7    2
    -0.0210957501884517     0.0000000000000000        0.0000000000000000     0.0000000000000000       -0.0000000000000000     0.0000000000000000
     0.0000000000000000     0.0000000000000000        0.0221171090833104     0.0000000000000000        0.0202925204435651     0.0000000000000000
    -0.0000000000000000     0.0000000000000000        0.0164142817703074     0.0000000000000000       -0.0204017000085163     0.0000000000000000
    7    3
     0.0292812991877403     0.0000000000000000       -0.0000000000000000     0.0000000000000000        0.0000000000000000     0.0000000000000000
    -0.0000000000000000     0.0000000000000000       -0.0400839649045871     0.0000000000000000       -0.0103108728605638     0.0000000000000000
     0.0000000000000000     0.0000000000000000       -0.0112902193464885     0.0000000000000000        0.0225978126183582     0.0000000000000000
    7    4
     0.0253717312712110     0.0000000000000000        0.0000000000000000     0.0000000000000000        0.0000000000000000     0.0000000000000000
     0.0000000000000000     0.0000000000000000       -0.0162959538946618     0.0000000000000000        0.0244122701839749     0.0000000000000000
     0.0000000000000000     0.0000000000000000        0.0201256511630870     0.0000000000000000        0.0256986743211832     0.0000000000000000
    7    5
     0.0129975998629224     0.0000000000000000       -0.0000000000000000     0.0000000000000000       -0.0000000000000000     0.0000000000000000
    -0.0000000000000000     0.0000000000000000       -0.0100974437319034     0.0000000000000000       -0.0455855012736523     0.0000000000000000
    -0.0000000000000000     0.0000000000000000       -0.0396778852543363     0.0000000000000000       -0.0508006144593164     0.0000000000000000
    7    6
    -0.0060507228894775     0.0000000000000000       -0.0300137648057044     0.0000000000000000       -0.0019497782399913     0.0000000000000000
    -0.0381385862791207     0.0000000000000000       -0.0453985011359969     0.0000000000000000       -0.0002303557866286     0.0000000000000000
    -0.0007753951568734     0.0000000000000000        0.0018037353809517     0.0000000000000000        0.0123080540682992     0.0000000000000000
    7    7
     0.0832925729262722     0.0000000000000000        0.0000000000000000     0.0000000000000000        0.0000000000000000     0.0000000000000000
    -0.0000000000000000     0.0000000000000000        0.1120298273890304     0.0000000000000000       -0.0058082627362269     0.0000000000000000
     0.0000000000000000     0.0000000000000000       -0.0058082627362269     0.0000000000000000        0.1027952070579354     0.0000000000000000
    7    8
    -0.0060507228894775     0.0000000000000000        0.0300137648057044     0.0000000000000000        0.0019497782399913     0.0000000000000000
     0.0381385862791207     0.0000000000000000       -0.0453985011359969     0.0000000000000000       -0.0002303557866286     0.0000000000000000
     0.0007753951568735     0.0000000000000000        0.0018037353809517     0.0000000000000000        0.0123080540682992     0.0000000000000000
    7    9
    -0.0157593432122760     0.0000000000000000        0.0000000000000000     0.0000000000000000       -0.0000000000000000     0.0000000000000000
    -0.0000000000000000     0.0000000000000000       -0.0226001454344071     0.0000000000000000       -0.0004725396431072     0.0000000000000000
    -0.0000000000000000     0.0000000000000000       -0.0004725396431072     0.0000000000000000       -0.0374482020442823     0.0000000000000000
    7   10
    -0.0040596000543756     0.0000000000000000       -0.0154766397455472     0.0000000000000000       -0.0179237829262641     0.0000000000000000
    -0.0154762886182779     0.0000000000000000        0.0138110814690252     0.0000000000000000       -0.0138498495895371     0.0000000000000000
    -0.0209562130458474     0.0000000000000000       -0.0085975265518340     0.0000000000000000       -0.0017824938508579     0.0000000000000000
    7   11
    -0.0040596000543756     0.0000000000000000        0.0154766397455472     0.0000000000000000        0.0179237829262641     0.0000000000000000
     0.0154762886182779     0.0000000000000000        0.0138110814690252     0.0000000000000000       -0.0138498495895371     0.0000000000000000
     0.0209562130458474     0.0000000000000000       -0.0085975265518340     0.0000000000000000       -0.0017824938508579     0.0000000000000000
    8    1
    -0.0098878078705013     0.0000000000000000       -0.0484856770512447     0.0000000000000000        0.0395191611331584     0.0000000000000000
    -0.0484856770512447     0.0000000000000000       -0.0658742452678917     0.0000000000000000       -0.0228163983191709     0.0000000000000000
     0.0297016890937584     0.0000000000000000       -0.0171482781942645     0.0000000000000000       -0.0634922979202444     0.0000000000000000
    8    2
     0.0113138942642158     0.0000000000000000       -0.0187117169497385     0.0000000000000000        0.0175738382103311     0.0000000000000000
    -0.0187117169497385     0.0000000000000000       -0.0102925353716119     0.0000000000000000       -0.0101462602217826     0.0000000000000000
     0.0142151849974675     0.0000000000000000       -0.0082071408851537     0.0000000000000000       -0.0204017000085163     0.0000000000000000
    8    3
    -0.0227426488794137     0.0000000000000000        0.0300360404219233     0.0000000000000000       -0.0089294778321292     0.0000000000000000
     0.0300360404219233     0.0000000000000000        0.0119399831661863     0.0000000000000000        0.0051554364302819     0.0000000000000000
    -0.0097776167680174     0.0000000000000000        0.0056451096732443     0.0000000000000000        0.0225978126183582     0.0000000000000000
    8    4
    -0.0058790326023433     0.0000000000000000        0.0180426369354057     0.0000000000000000        0.0211416461426362     0.0000000000000000
     0.0180426369354056     0.0000000000000000        0.0149548099810667     0.0000000000000000       -0.0122061350919874     0.0000000000000000
     0.0174293251743309     0.0000000000000000       -0.0100628255815435     0.0000000000000000        0.0256986743211832     0.0000000000000000
    8    5
    -0.0043236828326701     0.0000000000000000        0.0100004472273578     0.0000000000000000       -0.0394782021458575     0.0000000000000000
     0.0100004472273578     0.0000000000000000        0.0072238389648942     0.0000000000000000        0.0227927506368262     0.0000000000000000
    -0.0343620565975039     0.0000000000000000        0.0198389426271681     0.0000000000000000       -0.0508006144593164     0.0000000000000000
    8    6
    -0.0650723902545188     0.0000000000000000       -0.0040624107367082     0.0000000000000000       -0.0011743830831179     0.0000000000000000
     0.0040624107367082     0.0000000000000000        0.0136231662331508     0.0000000000000000       -0.0015733795943230     0.0000000000000000
     0.0011743830831179     0.0000000000000000       -0.0015733795943230     0.0000000000000000        0.0123080540682992     0.0000000000000000
    8    7
    -0.0060507228894775     0.0000000000000000        0.0381385862791207     0.0000000000000000        0.0007753951568735     0.0000000000000000
     0.0300137648057044     0.0000000000000000       -0.0453985011359969     0.0000000000000000        0.0018037353809517     0.0000000000000000
     0.0019497782399913     0.0000000000000000       -0.0002303557866286     0.0000000000000000        0.0123080540682992     0.0000000000000000
    8    8
     0.1048455137674951     0.0000000000000000       -0.0124435961969410     0.0000000000000000       -0.0050301030812520     0.0000000000000000
    -0.0124435961969410     0.0000000000000000        0.0904768865463079     0.0000000000000000        0.0029041313681135     0.0000000000000000
    -0.0050301030812520     0.0000000000000000        0.0029041313681135     0.0000000000000000        0.1027952070579354     0.0000000000000000
    8    9
    -0.0040596000543756     0.0000000000000000       -0.0154762886182779     0.0000000000000000       -0.0209562130458474     0.0000000000000000
    -0.0154766397455472     0.0000000000000000        0.0138110814690252     0.0000000000000000       -0.0085975265518340     0.0000000000000000
    -0.0179237829262641     0.0000000000000000       -0.0138498495895371     0.0000000000000000       -0.0017824938508579     0.0000000000000000
    8   10
    -0.0208899448776951     0.0000000000000000        0.0029621542527375     0.0000000000000000       -0.0004092313352118     0.0000000000000000
     0.0029621542527375     0.0000000000000000       -0.0174695437686311     0.0000000000000000        0.0002362698215536     0.0000000000000000
    -0.0004092313352119     0.0000000000000000        0.0002362698215536     0.0000000000000000       -0.0374482020442823     0.0000000000000000
    8   11
     0.0227464222292843     0.0000000000000000       -0.0000001755636347     0.0000000000000000       -0.0030324301195833     0.0000000000000000
     0.0000001755636347     0.0000000000000000       -0.0129949408164997     0.0000000000000000        0.0224473761413711     0.0000000000000000
     0.0030324301195833     0.0000000000000000        0.0224473761413711     0.0000000000000000       -0.0017824938508579     0.0000000000000000
    9    1
    -0.0938674639597121     0.0000000000000000        0.0000000000000000     0.0000000000000000       -0.0000000000000000     0.0000000000000000
     0.0000000000000000     0.0000000000000000        0.0181054108271619     0.0000000000000000        0.0456327966383418     0.0000000000000000
    -0.0000000000000000     0.0000000000000000        0.0342965563885291     0.0000000000000000       -0.0634922979202444     0.0000000000000000
    9    2
     0.0292812991877403     0.0000000000000000       -0.0000000000000000     0.0000000000000000        0.0000000000000000     0.0000000000000000
    -0.0000000000000000     0.0000000000000000       -0.0400839649045871     0.0000000000000000       -0.0103108728605638     0.0000000000000000
     0.0000000000000000     0.0000000000000000       -0.0112902193464885     0.0000000000000000        0.0225978126183582     0.0000000000000000
    9    3
    -0.0210957501884517     0.0000000000000000        0.0000000000000000     0.0000000000000000       -0.0000000000000000     0.0000000000000000
     0.0000000000000000     0.0000000000000000        0.0221171090833104     0.0000000000000000        0.0202925204435651     0.0000000000000000
    -0.0000000000000000     0.0000000000000000        0.0164142817703074     0.0000000000000000       -0.0204017000085163     0.0000000000000000
    9    4
     0.0129975998629224     0.0000000000000000       -0.0000000000000000     0.0000000000000000       -0.0000000000000000     0.0000000000000000
     0.0000000000000000     0.0000000000000000       -0.0100974437319034     0.0000000000000000       -0.0455855012736523     0.0000000000000000
    -0.0000000000000000     0.0000000000000000       -0.0396778852543363     0.0000000000000000       -0.0508006144593164     0.0000000000000000
    9    5
     0.0253717312712110     0.0000000000000000        0.0000000000000000     0.0000000000000000        0.0000000000000000     0.0000000000000000
     0.0000000000000000     0.0000000000000000       -0.0162959538946618     0.0000000000000000        0.0244122701839749     0.0000000000000000
     0.0000000000000000     0.0000000000000000        0.0201256511630870     0.0000000000000000        0.0256986743211832     0.0000000000000000
    9    6
    -0.0040596000543756     0.0000000000000000        0.0154766397455472     0.0000000000000000        0.0179237829262641     0.0000000000000000
     0.0154762886182779     0.0000000000000000        0.0138110814690252     0.0000000000000000       -0.0138498495895371     0.0000000000000000
     0.0209562130458474     0.0000000000000000       -0.0085975265518340     0.0000000000000000       -0.0017824938508579     0.0000000000000000
    9    7
    -0.0157593432122759     0.0000000000000000       -0.0000000000000000     0.0000000000000000       -0.0000000000000000     0.0000000000000000
     0.0000000000000000     0.0000000000000000       -0.0226001454344071     0.0000000000000000       -0.0004725396431072     0.0000000000000000
    -0.0000000000000000     0.0000000000000000       -0.0004725396431072     0.0000000000000000       -0.0374482020442823     0.0000000000000000
    9    8
    -0.0040596000543756     0.0000000000000000       -0.0154766397455472     0.0000000000000000       -0.0179237829262641     0.0000000000000000
    -0.0154762886182779     0.0000000000000000        0.0138110814690252     0.0000000000000000       -0.0138498495895371     0.0000000000000000
    -0.0209562130458474     0.0000000000000000       -0.0085975265518340     0.0000000000000000       -0.0017824938508579     0.0000000000000000
    9    9
     0.0832925729262722     0.0000000000000000        0.0000000000000000     0.0000000000000000        0.0000000000000000     0.0000000000000000
    -0.0000000000000000     0.0000000000000000        0.1120298273890304     0.0000000000000000       -0.0058082627362269     0.0000000000000000
     0.0000000000000000     0.0000000000000000       -0.0058082627362269     0.0000000000000000        0.1027952070579354     0.0000000000000000
    9   10
    -0.0060507228894775     0.0000000000000000        0.0300137648057044     0.0000000000000000        0.0019497782399913     0.0000000000000000
     0.0381385862791207     0.0000000000000000       -0.0453985011359969     0.0000000000000000       -0.0002303557866286     0.0000000000000000
     0.0007753951568735     0.0000000000000000        0.0018037353809517     0.0000000000000000        0.0123080540682992     0.0000000000000000
    9   11
    -0.0060507228894775     0.0000000000000000       -0.0300137648057044     0.0000000000000000       -0.0019497782399913     0.0000000000000000
    -0.0381385862791207     0.0000000000000000       -0.0453985011359969     0.0000000000000000       -0.0002303557866286     0.0000000000000000
    -0.0007753951568734     0.0000000000000000        0.0018037353809517     0.0000000000000000        0.0123080540682992     0.0000000000000000
   10    1
    -0.0098878078705013     0.0000000000000000       -0.0484856770512447     0.0000000000000000        0.0395191611331584     0.0000000000000000
    -0.0484856770512447     0.0000000000000000       -0.0658742452678916     0.0000000000000000       -0.0228163983191709     0.0000000000000000
     0.0297016890937584     0.0000000000000000       -0.0171482781942646     0.0000000000000000       -0.0634922979202444     0.0000000000000000
   10    2
    -0.0227426488794137     0.0000000000000000        0.0300360404219233     0.0000000000000000       -0.0089294778321292     0.0000000000000000
     0.0300360404219233     0.0000000000000000        0.0119399831661863     0.0000000000000000        0.0051554364302819     0.0000000000000000
    -0.0097776167680174     0.0000000000000000        0.0056451096732443     0.0000000000000000        0.0225978126183582     0.0000000000000000
   10    3
     0.0113138942642158     0.0000000000000000       -0.0187117169497385     0.0000000000000000        0.0175738382103311     0.0000000000000000
    -0.0187117169497385     0.0000000000000000       -0.0102925353716119     0.0000000000000000       -0.0101462602217826     0.0000000000000000
     0.0142151849974675     0.0000000000000000       -0.0082071408851537     0.0000000000000000       -0.0204017000085163     0.0000000000000000
   10    4
    -0.0043236828326701     0.0000000000000000        0.0100004472273578     0.0000000000000000       -0.0394782021458575     0.0000000000000000
     0.0100004472273578     0.0000000000000000        0.0072238389648942     0.0000000000000000        0.0227927506368262     0.0000000000000000
    -0.0343620565975039     0.0000000000000000        0.0198389426271681     0.0000000000000000       -0.0508006144593164     0.0000000000000000
   10    5
    -0.0058790326023433     0.0000000000000000        0.0180426369354056     0.0000000000000000        0.0211416461426362     0.0000000000000000
     0.0180426369354056     0.0000000000000000        0.0149548099810667     0.0000000000000000       -0.0122061350919874     0.0000000000000000
     0.0174293251743309     0.0000000000000000       -0.0100628255815435     0.0000000000000000        0.0256986743211832     0.0000000000000000
   10    6
     0.0227464222292843     0.0000000000000000       -0.0000001755636347     0.0000000000000000       -0.0030324301195833     0.0000000000000000
     0.0000001755636347     0.0000000000000000       -0.0129949408164997     0.0000000000000000        0.0224473761413711     0.0000000000000000
     0.0030324301195833     0.0000000000000000        0.0224473761413711     0.0000000000000000       -0.0017824938508579     0.0000000000000000
   10    7
    -0.0040596000543756     0.0000000000000000       -0.0154762886182779     0.0000000000000000       -0.0209562130458474     0.0000000000000000
    -0.0154766397455472     0.0000000000000000        0.0138110814690252     0.0000000000000000       -0.0085975265518340     0.0000000000000000
    -0.0179237829262641     0.0000000000000000       -0.0138498495895371     0.0000000000000000       -0.0017824938508579     0.0000000000000000
   10    8
    -0.0208899448776951     0.0000000000000000        0.0029621542527375     0.0000000000000000       -0.0004092313352119     0.0000000000000000
     0.0029621542527375     0.0000000000000000       -0.0174695437686311     0.0000000000000000        0.0002362698215536     0.0000000000000000
    -0.0004092313352119     0.0000000000000000        0.0002362698215536     0.0000000000000000       -0.0374482020442823     0.0000000000000000
   10    9
    -0.0060507228894775     0.0000000000000000        0.0381385862791207     0.0000000000000000        0.0007753951568735     0.0000000000000000
     0.0300137648057044     0.0000000000000000       -0.0453985011359969     0.0000000000000000        0.0018037353809517     0.0000000000000000
     0.0019497782399913     0.0000000000000000       -0.0002303557866286     0.0000000000000000        0.0123080540682992     0.0000000000000000
   10   10
     0.1048455137674951     0.0000000000000000       -0.0124435961969410     0.0000000000000000       -0.0050301030812520     0.0000000000000000
    -0.0124435961969410     0.0000000000000000        0.0904768865463079     0.0000000000000000        0.0029041313681135     0.0000000000000000
    -0.0050301030812520     0.0000000000000000        0.0029041313681135     0.0000000000000000        0.1027952070579354     0.0000000000000000
   10   11
    -0.0650723902545188     0.0000000000000000       -0.0040624107367082     0.0000000000000000       -0.0011743830831179     0.0000000000000000
     0.0040624107367082     0.0000000000000000        0.0136231662331508     0.0000000000000000       -0.0015733795943230     0.0000000000000000
     0.0011743830831179     0.0000000000000000       -0.0015733795943230     0.0000000000000000        0.0123080540682992     0.0000000000000000
   11    1
    -0.0098878078705013     0.0000000000000000        0.0484856770512447     0.0000000000000000       -0.0395191611331584     0.0000000000000000
     0.0484856770512447     0.0000000000000000       -0.0658742452678917     0.0000000000000000       -0.0228163983191709     0.0000000000000000
    -0.0297016890937585     0.0000000000000000       -0.0171482781942645     0.0000000000000000       -0.0634922979202444     0.0000000000000000
   11    2
    -0.0227426488794137     0.0000000000000000       -0.0300360404219233     0.0000000000000000        0.0089294778321292     0.0000000000000000
    -0.0300360404219233     0.0000000000000000        0.0119399831661863     0.0000000000000000        0.0051554364302819     0.0000000000000000
     0.0097776167680175     0.0000000000000000        0.0056451096732443     0.0000000000000000        0.0225978126183582     0.0000000000000000
   11    3
     0.0113138942642158     0.0000000000000000        0.0187117169497385     0.0000000000000000       -0.0175738382103311     0.0000000000000000
     0.0187117169497385     0.0000000000000000       -0.0102925353716119     0.0000000000000000       -0.0101462602217826     0.0000000000000000
    -0.0142151849974675     0.0000000000000000       -0.0082071408851537     0.0000000000000000       -0.0204017000085163     0.0000000000000000
   11    4
    -0.0043236828326700     0.0000000000000000       -0.0100004472273578     0.0000000000000000        0.0394782021458575     0.0000000000000000
    -0.0100004472273578     0.0000000000000000        0.0072238389648942     0.0000000000000000        0.0227927506368262     0.0000000000000000
     0.0343620565975038     0.0000000000000000        0.0198389426271681     0.0000000000000000       -0.0508006144593164     0.0000000000000000
   11    5
    -0.0058790326023433     0.0000000000000000       -0.0180426369354057     0.0000000000000000       -0.0211416461426362     0.0000000000000000
    -0.0180426369354057     0.0000000000000000        0.0149548099810667     0.0000000000000000       -0.0122061350919874     0.0000000000000000
    -0.0174293251743309     0.0000000000000000       -0.0100628255815435     0.0000000000000000        0.0256986743211832     0.0000000000000000
   11    6
    -0.0208899448776950     0.0000000000000000       -0.0029621542527375     0.0000000000000000        0.0004092313352118     0.0000000000000000
    -0.0029621542527375     0.0000000000000000       -0.0174695437686311     0.0000000000000000        0.0002362698215536     0.0000000000000000
     0.0004092313352118     0.0000000000000000        0.0002362698215536     0.0000000000000000       -0.0374482020442823     0.0000000000000000
   11    7
    -0.0040596000543756     0.0000000000000000        0.0154762886182779     0.0000000000000000        0.0209562130458474     0.0000000000000000
     0.0154766397455472     0.0000000000000000        0.0138110814690252     0.0000000000000000       -0.0085975265518340     0.0000000000000000
     0.0179237829262641     0.0000000000000000       -0.0138498495895371     0.0000000000000000       -0.0017824938508579     0.0000000000000000
   11    8
     0.0227464222292843     0.0000000000000000        0.0000001755636347     0.0000000000000000        0.0030324301195833     0.0000000000000000
    -0.0000001755636347     0.0000000000000000       -0.0129949408164997     0.0000000000000000        0.0224473761413711     0.0000000000000000
    -0.0030324301195833     0.0000000000000000        0.0224473761413711     0.0000000000000000       -0.0017824938508579     0.0000000000000000
   11    9
    -0.0060507228894775     0.0000000000000000       -0.0381385862791207     0.0000000000000000       -0.0007753951568734     0.0000000000000000
    -0.0300137648057044     0.0000000000000000       -0.0453985011359969     0.0000000000000000        0.0018037353809517     0.0000000000000000
    -0.0019497782399913     0.0000000000000000       -0.0002303557866286     0.0000000000000000        0.0123080540682992     0.0000000000000000
   11   10
    -0.0650723902545188     0.0000000000000000        0.0040624107367082     0.0000000000000000        0.0011743830831179     0.0000000000000000
    -0.0040624107367082     0.0000000000000000        0.0136231662331508     0.0000000000000000       -0.0015733795943230     0.0000000000000000
    -0.0011743830831179     0.0000000000000000       -0.0015733795943230     0.0000000000000000        0.0123080540682992     0.0000000000000000
   11   11
     0.1048455137674952     0.0000000000000000        0.0124435961969410     0.0000000000000000        0.0050301030812521     0.0000000000000000
     0.0124435961969411     0.0000000000000000        0.0904768865463079     0.0000000000000000        0.0029041313681135     0.0000000000000000
     0.0050301030812521     0.0000000000000000        0.0029041313681135     0.0000000000000000        0.1027952070579354     0.0000000000000000

     Diagonalizing the dynamical matrix

     q = (     0.000000000000     0.000000000000     0.000000000000 )

***************************************************************************
   freq (    1) =    -5.48415709 [THz] =  -182.93176356 [cm-1]
(  -0.000000  0.000000  -0.000000  0.000000  -0.000000  0.000000 )
(  -0.000016  0.000000   0.420380  0.000000  -0.000000  0.000000 )
(   0.000016  0.000000  -0.420380  0.000000   0.000000  0.000000 )
(   0.000005  0.000000  -0.132202  0.000000   0.000000  0.000000 )
(  -0.000005  0.000000   0.132202  0.000000  -0.000000  0.000000 )
(  -0.213263  0.000000  -0.064982  0.000000   0.054290  0.000000 )
(  -0.000002  0.000000  -0.434393  0.000000  -0.108586  0.000000 )
(   0.213286  0.000000  -0.064998  0.000000   0.054297  0.000000 )
(   0.000002  0.000000   0.434393  0.000000   0.108586  0.000000 )
(  -0.213286  0.000000   0.064998  0.000000  -0.054297  0.000000 )
(   0.213263  0.000000   0.064982  0.000000  -0.054290  0.000000 )
   freq (    2) =    -5.48415709 [THz] =  -182.93176356 [cm-1]
(  -0.000000  0.000000  -0.000000  0.000000  -0.000000  0.000000 )
(  -0.420380  0.000000  -0.000016  0.000000  -0.000000  0.000000 )
(   0.420380  0.000000   0.000016  0.000000  -0.000000  0.000000 )
(   0.132202  0.000000   0.000005  0.000000  -0.000000  0.000000 )
(  -0.132202  0.000000  -0.000005  0.000000  -0.000000  0.000000 )
(   0.311266  0.000000   0.213277  0.000000  -0.094041  0.000000 )
(  -0.058144  0.000000   0.000016  0.000000   0.000004  0.000000 )
(   0.311250  0.000000  -0.213272  0.000000   0.094037  0.000000 )
(   0.058144  0.000000  -0.000016  0.000000  -0.000004  0.000000 )
(  -0.311250  0.000000   0.213272  0.000000  -0.094037  0.000000 )
(  -0.311266  0.000000  -0.213277  0.000000   0.094041  0.000000 )
   freq (    3) =    -0.00000079 [THz] =    -0.00002647 [cm-1]
(   0.000000  0.000000  -0.259866  0.000000  -0.152901  0.000000 )
(   0.000000  0.000000  -0.259866  0.000000  -0.152901  0.000000 )
(  -0.000000  0.000000  -0.259866  0.000000  -0.152901  0.000000 )
(  -0.000000  0.000000  -0.259866  0.000000  -0.152901  0.000000 )
(   0.000000  0.000000  -0.259866  0.000000  -0.152901  0.000000 )
(  -0.000000  0.000000  -0.259866  0.000000  -0.152901  0.000000 )
(   0.000000  0.000000  -0.259866  0.000000  -0.152901  0.000000 )
(  -0.000000  0.000000  -0.259866  0.000000  -0.152901  0.000000 )
(   0.000000  0.000000  -0.259866  0.000000  -0.152901  0.000000 )
(   0.000000  0.000000  -0.259866  0.000000  -0.152901  0.000000 )
(   0.000000  0.000000  -0.259866  0.000000  -0.152901  0.000000 )
   freq (    4) =     0.00000013 [THz] =     0.00000422 [cm-1]
(   0.301511  0.000000   0.000000  0.000000   0.000000  0.000000 )
(   0.301511  0.000000   0.000000  0.000000   0.000000  0.000000 )
(   0.301511  0.000000  -0.000000  0.000000   0.000000  0.000000 )
(   0.301511  0.000000   0.000000  0.000000   0.000000  0.000000 )
(   0.301511  0.000000   0.000000  0.000000  -0.000000  0.000000 )
(   0.301511  0.000000   0.000000  0.000000  -0.000000  0.000000 )
(   0.301511  0.000000  -0.000000  0.000000  -0.000000  0.000000 )
(   0.301511  0.000000  -0.000000  0.000000   0.000000  0.000000 )
(   0.301511  0.000000   0.000000  0.000000   0.000000  0.000000 )
(   0.301511  0.000000   0.000000  0.000000  -0.000000  0.000000 )
(   0.301511  0.000000  -0.000000  0.000000   0.000000  0.000000 )
   freq (    5) =     0.00000116 [THz] =     0.00003858 [cm-1]
(   0.000000  0.000000  -0.152901  0.000000   0.259866  0.000000 )
(  -0.000000  0.000000  -0.152901  0.000000   0.259866  0.000000 )
(   0.000000  0.000000  -0.152901  0.000000   0.259866  0.000000 )
(   0.000000  0.000000  -0.152901  0.000000   0.259866  0.000000 )
(  -0.000000  0.000000  -0.152901  0.000000   0.259866  0.000000 )
(   0.000000  0.000000  -0.152901  0.000000   0.259866  0.000000 )
(  -0.000000  0.000000  -0.152901  0.000000   0.259866  0.000000 )
(   0.000000  0.000000  -0.152901  0.000000   0.259866  0.000000 )
(   0.000000  0.000000  -0.152901  0.000000   0.259866  0.000000 )
(  -0.000000  0.000000  -0.152901  0.000000   0.259866  0.000000 )
(  -0.000000  0.000000  -0.152901  0.000000   0.259866  0.000000 )
   freq (    6) =     5.87977493 [THz] =   196.12815234 [cm-1]
(   0.000000  0.000000   0.000000  0.000000  -0.000000  0.000000 )
(   0.000000  0.000000  -0.000000  0.000000   0.085579  0.000000 )
(  -0.000000  0.000000   0.000000  0.000000  -0.085579  0.000000 )
(  -0.000000  0.000000   0.000000  0.000000  -0.523180  0.000000 )
(   0.000000  0.000000  -0.000000  0.000000   0.523180  0.000000 )
(  -0.087007  0.000000  -0.050234  0.000000   0.250784  0.000000 )
(   0.000000  0.000000   0.100467  0.000000   0.250784  0.000000 )
(   0.087007  0.000000  -0.050234  0.000000   0.250784  0.000000 )
(   0.000000  0.000000  -0.100467  0.000000  -0.250784  0.000000 )
(  -0.087007  0.000000   0.050234  0.000000  -0.250784  0.000000 )
(   0.087007  0.000000   0.050234  0.000000  -0.250784  0.000000 )
   freq (    7) =    10.71350789 [THz] =   357.36410546 [cm-1]
(   0.000000  0.000000   0.000000  0.000000  -0.017750  0.000000 )
(  -0.000000  0.000000  -0.000000  0.000000   0.007821  0.000000 )
(   0.000000  0.000000  -0.000000  0.000000   0.007821  0.000000 )
(  -0.000000  0.000000  -0.000000  0.000000   0.545375  0.000000 )
(  -0.000000  0.000000  -0.000000  0.000000   0.545375  0.000000 )
(  -0.114888  0.000000  -0.066331  0.000000   0.223271  0.000000 )
(   0.000000  0.000000   0.132661  0.000000   0.223271  0.000000 )
(   0.114888  0.000000  -0.066331  0.000000   0.223271  0.000000 )
(   0.000000  0.000000   0.132661  0.000000   0.223271  0.000000 )
(   0.114888  0.000000  -0.066331  0.000000   0.223271  0.000000 )
(  -0.114888  0.000000  -0.066331  0.000000   0.223271  0.000000 )
   freq (    8) =    16.19041950 [THz] =   540.05418586 [cm-1]
(   0.000000  0.000000   0.000000  0.000000  -0.000000  0.000000 )
(   0.000000  0.000000  -0.000000  0.000000   0.000000  0.000000 )
(  -0.000000  0.000000  -0.000000  0.000000  -0.000000  0.000000 )
(  -0.000000  0.000000  -0.000000  0.000000   0.000000  0.000000 )
(   0.000000  0.000000  -0.000000  0.000000   0.000000  0.000000 )
(   0.204124  0.000000  -0.353553  0.000000   0.000000  0.000000 )
(  -0.408248  0.000000  -0.000000  0.000000   0.000000  0.000000 )
(   0.204124  0.000000   0.353553  0.000000  -0.000000  0.000000 )
(   0.408248  0.000000  -0.000000  0.000000   0.000000  0.000000 )
(  -0.204124  0.000000  -0.353553  0.000000   0.000000  0.000000 )
(  -0.204124  0.000000   0.353553  0.000000  -0.000000  0.000000 )
   freq (    9) =    16.47628000 [THz] =   549.58946448 [cm-1]
(   0.013548  0.000000   0.000000  0.000000   0.000000  0.000000 )
(  -0.323506  0.000000   0.000000  0.000000   0.000000  0.000000 )
(  -0.323506  0.000000   0.000000  0.000000  -0.000000  0.000000 )
(  -0.375550  0.000000   0.000000  0.000000  -0.000000  0.000000 )
(  -0.375550  0.000000   0.000000  0.000000  -0.000000  0.000000 )
(  -0.216373  0.000000  -0.239440  0.000000  -0.057336  0.000000 )
(   0.198349  0.000000   0.000000  0.000000  -0.000000  0.000000 )
(  -0.216373  0.000000   0.239440  0.000000   0.057336  0.000000 )
(   0.198349  0.000000  -0.000000  0.000000  -0.000000  0.000000 )
(  -0.216373  0.000000   0.239440  0.000000   0.057336  0.000000 )
(  -0.216373  0.000000  -0.239440  0.000000  -0.057336  0.000000 )
   freq (   10) =    16.47628000 [THz] =   549.58946449 [cm-1]
(   0.000000  0.000000   0.013548  0.000000   0.000000  0.000000 )
(  -0.000000  0.000000  -0.323506  0.000000  -0.000000  0.000000 )
(  -0.000000  0.000000  -0.323506  0.000000  -0.000000  0.000000 )
(  -0.000000  0.000000  -0.375550  0.000000  -0.000000  0.000000 )
(  -0.000000  0.000000  -0.375550  0.000000  -0.000000  0.000000 )
(  -0.239440  0.000000   0.060108  0.000000  -0.033103  0.000000 )
(   0.000000  0.000000  -0.354614  0.000000   0.066205  0.000000 )
(   0.239440  0.000000   0.060108  0.000000  -0.033103  0.000000 )
(  -0.000000  0.000000  -0.354614  0.000000   0.066205  0.000000 )
(   0.239440  0.000000   0.060108  0.000000  -0.033103  0.000000 )
(  -0.239440  0.000000   0.060108  0.000000  -0.033103  0.000000 )
   freq (   11) =    18.72353062 [THz] =   624.54966554 [cm-1]
(  -0.013750  0.000000   0.000000  0.000000   0.000000  0.000000 )
(  -0.015722  0.000000   0.000000  0.000000   0.000000  0.000000 )
(  -0.015722  0.000000   0.000000  0.000000  -0.000000  0.000000 )
(  -0.040517  0.000000   0.000000  0.000000  -0.000000  0.000000 )
(  -0.040517  0.000000   0.000000  0.000000  -0.000000  0.000000 )
(   0.311061  0.000000  -0.040680  0.000000  -0.278954  0.000000 )
(   0.381521  0.000000   0.000000  0.000000  -0.000000  0.000000 )
(   0.311061  0.000000   0.040680  0.000000   0.278954  0.000000 )
(   0.381521  0.000000   0.000000  0.000000  -0.000000  0.000000 )
(   0.311061  0.000000   0.040680  0.000000   0.278954  0.000000 )
(   0.311061  0.000000  -0.040680  0.000000  -0.278954  0.000000 )
   freq (   12) =    18.72353062 [THz] =   624.54966555 [cm-1]
(   0.000000  0.000000  -0.013750  0.000000   0.000000  0.000000 )
(  -0.000000  0.000000  -0.015722  0.000000  -0.000000  0.000000 )
(  -0.000000  0.000000  -0.015722  0.000000  -0.000000  0.000000 )
(  -0.000000  0.000000  -0.040517  0.000000  -0.000000  0.000000 )
(  -0.000000  0.000000  -0.040517  0.000000  -0.000000  0.000000 )
(  -0.040680  0.000000   0.358034  0.000000  -0.161054  0.000000 )
(   0.000000  0.000000   0.287574  0.000000   0.322109  0.000000 )
(   0.040680  0.000000   0.358034  0.000000  -0.161054  0.000000 )
(  -0.000000  0.000000   0.287574  0.000000   0.322109  0.000000 )
(   0.040680  0.000000   0.358034  0.000000  -0.161054  0.000000 )
(  -0.040680  0.000000   0.358034  0.000000  -0.161054  0.000000 )
   freq (   13) =    23.68180051 [THz] =   789.93972308 [cm-1]
(  -0.000000  0.000000  -0.000000  0.000000  -0.000000  0.000000 )
(   0.025709  0.000000  -0.000001  0.000000   0.000000  0.000000 )
(  -0.025709  0.000000   0.000001  0.000000  -0.000000  0.000000 )
(  -0.499380  0.000000   0.000012  0.000000   0.000000  0.000000 )
(   0.499380  0.000000  -0.000012  0.000000  -0.000000  0.000000 )
(  -0.010567  0.000000   0.032659  0.000000  -0.348632  0.000000 )
(  -0.067131  0.000000  -0.000000  0.000000  -0.000010  0.000000 )
(  -0.010565  0.000000  -0.032657  0.000000   0.348642  0.000000 )
(   0.067131  0.000000   0.000000  0.000000   0.000010  0.000000 )
(   0.010565  0.000000   0.032657  0.000000  -0.348642  0.000000 )
(   0.010567  0.000000  -0.032659  0.000000   0.348632  0.000000 )
   freq (   14) =    23.68180051 [THz] =   789.93972309 [cm-1]
(  -0.000000  0.000000  -0.000000  0.000000  -0.000000  0.000000 )
(   0.000001  0.000000   0.025709  0.000000   0.000000  0.000000 )
(  -0.000001  0.000000  -0.025709  0.000000  -0.000000  0.000000 )
(  -0.000012  0.000000  -0.499380  0.000000   0.000000  0.000000 )
(   0.000012  0.000000   0.499380  0.000000  -0.000000  0.000000 )
(   0.032658  0.000000  -0.048275  0.000000  -0.201294  0.000000 )
(  -0.000002  0.000000   0.008289  0.000000   0.402571  0.000000 )
(  -0.032658  0.000000  -0.048277  0.000000  -0.201277  0.000000 )
(   0.000002  0.000000  -0.008289  0.000000  -0.402571  0.000000 )
(   0.032658  0.000000   0.048277  0.000000   0.201277  0.000000 )
(  -0.032658  0.000000   0.048275  0.000000   0.201294  0.000000 )
   freq (   15) =    24.01227447 [THz] =   800.96314605 [cm-1]
(   0.004572  0.000000  -0.000000  0.000000  -0.000000  0.000000 )
(  -0.032124  0.000000   0.000000  0.000000   0.000000  0.000000 )
(  -0.032124  0.000000   0.000000  0.000000  -0.000000  0.000000 )
(   0.307042  0.000000  -0.000000  0.000000   0.000000  0.000000 )
(   0.307042  0.000000  -0.000000  0.000000  -0.000000  0.000000 )
(  -0.203301  0.000000  -0.011516  0.000000  -0.379563  0.000000 )
(  -0.183354  0.000000   0.000000  0.000000  -0.000000  0.000000 )
(  -0.203301  0.000000   0.011516  0.000000   0.379563  0.000000 )
(  -0.183354  0.000000   0.000000  0.000000  -0.000000  0.000000 )
(  -0.203301  0.000000   0.011516  0.000000   0.379563  0.000000 )
(  -0.203301  0.000000  -0.011516  0.000000  -0.379563  0.000000 )
   freq (   16) =    24.01227447 [THz] =   800.96314606 [cm-1]
(   0.000000  0.000000   0.004572  0.000000   0.000000  0.000000 )
(  -0.000000  0.000000  -0.032124  0.000000  -0.000000  0.000000 )
(  -0.000000  0.000000  -0.032124  0.000000  -0.000000  0.000000 )
(   0.000000  0.000000   0.307042  0.000000  -0.000000  0.000000 )
(   0.000000  0.000000   0.307042  0.000000  -0.000000  0.000000 )
(  -0.011516  0.000000  -0.190003  0.000000  -0.219141  0.000000 )
(  -0.000000  0.000000  -0.209950  0.000000   0.438282  0.000000 )
(   0.011516  0.000000  -0.190003  0.000000  -0.219141  0.000000 )
(  -0.000000  0.000000  -0.209950  0.000000   0.438282  0.000000 )
(   0.011516  0.000000  -0.190003  0.000000  -0.219141  0.000000 )
(  -0.011516  0.000000  -0.190003  0.000000  -0.219141  0.000000 )
   freq (   17) =    24.86066680 [THz] =   829.26246411 [cm-1]
(  -0.000000  0.000000  -0.000000  0.000000  -0.000000  0.000000 )
(   0.000000  0.000000   0.000000  0.000000  -0.000000  0.000000 )
(   0.000000  0.000000  -0.000000  0.000000   0.000000  0.000000 )
(   0.000000  0.000000   0.000000  0.000000  -0.000000  0.000000 )
(   0.000000  0.000000   0.000000  0.000000   0.000000  0.000000 )
(  -0.204124  0.000000   0.353553  0.000000   0.000000  0.000000 )
(   0.408248  0.000000  -0.000000  0.000000   0.000000  0.000000 )
(  -0.204124  0.000000  -0.353553  0.000000  -0.000000  0.000000 )
(   0.408248  0.000000  -0.000000  0.000000   0.000000  0.000000 )
(  -0.204124  0.000000  -0.353553  0.000000  -0.000000  0.000000 )
(  -0.204124  0.000000   0.353553  0.000000   0.000000  0.000000 )
   freq (   18) =    25.27445470 [THz] =   843.06494086 [cm-1]
(  -0.000000  0.000000   0.000000  0.000000  -0.000000  0.000000 )
(   0.000000  0.000000   0.000000  0.000000   0.593663  0.000000 )
(   0.000000  0.000000  -0.000000  0.000000  -0.593663  0.000000 )
(   0.000000  0.000000   0.000000  0.000000   0.190669  0.000000 )
(  -0.000000  0.000000  -0.000000  0.000000  -0.190669  0.000000 )
(   0.127519  0.000000   0.073623  0.000000   0.124050  0.000000 )
(   0.000000  0.000000  -0.147247  0.000000   0.124050  0.000000 )
(  -0.127519  0.000000   0.073623  0.000000   0.124050  0.000000 )
(   0.000000  0.000000   0.147247  0.000000  -0.124050  0.000000 )
(   0.127519  0.000000  -0.073623  0.000000  -0.124050  0.000000 )
(  -0.127519  0.000000  -0.073623  0.000000  -0.124050  0.000000 )
   freq (   19) =    27.44829649 [THz] =   915.57648733 [cm-1]
(   0.000000  0.000000  -0.000000  0.000000   0.000000  0.000000 )
(  -0.264319  0.000000  -0.000000  0.000000  -0.000000  0.000000 )
(   0.264319  0.000000   0.000000  0.000000   0.000000  0.000000 )
(   0.176370  0.000000   0.000000  0.000000  -0.000000  0.000000 )
(  -0.176370  0.000000  -0.000000  0.000000  -0.000000  0.000000 )
(  -0.319072  0.000000   0.057812  0.000000  -0.080615  0.000000 )
(  -0.419206  0.000000  -0.000000  0.000000   0.000000  0.000000 )
(  -0.319072  0.000000  -0.057813  0.000000   0.080615  0.000000 )
(   0.419206  0.000000   0.000000  0.000000  -0.000000  0.000000 )
(   0.319072  0.000000   0.057813  0.000000  -0.080615  0.000000 )
(   0.319072  0.000000  -0.057812  0.000000   0.080615  0.000000 )
   freq (   20) =    27.44829649 [THz] =   915.57648736 [cm-1]
(   0.000000  0.000000   0.000000  0.000000  -0.000000  0.000000 )
(  -0.000000  0.000000   0.264319  0.000000   0.000000  0.000000 )
(   0.000000  0.000000  -0.264319  0.000000  -0.000000  0.000000 )
(   0.000000  0.000000  -0.176370  0.000000   0.000000  0.000000 )
(  -0.000000  0.000000   0.176370  0.000000  -0.000000  0.000000 )
(  -0.057813  0.000000   0.385828  0.000000   0.046543  0.000000 )
(  -0.000000  0.000000   0.285693  0.000000  -0.093086  0.000000 )
(   0.057812  0.000000   0.385828  0.000000   0.046543  0.000000 )
(   0.000000  0.000000  -0.285693  0.000000   0.093086  0.000000 )
(  -0.057812  0.000000  -0.385828  0.000000  -0.046543  0.000000 )
(   0.057813  0.000000  -0.385828  0.000000  -0.046543  0.000000 )
   freq (   21) =    32.08340712 [THz] =  1070.18711352 [cm-1]
(   0.000000  0.000000  -0.000000  0.000000   0.006439  0.000000 )
(   0.000000  0.000000   0.000000  0.000000  -0.627437  0.000000 )
(   0.000000  0.000000   0.000000  0.000000  -0.627437  0.000000 )
(   0.000000  0.000000   0.000000  0.000000  -0.192948  0.000000 )
(   0.000000  0.000000   0.000000  0.000000  -0.192948  0.000000 )
(  -0.073765  0.000000  -0.042588  0.000000   0.125575  0.000000 )
(   0.000000  0.000000   0.085177  0.000000   0.125575  0.000000 )
(   0.073765  0.000000  -0.042588  0.000000   0.125575  0.000000 )
(  -0.000000  0.000000   0.085177  0.000000   0.125575  0.000000 )
(   0.073765  0.000000  -0.042588  0.000000   0.125575  0.000000 )
(  -0.073765  0.000000  -0.042588  0.000000   0.125575  0.000000 )
   freq (   22) =    33.84107718 [THz] =  1128.81666757 [cm-1]
(  -0.004098  0.000000   0.000000  0.000000  -0.000000  0.000000 )
(   0.625114  0.000000  -0.000000  0.000000  -0.000000  0.000000 )
(   0.625114  0.000000  -0.000000  0.000000  -0.000000  0.000000 )
(  -0.185997  0.000000   0.000000  0.000000   0.000000  0.000000 )
(  -0.185997  0.000000   0.000000  0.000000   0.000000  0.000000 )
(  -0.123147  0.000000  -0.122798  0.000000  -0.055327  0.000000 )
(   0.089546  0.000000  -0.000000  0.000000  -0.000000  0.000000 )
(  -0.123147  0.000000   0.122798  0.000000   0.055327  0.000000 )
(   0.089546  0.000000  -0.000000  0.000000  -0.000000  0.000000 )
(  -0.123147  0.000000   0.122798  0.000000   0.055327  0.000000 )
(  -0.123147  0.000000  -0.122798  0.000000  -0.055327  0.000000 )
   freq (   23) =    33.84107718 [THz] =  1128.81666761 [cm-1]
(   0.000000  0.000000  -0.004098  0.000000  -0.000000  0.000000 )
(   0.000000  0.000000   0.625114  0.000000   0.000000  0.000000 )
(   0.000000  0.000000   0.625114  0.000000   0.000000  0.000000 )
(   0.000000  0.000000  -0.185997  0.000000   0.000000  0.000000 )
(   0.000000  0.000000  -0.185997  0.000000   0.000000  0.000000 )
(  -0.122798  0.000000   0.018648  0.000000  -0.031943  0.000000 )
(  -0.000000  0.000000  -0.194044  0.000000   0.063886  0.000000 )
(   0.122798  0.000000   0.018648  0.000000  -0.031943  0.000000 )
(  -0.000000  0.000000  -0.194044  0.000000   0.063886  0.000000 )
(   0.122798  0.000000   0.018648  0.000000  -0.031943  0.000000 )
(  -0.122798  0.000000   0.018648  0.000000  -0.031943  0.000000 )
   freq (   24) =    38.34186758 [THz] =  1278.94685390 [cm-1]
(  -0.000000  0.000000   0.000000  0.000000  -0.011482  0.000000 )
(   0.000000  0.000000   0.000000  0.000000   0.286699  0.000000 )
(   0.000000  0.000000   0.000000  0.000000   0.286699  0.000000 )
(   0.000000  0.000000  -0.000000  0.000000  -0.389090  0.000000 )
(   0.000000  0.000000  -0.000000  0.000000  -0.389090  0.000000 )
(   0.007776  0.000000   0.004489  0.000000   0.297828  0.000000 )
(   0.000000  0.000000  -0.008979  0.000000   0.297828  0.000000 )
(  -0.007776  0.000000   0.004489  0.000000   0.297828  0.000000 )
(   0.000000  0.000000  -0.008979  0.000000   0.297828  0.000000 )
(  -0.007776  0.000000   0.004489  0.000000   0.297828  0.000000 )
(   0.007776  0.000000   0.004489  0.000000   0.297828  0.000000 )
   freq (   25) =    44.35374230 [THz] =  1479.48138017 [cm-1]
(  -0.009547  0.000000   0.000000  0.000000   0.000000  0.000000 )
(  -0.000139  0.000000  -0.000000  0.000000   0.000000  0.000000 )
(  -0.000139  0.000000  -0.000000  0.000000   0.000000  0.000000 )
(   0.477851  0.000000  -0.000000  0.000000   0.000000  0.000000 )
(   0.477851  0.000000  -0.000000  0.000000  -0.000000  0.000000 )
(  -0.072797  0.000000  -0.230075  0.000000   0.156622  0.000000 )
(   0.325705  0.000000   0.000000  0.000000   0.000000  0.000000 )
(  -0.072797  0.000000   0.230075  0.000000  -0.156622  0.000000 )
(   0.325705  0.000000   0.000000  0.000000   0.000000  0.000000 )
(  -0.072797  0.000000   0.230075  0.000000  -0.156622  0.000000 )
(  -0.072797  0.000000  -0.230075  0.000000   0.156622  0.000000 )
   freq (   26) =    44.35374230 [THz] =  1479.48138019 [cm-1]
(   0.000000  0.000000   0.009547  0.000000  -0.000000  0.000000 )
(  -0.000000  0.000000   0.000139  0.000000  -0.000000  0.000000 )
(   0.000000  0.000000   0.000139  0.000000  -0.000000  0.000000 )
(  -0.000000  0.000000  -0.477851  0.000000   0.000000  0.000000 )
(  -0.000000  0.000000  -0.477851  0.000000   0.000000  0.000000 )
(   0.230075  0.000000  -0.192871  0.000000  -0.090426  0.000000 )
(  -0.000000  0.000000   0.205631  0.000000   0.180851  0.000000 )
(  -0.230075  0.000000  -0.192871  0.000000  -0.090426  0.000000 )
(  -0.000000  0.000000   0.205631  0.000000   0.180851  0.000000 )
(  -0.230075  0.000000  -0.192871  0.000000  -0.090426  0.000000 )
(   0.230075  0.000000  -0.192871  0.000000  -0.090426  0.000000 )
   freq (   27) =    46.27839249 [THz] =  1543.68079095 [cm-1]
(   0.000000  0.000000   0.000000  0.000000   0.004272  0.000000 )
(   0.000000  0.000000  -0.000000  0.000000   0.145019  0.000000 )
(   0.000000  0.000000  -0.000000  0.000000   0.145019  0.000000 )
(  -0.000000  0.000000  -0.000000  0.000000  -0.149726  0.000000 )
(  -0.000000  0.000000  -0.000000  0.000000  -0.149726  0.000000 )
(  -0.327327  0.000000  -0.188982  0.000000  -0.096558  0.000000 )
(  -0.000000  0.000000   0.377965  0.000000  -0.096558  0.000000 )
(   0.327327  0.000000  -0.188982  0.000000  -0.096558  0.000000 )
(  -0.000000  0.000000   0.377965  0.000000  -0.096558  0.000000 )
(   0.327327  0.000000  -0.188982  0.000000  -0.096558  0.000000 )
(  -0.327327  0.000000  -0.188982  0.000000  -0.096558  0.000000 )
   freq (   28) =    51.04108620 [THz] =  1702.54713005 [cm-1]
(   0.000000  0.000000  -0.000000  0.000000  -0.000000  0.000000 )
(   0.038106  0.000000  -0.000000  0.000000   0.000000  0.000000 )
(  -0.038106  0.000000   0.000000  0.000000  -0.000000  0.000000 )
(  -0.368434  0.000000   0.000003  0.000000  -0.000000  0.000000 )
(   0.368434  0.000000  -0.000003  0.000000  -0.000000  0.000000 )
(   0.036540  0.000000   0.194712  0.000000   0.311355  0.000000 )
(  -0.300707  0.000000  -0.000001  0.000000   0.000003  0.000000 )
(   0.036543  0.000000  -0.194709  0.000000  -0.311358  0.000000 )
(   0.300707  0.000000   0.000001  0.000000  -0.000003  0.000000 )
(  -0.036543  0.000000   0.194709  0.000000   0.311358  0.000000 )
(  -0.036540  0.000000  -0.194712  0.000000  -0.311355  0.000000 )
   freq (   29) =    51.04108620 [THz] =  1702.54713007 [cm-1]
(   0.000000  0.000000  -0.000000  0.000000   0.000000  0.000000 )
(  -0.000000  0.000000  -0.038106  0.000000   0.000000  0.000000 )
(   0.000000  0.000000   0.038106  0.000000  -0.000000  0.000000 )
(   0.000003  0.000000   0.368434  0.000000   0.000000  0.000000 )
(  -0.000003  0.000000  -0.368434  0.000000  -0.000000  0.000000 )
(  -0.194711  0.000000   0.188289  0.000000  -0.179764  0.000000 )
(   0.000002  0.000000  -0.148958  0.000000   0.359523  0.000000 )
(   0.194710  0.000000   0.188292  0.000000  -0.179759  0.000000 )
(  -0.000002  0.000000   0.148958  0.000000  -0.359523  0.000000 )
(  -0.194710  0.000000  -0.188292  0.000000   0.179759  0.000000 )
(   0.194711  0.000000  -0.188289  0.000000   0.179764  0.000000 )
   freq (   30) =    53.44512067 [THz] =  1782.73707695 [cm-1]
(   0.000000  0.000000   0.000000  0.000000  -0.000000  0.000000 )
(   0.501301  0.000000   0.000001  0.000000  -0.000000  0.000000 )
(  -0.501301  0.000000  -0.000001  0.000000   0.000000  0.000000 )
(   0.257473  0.000000   0.000001  0.000000   0.000000  0.000000 )
(  -0.257473  0.000000  -0.000001  0.000000  -0.000000  0.000000 )
(   0.090543  0.000000   0.192854  0.000000  -0.127152  0.000000 )
(  -0.243491  0.000000   0.000000  0.000000   0.000000  0.000000 )
(   0.090543  0.000000  -0.192855  0.000000   0.127152  0.000000 )
(   0.243491  0.000000  -0.000000  0.000000  -0.000000  0.000000 )
(  -0.090543  0.000000   0.192855  0.000000  -0.127152  0.000000 )
(  -0.090543  0.000000  -0.192854  0.000000   0.127152  0.000000 )
   freq (   31) =    53.44512067 [THz] =  1782.73707699 [cm-1]
(   0.000000  0.000000  -0.000000  0.000000   0.000000  0.000000 )
(  -0.000001  0.000000   0.501301  0.000000  -0.000000  0.000000 )
(   0.000001  0.000000  -0.501301  0.000000   0.000000  0.000000 )
(  -0.000001  0.000000   0.257473  0.000000   0.000000  0.000000 )
(   0.000001  0.000000  -0.257473  0.000000  -0.000000  0.000000 )
(   0.192854  0.000000  -0.132147  0.000000  -0.073411  0.000000 )
(   0.000000  0.000000   0.201888  0.000000   0.146822  0.000000 )
(  -0.192855  0.000000  -0.132146  0.000000  -0.073411  0.000000 )
(  -0.000000  0.000000  -0.201888  0.000000  -0.146822  0.000000 )
(   0.192855  0.000000   0.132146  0.000000   0.073411  0.000000 )
(  -0.192854  0.000000   0.132147  0.000000   0.073411  0.000000 )
   freq (   32) =    55.75812256 [THz] =  1859.89050403 [cm-1]
(   0.000000  0.000000  -0.000000  0.000000   0.000000  0.000000 )
(  -0.000000  0.000000  -0.000000  0.000000  -0.373918  0.000000 )
(   0.000000  0.000000   0.000000  0.000000   0.373918  0.000000 )
(  -0.000000  0.000000  -0.000000  0.000000   0.160625  0.000000 )
(   0.000000  0.000000   0.000000  0.000000  -0.160625  0.000000 )
(   0.196354  0.000000   0.113365  0.000000   0.245061  0.000000 )
(   0.000000  0.000000  -0.226730  0.000000   0.245061  0.000000 )
(  -0.196354  0.000000   0.113365  0.000000   0.245061  0.000000 )
(  -0.000000  0.000000   0.226730  0.000000  -0.245061  0.000000 )
(   0.196354  0.000000  -0.113365  0.000000  -0.245061  0.000000 )
(  -0.196354  0.000000  -0.113365  0.000000  -0.245061  0.000000 )
   freq (   33) =    68.25130958 [THz] =  2276.61830692 [cm-1]
(   0.000000  0.000000   0.000000  0.000000  -0.000000  0.000000 )
(   0.000000  0.000000   0.000000  0.000000  -0.020633  0.000000 )
(  -0.000000  0.000000  -0.000000  0.000000   0.020633  0.000000 )
(   0.000000  0.000000  -0.000000  0.000000   0.405127  0.000000 )
(  -0.000000  0.000000   0.000000  0.000000  -0.405127  0.000000 )
(  -0.250227  0.000000  -0.144469  0.000000   0.168317  0.000000 )
(   0.000000  0.000000   0.288937  0.000000   0.168317  0.000000 )
(   0.250227  0.000000  -0.144469  0.000000   0.168317  0.000000 )
(  -0.000000  0.000000  -0.288937  0.000000  -0.168317  0.000000 )
(  -0.250227  0.000000   0.144469  0.000000  -0.168317  0.000000 )
(   0.250227  0.000000   0.144469  0.000000  -0.168317  0.000000 )
***************************************************************************
