Dynamical matrix file
File generated with the CellConstructor by Lorenzo Monacelli
2 11 0     1.8897259890000000     0.0000000000000000     0.0000000000000000     0.0000000000000000     0.0000000000000000     0.0000000000000000
Basis vectors
    1.8019209504681217    -1.0403395458111695     2.9424321429844809
   -0.0000000000000025     2.0806790916223337     2.9424321429844862
   -1.8019209504681213    -1.0403395458111726     2.9424321429844813
	1  'La '  126604.5951757480361266
	2  'H '    918.7358275894680446
    1     1     0.0000000000000014    -0.0000000000000022     4.4136482585958676
    2     2     0.0000000000000002    -0.0000000000000024     2.2034945543246680
    3     2    -0.0000000000000002     0.0000000000000024    -2.2034945543246680
    4     2    -0.0000000000000000    -0.0000000000000006     1.0591791171758853
    5     2     0.0000000000000000     0.0000000000000006    -1.0591791171758853
    6     2     0.9354276517862623     0.5400694059976496     6.2395597981615207
    7     2     0.0000000000000022    -1.0801388119953170     6.2395597981615190
    8     2    -0.9354276517862636     0.5400694059976479     6.2395597981615225
    9     2    -0.0000000000000012     1.0801388119953113     2.5877367153536199
   10     2     0.9354276517862662    -0.5400694059976581     2.5877367153536213
   11     2    -0.9354276517862625    -0.5400694059976596     2.5877367153536208

     Dynamical Matrix in cartesian axes

     q = (     0.000000000000     0.000000000000     0.000000000000 )

    1    1
     0.6461510232142061     0.0000000000000000        0.0000000000000001     0.0000000000000000        0.0000000000000001     0.0000000000000000
    -0.0000000000000001     0.0000000000000000        0.6461510232142411     0.0000000000000000       -0.0000000000000003     0.0000000000000000
     0.0000000000000002     0.0000000000000000       -0.0000000000000004     0.0000000000000000        0.6403486380164249     0.0000000000000000
    1    2
    -0.0333590278881347     0.0000000000000000       -0.0000000000000000     0.0000000000000000       -0.0000000000000000     0.0000000000000000
     0.0000000000000000     0.0000000000000000       -0.0333590278881364     0.0000000000000000        0.0000000000000000     0.0000000000000000
    -0.0000000000000000     0.0000000000000000        0.0000000000000000     0.0000000000000000       -0.0304929937070022     0.0000000000000000
    1    3
    -0.0333590278881347     0.0000000000000000        0.0000000000000000     0.0000000000000000       -0.0000000000000000     0.0000000000000000
     0.0000000000000000     0.0000000000000000       -0.0333590278881364     0.0000000000000000        0.0000000000000000     0.0000000000000000
    -0.0000000000000000     0.0000000000000000        0.0000000000000000     0.0000000000000000       -0.0304929937070022     0.0000000000000000
    1    4
    -0.0940259567992971     0.0000000000000000        0.0000000000000000     0.0000000000000000       -0.0000000000000000     0.0000000000000000
     0.0000000000000000     0.0000000000000000       -0.0940259567993022     0.0000000000000000       -0.0000000000000000     0.0000000000000000
    -0.0000000000000000     0.0000000000000000       -0.0000000000000000     0.0000000000000000       -0.0276563818979709     0.0000000000000000
    1    5
    -0.0940259567992971     0.0000000000000000        0.0000000000000000     0.0000000000000000       -0.0000000000000000     0.0000000000000000
     0.0000000000000000     0.0000000000000000       -0.0940259567993022     0.0000000000000000       -0.0000000000000000     0.0000000000000000
    -0.0000000000000000     0.0000000000000000       -0.0000000000000000     0.0000000000000000       -0.0276563818979709     0.0000000000000000
    1    6
    -0.0508498470031564     0.0000000000000000        0.0249074598283617     0.0000000000000000       -0.0177576817068440     0.0000000000000000
     0.0249074598283617     0.0000000000000000       -0.0796105042766287     0.0000000000000000       -0.0102524023136303     0.0000000000000000
    -0.0181207254577075     0.0000000000000000       -0.0104620057209190     0.0000000000000000       -0.0873416478010798     0.0000000000000000
    1    7
    -0.0939908329133585     0.0000000000000000       -0.0000000000000000     0.0000000000000000       -0.0000000000000001     0.0000000000000000
    -0.0000000000000000     0.0000000000000000       -0.0364695183664244     0.0000000000000000        0.0205048046272608     0.0000000000000000
    -0.0000000000000000     0.0000000000000000        0.0209240114418382     0.0000000000000000       -0.0873416478010797     0.0000000000000000
    1    8
    -0.0508498470031564     0.0000000000000000       -0.0249074598283617     0.0000000000000000        0.0177576817068440     0.0000000000000000
    -0.0249074598283617     0.0000000000000000       -0.0796105042766288     0.0000000000000000       -0.0102524023136303     0.0000000000000000
     0.0181207254577075     0.0000000000000000       -0.0104620057209190     0.0000000000000000       -0.0873416478010797     0.0000000000000000
    1    9
    -0.0939908329133585     0.0000000000000000       -0.0000000000000000     0.0000000000000000       -0.0000000000000001     0.0000000000000000
    -0.0000000000000000     0.0000000000000000       -0.0364695183664244     0.0000000000000000        0.0205048046272608     0.0000000000000000
    -0.0000000000000000     0.0000000000000000        0.0209240114418382     0.0000000000000000       -0.0873416478010797     0.0000000000000000
    1   10
    -0.0508498470031564     0.0000000000000000       -0.0249074598283617     0.0000000000000000        0.0177576817068440     0.0000000000000000
    -0.0249074598283617     0.0000000000000000       -0.0796105042766288     0.0000000000000000       -0.0102524023136303     0.0000000000000000
     0.0181207254577075     0.0000000000000000       -0.0104620057209190     0.0000000000000000       -0.0873416478010797     0.0000000000000000
    1   11
    -0.0508498470031564     0.0000000000000000        0.0249074598283617     0.0000000000000000       -0.0177576817068440     0.0000000000000000
     0.0249074598283617     0.0000000000000000       -0.0796105042766287     0.0000000000000000       -0.0102524023136303     0.0000000000000000
    -0.0181207254577075     0.0000000000000000       -0.0104620057209190     0.0000000000000000       -0.0873416478010798     0.0000000000000000
    2    1
    -0.0333590278881347     0.0000000000000000        0.0000000000000000     0.0000000000000000       -0.0000000000000000     0.0000000000000000
     0.0000000000000000     0.0000000000000000       -0.0333590278881365     0.0000000000000000        0.0000000000000000     0.0000000000000000
    -0.0000000000000000     0.0000000000000000        0.0000000000000000     0.0000000000000000       -0.0304929937070022     0.0000000000000000
    2    2
     0.0849643873611186     0.0000000000000000        0.0000000000000000     0.0000000000000000        0.0000000000000000     0.0000000000000000
     0.0000000000000000     0.0000000000000000        0.0849643873611232     0.0000000000000000       -0.0000000000000001     0.0000000000000000
     0.0000000000000000     0.0000000000000000       -0.0000000000000000     0.0000000000000000        0.0825877202682073     0.0000000000000000
    2    3
    -0.0051249597065672     0.0000000000000000        0.0000000000000000     0.0000000000000000       -0.0000000000000000     0.0000000000000000
    -0.0000000000000000     0.0000000000000000       -0.0051249597065675     0.0000000000000000        0.0000000000000000     0.0000000000000000
    -0.0000000000000000     0.0000000000000000        0.0000000000000000     0.0000000000000000       -0.0060396944480928     0.0000000000000000
    2    4
     0.0064203656401450     0.0000000000000000       -0.0000000000000000     0.0000000000000000       -0.0000000000000000     0.0000000000000000
    -0.0000000000000000     0.0000000000000000        0.0064203656401454     0.0000000000000000        0.0000000000000000     0.0000000000000000
    -0.0000000000000000     0.0000000000000000        0.0000000000000000     0.0000000000000000       -0.0222308027084421     0.0000000000000000
    2    5
    -0.0131850867276127     0.0000000000000000       -0.0000000000000000     0.0000000000000000       -0.0000000000000000     0.0000000000000000
    -0.0000000000000000     0.0000000000000000       -0.0131850867276134     0.0000000000000000       -0.0000000000000000     0.0000000000000000
    -0.0000000000000000     0.0000000000000000       -0.0000000000000000     0.0000000000000000        0.0017099196671701     0.0000000000000000
    2    6
    -0.0035411603054720     0.0000000000000000        0.0058559323199617     0.0000000000000000       -0.0040374237014902     0.0000000000000000
     0.0058559323199617     0.0000000000000000       -0.0103030085080446     0.0000000000000000       -0.0023310076608880     0.0000000000000000
    -0.0043302055023948     0.0000000000000000       -0.0025000453124541     0.0000000000000000       -0.0114396263676764     0.0000000000000000
    2    7
    -0.0136839326093300     0.0000000000000000       -0.0000000000000000     0.0000000000000000       -0.0000000000000000     0.0000000000000000
    -0.0000000000000000     0.0000000000000000       -0.0001602362041861     0.0000000000000000        0.0046620153217761     0.0000000000000000
    -0.0000000000000000     0.0000000000000000        0.0050000906249083     0.0000000000000000       -0.0114396263676764     0.0000000000000000
    2    8
    -0.0035411603054720     0.0000000000000000       -0.0058559323199617     0.0000000000000000        0.0040374237014902     0.0000000000000000
    -0.0058559323199617     0.0000000000000000       -0.0103030085080446     0.0000000000000000       -0.0023310076608880     0.0000000000000000
     0.0043302055023948     0.0000000000000000       -0.0025000453124541     0.0000000000000000       -0.0114396263676764     0.0000000000000000
    2    9
     0.0064060040795628     0.0000000000000000        0.0000000000000000     0.0000000000000000        0.0000000000000000     0.0000000000000000
     0.0000000000000000     0.0000000000000000       -0.0190389543853471     0.0000000000000000       -0.0093946290356218     0.0000000000000000
     0.0000000000000000     0.0000000000000000       -0.0099335954563858     0.0000000000000000        0.0029282433437295     0.0000000000000000
    2   10
    -0.0126777147691189     0.0000000000000000        0.0110179902144258     0.0000000000000000       -0.0081359874039791     0.0000000000000000
     0.0110179902144258     0.0000000000000000        0.0000447644633356     0.0000000000000000        0.0046973145178109     0.0000000000000000
    -0.0086027460161475     0.0000000000000000        0.0049667977281929     0.0000000000000000        0.0029282433437296     0.0000000000000000
    2   11
    -0.0126777147691189     0.0000000000000000       -0.0110179902144258     0.0000000000000000        0.0081359874039791     0.0000000000000000
    -0.0110179902144258     0.0000000000000000        0.0000447644633355     0.0000000000000000        0.0046973145178109     0.0000000000000000
     0.0086027460161475     0.0000000000000000        0.0049667977281929     0.0000000000000000        0.0029282433437296     0.0000000000000000
    3    1
    -0.0333590278881347     0.0000000000000000        0.0000000000000000     0.0000000000000000       -0.0000000000000000     0.0000000000000000
     0.0000000000000000     0.0000000000000000       -0.0333590278881365     0.0000000000000000        0.0000000000000000     0.0000000000000000
    -0.0000000000000000     0.0000000000000000        0.0000000000000000     0.0000000000000000       -0.0304929937070022     0.0000000000000000
    3    2
    -0.0051249597065672     0.0000000000000000        0.0000000000000000     0.0000000000000000       -0.0000000000000000     0.0000000000000000
     0.0000000000000000     0.0000000000000000       -0.0051249597065675     0.0000000000000000        0.0000000000000000     0.0000000000000000
    -0.0000000000000000     0.0000000000000000        0.0000000000000000     0.0000000000000000       -0.0060396944480928     0.0000000000000000
    3    3
     0.0849643873611186     0.0000000000000000        0.0000000000000000     0.0000000000000000        0.0000000000000000     0.0000000000000000
     0.0000000000000000     0.0000000000000000        0.0849643873611232     0.0000000000000000       -0.0000000000000001     0.0000000000000000
     0.0000000000000000     0.0000000000000000       -0.0000000000000001     0.0000000000000000        0.0825877202682073     0.0000000000000000
    3    4
    -0.0131850867276127     0.0000000000000000       -0.0000000000000000     0.0000000000000000       -0.0000000000000000     0.0000000000000000
    -0.0000000000000000     0.0000000000000000       -0.0131850867276134     0.0000000000000000       -0.0000000000000000     0.0000000000000000
    -0.0000000000000000     0.0000000000000000       -0.0000000000000000     0.0000000000000000        0.0017099196671701     0.0000000000000000
    3    5
     0.0064203656401450     0.0000000000000000       -0.0000000000000000     0.0000000000000000       -0.0000000000000000     0.0000000000000000
    -0.0000000000000000     0.0000000000000000        0.0064203656401454     0.0000000000000000        0.0000000000000000     0.0000000000000000
    -0.0000000000000000     0.0000000000000000        0.0000000000000000     0.0000000000000000       -0.0222308027084421     0.0000000000000000
    3    6
    -0.0126777147691189     0.0000000000000000       -0.0110179902144258     0.0000000000000000        0.0081359874039791     0.0000000000000000
    -0.0110179902144258     0.0000000000000000        0.0000447644633355     0.0000000000000000        0.0046973145178109     0.0000000000000000
     0.0086027460161475     0.0000000000000000        0.0049667977281929     0.0000000000000000        0.0029282433437296     0.0000000000000000
    3    7
     0.0064060040795628     0.0000000000000000        0.0000000000000000     0.0000000000000000        0.0000000000000000     0.0000000000000000
     0.0000000000000000     0.0000000000000000       -0.0190389543853471     0.0000000000000000       -0.0093946290356218     0.0000000000000000
     0.0000000000000000     0.0000000000000000       -0.0099335954563858     0.0000000000000000        0.0029282433437295     0.0000000000000000
    3    8
    -0.0126777147691189     0.0000000000000000        0.0110179902144258     0.0000000000000000       -0.0081359874039791     0.0000000000000000
     0.0110179902144258     0.0000000000000000        0.0000447644633356     0.0000000000000000        0.0046973145178109     0.0000000000000000
    -0.0086027460161475     0.0000000000000000        0.0049667977281929     0.0000000000000000        0.0029282433437296     0.0000000000000000
    3    9
    -0.0136839326093300     0.0000000000000000       -0.0000000000000000     0.0000000000000000       -0.0000000000000000     0.0000000000000000
    -0.0000000000000000     0.0000000000000000       -0.0001602362041861     0.0000000000000000        0.0046620153217761     0.0000000000000000
    -0.0000000000000000     0.0000000000000000        0.0050000906249083     0.0000000000000000       -0.0114396263676764     0.0000000000000000
    3   10
    -0.0035411603054720     0.0000000000000000       -0.0058559323199617     0.0000000000000000        0.0040374237014902     0.0000000000000000
    -0.0058559323199617     0.0000000000000000       -0.0103030085080446     0.0000000000000000       -0.0023310076608880     0.0000000000000000
     0.0043302055023948     0.0000000000000000       -0.0025000453124541     0.0000000000000000       -0.0114396263676764     0.0000000000000000
    3   11
    -0.0035411603054720     0.0000000000000000        0.0058559323199617     0.0000000000000000       -0.0040374237014902     0.0000000000000000
     0.0058559323199617     0.0000000000000000       -0.0103030085080446     0.0000000000000000       -0.0023310076608880     0.0000000000000000
    -0.0043302055023948     0.0000000000000000       -0.0025000453124541     0.0000000000000000       -0.0114396263676764     0.0000000000000000
    4    1
    -0.0940259567992971     0.0000000000000000        0.0000000000000000     0.0000000000000000       -0.0000000000000000     0.0000000000000000
     0.0000000000000000     0.0000000000000000       -0.0940259567993022     0.0000000000000000       -0.0000000000000000     0.0000000000000000
    -0.0000000000000000     0.0000000000000000       -0.0000000000000000     0.0000000000000000       -0.0276563818979709     0.0000000000000000
    4    2
     0.0064203656401450     0.0000000000000000       -0.0000000000000000     0.0000000000000000       -0.0000000000000000     0.0000000000000000
    -0.0000000000000000     0.0000000000000000        0.0064203656401454     0.0000000000000000        0.0000000000000000     0.0000000000000000
    -0.0000000000000000     0.0000000000000000        0.0000000000000000     0.0000000000000000       -0.0222308027084421     0.0000000000000000
    4    3
    -0.0131850867276127     0.0000000000000000        0.0000000000000000     0.0000000000000000       -0.0000000000000000     0.0000000000000000
    -0.0000000000000000     0.0000000000000000       -0.0131850867276134     0.0000000000000000       -0.0000000000000000     0.0000000000000000
    -0.0000000000000000     0.0000000000000000       -0.0000000000000000     0.0000000000000000        0.0017099196671701     0.0000000000000000
    4    4
     0.1125999036199400     0.0000000000000000        0.0000000000000000     0.0000000000000000        0.0000000000000000     0.0000000000000000
    -0.0000000000000000     0.0000000000000000        0.1125999036199461     0.0000000000000000       -0.0000000000000001     0.0000000000000000
     0.0000000000000000     0.0000000000000000       -0.0000000000000001     0.0000000000000000        0.1322718147579851     0.0000000000000000
    4    5
    -0.0052850665600280     0.0000000000000000        0.0000000000000000     0.0000000000000000       -0.0000000000000000     0.0000000000000000
     0.0000000000000000     0.0000000000000000       -0.0052850665600283     0.0000000000000000       -0.0000000000000000     0.0000000000000000
    -0.0000000000000000     0.0000000000000000       -0.0000000000000000     0.0000000000000000       -0.0020705169163660     0.0000000000000000
    4    6
    -0.0014475487867172     0.0000000000000000       -0.0049943449962615     0.0000000000000000       -0.0046518953697451     0.0000000000000000
    -0.0049943449962615     0.0000000000000000        0.0043194240693177     0.0000000000000000       -0.0026857730439644     0.0000000000000000
    -0.0146120145563010     0.0000000000000000       -0.0084362505374834     0.0000000000000000        0.0032976324827477     0.0000000000000000
    4    7
     0.0072029104973348     0.0000000000000000        0.0000000000000000     0.0000000000000000       -0.0000000000000000     0.0000000000000000
     0.0000000000000000     0.0000000000000000       -0.0043310352147349     0.0000000000000000        0.0053715460879288     0.0000000000000000
    -0.0000000000000000     0.0000000000000000        0.0168725010749667     0.0000000000000000        0.0032976324827478     0.0000000000000000
    4    8
    -0.0014475487867173     0.0000000000000000        0.0049943449962615     0.0000000000000000        0.0046518953697451     0.0000000000000000
     0.0049943449962615     0.0000000000000000        0.0043194240693177     0.0000000000000000       -0.0026857730439644     0.0000000000000000
     0.0146120145563010     0.0000000000000000       -0.0084362505374833     0.0000000000000000        0.0032976324827477     0.0000000000000000
    4    9
     0.0074134360795943     0.0000000000000000        0.0000000000000000     0.0000000000000000        0.0000000000000000     0.0000000000000000
     0.0000000000000000     0.0000000000000000       -0.0146347508109601     0.0000000000000000       -0.0203368844098586     0.0000000000000000
     0.0000000000000000     0.0000000000000000       -0.0254611905098796     0.0000000000000000       -0.0306389767835399     0.0000000000000000
    4   10
    -0.0091227040883210     0.0000000000000000        0.0095471449773035     0.0000000000000000       -0.0176122585327648     0.0000000000000000
     0.0095471449773035     0.0000000000000000        0.0019013893569560     0.0000000000000000        0.0101684422049294     0.0000000000000000
    -0.0220500377921505     0.0000000000000000        0.0127305952549399     0.0000000000000000       -0.0306389767835398     0.0000000000000000
    4   11
    -0.0091227040883209     0.0000000000000000       -0.0095471449773035     0.0000000000000000        0.0176122585327648     0.0000000000000000
    -0.0095471449773035     0.0000000000000000        0.0019013893569559     0.0000000000000000        0.0101684422049294     0.0000000000000000
     0.0220500377921504     0.0000000000000000        0.0127305952549399     0.0000000000000000       -0.0306389767835398     0.0000000000000000
    5    1
    -0.0940259567992971     0.0000000000000000        0.0000000000000000     0.0000000000000000       -0.0000000000000000     0.0000000000000000
     0.0000000000000000     0.0000000000000000       -0.0940259567993022     0.0000000000000000       -0.0000000000000000     0.0000000000000000
    -0.0000000000000000     0.0000000000000000       -0.0000000000000000     0.0000000000000000       -0.0276563818979709     0.0000000000000000
    5    2
    -0.0131850867276127     0.0000000000000000       -0.0000000000000000     0.0000000000000000       -0.0000000000000000     0.0000000000000000
    -0.0000000000000000     0.0000000000000000       -0.0131850867276134     0.0000000000000000       -0.0000000000000000     0.0000000000000000
    -0.0000000000000000     0.0000000000000000       -0.0000000000000000     0.0000000000000000        0.0017099196671701     0.0000000000000000
    5    3
     0.0064203656401450     0.0000000000000000       -0.0000000000000000     0.0000000000000000       -0.0000000000000000     0.0000000000000000
    -0.0000000000000000     0.0000000000000000        0.0064203656401454     0.0000000000000000        0.0000000000000000     0.0000000000000000
    -0.0000000000000000     0.0000000000000000        0.0000000000000000     0.0000000000000000       -0.0222308027084421     0.0000000000000000
    5    4
    -0.0052850665600280     0.0000000000000000        0.0000000000000000     0.0000000000000000       -0.0000000000000000     0.0000000000000000
     0.0000000000000000     0.0000000000000000       -0.0052850665600283     0.0000000000000000       -0.0000000000000000     0.0000000000000000
    -0.0000000000000000     0.0000000000000000       -0.0000000000000000     0.0000000000000000       -0.0020705169163660     0.0000000000000000
    5    5
     0.1125999036199400     0.0000000000000000        0.0000000000000000     0.0000000000000000        0.0000000000000000     0.0000000000000000
    -0.0000000000000000     0.0000000000000000        0.1125999036199461     0.0000000000000000       -0.0000000000000001     0.0000000000000000
     0.0000000000000001     0.0000000000000000       -0.0000000000000001     0.0000000000000000        0.1322718147579851     0.0000000000000000
    5    6
    -0.0091227040883209     0.0000000000000000       -0.0095471449773035     0.0000000000000000        0.0176122585327648     0.0000000000000000
    -0.0095471449773035     0.0000000000000000        0.0019013893569559     0.0000000000000000        0.0101684422049294     0.0000000000000000
     0.0220500377921504     0.0000000000000000        0.0127305952549399     0.0000000000000000       -0.0306389767835398     0.0000000000000000
    5    7
     0.0074134360795943     0.0000000000000000        0.0000000000000000     0.0000000000000000        0.0000000000000000     0.0000000000000000
     0.0000000000000000     0.0000000000000000       -0.0146347508109601     0.0000000000000000       -0.0203368844098586     0.0000000000000000
     0.0000000000000000     0.0000000000000000       -0.0254611905098796     0.0000000000000000       -0.0306389767835399     0.0000000000000000
    5    8
    -0.0091227040883210     0.0000000000000000        0.0095471449773035     0.0000000000000000       -0.0176122585327648     0.0000000000000000
     0.0095471449773035     0.0000000000000000        0.0019013893569560     0.0000000000000000        0.0101684422049294     0.0000000000000000
    -0.0220500377921505     0.0000000000000000        0.0127305952549399     0.0000000000000000       -0.0306389767835398     0.0000000000000000
    5    9
     0.0072029104973348     0.0000000000000000        0.0000000000000000     0.0000000000000000       -0.0000000000000000     0.0000000000000000
     0.0000000000000000     0.0000000000000000       -0.0043310352147349     0.0000000000000000        0.0053715460879288     0.0000000000000000
    -0.0000000000000000     0.0000000000000000        0.0168725010749667     0.0000000000000000        0.0032976324827478     0.0000000000000000
    5   10
    -0.0014475487867173     0.0000000000000000        0.0049943449962615     0.0000000000000000        0.0046518953697451     0.0000000000000000
     0.0049943449962615     0.0000000000000000        0.0043194240693177     0.0000000000000000       -0.0026857730439644     0.0000000000000000
     0.0146120145563010     0.0000000000000000       -0.0084362505374833     0.0000000000000000        0.0032976324827477     0.0000000000000000
    5   11
    -0.0014475487867173     0.0000000000000000       -0.0049943449962615     0.0000000000000000       -0.0046518953697451     0.0000000000000000
    -0.0049943449962615     0.0000000000000000        0.0043194240693177     0.0000000000000000       -0.0026857730439644     0.0000000000000000
    -0.0146120145563010     0.0000000000000000       -0.0084362505374834     0.0000000000000000        0.0032976324827477     0.0000000000000000
    6    1
    -0.0508498470031565     0.0000000000000000        0.0249074598283617     0.0000000000000000       -0.0181207254577075     0.0000000000000000
     0.0249074598283617     0.0000000000000000       -0.0796105042766286     0.0000000000000000       -0.0104620057209190     0.0000000000000000
    -0.0177576817068440     0.0000000000000000       -0.0102524023136303     0.0000000000000000       -0.0873416478010798     0.0000000000000000
    6    2
    -0.0035411603054720     0.0000000000000000        0.0058559323199617     0.0000000000000000       -0.0043302055023948     0.0000000000000000
     0.0058559323199617     0.0000000000000000       -0.0103030085080446     0.0000000000000000       -0.0025000453124541     0.0000000000000000
    -0.0040374237014902     0.0000000000000000       -0.0023310076608880     0.0000000000000000       -0.0114396263676764     0.0000000000000000
    6    3
    -0.0126777147691189     0.0000000000000000       -0.0110179902144258     0.0000000000000000        0.0086027460161475     0.0000000000000000
    -0.0110179902144258     0.0000000000000000        0.0000447644633355     0.0000000000000000        0.0049667977281929     0.0000000000000000
     0.0081359874039791     0.0000000000000000        0.0046973145178109     0.0000000000000000        0.0029282433437296     0.0000000000000000
    6    4
    -0.0014475487867172     0.0000000000000000       -0.0049943449962615     0.0000000000000000       -0.0146120145563010     0.0000000000000000
    -0.0049943449962615     0.0000000000000000        0.0043194240693177     0.0000000000000000       -0.0084362505374834     0.0000000000000000
    -0.0046518953697451     0.0000000000000000       -0.0026857730439644     0.0000000000000000        0.0032976324827477     0.0000000000000000
    6    5
    -0.0091227040883209     0.0000000000000000       -0.0095471449773035     0.0000000000000000        0.0220500377921504     0.0000000000000000
    -0.0095471449773035     0.0000000000000000        0.0019013893569559     0.0000000000000000        0.0127305952549399     0.0000000000000000
     0.0176122585327648     0.0000000000000000        0.0101684422049294     0.0000000000000000       -0.0306389767835398     0.0000000000000000
    6    6
     0.1271148122500525     0.0000000000000000        0.0079503556734624     0.0000000000000000       -0.0065192639936702     0.0000000000000000
     0.0079503556734624     0.0000000000000000        0.1179345322736055     0.0000000000000000       -0.0037638988216639     0.0000000000000000
    -0.0065192639936702     0.0000000000000000       -0.0037638988216639     0.0000000000000000        0.1157363038501760     0.0000000000000000
    6    7
    -0.0095185069577997     0.0000000000000000       -0.0247995326346381     0.0000000000000000        0.0013727399068706     0.0000000000000000
    -0.0194302689244644     0.0000000000000000       -0.0350545947941526     0.0000000000000000       -0.0025991146256780     0.0000000000000000
     0.0029372692466200     0.0000000000000000        0.0001107296807003     0.0000000000000000        0.0054003907148177     0.0000000000000000
    6    8
    -0.0478226387123261     0.0000000000000000        0.0026846318550868     0.0000000000000000       -0.0015645293397494     0.0000000000000000
    -0.0026846318550869     0.0000000000000000        0.0032495369603758     0.0000000000000000        0.0024883849449776     0.0000000000000000
     0.0015645293397494     0.0000000000000000        0.0024883849449776     0.0000000000000000        0.0054003907148177     0.0000000000000000
    6    9
    -0.0014634659546556     0.0000000000000000        0.0123272261655227     0.0000000000000000        0.0100100422680438     0.0000000000000000
     0.0034441700767795     0.0000000000000000        0.0076421539113341     0.0000000000000000       -0.0017744161991485     0.0000000000000000
     0.0065417106393711     0.0000000000000000       -0.0077817427975079     0.0000000000000000        0.0006790690822069     0.0000000000000000
    6   10
     0.0121949638443282     0.0000000000000000       -0.0044415280443716     0.0000000000000000        0.0034683316286727     0.0000000000000000
     0.0044415280443716     0.0000000000000000       -0.0060162758876506     0.0000000000000000        0.0095561589966564     0.0000000000000000
    -0.0034683316286727     0.0000000000000000        0.0095561589966564     0.0000000000000000        0.0006790690822069     0.0000000000000000
    6   11
    -0.0028661895168137     0.0000000000000000        0.0010749350246052     0.0000000000000000       -0.0003571587620620     0.0000000000000000
     0.0010749350246052     0.0000000000000000       -0.0041074175684482     0.0000000000000000       -0.0002062057074200     0.0000000000000000
    -0.0003571587620620     0.0000000000000000       -0.0002062057074200     0.0000000000000000       -0.0047008483184067     0.0000000000000000
    7    1
    -0.0939908329133585     0.0000000000000000       -0.0000000000000000     0.0000000000000000       -0.0000000000000001     0.0000000000000000
    -0.0000000000000000     0.0000000000000000       -0.0364695183664244     0.0000000000000000        0.0209240114418382     0.0000000000000000
    -0.0000000000000000     0.0000000000000000        0.0205048046272608     0.0000000000000000       -0.0873416478010797     0.0000000000000000
    7    2
    -0.0136839326093300     0.0000000000000000       -0.0000000000000000     0.0000000000000000       -0.0000000000000000     0.0000000000000000
    -0.0000000000000000     0.0000000000000000       -0.0001602362041861     0.0000000000000000        0.0050000906249083     0.0000000000000000
    -0.0000000000000000     0.0000000000000000        0.0046620153217761     0.0000000000000000       -0.0114396263676764     0.0000000000000000
    7    3
     0.0064060040795628     0.0000000000000000        0.0000000000000000     0.0000000000000000        0.0000000000000000     0.0000000000000000
     0.0000000000000000     0.0000000000000000       -0.0190389543853471     0.0000000000000000       -0.0099335954563858     0.0000000000000000
     0.0000000000000000     0.0000000000000000       -0.0093946290356218     0.0000000000000000        0.0029282433437295     0.0000000000000000
    7    4
     0.0072029104973348     0.0000000000000000        0.0000000000000000     0.0000000000000000       -0.0000000000000000     0.0000000000000000
     0.0000000000000000     0.0000000000000000       -0.0043310352147349     0.0000000000000000        0.0168725010749667     0.0000000000000000
    -0.0000000000000000     0.0000000000000000        0.0053715460879288     0.0000000000000000        0.0032976324827478     0.0000000000000000
    7    5
     0.0074134360795943     0.0000000000000000        0.0000000000000000     0.0000000000000000        0.0000000000000000     0.0000000000000000
     0.0000000000000000     0.0000000000000000       -0.0146347508109601     0.0000000000000000       -0.0254611905098796     0.0000000000000000
     0.0000000000000000     0.0000000000000000       -0.0203368844098586     0.0000000000000000       -0.0306389767835399     0.0000000000000000
    7    6
    -0.0095185069577997     0.0000000000000000       -0.0194302689244644     0.0000000000000000        0.0029372692466200     0.0000000000000000
    -0.0247995326346381     0.0000000000000000       -0.0350545947941526     0.0000000000000000        0.0001107296807003     0.0000000000000000
     0.0013727399068706     0.0000000000000000       -0.0025991146256780     0.0000000000000000        0.0054003907148177     0.0000000000000000
    7    7
     0.1133443922853725     0.0000000000000000       -0.0000000000000000     0.0000000000000000        0.0000000000000000     0.0000000000000000
    -0.0000000000000000     0.0000000000000000        0.1317049522382862     0.0000000000000000        0.0075277976433277     0.0000000000000000
     0.0000000000000000     0.0000000000000000        0.0075277976433277     0.0000000000000000        0.1157363038501760     0.0000000000000000
    7    8
    -0.0095185069577998     0.0000000000000000        0.0194302689244644     0.0000000000000000       -0.0029372692466200     0.0000000000000000
     0.0247995326346381     0.0000000000000000       -0.0350545947941525     0.0000000000000000        0.0001107296807003     0.0000000000000000
    -0.0013727399068706     0.0000000000000000       -0.0025991146256780     0.0000000000000000        0.0054003907148177     0.0000000000000000
    7    9
    -0.0047280315942651     0.0000000000000000       -0.0000000000000000     0.0000000000000000       -0.0000000000000000     0.0000000000000000
    -0.0000000000000000     0.0000000000000000       -0.0022455754909967     0.0000000000000000        0.0004124114148399     0.0000000000000000
    -0.0000000000000000     0.0000000000000000        0.0004124114148399     0.0000000000000000       -0.0047008483184067     0.0000000000000000
    7   10
    -0.0014634659546556     0.0000000000000000       -0.0034441700767795     0.0000000000000000       -0.0065417106393710     0.0000000000000000
    -0.0123272261655227     0.0000000000000000        0.0076421539113340     0.0000000000000000       -0.0077817427975079     0.0000000000000000
    -0.0100100422680438     0.0000000000000000       -0.0017744161991485     0.0000000000000000        0.0006790690822069     0.0000000000000000
    7   11
    -0.0014634659546556     0.0000000000000000        0.0034441700767795     0.0000000000000000        0.0065417106393711     0.0000000000000000
     0.0123272261655227     0.0000000000000000        0.0076421539113340     0.0000000000000000       -0.0077817427975079     0.0000000000000000
     0.0100100422680438     0.0000000000000000       -0.0017744161991485     0.0000000000000000        0.0006790690822069     0.0000000000000000
    8    1
    -0.0508498470031564     0.0000000000000000       -0.0249074598283617     0.0000000000000000        0.0181207254577075     0.0000000000000000
    -0.0249074598283617     0.0000000000000000       -0.0796105042766288     0.0000000000000000       -0.0104620057209190     0.0000000000000000
     0.0177576817068440     0.0000000000000000       -0.0102524023136303     0.0000000000000000       -0.0873416478010797     0.0000000000000000
    8    2
    -0.0035411603054720     0.0000000000000000       -0.0058559323199617     0.0000000000000000        0.0043302055023948     0.0000000000000000
    -0.0058559323199617     0.0000000000000000       -0.0103030085080446     0.0000000000000000       -0.0025000453124541     0.0000000000000000
     0.0040374237014902     0.0000000000000000       -0.0023310076608880     0.0000000000000000       -0.0114396263676764     0.0000000000000000
    8    3
    -0.0126777147691189     0.0000000000000000        0.0110179902144258     0.0000000000000000       -0.0086027460161475     0.0000000000000000
     0.0110179902144258     0.0000000000000000        0.0000447644633356     0.0000000000000000        0.0049667977281929     0.0000000000000000
    -0.0081359874039791     0.0000000000000000        0.0046973145178109     0.0000000000000000        0.0029282433437296     0.0000000000000000
    8    4
    -0.0014475487867173     0.0000000000000000        0.0049943449962615     0.0000000000000000        0.0146120145563010     0.0000000000000000
     0.0049943449962615     0.0000000000000000        0.0043194240693177     0.0000000000000000       -0.0084362505374833     0.0000000000000000
     0.0046518953697451     0.0000000000000000       -0.0026857730439644     0.0000000000000000        0.0032976324827477     0.0000000000000000
    8    5
    -0.0091227040883210     0.0000000000000000        0.0095471449773035     0.0000000000000000       -0.0220500377921505     0.0000000000000000
     0.0095471449773035     0.0000000000000000        0.0019013893569559     0.0000000000000000        0.0127305952549399     0.0000000000000000
    -0.0176122585327648     0.0000000000000000        0.0101684422049294     0.0000000000000000       -0.0306389767835398     0.0000000000000000
    8    6
    -0.0478226387123261     0.0000000000000000       -0.0026846318550869     0.0000000000000000        0.0015645293397494     0.0000000000000000
     0.0026846318550868     0.0000000000000000        0.0032495369603758     0.0000000000000000        0.0024883849449776     0.0000000000000000
    -0.0015645293397494     0.0000000000000000        0.0024883849449776     0.0000000000000000        0.0054003907148177     0.0000000000000000
    8    7
    -0.0095185069577998     0.0000000000000000        0.0247995326346381     0.0000000000000000       -0.0013727399068706     0.0000000000000000
     0.0194302689244644     0.0000000000000000       -0.0350545947941525     0.0000000000000000       -0.0025991146256780     0.0000000000000000
    -0.0029372692466200     0.0000000000000000        0.0001107296807003     0.0000000000000000        0.0054003907148177     0.0000000000000000
    8    8
     0.1271148122500525     0.0000000000000000       -0.0079503556734624     0.0000000000000000        0.0065192639936703     0.0000000000000000
    -0.0079503556734624     0.0000000000000000        0.1179345322736055     0.0000000000000000       -0.0037638988216639     0.0000000000000000
     0.0065192639936703     0.0000000000000000       -0.0037638988216639     0.0000000000000000        0.1157363038501760     0.0000000000000000
    8    9
    -0.0014634659546556     0.0000000000000000       -0.0123272261655227     0.0000000000000000       -0.0100100422680438     0.0000000000000000
    -0.0034441700767795     0.0000000000000000        0.0076421539113340     0.0000000000000000       -0.0017744161991485     0.0000000000000000
    -0.0065417106393710     0.0000000000000000       -0.0077817427975079     0.0000000000000000        0.0006790690822069     0.0000000000000000
    8   10
    -0.0028661895168137     0.0000000000000000       -0.0010749350246052     0.0000000000000000        0.0003571587620620     0.0000000000000000
    -0.0010749350246051     0.0000000000000000       -0.0041074175684482     0.0000000000000000       -0.0002062057074200     0.0000000000000000
     0.0003571587620620     0.0000000000000000       -0.0002062057074200     0.0000000000000000       -0.0047008483184067     0.0000000000000000
    8   11
     0.0121949638443282     0.0000000000000000        0.0044415280443716     0.0000000000000000       -0.0034683316286727     0.0000000000000000
    -0.0044415280443716     0.0000000000000000       -0.0060162758876506     0.0000000000000000        0.0095561589966564     0.0000000000000000
     0.0034683316286727     0.0000000000000000        0.0095561589966564     0.0000000000000000        0.0006790690822069     0.0000000000000000
    9    1
    -0.0939908329133585     0.0000000000000000       -0.0000000000000000     0.0000000000000000       -0.0000000000000001     0.0000000000000000
    -0.0000000000000000     0.0000000000000000       -0.0364695183664244     0.0000000000000000        0.0209240114418382     0.0000000000000000
    -0.0000000000000000     0.0000000000000000        0.0205048046272608     0.0000000000000000       -0.0873416478010797     0.0000000000000000
    9    2
     0.0064060040795628     0.0000000000000000        0.0000000000000000     0.0000000000000000        0.0000000000000000     0.0000000000000000
     0.0000000000000000     0.0000000000000000       -0.0190389543853471     0.0000000000000000       -0.0099335954563858     0.0000000000000000
     0.0000000000000000     0.0000000000000000       -0.0093946290356218     0.0000000000000000        0.0029282433437295     0.0000000000000000
    9    3
    -0.0136839326093300     0.0000000000000000       -0.0000000000000000     0.0000000000000000       -0.0000000000000000     0.0000000000000000
    -0.0000000000000000     0.0000000000000000       -0.0001602362041861     0.0000000000000000        0.0050000906249083     0.0000000000000000
    -0.0000000000000000     0.0000000000000000        0.0046620153217761     0.0000000000000000       -0.0114396263676764     0.0000000000000000
    9    4
     0.0074134360795943     0.0000000000000000        0.0000000000000000     0.0000000000000000        0.0000000000000000     0.0000000000000000
     0.0000000000000000     0.0000000000000000       -0.0146347508109601     0.0000000000000000       -0.0254611905098796     0.0000000000000000
     0.0000000000000000     0.0000000000000000       -0.0203368844098586     0.0000000000000000       -0.0306389767835399     0.0000000000000000
    9    5
     0.0072029104973348     0.0000000000000000        0.0000000000000000     0.0000000000000000       -0.0000000000000000     0.0000000000000000
     0.0000000000000000     0.0000000000000000       -0.0043310352147349     0.0000000000000000        0.0168725010749667     0.0000000000000000
    -0.0000000000000000     0.0000000000000000        0.0053715460879288     0.0000000000000000        0.0032976324827478     0.0000000000000000
    9    6
    -0.0014634659546556     0.0000000000000000        0.0034441700767795     0.0000000000000000        0.0065417106393711     0.0000000000000000
     0.0123272261655227     0.0000000000000000        0.0076421539113340     0.0000000000000000       -0.0077817427975079     0.0000000000000000
     0.0100100422680438     0.0000000000000000       -0.0017744161991485     0.0000000000000000        0.0006790690822069     0.0000000000000000
    9    7
    -0.0047280315942651     0.0000000000000000       -0.0000000000000000     0.0000000000000000       -0.0000000000000000     0.0000000000000000
    -0.0000000000000000     0.0000000000000000       -0.0022455754909967     0.0000000000000000        0.0004124114148399     0.0000000000000000
    -0.0000000000000000     0.0000000000000000        0.0004124114148399     0.0000000000000000       -0.0047008483184067     0.0000000000000000
    9    8
    -0.0014634659546556     0.0000000000000000       -0.0034441700767795     0.0000000000000000       -0.0065417106393710     0.0000000000000000
    -0.0123272261655227     0.0000000000000000        0.0076421539113340     0.0000000000000000       -0.0077817427975079     0.0000000000000000
    -0.0100100422680438     0.0000000000000000       -0.0017744161991485     0.0000000000000000        0.0006790690822069     0.0000000000000000
    9    9
     0.1133443922853725     0.0000000000000000       -0.0000000000000000     0.0000000000000000        0.0000000000000000     0.0000000000000000
    -0.0000000000000000     0.0000000000000000        0.1317049522382862     0.0000000000000000        0.0075277976433277     0.0000000000000000
     0.0000000000000000     0.0000000000000000        0.0075277976433277     0.0000000000000000        0.1157363038501760     0.0000000000000000
    9   10
    -0.0095185069577998     0.0000000000000000        0.0194302689244644     0.0000000000000000       -0.0029372692466200     0.0000000000000000
     0.0247995326346381     0.0000000000000000       -0.0350545947941525     0.0000000000000000        0.0001107296807003     0.0000000000000000
    -0.0013727399068706     0.0000000000000000       -0.0025991146256780     0.0000000000000000        0.0054003907148177     0.0000000000000000
    9   11
    -0.0095185069577997     0.0000000000000000       -0.0194302689244644     0.0000000000000000        0.0029372692466200     0.0000000000000000
    -0.0247995326346381     0.0000000000000000       -0.0350545947941526     0.0000000000000000        0.0001107296807003     0.0000000000000000
     0.0013727399068706     0.0000000000000000       -0.0025991146256780     0.0000000000000000        0.0054003907148177     0.0000000000000000
   10    1
    -0.0508498470031564     0.0000000000000000       -0.0249074598283617     0.0000000000000000        0.0181207254577075     0.0000000000000000
    -0.0249074598283617     0.0000000000000000       -0.0796105042766288     0.0000000000000000       -0.0104620057209190     0.0000000000000000
     0.0177576817068440     0.0000000000000000       -0.0102524023136303     0.0000000000000000       -0.0873416478010797     0.0000000000000000
   10    2
    -0.0126777147691189     0.0000000000000000        0.0110179902144258     0.0000000000000000       -0.0086027460161475     0.0000000000000000
     0.0110179902144258     0.0000000000000000        0.0000447644633356     0.0000000000000000        0.0049667977281929     0.0000000000000000
    -0.0081359874039791     0.0000000000000000        0.0046973145178109     0.0000000000000000        0.0029282433437296     0.0000000000000000
   10    3
    -0.0035411603054720     0.0000000000000000       -0.0058559323199617     0.0000000000000000        0.0043302055023948     0.0000000000000000
    -0.0058559323199617     0.0000000000000000       -0.0103030085080446     0.0000000000000000       -0.0025000453124541     0.0000000000000000
     0.0040374237014902     0.0000000000000000       -0.0023310076608880     0.0000000000000000       -0.0114396263676764     0.0000000000000000
   10    4
    -0.0091227040883210     0.0000000000000000        0.0095471449773035     0.0000000000000000       -0.0220500377921505     0.0000000000000000
     0.0095471449773035     0.0000000000000000        0.0019013893569559     0.0000000000000000        0.0127305952549399     0.0000000000000000
    -0.0176122585327648     0.0000000000000000        0.0101684422049294     0.0000000000000000       -0.0306389767835398     0.0000000000000000
   10    5
    -0.0014475487867173     0.0000000000000000        0.0049943449962615     0.0000000000000000        0.0146120145563010     0.0000000000000000
     0.0049943449962615     0.0000000000000000        0.0043194240693177     0.0000000000000000       -0.0084362505374833     0.0000000000000000
     0.0046518953697451     0.0000000000000000       -0.0026857730439644     0.0000000000000000        0.0032976324827477     0.0000000000000000
   10    6
     0.0121949638443282     0.0000000000000000        0.0044415280443716     0.0000000000000000       -0.0034683316286727     0.0000000000000000
    -0.0044415280443716     0.0000000000000000       -0.0060162758876506     0.0000000000000000        0.0095561589966564     0.0000000000000000
     0.0034683316286727     0.0000000000000000        0.0095561589966564     0.0000000000000000        0.0006790690822069     0.0000000000000000
   10    7
    -0.0014634659546556     0.0000000000000000       -0.0123272261655227     0.0000000000000000       -0.0100100422680438     0.0000000000000000
    -0.0034441700767795     0.0000000000000000        0.0076421539113340     0.0000000000000000       -0.0017744161991485     0.0000000000000000
    -0.0065417106393710     0.0000000000000000       -0.0077817427975079     0.0000000000000000        0.0006790690822069     0.0000000000000000
   10    8
    -0.0028661895168137     0.0000000000000000       -0.0010749350246052     0.0000000000000000        0.0003571587620620     0.0000000000000000
    -0.0010749350246052     0.0000000000000000       -0.0041074175684482     0.0000000000000000       -0.0002062057074200     0.0000000000000000
     0.0003571587620620     0.0000000000000000       -0.0002062057074200     0.0000000000000000       -0.0047008483184067     0.0000000000000000
   10    9
    -0.0095185069577998     0.0000000000000000        0.0247995326346381     0.0000000000000000       -0.0013727399068706     0.0000000000000000
     0.0194302689244644     0.0000000000000000       -0.0350545947941525     0.0000000000000000       -0.0025991146256780     0.0000000000000000
    -0.0029372692466200     0.0000000000000000        0.0001107296807003     0.0000000000000000        0.0054003907148177     0.0000000000000000
   10   10
     0.1271148122500525     0.0000000000000000       -0.0079503556734624     0.0000000000000000        0.0065192639936703     0.0000000000000000
    -0.0079503556734624     0.0000000000000000        0.1179345322736055     0.0000000000000000       -0.0037638988216639     0.0000000000000000
     0.0065192639936703     0.0000000000000000       -0.0037638988216639     0.0000000000000000        0.1157363038501760     0.0000000000000000
   10   11
    -0.0478226387123261     0.0000000000000000       -0.0026846318550869     0.0000000000000000        0.0015645293397494     0.0000000000000000
     0.0026846318550868     0.0000000000000000        0.0032495369603758     0.0000000000000000        0.0024883849449776     0.0000000000000000
    -0.0015645293397494     0.0000000000000000        0.0024883849449776     0.0000000000000000        0.0054003907148177     0.0000000000000000
   11    1
    -0.0508498470031565     0.0000000000000000        0.0249074598283617     0.0000000000000000       -0.0181207254577075     0.0000000000000000
     0.0249074598283617     0.0000000000000000       -0.0796105042766286     0.0000000000000000       -0.0104620057209190     0.0000000000000000
    -0.0177576817068440     0.0000000000000000       -0.0102524023136303     0.0000000000000000       -0.0873416478010798     0.0000000000000000
   11    2
    -0.0126777147691189     0.0000000000000000       -0.0110179902144258     0.0000000000000000        0.0086027460161475     0.0000000000000000
    -0.0110179902144258     0.0000000000000000        0.0000447644633355     0.0000000000000000        0.0049667977281929     0.0000000000000000
     0.0081359874039791     0.0000000000000000        0.0046973145178109     0.0000000000000000        0.0029282433437296     0.0000000000000000
   11    3
    -0.0035411603054720     0.0000000000000000        0.0058559323199617     0.0000000000000000       -0.0043302055023948     0.0000000000000000
     0.0058559323199617     0.0000000000000000       -0.0103030085080446     0.0000000000000000       -0.0025000453124541     0.0000000000000000
    -0.0040374237014902     0.0000000000000000       -0.0023310076608880     0.0000000000000000       -0.0114396263676764     0.0000000000000000
   11    4
    -0.0091227040883209     0.0000000000000000       -0.0095471449773035     0.0000000000000000        0.0220500377921504     0.0000000000000000
    -0.0095471449773035     0.0000000000000000        0.0019013893569559     0.0000000000000000        0.0127305952549399     0.0000000000000000
     0.0176122585327648     0.0000000000000000        0.0101684422049294     0.0000000000000000       -0.0306389767835398     0.0000000000000000
   11    5
    -0.0014475487867172     0.0000000000000000       -0.0049943449962615     0.0000000000000000       -0.0146120145563010     0.0000000000000000
    -0.0049943449962615     0.0000000000000000        0.0043194240693177     0.0000000000000000       -0.0084362505374834     0.0000000000000000
    -0.0046518953697451     0.0000000000000000       -0.0026857730439644     0.0000000000000000        0.0032976324827477     0.0000000000000000
   11    6
    -0.0028661895168137     0.0000000000000000        0.0010749350246052     0.0000000000000000       -0.0003571587620620     0.0000000000000000
     0.0010749350246052     0.0000000000000000       -0.0041074175684482     0.0000000000000000       -0.0002062057074200     0.0000000000000000
    -0.0003571587620620     0.0000000000000000       -0.0002062057074200     0.0000000000000000       -0.0047008483184067     0.0000000000000000
   11    7
    -0.0014634659546556     0.0000000000000000        0.0123272261655227     0.0000000000000000        0.0100100422680438     0.0000000000000000
     0.0034441700767795     0.0000000000000000        0.0076421539113341     0.0000000000000000       -0.0017744161991485     0.0000000000000000
     0.0065417106393711     0.0000000000000000       -0.0077817427975079     0.0000000000000000        0.0006790690822069     0.0000000000000000
   11    8
     0.0121949638443282     0.0000000000000000       -0.0044415280443716     0.0000000000000000        0.0034683316286727     0.0000000000000000
     0.0044415280443716     0.0000000000000000       -0.0060162758876506     0.0000000000000000        0.0095561589966564     0.0000000000000000
    -0.0034683316286727     0.0000000000000000        0.0095561589966564     0.0000000000000000        0.0006790690822069     0.0000000000000000
   11    9
    -0.0095185069577997     0.0000000000000000       -0.0247995326346381     0.0000000000000000        0.0013727399068706     0.0000000000000000
    -0.0194302689244644     0.0000000000000000       -0.0350545947941526     0.0000000000000000       -0.0025991146256780     0.0000000000000000
     0.0029372692466200     0.0000000000000000        0.0001107296807003     0.0000000000000000        0.0054003907148177     0.0000000000000000
   11   10
    -0.0478226387123261     0.0000000000000000        0.0026846318550868     0.0000000000000000       -0.0015645293397494     0.0000000000000000
    -0.0026846318550869     0.0000000000000000        0.0032495369603758     0.0000000000000000        0.0024883849449776     0.0000000000000000
     0.0015645293397494     0.0000000000000000        0.0024883849449776     0.0000000000000000        0.0054003907148177     0.0000000000000000
   11   11
     0.1271148122500524     0.0000000000000000        0.0079503556734624     0.0000000000000000       -0.0065192639936702     0.0000000000000000
     0.0079503556734624     0.0000000000000000        0.1179345322736055     0.0000000000000000       -0.0037638988216639     0.0000000000000000
    -0.0065192639936702     0.0000000000000000       -0.0037638988216639     0.0000000000000000        0.1157363038501760     0.0000000000000000

     Diagonalizing the dynamical matrix

     q = (     0.000000000000     0.000000000000     0.000000000000 )

***************************************************************************
   freq (    1) =     0.00000008 [THz] =     0.00000256 [cm-1]
(  -0.301511  0.000000  -0.000000  0.000000   0.000000  0.000000 )
(  -0.301511  0.000000  -0.000000  0.000000  -0.000000  0.000000 )
(  -0.301511  0.000000   0.000000  0.000000  -0.000000  0.000000 )
(  -0.301511  0.000000  -0.000000  0.000000   0.000000  0.000000 )
(  -0.301511  0.000000  -0.000000  0.000000   0.000000  0.000000 )
(  -0.301511  0.000000  -0.000000  0.000000  -0.000000  0.000000 )
(  -0.301511  0.000000  -0.000000  0.000000   0.000000  0.000000 )
(  -0.301511  0.000000   0.000000  0.000000   0.000000  0.000000 )
(  -0.301511  0.000000  -0.000000  0.000000   0.000000  0.000000 )
(  -0.301511  0.000000   0.000000  0.000000   0.000000  0.000000 )
(  -0.301511  0.000000  -0.000000  0.000000  -0.000000  0.000000 )
   freq (    2) =     0.00000050 [THz] =     0.00001660 [cm-1]
(   0.000000  0.000000  -0.171090  0.000000  -0.248269  0.000000 )
(   0.000000  0.000000  -0.171090  0.000000  -0.248269  0.000000 )
(  -0.000000  0.000000  -0.171090  0.000000  -0.248269  0.000000 )
(  -0.000000  0.000000  -0.171090  0.000000  -0.248269  0.000000 )
(   0.000000  0.000000  -0.171090  0.000000  -0.248269  0.000000 )
(   0.000000  0.000000  -0.171090  0.000000  -0.248269  0.000000 )
(  -0.000000  0.000000  -0.171090  0.000000  -0.248269  0.000000 )
(   0.000000  0.000000  -0.171090  0.000000  -0.248269  0.000000 )
(  -0.000000  0.000000  -0.171090  0.000000  -0.248269  0.000000 )
(  -0.000000  0.000000  -0.171090  0.000000  -0.248269  0.000000 )
(  -0.000000  0.000000  -0.171090  0.000000  -0.248269  0.000000 )
   freq (    3) =     0.00000054 [THz] =     0.00001793 [cm-1]
(   0.000000  0.000000  -0.248269  0.000000   0.171090  0.000000 )
(  -0.000000  0.000000  -0.248269  0.000000   0.171090  0.000000 )
(  -0.000000  0.000000  -0.248269  0.000000   0.171090  0.000000 )
(  -0.000000  0.000000  -0.248269  0.000000   0.171090  0.000000 )
(  -0.000000  0.000000  -0.248269  0.000000   0.171090  0.000000 )
(  -0.000000  0.000000  -0.248269  0.000000   0.171090  0.000000 )
(  -0.000000  0.000000  -0.248269  0.000000   0.171090  0.000000 )
(  -0.000000  0.000000  -0.248269  0.000000   0.171090  0.000000 )
(  -0.000000  0.000000  -0.248269  0.000000   0.171090  0.000000 )
(   0.000000  0.000000  -0.248269  0.000000   0.171090  0.000000 )
(  -0.000000  0.000000  -0.248269  0.000000   0.171090  0.000000 )
   freq (    4) =    25.14511820 [THz] =   838.75074017 [cm-1]
(  -0.000000  0.000000   0.000000  0.000000   0.020445  0.000000 )
(  -0.000000  0.000000  -0.000000  0.000000  -0.521980  0.000000 )
(   0.000000  0.000000  -0.000000  0.000000  -0.521980  0.000000 )
(  -0.000000  0.000000  -0.000000  0.000000  -0.345609  0.000000 )
(   0.000000  0.000000  -0.000000  0.000000  -0.345609  0.000000 )
(   0.050700  0.000000   0.029272  0.000000  -0.180371  0.000000 )
(   0.000000  0.000000  -0.058544  0.000000  -0.180371  0.000000 )
(  -0.050700  0.000000   0.029272  0.000000  -0.180371  0.000000 )
(  -0.000000  0.000000  -0.058544  0.000000  -0.180371  0.000000 )
(  -0.050700  0.000000   0.029272  0.000000  -0.180371  0.000000 )
(   0.050700  0.000000   0.029272  0.000000  -0.180371  0.000000 )
   freq (    5) =    25.61780110 [THz] =   854.51774225 [cm-1]
(  -0.020705  0.000000  -0.000000  0.000000  -0.000000  0.000000 )
(   0.508380  0.000000   0.000000  0.000000   0.000000  0.000000 )
(   0.508380  0.000000  -0.000000  0.000000   0.000000  0.000000 )
(   0.165815  0.000000   0.000000  0.000000   0.000000  0.000000 )
(   0.165815  0.000000  -0.000000  0.000000   0.000000  0.000000 )
(   0.291544  0.000000   0.070567  0.000000  -0.051076  0.000000 )
(   0.169318  0.000000  -0.000000  0.000000   0.000000  0.000000 )
(   0.291544  0.000000  -0.070567  0.000000   0.051076  0.000000 )
(   0.169318  0.000000   0.000000  0.000000   0.000000  0.000000 )
(   0.291544  0.000000  -0.070567  0.000000   0.051076  0.000000 )
(   0.291544  0.000000   0.070567  0.000000  -0.051076  0.000000 )
   freq (    6) =    25.61780110 [THz] =   854.51774225 [cm-1]
(   0.000000  0.000000  -0.020705  0.000000   0.000000  0.000000 )
(  -0.000000  0.000000   0.508380  0.000000  -0.000000  0.000000 )
(   0.000000  0.000000   0.508380  0.000000   0.000000  0.000000 )
(  -0.000000  0.000000   0.165815  0.000000  -0.000000  0.000000 )
(   0.000000  0.000000   0.165815  0.000000   0.000000  0.000000 )
(   0.070567  0.000000   0.210060  0.000000  -0.029489  0.000000 )
(   0.000000  0.000000   0.332286  0.000000   0.058978  0.000000 )
(  -0.070567  0.000000   0.210060  0.000000  -0.029489  0.000000 )
(  -0.000000  0.000000   0.332286  0.000000   0.058978  0.000000 )
(  -0.070567  0.000000   0.210060  0.000000  -0.029489  0.000000 )
(   0.070567  0.000000   0.210060  0.000000  -0.029489  0.000000 )
   freq (    7) =    25.98131707 [THz] =   866.64332798 [cm-1]
(  -0.000000  0.000000  -0.000000  0.000000   0.000000  0.000000 )
(   0.000000  0.000000  -0.000000  0.000000   0.423661  0.000000 )
(   0.000000  0.000000   0.000000  0.000000  -0.423661  0.000000 )
(   0.000000  0.000000  -0.000000  0.000000   0.485903  0.000000 )
(   0.000000  0.000000   0.000000  0.000000  -0.485903  0.000000 )
(   0.115917  0.000000   0.066925  0.000000  -0.101098  0.000000 )
(   0.000000  0.000000  -0.133850  0.000000  -0.101098  0.000000 )
(  -0.115917  0.000000   0.066925  0.000000  -0.101098  0.000000 )
(  -0.000000  0.000000   0.133850  0.000000   0.101098  0.000000 )
(   0.115917  0.000000  -0.066925  0.000000   0.101098  0.000000 )
(  -0.115917  0.000000  -0.066925  0.000000   0.101098  0.000000 )
   freq (    8) =    26.11716741 [THz] =   871.17480689 [cm-1]
(  -0.000000  0.000000   0.000000  0.000000  -0.000000  0.000000 )
(  -0.354721  0.000000   0.003184  0.000000   0.000000  0.000000 )
(   0.354721  0.000000  -0.003184  0.000000   0.000000  0.000000 )
(  -0.081201  0.000000   0.000729  0.000000   0.000000  0.000000 )
(   0.081201  0.000000  -0.000729  0.000000   0.000000  0.000000 )
(   0.375533  0.000000   0.161639  0.000000  -0.102115  0.000000 )
(   0.094104  0.000000  -0.004231  0.000000  -0.001064  0.000000 )
(   0.378466  0.000000  -0.165021  0.000000   0.103179  0.000000 )
(  -0.094104  0.000000   0.004231  0.000000   0.001064  0.000000 )
(  -0.378466  0.000000   0.165021  0.000000  -0.103179  0.000000 )
(  -0.375533  0.000000  -0.161639  0.000000   0.102115  0.000000 )
   freq (    9) =    26.11716741 [THz] =   871.17480689 [cm-1]
(  -0.000000  0.000000   0.000000  0.000000  -0.000000  0.000000 )
(  -0.003184  0.000000  -0.354721  0.000000  -0.000000  0.000000 )
(   0.003184  0.000000   0.354721  0.000000   0.000000  0.000000 )
(  -0.000729  0.000000  -0.081201  0.000000  -0.000000  0.000000 )
(   0.000729  0.000000   0.081201  0.000000   0.000000  0.000000 )
(   0.166715  0.000000   0.189869  0.000000  -0.060185  0.000000 )
(   0.000845  0.000000   0.471298  0.000000   0.118526  0.000000 )
(  -0.159946  0.000000   0.186936  0.000000  -0.058342  0.000000 )
(  -0.000845  0.000000  -0.471298  0.000000  -0.118526  0.000000 )
(   0.159946  0.000000  -0.186936  0.000000   0.058342  0.000000 )
(  -0.166715  0.000000  -0.189869  0.000000   0.060185  0.000000 )
   freq (   10) =    29.31338010 [THz] =   977.78897129 [cm-1]
(   0.000000  0.000000   0.000000  0.000000   0.000000  0.000000 )
(   0.516621  0.000000  -0.001716  0.000000  -0.000000  0.000000 )
(  -0.516621  0.000000   0.001716  0.000000   0.000000  0.000000 )
(  -0.232543  0.000000   0.000773  0.000000   0.000000  0.000000 )
(   0.232543  0.000000  -0.000773  0.000000  -0.000000  0.000000 )
(   0.215018  0.000000  -0.037264  0.000000   0.057961  0.000000 )
(   0.277962  0.000000  -0.000644  0.000000   0.000223  0.000000 )
(   0.214776  0.000000   0.035557  0.000000  -0.058184  0.000000 )
(  -0.277962  0.000000   0.000644  0.000000  -0.000223  0.000000 )
(  -0.214776  0.000000  -0.035557  0.000000   0.058184  0.000000 )
(  -0.215018  0.000000   0.037264  0.000000  -0.057961  0.000000 )
   freq (   11) =    29.31338010 [THz] =   977.78897129 [cm-1]
(   0.000000  0.000000  -0.000000  0.000000  -0.000000  0.000000 )
(   0.001716  0.000000   0.516621  0.000000   0.000000  0.000000 )
(  -0.001716  0.000000  -0.516621  0.000000  -0.000000  0.000000 )
(  -0.000773  0.000000  -0.232543  0.000000  -0.000000  0.000000 )
(   0.000773  0.000000   0.232543  0.000000   0.000000  0.000000 )
(  -0.035697  0.000000   0.256820  0.000000   0.033721  0.000000 )
(   0.000923  0.000000   0.193876  0.000000  -0.067056  0.000000 )
(   0.037125  0.000000   0.257062  0.000000   0.033335  0.000000 )
(  -0.000923  0.000000  -0.193876  0.000000   0.067056  0.000000 )
(  -0.037125  0.000000  -0.257062  0.000000  -0.033335  0.000000 )
(   0.035697  0.000000  -0.256820  0.000000  -0.033721  0.000000 )
   freq (   12) =    29.53601765 [THz] =   985.21535941 [cm-1]
(  -0.000000  0.000000   0.000000  0.000000   0.000000  0.000000 )
(  -0.000000  0.000000   0.000000  0.000000  -0.461507  0.000000 )
(   0.000000  0.000000  -0.000000  0.000000   0.461507  0.000000 )
(   0.000000  0.000000  -0.000000  0.000000   0.244924  0.000000 )
(  -0.000000  0.000000   0.000000  0.000000  -0.244924  0.000000 )
(  -0.014587  0.000000  -0.008422  0.000000  -0.274574  0.000000 )
(  -0.000000  0.000000   0.016844  0.000000  -0.274574  0.000000 )
(   0.014587  0.000000  -0.008422  0.000000  -0.274574  0.000000 )
(   0.000000  0.000000  -0.016844  0.000000   0.274574  0.000000 )
(  -0.014587  0.000000   0.008422  0.000000   0.274574  0.000000 )
(   0.014587  0.000000   0.008422  0.000000   0.274574  0.000000 )
   freq (   13) =    31.86188630 [THz] =  1062.79797552 [cm-1]
(   0.000000  0.000000  -0.000000  0.000000   0.000000  0.000000 )
(  -0.032562  0.000000  -0.000305  0.000000   0.000000  0.000000 )
(   0.032562  0.000000   0.000305  0.000000  -0.000000  0.000000 )
(   0.459115  0.000000   0.004295  0.000000  -0.000000  0.000000 )
(  -0.459115  0.000000  -0.004295  0.000000   0.000000  0.000000 )
(   0.115732  0.000000  -0.000388  0.000000   0.353546  0.000000 )
(   0.118321  0.000000   0.001075  0.000000  -0.003799  0.000000 )
(   0.115760  0.000000   0.002586  0.000000  -0.349747  0.000000 )
(  -0.118321  0.000000  -0.001075  0.000000   0.003799  0.000000 )
(  -0.115760  0.000000  -0.002586  0.000000   0.349747  0.000000 )
(  -0.115732  0.000000   0.000388  0.000000  -0.353546  0.000000 )
   freq (   14) =    31.86188630 [THz] =  1062.79797552 [cm-1]
(   0.000000  0.000000  -0.000000  0.000000   0.000000  0.000000 )
(   0.000305  0.000000  -0.032562  0.000000  -0.000000  0.000000 )
(  -0.000305  0.000000   0.032562  0.000000   0.000000  0.000000 )
(  -0.004295  0.000000   0.459115  0.000000   0.000000  0.000000 )
(   0.004295  0.000000  -0.459115  0.000000  -0.000000  0.000000 )
(  -0.002570  0.000000   0.117477  0.000000   0.199733  0.000000 )
(  -0.001107  0.000000   0.114887  0.000000  -0.406047  0.000000 )
(   0.000404  0.000000   0.117449  0.000000   0.206313  0.000000 )
(   0.001107  0.000000  -0.114887  0.000000   0.406047  0.000000 )
(  -0.000404  0.000000  -0.117449  0.000000  -0.206313  0.000000 )
(   0.002570  0.000000  -0.117477  0.000000  -0.199733  0.000000 )
   freq (   15) =    31.92328075 [THz] =  1064.84587369 [cm-1]
(   0.000000  0.000000  -0.000000  0.000000  -0.000000  0.000000 )
(  -0.000000  0.000000   0.000000  0.000000  -0.000000  0.000000 )
(   0.000000  0.000000  -0.000000  0.000000   0.000000  0.000000 )
(  -0.000000  0.000000  -0.000000  0.000000  -0.000000  0.000000 )
(   0.000000  0.000000   0.000000  0.000000   0.000000  0.000000 )
(  -0.204124  0.000000   0.353553  0.000000  -0.000000  0.000000 )
(   0.408248  0.000000  -0.000000  0.000000   0.000000  0.000000 )
(  -0.204124  0.000000  -0.353553  0.000000   0.000000  0.000000 )
(  -0.408248  0.000000   0.000000  0.000000  -0.000000  0.000000 )
(   0.204124  0.000000   0.353553  0.000000  -0.000000  0.000000 )
(   0.204124  0.000000  -0.353553  0.000000   0.000000  0.000000 )
   freq (   16) =    32.34945593 [THz] =  1079.06154527 [cm-1]
(   0.000000  0.000000  -0.000000  0.000000  -0.000000  0.000000 )
(   0.005876  0.000000  -0.000000  0.000000   0.000000  0.000000 )
(   0.005876  0.000000  -0.000000  0.000000  -0.000000  0.000000 )
(   0.442736  0.000000  -0.000008  0.000000   0.000000  0.000000 )
(   0.442736  0.000000  -0.000008  0.000000   0.000000  0.000000 )
(  -0.147566  0.000000   0.003424  0.000000  -0.344101  0.000000 )
(  -0.153493  0.000000   0.000002  0.000000  -0.000007  0.000000 )
(  -0.147566  0.000000  -0.003419  0.000000   0.344107  0.000000 )
(  -0.153493  0.000000   0.000002  0.000000  -0.000007  0.000000 )
(  -0.147566  0.000000  -0.003419  0.000000   0.344107  0.000000 )
(  -0.147566  0.000000   0.003424  0.000000  -0.344101  0.000000 )
   freq (   17) =    32.34945593 [THz] =  1079.06154527 [cm-1]
(   0.000000  0.000000   0.000000  0.000000   0.000000  0.000000 )
(   0.000000  0.000000   0.005876  0.000000  -0.000000  0.000000 )
(   0.000000  0.000000   0.005876  0.000000  -0.000000  0.000000 )
(   0.000008  0.000000   0.442736  0.000000   0.000000  0.000000 )
(   0.000008  0.000000   0.442736  0.000000   0.000000  0.000000 )
(   0.003419  0.000000  -0.151518  0.000000  -0.198674  0.000000 )
(  -0.000003  0.000000  -0.145591  0.000000   0.397337  0.000000 )
(  -0.003424  0.000000  -0.151518  0.000000  -0.198663  0.000000 )
(  -0.000003  0.000000  -0.145591  0.000000   0.397337  0.000000 )
(  -0.003424  0.000000  -0.151518  0.000000  -0.198663  0.000000 )
(   0.003419  0.000000  -0.151518  0.000000  -0.198674  0.000000 )
   freq (   18) =    32.90488534 [THz] =  1097.58867349 [cm-1]
(  -0.000000  0.000000  -0.000000  0.000000  -0.000000  0.000000 )
(   0.000000  0.000000   0.000000  0.000000  -0.000000  0.000000 )
(   0.000000  0.000000   0.000000  0.000000  -0.000000  0.000000 )
(  -0.000000  0.000000   0.000000  0.000000   0.000000  0.000000 )
(  -0.000000  0.000000   0.000000  0.000000   0.000000  0.000000 )
(  -0.204124  0.000000   0.353553  0.000000  -0.000000  0.000000 )
(   0.408248  0.000000   0.000000  0.000000  -0.000000  0.000000 )
(  -0.204124  0.000000  -0.353553  0.000000   0.000000  0.000000 )
(   0.408248  0.000000   0.000000  0.000000   0.000000  0.000000 )
(  -0.204124  0.000000  -0.353553  0.000000   0.000000  0.000000 )
(  -0.204124  0.000000   0.353553  0.000000  -0.000000  0.000000 )
   freq (   19) =    33.83215204 [THz] =  1128.51895701 [cm-1]
(   0.000652  0.000000   0.000000  0.000000  -0.000000  0.000000 )
(   0.042231  0.000000   0.000000  0.000000  -0.000000  0.000000 )
(   0.042231  0.000000   0.000000  0.000000  -0.000000  0.000000 )
(  -0.357662  0.000000  -0.000000  0.000000   0.000000  0.000000 )
(  -0.357662  0.000000  -0.000000  0.000000   0.000000  0.000000 )
(  -0.030455  0.000000  -0.208926  0.000000  -0.292663  0.000000 )
(   0.331415  0.000000  -0.000000  0.000000   0.000000  0.000000 )
(  -0.030455  0.000000   0.208926  0.000000   0.292663  0.000000 )
(   0.331415  0.000000  -0.000000  0.000000   0.000000  0.000000 )
(  -0.030455  0.000000   0.208926  0.000000   0.292663  0.000000 )
(  -0.030455  0.000000  -0.208926  0.000000  -0.292663  0.000000 )
   freq (   20) =    33.83215204 [THz] =  1128.51895701 [cm-1]
(   0.000000  0.000000  -0.000652  0.000000  -0.000000  0.000000 )
(   0.000000  0.000000  -0.042231  0.000000   0.000000  0.000000 )
(   0.000000  0.000000  -0.042231  0.000000   0.000000  0.000000 )
(  -0.000000  0.000000   0.357662  0.000000  -0.000000  0.000000 )
(  -0.000000  0.000000   0.357662  0.000000  -0.000000  0.000000 )
(   0.208926  0.000000  -0.210792  0.000000   0.168969  0.000000 )
(   0.000000  0.000000   0.151078  0.000000  -0.337938  0.000000 )
(  -0.208926  0.000000  -0.210792  0.000000   0.168969  0.000000 )
(   0.000000  0.000000   0.151078  0.000000  -0.337938  0.000000 )
(  -0.208926  0.000000  -0.210792  0.000000   0.168969  0.000000 )
(   0.208926  0.000000  -0.210792  0.000000   0.168969  0.000000 )
   freq (   21) =    34.82768453 [THz] =  1161.72634159 [cm-1]
(  -0.000000  0.000000   0.000000  0.000000   0.007594  0.000000 )
(  -0.000000  0.000000   0.000000  0.000000   0.484349  0.000000 )
(  -0.000000  0.000000   0.000000  0.000000   0.484349  0.000000 )
(   0.000000  0.000000  -0.000000  0.000000  -0.333145  0.000000 )
(   0.000000  0.000000  -0.000000  0.000000  -0.333145  0.000000 )
(   0.026317  0.000000   0.015194  0.000000  -0.224812  0.000000 )
(   0.000000  0.000000  -0.030389  0.000000  -0.224812  0.000000 )
(  -0.026317  0.000000   0.015194  0.000000  -0.224812  0.000000 )
(   0.000000  0.000000  -0.030389  0.000000  -0.224812  0.000000 )
(  -0.026317  0.000000   0.015194  0.000000  -0.224812  0.000000 )
(   0.026317  0.000000   0.015194  0.000000  -0.224812  0.000000 )
   freq (   22) =    35.16352456 [THz] =  1172.92875767 [cm-1]
(   0.007039  0.000000   0.000000  0.000000   0.000000  0.000000 )
(   0.496123  0.000000  -0.000000  0.000000   0.000000  0.000000 )
(   0.496123  0.000000  -0.000000  0.000000   0.000000  0.000000 )
(  -0.185445  0.000000   0.000000  0.000000  -0.000000  0.000000 )
(  -0.185445  0.000000   0.000000  0.000000  -0.000000  0.000000 )
(  -0.277503  0.000000  -0.021250  0.000000   0.057414  0.000000 )
(  -0.240697  0.000000   0.000000  0.000000  -0.000000  0.000000 )
(  -0.277503  0.000000   0.021250  0.000000  -0.057414  0.000000 )
(  -0.240697  0.000000   0.000000  0.000000  -0.000000  0.000000 )
(  -0.277503  0.000000   0.021250  0.000000  -0.057414  0.000000 )
(  -0.277503  0.000000  -0.021250  0.000000   0.057414  0.000000 )
   freq (   23) =    35.16352456 [THz] =  1172.92875767 [cm-1]
(  -0.000000  0.000000  -0.007039  0.000000   0.000000  0.000000 )
(  -0.000000  0.000000  -0.496123  0.000000   0.000000  0.000000 )
(  -0.000000  0.000000  -0.496123  0.000000   0.000000  0.000000 )
(   0.000000  0.000000   0.185445  0.000000  -0.000000  0.000000 )
(   0.000000  0.000000   0.185445  0.000000  -0.000000  0.000000 )
(   0.021250  0.000000   0.252966  0.000000  -0.033148  0.000000 )
(  -0.000000  0.000000   0.289772  0.000000   0.066296  0.000000 )
(  -0.021250  0.000000   0.252966  0.000000  -0.033148  0.000000 )
(   0.000000  0.000000   0.289772  0.000000   0.066296  0.000000 )
(  -0.021250  0.000000   0.252966  0.000000  -0.033148  0.000000 )
(   0.021250  0.000000   0.252966  0.000000  -0.033148  0.000000 )
   freq (   24) =    41.98181337 [THz] =  1400.36235895 [cm-1]
(  -0.000000  0.000000  -0.000000  0.000000   0.000000  0.000000 )
(   0.003519  0.000000  -0.000004  0.000000  -0.000000  0.000000 )
(  -0.003519  0.000000   0.000004  0.000000   0.000000  0.000000 )
(   0.353016  0.000000  -0.000376  0.000000  -0.000000  0.000000 )
(  -0.353016  0.000000   0.000376  0.000000  -0.000000  0.000000 )
(   0.003767  0.000000  -0.201645  0.000000  -0.291414  0.000000 )
(   0.352377  0.000000   0.000120  0.000000  -0.000358  0.000000 )
(   0.003338  0.000000   0.201143  0.000000   0.291772  0.000000 )
(  -0.352377  0.000000  -0.000120  0.000000   0.000358  0.000000 )
(  -0.003338  0.000000  -0.201143  0.000000  -0.291772  0.000000 )
(  -0.003767  0.000000   0.201645  0.000000   0.291414  0.000000 )
   freq (   25) =    41.98181337 [THz] =  1400.36235895 [cm-1]
(  -0.000000  0.000000   0.000000  0.000000   0.000000  0.000000 )
(  -0.000004  0.000000  -0.003519  0.000000  -0.000000  0.000000 )
(   0.000004  0.000000   0.003519  0.000000   0.000000  0.000000 )
(  -0.000376  0.000000  -0.353016  0.000000   0.000000  0.000000 )
(   0.000376  0.000000   0.353016  0.000000  -0.000000  0.000000 )
(   0.201390  0.000000  -0.235888  0.000000   0.168662  0.000000 )
(  -0.000375  0.000000   0.112722  0.000000  -0.336702  0.000000 )
(  -0.201398  0.000000  -0.236317  0.000000   0.168041  0.000000 )
(   0.000375  0.000000  -0.112722  0.000000   0.336702  0.000000 )
(   0.201398  0.000000   0.236317  0.000000  -0.168041  0.000000 )
(  -0.201390  0.000000   0.235888  0.000000  -0.168662  0.000000 )
   freq (   26) =    44.71286519 [THz] =  1491.46042855 [cm-1]
(   0.000000  0.000000   0.000000  0.000000  -0.000000  0.000000 )
(  -0.000000  0.000000  -0.000000  0.000000   0.327798  0.000000 )
(   0.000000  0.000000   0.000000  0.000000  -0.327798  0.000000 )
(  -0.000000  0.000000  -0.000000  0.000000  -0.292035  0.000000 )
(   0.000000  0.000000   0.000000  0.000000   0.292035  0.000000 )
(  -0.162861  0.000000  -0.094028  0.000000  -0.258952  0.000000 )
(   0.000000  0.000000   0.188056  0.000000  -0.258952  0.000000 )
(   0.162861  0.000000  -0.094028  0.000000  -0.258952  0.000000 )
(  -0.000000  0.000000  -0.188056  0.000000   0.258952  0.000000 )
(  -0.162861  0.000000   0.094028  0.000000   0.258952  0.000000 )
(   0.162861  0.000000   0.094028  0.000000   0.258952  0.000000 )
   freq (   27) =    44.93053806 [THz] =  1498.72121307 [cm-1]
(   0.000000  0.000000   0.000000  0.000000   0.000000  0.000000 )
(   0.325827  0.000000   0.005138  0.000000   0.000000  0.000000 )
(  -0.325827  0.000000  -0.005138  0.000000  -0.000000  0.000000 )
(   0.322301  0.000000   0.005082  0.000000  -0.000000  0.000000 )
(  -0.322301  0.000000  -0.005082  0.000000   0.000000  0.000000 )
(   0.084982  0.000000   0.234484  0.000000  -0.167008  0.000000 )
(  -0.330174  0.000000   0.003444  0.000000   0.003014  0.000000 )
(   0.077491  0.000000  -0.240572  0.000000   0.163995  0.000000 )
(   0.330174  0.000000  -0.003444  0.000000  -0.003014  0.000000 )
(  -0.077491  0.000000   0.240572  0.000000  -0.163995  0.000000 )
(  -0.084982  0.000000  -0.234484  0.000000   0.167008  0.000000 )
   freq (   28) =    44.93053806 [THz] =  1498.72121307 [cm-1]
(   0.000000  0.000000   0.000000  0.000000  -0.000000  0.000000 )
(   0.005138  0.000000  -0.325827  0.000000  -0.000000  0.000000 )
(  -0.005138  0.000000   0.325827  0.000000   0.000000  0.000000 )
(   0.005082  0.000000  -0.322301  0.000000   0.000000  0.000000 )
(  -0.005082  0.000000   0.322301  0.000000  -0.000000  0.000000 )
(  -0.236247  0.000000   0.196783  0.000000   0.092942  0.000000 )
(  -0.005206  0.000000  -0.218373  0.000000  -0.191105  0.000000 )
(   0.238809  0.000000   0.189292  0.000000   0.098162  0.000000 )
(   0.005206  0.000000   0.218373  0.000000   0.191105  0.000000 )
(  -0.238809  0.000000  -0.189292  0.000000  -0.098162  0.000000 )
(   0.236247  0.000000  -0.196783  0.000000  -0.092942  0.000000 )
   freq (   29) =    45.02098595 [THz] =  1501.73822959 [cm-1]
(  -0.006047  0.000000   0.000000  0.000000  -0.000000  0.000000 )
(   0.053075  0.000000  -0.000000  0.000000   0.000000  0.000000 )
(   0.053075  0.000000  -0.000000  0.000000  -0.000000  0.000000 )
(   0.331242  0.000000  -0.000000  0.000000  -0.000000  0.000000 )
(   0.331242  0.000000  -0.000000  0.000000  -0.000000  0.000000 )
(  -0.148984  0.000000  -0.276712  0.000000   0.201018  0.000000 )
(   0.330296  0.000000   0.000000  0.000000   0.000000  0.000000 )
(  -0.148984  0.000000   0.276712  0.000000  -0.201018  0.000000 )
(   0.330296  0.000000   0.000000  0.000000   0.000000  0.000000 )
(  -0.148984  0.000000   0.276712  0.000000  -0.201018  0.000000 )
(  -0.148984  0.000000  -0.276712  0.000000   0.201018  0.000000 )
   freq (   30) =    45.02098595 [THz] =  1501.73822959 [cm-1]
(  -0.000000  0.000000  -0.006047  0.000000   0.000000  0.000000 )
(   0.000000  0.000000   0.053075  0.000000  -0.000000  0.000000 )
(  -0.000000  0.000000   0.053075  0.000000  -0.000000  0.000000 )
(   0.000000  0.000000   0.331242  0.000000   0.000000  0.000000 )
(  -0.000000  0.000000   0.331242  0.000000   0.000000  0.000000 )
(  -0.276712  0.000000   0.170536  0.000000   0.116058  0.000000 )
(  -0.000000  0.000000  -0.308744  0.000000  -0.232116  0.000000 )
(   0.276712  0.000000   0.170536  0.000000   0.116058  0.000000 )
(   0.000000  0.000000  -0.308744  0.000000  -0.232116  0.000000 )
(   0.276712  0.000000   0.170536  0.000000   0.116058  0.000000 )
(  -0.276712  0.000000   0.170536  0.000000   0.116058  0.000000 )
   freq (   31) =    45.03840568 [THz] =  1502.31928910 [cm-1]
(  -0.000000  0.000000   0.000000  0.000000   0.006195  0.000000 )
(   0.000000  0.000000  -0.000000  0.000000  -0.051139  0.000000 )
(  -0.000000  0.000000  -0.000000  0.000000  -0.051139  0.000000 )
(   0.000000  0.000000  -0.000000  0.000000   0.415624  0.000000 )
(  -0.000000  0.000000  -0.000000  0.000000   0.415624  0.000000 )
(  -0.170199  0.000000  -0.098265  0.000000  -0.263787  0.000000 )
(  -0.000000  0.000000   0.196529  0.000000  -0.263787  0.000000 )
(   0.170199  0.000000  -0.098265  0.000000  -0.263787  0.000000 )
(   0.000000  0.000000   0.196529  0.000000  -0.263787  0.000000 )
(   0.170199  0.000000  -0.098265  0.000000  -0.263787  0.000000 )
(  -0.170199  0.000000  -0.098265  0.000000  -0.263787  0.000000 )
   freq (   32) =    46.58762375 [THz] =  1553.99563408 [cm-1]
(  -0.000000  0.000000  -0.000000  0.000000  -0.000426  0.000000 )
(   0.000000  0.000000   0.000000  0.000000   0.012219  0.000000 )
(  -0.000000  0.000000   0.000000  0.000000   0.012219  0.000000 )
(   0.000000  0.000000   0.000000  0.000000   0.313520  0.000000 )
(   0.000000  0.000000   0.000000  0.000000   0.313520  0.000000 )
(   0.305069  0.000000   0.176132  0.000000  -0.098805  0.000000 )
(   0.000000  0.000000  -0.352263  0.000000  -0.098805  0.000000 )
(  -0.305069  0.000000   0.176132  0.000000  -0.098805  0.000000 )
(   0.000000  0.000000  -0.352263  0.000000  -0.098805  0.000000 )
(  -0.305069  0.000000   0.176132  0.000000  -0.098805  0.000000 )
(   0.305069  0.000000   0.176132  0.000000  -0.098805  0.000000 )
   freq (   33) =    58.72461389 [THz] =  1958.84198970 [cm-1]
(   0.000000  0.000000   0.000000  0.000000  -0.000000  0.000000 )
(  -0.000000  0.000000   0.000000  0.000000   0.008433  0.000000 )
(   0.000000  0.000000  -0.000000  0.000000  -0.008433  0.000000 )
(   0.000000  0.000000   0.000000  0.000000   0.344421  0.000000 )
(  -0.000000  0.000000  -0.000000  0.000000  -0.344421  0.000000 )
(  -0.291250  0.000000  -0.168153  0.000000   0.118316  0.000000 )
(  -0.000000  0.000000   0.336307  0.000000   0.118316  0.000000 )
(   0.291250  0.000000  -0.168153  0.000000   0.118316  0.000000 )
(   0.000000  0.000000  -0.336307  0.000000  -0.118316  0.000000 )
(  -0.291250  0.000000   0.168153  0.000000  -0.118316  0.000000 )
(   0.291250  0.000000   0.168153  0.000000  -0.118316  0.000000 )
***************************************************************************
