Dynamical matrix file
File generated with the CellConstructor by Lorenzo Monacelli
2 11 0     1.8897259890000000     0.0000000000000000     0.0000000000000000     0.0000000000000000     0.0000000000000000     0.0000000000000000
Basis vectors
    1.8216054416065011    -1.0517043920322153     2.8381869915015971
    0.0000000000000000     2.1034087840644307     2.8381869915015971
   -1.8216054416065011    -1.0517043920322153     2.8381869915015971
	1  'La '  126604.5951757480361266
	2  'H '    918.7358275894680446
    1     1     0.0000000000000002    -0.0000000000000001     4.2572805298084759
    2     2     0.0000000000000000     0.0000000000000002     2.1671186850234259
    3     2    -0.0000000000000000    -0.0000000000000002    -2.1671186850234259
    4     2     0.0000000000000002     0.0000000000000001     0.9971819487060601
    5     2    -0.0000000000000002    -0.0000000000000001    -0.9971819487060601
    6     2     0.9480523024968888     0.5473582514588605     6.0708345922346316
    7     2    -0.0000000000000001    -1.0947165029177208     6.0708345922346316
    8     2    -0.9480523024968881     0.5473582514588605     6.0708345922346316
    9     2     0.0000000000000000     1.0947165029177215     2.4437264638359797
   10     2     0.9480523024968890    -0.5473582514588606     2.4437264638359801
   11     2    -0.9480523024968883    -0.5473582514588605     2.4437264638359801

     Dynamical Matrix in cartesian axes

     q = (     0.000000000000     0.000000000000     0.000000000000 )

    1    1
     0.5868593737456680     0.0000000000000000       -0.0000000000000001     0.0000000000000000        0.0000000000000001     0.0000000000000000
    -0.0000000000000001     0.0000000000000000        0.5868593737864976     0.0000000000000000        0.0000000000000002     0.0000000000000000
     0.0000000000000001     0.0000000000000000        0.0000000000000002     0.0000000000000000        0.5832975667030720     0.0000000000000000
    1    2
    -0.0398913649541755     0.0000000000000000        0.0000000000000000     0.0000000000000000       -0.0000000000000000     0.0000000000000000
     0.0000000000000000     0.0000000000000000       -0.0398913649569509     0.0000000000000000       -0.0000000000000000     0.0000000000000000
    -0.0000000000000000     0.0000000000000000       -0.0000000000000000     0.0000000000000000       -0.0841726377593904     0.0000000000000000
    1    3
    -0.0398913649541755     0.0000000000000000        0.0000000000000000     0.0000000000000000       -0.0000000000000000     0.0000000000000000
     0.0000000000000000     0.0000000000000000       -0.0398913649569509     0.0000000000000000       -0.0000000000000000     0.0000000000000000
    -0.0000000000000000     0.0000000000000000       -0.0000000000000000     0.0000000000000000       -0.0841726377593904     0.0000000000000000
    1    4
    -0.0940335888010998     0.0000000000000000        0.0000000000000000     0.0000000000000000        0.0000000000000000     0.0000000000000000
    -0.0000000000000000     0.0000000000000000       -0.0940335888076421     0.0000000000000000       -0.0000000000000000     0.0000000000000000
     0.0000000000000000     0.0000000000000000        0.0000000000000000     0.0000000000000000        0.0158041220263051     0.0000000000000000
    1    5
    -0.0940335888010998     0.0000000000000000        0.0000000000000000     0.0000000000000000        0.0000000000000000     0.0000000000000000
     0.0000000000000000     0.0000000000000000       -0.0940335888076421     0.0000000000000000        0.0000000000000000     0.0000000000000000
     0.0000000000000000     0.0000000000000000        0.0000000000000000     0.0000000000000000        0.0158041220263051     0.0000000000000000
    1    6
    -0.0265441362663881     0.0000000000000000        0.0461143079476302     0.0000000000000000       -0.0251478942493725     0.0000000000000000
     0.0461143079476302     0.0000000000000000       -0.0797923524842024     0.0000000000000000       -0.0145191435149325     0.0000000000000000
    -0.0324579693460633     0.0000000000000000       -0.0187396173399501     0.0000000000000000       -0.0744267558728169     0.0000000000000000
    1    7
    -0.1064164605847824     0.0000000000000000        0.0000000000000000     0.0000000000000000       -0.0000000000000000     0.0000000000000000
     0.0000000000000000     0.0000000000000000        0.0000799718397489     0.0000000000000000        0.0290382870298650     0.0000000000000000
    -0.0000000000000000     0.0000000000000000        0.0374792346799002     0.0000000000000000       -0.0744267558728169     0.0000000000000000
    1    8
    -0.0265441362663881     0.0000000000000000       -0.0461143079476302     0.0000000000000000        0.0251478942493724     0.0000000000000000
    -0.0461143079476302     0.0000000000000000       -0.0797923524842024     0.0000000000000000       -0.0145191435149325     0.0000000000000000
     0.0324579693460632     0.0000000000000000       -0.0187396173399501     0.0000000000000000       -0.0744267558728169     0.0000000000000000
    1    9
    -0.1064164605847824     0.0000000000000000        0.0000000000000000     0.0000000000000000       -0.0000000000000000     0.0000000000000000
     0.0000000000000000     0.0000000000000000        0.0000799718397489     0.0000000000000000        0.0290382870298650     0.0000000000000000
    -0.0000000000000000     0.0000000000000000        0.0374792346799002     0.0000000000000000       -0.0744267558728169     0.0000000000000000
    1   10
    -0.0265441362663881     0.0000000000000000       -0.0461143079476302     0.0000000000000000        0.0251478942493724     0.0000000000000000
    -0.0461143079476302     0.0000000000000000       -0.0797923524842024     0.0000000000000000       -0.0145191435149325     0.0000000000000000
     0.0324579693460632     0.0000000000000000       -0.0187396173399502     0.0000000000000000       -0.0744267558728169     0.0000000000000000
    1   11
    -0.0265441362663881     0.0000000000000000        0.0461143079476302     0.0000000000000000       -0.0251478942493725     0.0000000000000000
     0.0461143079476302     0.0000000000000000       -0.0797923524842024     0.0000000000000000       -0.0145191435149325     0.0000000000000000
    -0.0324579693460633     0.0000000000000000       -0.0187396173399501     0.0000000000000000       -0.0744267558728169     0.0000000000000000
    2    1
    -0.0398913649541755     0.0000000000000000        0.0000000000000000     0.0000000000000000       -0.0000000000000000     0.0000000000000000
     0.0000000000000000     0.0000000000000000       -0.0398913649569509     0.0000000000000000       -0.0000000000000000     0.0000000000000000
    -0.0000000000000000     0.0000000000000000       -0.0000000000000000     0.0000000000000000       -0.0841726377593904     0.0000000000000000
    2    2
     0.0918793961782977     0.0000000000000000        0.0000000000000000     0.0000000000000000        0.0000000000000000     0.0000000000000000
     0.0000000000000000     0.0000000000000000        0.0918793961846900     0.0000000000000000        0.0000000000000000     0.0000000000000000
     0.0000000000000000     0.0000000000000000        0.0000000000000000     0.0000000000000000        0.1065037394379687     0.0000000000000000
    2    3
    -0.0145058710670143     0.0000000000000000        0.0000000000000000     0.0000000000000000       -0.0000000000000000     0.0000000000000000
     0.0000000000000000     0.0000000000000000       -0.0145058710680236     0.0000000000000000       -0.0000000000000000     0.0000000000000000
    -0.0000000000000000     0.0000000000000000       -0.0000000000000000     0.0000000000000000       -0.0034678050982463     0.0000000000000000
    2    4
     0.0136981054476425     0.0000000000000000       -0.0000000000000000     0.0000000000000000       -0.0000000000000000     0.0000000000000000
    -0.0000000000000000     0.0000000000000000        0.0136981054485955     0.0000000000000000       -0.0000000000000000     0.0000000000000000
    -0.0000000000000000     0.0000000000000000       -0.0000000000000000     0.0000000000000000       -0.0246454111647699     0.0000000000000000
    2    5
    -0.0273609444034338     0.0000000000000000       -0.0000000000000000     0.0000000000000000        0.0000000000000000     0.0000000000000000
     0.0000000000000000     0.0000000000000000       -0.0273609444053374     0.0000000000000000        0.0000000000000000     0.0000000000000000
     0.0000000000000000     0.0000000000000000        0.0000000000000000     0.0000000000000000        0.0036679088503816     0.0000000000000000
    2    6
     0.0048513556483133     0.0000000000000000        0.0129543029306693     0.0000000000000000       -0.0094417674072554     0.0000000000000000
     0.0129543029306693     0.0000000000000000       -0.0101069849202413     0.0000000000000000       -0.0054512069543944     0.0000000000000000
    -0.0120546135782930     0.0000000000000000       -0.0069597343946465     0.0000000000000000       -0.0182637572377379     0.0000000000000000
    2    7
    -0.0175861552034638     0.0000000000000000        0.0000000000000000     0.0000000000000000       -0.0000000000000000     0.0000000000000000
     0.0000000000000000     0.0000000000000000        0.0123305259330969     0.0000000000000000        0.0109024139087888     0.0000000000000000
    -0.0000000000000000     0.0000000000000000        0.0139194687892930     0.0000000000000000       -0.0182637572377379     0.0000000000000000
    2    8
     0.0048513556483133     0.0000000000000000       -0.0129543029306693     0.0000000000000000        0.0094417674072554     0.0000000000000000
    -0.0129543029306693     0.0000000000000000       -0.0101069849202413     0.0000000000000000       -0.0054512069543944     0.0000000000000000
     0.0120546135782930     0.0000000000000000       -0.0069597343946465     0.0000000000000000       -0.0182637572377379     0.0000000000000000
    2    9
     0.0228519685479903     0.0000000000000000       -0.0000000000000000     0.0000000000000000        0.0000000000000000     0.0000000000000000
    -0.0000000000000000     0.0000000000000000       -0.0334758867466390     0.0000000000000000       -0.0101994310842769     0.0000000000000000
     0.0000000000000000     0.0000000000000000       -0.0082527272816203     0.0000000000000000        0.0189684924824234     0.0000000000000000
    2   10
    -0.0193939229212349     0.0000000000000000        0.0243906768127614     0.0000000000000000       -0.0088329664228252     0.0000000000000000
     0.0243906768127614     0.0000000000000000        0.0087700047255254     0.0000000000000000        0.0050997155421385     0.0000000000000000
    -0.0071470714761394     0.0000000000000000        0.0041263636408101     0.0000000000000000        0.0189684924824234     0.0000000000000000
    2   11
    -0.0193939229212349     0.0000000000000000       -0.0243906768127614     0.0000000000000000        0.0088329664228252     0.0000000000000000
    -0.0243906768127614     0.0000000000000000        0.0087700047255254     0.0000000000000000        0.0050997155421385     0.0000000000000000
     0.0071470714761394     0.0000000000000000        0.0041263636408101     0.0000000000000000        0.0189684924824234     0.0000000000000000
    3    1
    -0.0398913649541755     0.0000000000000000        0.0000000000000000     0.0000000000000000       -0.0000000000000000     0.0000000000000000
     0.0000000000000000     0.0000000000000000       -0.0398913649569509     0.0000000000000000       -0.0000000000000000     0.0000000000000000
    -0.0000000000000000     0.0000000000000000       -0.0000000000000000     0.0000000000000000       -0.0841726377593904     0.0000000000000000
    3    2
    -0.0145058710670143     0.0000000000000000        0.0000000000000000     0.0000000000000000       -0.0000000000000000     0.0000000000000000
     0.0000000000000000     0.0000000000000000       -0.0145058710680236     0.0000000000000000       -0.0000000000000000     0.0000000000000000
    -0.0000000000000000     0.0000000000000000       -0.0000000000000000     0.0000000000000000       -0.0034678050982463     0.0000000000000000
    3    3
     0.0918793961782977     0.0000000000000000        0.0000000000000000     0.0000000000000000        0.0000000000000000     0.0000000000000000
     0.0000000000000000     0.0000000000000000        0.0918793961846900     0.0000000000000000        0.0000000000000000     0.0000000000000000
     0.0000000000000000     0.0000000000000000        0.0000000000000000     0.0000000000000000        0.1065037394379687     0.0000000000000000
    3    4
    -0.0273609444034338     0.0000000000000000        0.0000000000000000     0.0000000000000000        0.0000000000000000     0.0000000000000000
     0.0000000000000000     0.0000000000000000       -0.0273609444053374     0.0000000000000000        0.0000000000000000     0.0000000000000000
     0.0000000000000000     0.0000000000000000        0.0000000000000000     0.0000000000000000        0.0036679088503816     0.0000000000000000
    3    5
     0.0136981054476425     0.0000000000000000        0.0000000000000000     0.0000000000000000       -0.0000000000000000     0.0000000000000000
     0.0000000000000000     0.0000000000000000        0.0136981054485955     0.0000000000000000       -0.0000000000000000     0.0000000000000000
    -0.0000000000000000     0.0000000000000000       -0.0000000000000000     0.0000000000000000       -0.0246454111647700     0.0000000000000000
    3    6
    -0.0193939229212349     0.0000000000000000       -0.0243906768127614     0.0000000000000000        0.0088329664228252     0.0000000000000000
    -0.0243906768127614     0.0000000000000000        0.0087700047255254     0.0000000000000000        0.0050997155421385     0.0000000000000000
     0.0071470714761394     0.0000000000000000        0.0041263636408101     0.0000000000000000        0.0189684924824234     0.0000000000000000
    3    7
     0.0228519685479903     0.0000000000000000       -0.0000000000000000     0.0000000000000000        0.0000000000000000     0.0000000000000000
    -0.0000000000000000     0.0000000000000000       -0.0334758867466390     0.0000000000000000       -0.0101994310842769     0.0000000000000000
     0.0000000000000000     0.0000000000000000       -0.0082527272816203     0.0000000000000000        0.0189684924824234     0.0000000000000000
    3    8
    -0.0193939229212349     0.0000000000000000        0.0243906768127614     0.0000000000000000       -0.0088329664228252     0.0000000000000000
     0.0243906768127614     0.0000000000000000        0.0087700047255254     0.0000000000000000        0.0050997155421385     0.0000000000000000
    -0.0071470714761394     0.0000000000000000        0.0041263636408101     0.0000000000000000        0.0189684924824234     0.0000000000000000
    3    9
    -0.0175861552034638     0.0000000000000000        0.0000000000000000     0.0000000000000000       -0.0000000000000000     0.0000000000000000
     0.0000000000000000     0.0000000000000000        0.0123305259330969     0.0000000000000000        0.0109024139087888     0.0000000000000000
    -0.0000000000000000     0.0000000000000000        0.0139194687892930     0.0000000000000000       -0.0182637572377379     0.0000000000000000
    3   10
     0.0048513556483133     0.0000000000000000       -0.0129543029306693     0.0000000000000000        0.0094417674072554     0.0000000000000000
    -0.0129543029306693     0.0000000000000000       -0.0101069849202413     0.0000000000000000       -0.0054512069543944     0.0000000000000000
     0.0120546135782930     0.0000000000000000       -0.0069597343946465     0.0000000000000000       -0.0182637572377379     0.0000000000000000
    3   11
     0.0048513556483133     0.0000000000000000        0.0129543029306693     0.0000000000000000       -0.0094417674072554     0.0000000000000000
     0.0129543029306693     0.0000000000000000       -0.0101069849202413     0.0000000000000000       -0.0054512069543944     0.0000000000000000
    -0.0120546135782930     0.0000000000000000       -0.0069597343946465     0.0000000000000000       -0.0182637572377379     0.0000000000000000
    4    1
    -0.0940335888010998     0.0000000000000000        0.0000000000000000     0.0000000000000000        0.0000000000000000     0.0000000000000000
    -0.0000000000000000     0.0000000000000000       -0.0940335888076421     0.0000000000000000       -0.0000000000000000     0.0000000000000000
     0.0000000000000000     0.0000000000000000        0.0000000000000000     0.0000000000000000        0.0158041220263051     0.0000000000000000
    4    2
     0.0136981054476425     0.0000000000000000        0.0000000000000000     0.0000000000000000       -0.0000000000000000     0.0000000000000000
     0.0000000000000000     0.0000000000000000        0.0136981054485955     0.0000000000000000       -0.0000000000000000     0.0000000000000000
    -0.0000000000000000     0.0000000000000000       -0.0000000000000000     0.0000000000000000       -0.0246454111647700     0.0000000000000000
    4    3
    -0.0273609444034338     0.0000000000000000        0.0000000000000000     0.0000000000000000        0.0000000000000000     0.0000000000000000
     0.0000000000000000     0.0000000000000000       -0.0273609444053374     0.0000000000000000        0.0000000000000000     0.0000000000000000
     0.0000000000000000     0.0000000000000000        0.0000000000000000     0.0000000000000000        0.0036679088503816     0.0000000000000000
    4    4
     0.1058947243421223     0.0000000000000000       -0.0000000000000000     0.0000000000000000        0.0000000000000000     0.0000000000000000
     0.0000000000000000     0.0000000000000000        0.1058947243494897     0.0000000000000000        0.0000000000000000     0.0000000000000000
     0.0000000000000000     0.0000000000000000        0.0000000000000000     0.0000000000000000        0.1086633201271561     0.0000000000000000
    4    5
    -0.0061784239514146     0.0000000000000000        0.0000000000000000     0.0000000000000000       -0.0000000000000000     0.0000000000000000
     0.0000000000000000     0.0000000000000000       -0.0061784239518444     0.0000000000000000       -0.0000000000000000     0.0000000000000000
    -0.0000000000000000     0.0000000000000000       -0.0000000000000000     0.0000000000000000       -0.0307685384160747     0.0000000000000000
    4    6
    -0.0067864256747392     0.0000000000000000       -0.0150509819966965     0.0000000000000000       -0.0149368720538433     0.0000000000000000
    -0.0150509819966965     0.0000000000000000        0.0105929513401151     0.0000000000000000       -0.0086238071014374     0.0000000000000000
    -0.0202023200966798     0.0000000000000000       -0.0116638149464788     0.0000000000000000        0.0172901962827562     0.0000000000000000
    4    7
     0.0192826398464368     0.0000000000000000        0.0000000000000000     0.0000000000000000        0.0000000000000000     0.0000000000000000
     0.0000000000000000     0.0000000000000000       -0.0154761141828746     0.0000000000000000        0.0172476142028749     0.0000000000000000
     0.0000000000000000     0.0000000000000000        0.0233276298929576     0.0000000000000000        0.0172901962827562     0.0000000000000000
    4    8
    -0.0067864256747392     0.0000000000000000        0.0150509819966965     0.0000000000000000        0.0149368720538434     0.0000000000000000
     0.0150509819966965     0.0000000000000000        0.0105929513401151     0.0000000000000000       -0.0086238071014374     0.0000000000000000
     0.0202023200966798     0.0000000000000000       -0.0116638149464788     0.0000000000000000        0.0172901962827562     0.0000000000000000
    4    9
     0.0115724063029654     0.0000000000000000       -0.0000000000000000     0.0000000000000000       -0.0000000000000000     0.0000000000000000
    -0.0000000000000000     0.0000000000000000       -0.0100588470575152     0.0000000000000000       -0.0301168182843517     0.0000000000000000
    -0.0000000000000000     0.0000000000000000       -0.0373477806153576     0.0000000000000000       -0.0415306634237555     0.0000000000000000
    4   10
    -0.0046510337168702     0.0000000000000000        0.0093666074629597     0.0000000000000000       -0.0260819297145009     0.0000000000000000
     0.0093666074629597     0.0000000000000000        0.0061645929634491     0.0000000000000000        0.0150584091421758     0.0000000000000000
    -0.0323441267867426     0.0000000000000000        0.0186738903076788     0.0000000000000000       -0.0415306634237555     0.0000000000000000
    4   11
    -0.0046510337168701     0.0000000000000000       -0.0093666074629596     0.0000000000000000        0.0260819297145009     0.0000000000000000
    -0.0093666074629596     0.0000000000000000        0.0061645929634491     0.0000000000000000        0.0150584091421758     0.0000000000000000
     0.0323441267867425     0.0000000000000000        0.0186738903076788     0.0000000000000000       -0.0415306634237555     0.0000000000000000
    5    1
    -0.0940335888010998     0.0000000000000000        0.0000000000000000     0.0000000000000000        0.0000000000000000     0.0000000000000000
     0.0000000000000000     0.0000000000000000       -0.0940335888076421     0.0000000000000000        0.0000000000000000     0.0000000000000000
     0.0000000000000000     0.0000000000000000        0.0000000000000000     0.0000000000000000        0.0158041220263051     0.0000000000000000
    5    2
    -0.0273609444034338     0.0000000000000000        0.0000000000000000     0.0000000000000000        0.0000000000000000     0.0000000000000000
     0.0000000000000000     0.0000000000000000       -0.0273609444053374     0.0000000000000000        0.0000000000000000     0.0000000000000000
     0.0000000000000000     0.0000000000000000        0.0000000000000000     0.0000000000000000        0.0036679088503816     0.0000000000000000
    5    3
     0.0136981054476425     0.0000000000000000       -0.0000000000000000     0.0000000000000000       -0.0000000000000000     0.0000000000000000
    -0.0000000000000000     0.0000000000000000        0.0136981054485955     0.0000000000000000       -0.0000000000000000     0.0000000000000000
    -0.0000000000000000     0.0000000000000000       -0.0000000000000000     0.0000000000000000       -0.0246454111647699     0.0000000000000000
    5    4
    -0.0061784239514146     0.0000000000000000        0.0000000000000000     0.0000000000000000       -0.0000000000000000     0.0000000000000000
     0.0000000000000000     0.0000000000000000       -0.0061784239518444     0.0000000000000000       -0.0000000000000000     0.0000000000000000
    -0.0000000000000000     0.0000000000000000       -0.0000000000000000     0.0000000000000000       -0.0307685384160747     0.0000000000000000
    5    5
     0.1058947243421223     0.0000000000000000       -0.0000000000000000     0.0000000000000000        0.0000000000000000     0.0000000000000000
     0.0000000000000000     0.0000000000000000        0.1058947243494897     0.0000000000000000        0.0000000000000000     0.0000000000000000
     0.0000000000000000     0.0000000000000000        0.0000000000000000     0.0000000000000000        0.1086633201271561     0.0000000000000000
    5    6
    -0.0046510337168701     0.0000000000000000       -0.0093666074629596     0.0000000000000000        0.0260819297145009     0.0000000000000000
    -0.0093666074629596     0.0000000000000000        0.0061645929634491     0.0000000000000000        0.0150584091421758     0.0000000000000000
     0.0323441267867425     0.0000000000000000        0.0186738903076788     0.0000000000000000       -0.0415306634237555     0.0000000000000000
    5    7
     0.0115724063029654     0.0000000000000000       -0.0000000000000000     0.0000000000000000       -0.0000000000000000     0.0000000000000000
    -0.0000000000000000     0.0000000000000000       -0.0100588470575152     0.0000000000000000       -0.0301168182843517     0.0000000000000000
    -0.0000000000000000     0.0000000000000000       -0.0373477806153576     0.0000000000000000       -0.0415306634237555     0.0000000000000000
    5    8
    -0.0046510337168702     0.0000000000000000        0.0093666074629597     0.0000000000000000       -0.0260819297145009     0.0000000000000000
     0.0093666074629597     0.0000000000000000        0.0061645929634491     0.0000000000000000        0.0150584091421758     0.0000000000000000
    -0.0323441267867426     0.0000000000000000        0.0186738903076788     0.0000000000000000       -0.0415306634237555     0.0000000000000000
    5    9
     0.0192826398464368     0.0000000000000000        0.0000000000000000     0.0000000000000000        0.0000000000000000     0.0000000000000000
     0.0000000000000000     0.0000000000000000       -0.0154761141828746     0.0000000000000000        0.0172476142028749     0.0000000000000000
     0.0000000000000000     0.0000000000000000        0.0233276298929576     0.0000000000000000        0.0172901962827562     0.0000000000000000
    5   10
    -0.0067864256747392     0.0000000000000000        0.0150509819966965     0.0000000000000000        0.0149368720538434     0.0000000000000000
     0.0150509819966965     0.0000000000000000        0.0105929513401151     0.0000000000000000       -0.0086238071014374     0.0000000000000000
     0.0202023200966798     0.0000000000000000       -0.0116638149464788     0.0000000000000000        0.0172901962827562     0.0000000000000000
    5   11
    -0.0067864256747392     0.0000000000000000       -0.0150509819966965     0.0000000000000000       -0.0149368720538433     0.0000000000000000
    -0.0150509819966965     0.0000000000000000        0.0105929513401151     0.0000000000000000       -0.0086238071014374     0.0000000000000000
    -0.0202023200966798     0.0000000000000000       -0.0116638149464788     0.0000000000000000        0.0172901962827562     0.0000000000000000
    6    1
    -0.0265441362663881     0.0000000000000000        0.0461143079476302     0.0000000000000000       -0.0324579693460633     0.0000000000000000
     0.0461143079476302     0.0000000000000000       -0.0797923524842024     0.0000000000000000       -0.0187396173399501     0.0000000000000000
    -0.0251478942493725     0.0000000000000000       -0.0145191435149325     0.0000000000000000       -0.0744267558728169     0.0000000000000000
    6    2
     0.0048513556483133     0.0000000000000000        0.0129543029306693     0.0000000000000000       -0.0120546135782930     0.0000000000000000
     0.0129543029306693     0.0000000000000000       -0.0101069849202413     0.0000000000000000       -0.0069597343946465     0.0000000000000000
    -0.0094417674072554     0.0000000000000000       -0.0054512069543944     0.0000000000000000       -0.0182637572377379     0.0000000000000000
    6    3
    -0.0193939229212349     0.0000000000000000       -0.0243906768127614     0.0000000000000000        0.0071470714761394     0.0000000000000000
    -0.0243906768127614     0.0000000000000000        0.0087700047255254     0.0000000000000000        0.0041263636408101     0.0000000000000000
     0.0088329664228252     0.0000000000000000        0.0050997155421385     0.0000000000000000        0.0189684924824234     0.0000000000000000
    6    4
    -0.0067864256747392     0.0000000000000000       -0.0150509819966965     0.0000000000000000       -0.0202023200966797     0.0000000000000000
    -0.0150509819966965     0.0000000000000000        0.0105929513401151     0.0000000000000000       -0.0116638149464788     0.0000000000000000
    -0.0149368720538433     0.0000000000000000       -0.0086238071014374     0.0000000000000000        0.0172901962827561     0.0000000000000000
    6    5
    -0.0046510337168702     0.0000000000000000       -0.0093666074629597     0.0000000000000000        0.0323441267867425     0.0000000000000000
    -0.0093666074629597     0.0000000000000000        0.0061645929634491     0.0000000000000000        0.0186738903076788     0.0000000000000000
     0.0260819297145009     0.0000000000000000        0.0150584091421758     0.0000000000000000       -0.0415306634237555     0.0000000000000000
    6    6
     0.1133292708252796     0.0000000000000000        0.0072244085853018     0.0000000000000000        0.0022789006308377     0.0000000000000000
     0.0072244085853018     0.0000000000000000        0.1049872423499544     0.0000000000000000        0.0013157238927163     0.0000000000000000
     0.0022789006308377     0.0000000000000000        0.0013157238927163     0.0000000000000000        0.1051299719967610     0.0000000000000000
    6    7
    -0.0058189893600114     0.0000000000000000       -0.0337239416337374     0.0000000000000000        0.0009245066277070     0.0000000000000000
    -0.0229613413306543     0.0000000000000000       -0.0385462527401364     0.0000000000000000        0.0002056856093883     0.0000000000000000
     0.0002841243509365     0.0000000000000000       -0.0009034890302833     0.0000000000000000        0.0104464551694573     0.0000000000000000
    6    8
    -0.0549098844261762     0.0000000000000000        0.0053813001515416     0.0000000000000000        0.0006403822767704     0.0000000000000000
    -0.0053813001515416     0.0000000000000000        0.0105446423294438     0.0000000000000000        0.0006978034208950     0.0000000000000000
    -0.0006403822767704     0.0000000000000000        0.0006978034208950     0.0000000000000000        0.0104464551694573     0.0000000000000000
    6    9
    -0.0044466056799139     0.0000000000000000        0.0140151523246696     0.0000000000000000        0.0177613586886349     0.0000000000000000
     0.0122839933061296     0.0000000000000000        0.0107372131297040     0.0000000000000000       -0.0069093884161037     0.0000000000000000
     0.0148643852370690     0.0000000000000000       -0.0119270936225685     0.0000000000000000       -0.0021108217556539     0.0000000000000000
    6   10
     0.0183291225333925     0.0000000000000000       -0.0008655795092700     0.0000000000000000        0.0028969734515659     0.0000000000000000
     0.0008655795092700     0.0000000000000000       -0.0120385150851870     0.0000000000000000        0.0188364820386722     0.0000000000000000
    -0.0028969734515659     0.0000000000000000        0.0188364820386722     0.0000000000000000       -0.0021108217556539     0.0000000000000000
    6   11
    -0.0139587509616514     0.0000000000000000       -0.0022916845243876     0.0000000000000000        0.0007215830826382     0.0000000000000000
    -0.0022916845243876     0.0000000000000000       -0.0113125416084248     0.0000000000000000        0.0004166061870183     0.0000000000000000
     0.0007215830826382     0.0000000000000000        0.0004166061870183     0.0000000000000000       -0.0238387510552369     0.0000000000000000
    7    1
    -0.1064164605847825     0.0000000000000000        0.0000000000000000     0.0000000000000000       -0.0000000000000000     0.0000000000000000
     0.0000000000000000     0.0000000000000000        0.0000799718397489     0.0000000000000000        0.0374792346799002     0.0000000000000000
    -0.0000000000000000     0.0000000000000000        0.0290382870298650     0.0000000000000000       -0.0744267558728169     0.0000000000000000
    7    2
    -0.0175861552034638     0.0000000000000000        0.0000000000000000     0.0000000000000000       -0.0000000000000000     0.0000000000000000
     0.0000000000000000     0.0000000000000000        0.0123305259330969     0.0000000000000000        0.0139194687892930     0.0000000000000000
    -0.0000000000000000     0.0000000000000000        0.0109024139087888     0.0000000000000000       -0.0182637572377379     0.0000000000000000
    7    3
     0.0228519685479903     0.0000000000000000       -0.0000000000000000     0.0000000000000000        0.0000000000000000     0.0000000000000000
     0.0000000000000000     0.0000000000000000       -0.0334758867466390     0.0000000000000000       -0.0082527272816203     0.0000000000000000
     0.0000000000000000     0.0000000000000000       -0.0101994310842769     0.0000000000000000        0.0189684924824234     0.0000000000000000
    7    4
     0.0192826398464368     0.0000000000000000        0.0000000000000000     0.0000000000000000        0.0000000000000000     0.0000000000000000
     0.0000000000000000     0.0000000000000000       -0.0154761141828746     0.0000000000000000        0.0233276298929576     0.0000000000000000
     0.0000000000000000     0.0000000000000000        0.0172476142028749     0.0000000000000000        0.0172901962827562     0.0000000000000000
    7    5
     0.0115724063029654     0.0000000000000000       -0.0000000000000000     0.0000000000000000       -0.0000000000000000     0.0000000000000000
     0.0000000000000000     0.0000000000000000       -0.0100588470575152     0.0000000000000000       -0.0373477806153576     0.0000000000000000
    -0.0000000000000000     0.0000000000000000       -0.0301168182843517     0.0000000000000000       -0.0415306634237555     0.0000000000000000
    7    6
    -0.0058189893600114     0.0000000000000000       -0.0229613413306543     0.0000000000000000        0.0002841243509365     0.0000000000000000
    -0.0337239416337374     0.0000000000000000       -0.0385462527401364     0.0000000000000000       -0.0009034890302833     0.0000000000000000
     0.0009245066277070     0.0000000000000000        0.0002056856093883     0.0000000000000000        0.0104464551694573     0.0000000000000000
    7    7
     0.1008162281013353     0.0000000000000000       -0.0000000000000000     0.0000000000000000        0.0000000000000000     0.0000000000000000
     0.0000000000000000     0.0000000000000000        0.1175002850747692     0.0000000000000000       -0.0026314477854326     0.0000000000000000
     0.0000000000000000     0.0000000000000000       -0.0026314477854326     0.0000000000000000        0.1051299719967610     0.0000000000000000
    7    8
    -0.0058189893600114     0.0000000000000000        0.0229613413306543     0.0000000000000000       -0.0002841243509365     0.0000000000000000
     0.0337239416337374     0.0000000000000000       -0.0385462527401364     0.0000000000000000       -0.0009034890302833     0.0000000000000000
    -0.0009245066277070     0.0000000000000000        0.0002056856093883     0.0000000000000000        0.0104464551694573     0.0000000000000000
    7    9
    -0.0099894369306309     0.0000000000000000        0.0000000000000000     0.0000000000000000       -0.0000000000000000     0.0000000000000000
     0.0000000000000000     0.0000000000000000       -0.0152818556397215     0.0000000000000000       -0.0008332123740367     0.0000000000000000
    -0.0000000000000000     0.0000000000000000       -0.0008332123740367     0.0000000000000000       -0.0238387510552369     0.0000000000000000
    7   10
    -0.0044466056799140     0.0000000000000000       -0.0122839933061296     0.0000000000000000       -0.0148643852370690     0.0000000000000000
    -0.0140151523246697     0.0000000000000000        0.0107372131297040     0.0000000000000000       -0.0119270936225685     0.0000000000000000
    -0.0177613586886349     0.0000000000000000       -0.0069093884161037     0.0000000000000000       -0.0021108217556539     0.0000000000000000
    7   11
    -0.0044466056799139     0.0000000000000000        0.0122839933061296     0.0000000000000000        0.0148643852370690     0.0000000000000000
     0.0140151523246696     0.0000000000000000        0.0107372131297040     0.0000000000000000       -0.0119270936225685     0.0000000000000000
     0.0177613586886349     0.0000000000000000       -0.0069093884161037     0.0000000000000000       -0.0021108217556539     0.0000000000000000
    8    1
    -0.0265441362663881     0.0000000000000000       -0.0461143079476302     0.0000000000000000        0.0324579693460632     0.0000000000000000
    -0.0461143079476302     0.0000000000000000       -0.0797923524842024     0.0000000000000000       -0.0187396173399501     0.0000000000000000
     0.0251478942493724     0.0000000000000000       -0.0145191435149325     0.0000000000000000       -0.0744267558728169     0.0000000000000000
    8    2
     0.0048513556483133     0.0000000000000000       -0.0129543029306693     0.0000000000000000        0.0120546135782930     0.0000000000000000
    -0.0129543029306693     0.0000000000000000       -0.0101069849202413     0.0000000000000000       -0.0069597343946465     0.0000000000000000
     0.0094417674072554     0.0000000000000000       -0.0054512069543944     0.0000000000000000       -0.0182637572377379     0.0000000000000000
    8    3
    -0.0193939229212349     0.0000000000000000        0.0243906768127614     0.0000000000000000       -0.0071470714761394     0.0000000000000000
     0.0243906768127614     0.0000000000000000        0.0087700047255254     0.0000000000000000        0.0041263636408101     0.0000000000000000
    -0.0088329664228252     0.0000000000000000        0.0050997155421385     0.0000000000000000        0.0189684924824234     0.0000000000000000
    8    4
    -0.0067864256747392     0.0000000000000000        0.0150509819966965     0.0000000000000000        0.0202023200966798     0.0000000000000000
     0.0150509819966965     0.0000000000000000        0.0105929513401151     0.0000000000000000       -0.0116638149464788     0.0000000000000000
     0.0149368720538434     0.0000000000000000       -0.0086238071014374     0.0000000000000000        0.0172901962827562     0.0000000000000000
    8    5
    -0.0046510337168702     0.0000000000000000        0.0093666074629597     0.0000000000000000       -0.0323441267867426     0.0000000000000000
     0.0093666074629597     0.0000000000000000        0.0061645929634491     0.0000000000000000        0.0186738903076788     0.0000000000000000
    -0.0260819297145009     0.0000000000000000        0.0150584091421758     0.0000000000000000       -0.0415306634237555     0.0000000000000000
    8    6
    -0.0549098844261762     0.0000000000000000       -0.0053813001515416     0.0000000000000000       -0.0006403822767704     0.0000000000000000
     0.0053813001515416     0.0000000000000000        0.0105446423294438     0.0000000000000000        0.0006978034208950     0.0000000000000000
     0.0006403822767704     0.0000000000000000        0.0006978034208950     0.0000000000000000        0.0104464551694573     0.0000000000000000
    8    7
    -0.0058189893600114     0.0000000000000000        0.0337239416337374     0.0000000000000000       -0.0009245066277070     0.0000000000000000
     0.0229613413306543     0.0000000000000000       -0.0385462527401364     0.0000000000000000        0.0002056856093883     0.0000000000000000
    -0.0002841243509365     0.0000000000000000       -0.0009034890302833     0.0000000000000000        0.0104464551694573     0.0000000000000000
    8    8
     0.1133292708252796     0.0000000000000000       -0.0072244085853018     0.0000000000000000       -0.0022789006308376     0.0000000000000000
    -0.0072244085853018     0.0000000000000000        0.1049872423499544     0.0000000000000000        0.0013157238927163     0.0000000000000000
    -0.0022789006308376     0.0000000000000000        0.0013157238927163     0.0000000000000000        0.1051299719967610     0.0000000000000000
    8    9
    -0.0044466056799140     0.0000000000000000       -0.0140151523246697     0.0000000000000000       -0.0177613586886349     0.0000000000000000
    -0.0122839933061296     0.0000000000000000        0.0107372131297040     0.0000000000000000       -0.0069093884161037     0.0000000000000000
    -0.0148643852370690     0.0000000000000000       -0.0119270936225685     0.0000000000000000       -0.0021108217556539     0.0000000000000000
    8   10
    -0.0139587509616514     0.0000000000000000        0.0022916845243876     0.0000000000000000       -0.0007215830826382     0.0000000000000000
     0.0022916845243876     0.0000000000000000       -0.0113125416084248     0.0000000000000000        0.0004166061870183     0.0000000000000000
    -0.0007215830826382     0.0000000000000000        0.0004166061870183     0.0000000000000000       -0.0238387510552369     0.0000000000000000
    8   11
     0.0183291225333925     0.0000000000000000        0.0008655795092700     0.0000000000000000       -0.0028969734515659     0.0000000000000000
    -0.0008655795092700     0.0000000000000000       -0.0120385150851870     0.0000000000000000        0.0188364820386722     0.0000000000000000
     0.0028969734515659     0.0000000000000000        0.0188364820386722     0.0000000000000000       -0.0021108217556539     0.0000000000000000
    9    1
    -0.1064164605847825     0.0000000000000000        0.0000000000000000     0.0000000000000000       -0.0000000000000000     0.0000000000000000
     0.0000000000000000     0.0000000000000000        0.0000799718397489     0.0000000000000000        0.0374792346799002     0.0000000000000000
    -0.0000000000000000     0.0000000000000000        0.0290382870298650     0.0000000000000000       -0.0744267558728169     0.0000000000000000
    9    2
     0.0228519685479903     0.0000000000000000       -0.0000000000000000     0.0000000000000000        0.0000000000000000     0.0000000000000000
     0.0000000000000000     0.0000000000000000       -0.0334758867466390     0.0000000000000000       -0.0082527272816203     0.0000000000000000
     0.0000000000000000     0.0000000000000000       -0.0101994310842769     0.0000000000000000        0.0189684924824234     0.0000000000000000
    9    3
    -0.0175861552034638     0.0000000000000000        0.0000000000000000     0.0000000000000000       -0.0000000000000000     0.0000000000000000
     0.0000000000000000     0.0000000000000000        0.0123305259330969     0.0000000000000000        0.0139194687892930     0.0000000000000000
    -0.0000000000000000     0.0000000000000000        0.0109024139087888     0.0000000000000000       -0.0182637572377379     0.0000000000000000
    9    4
     0.0115724063029654     0.0000000000000000       -0.0000000000000000     0.0000000000000000       -0.0000000000000000     0.0000000000000000
     0.0000000000000000     0.0000000000000000       -0.0100588470575152     0.0000000000000000       -0.0373477806153576     0.0000000000000000
    -0.0000000000000000     0.0000000000000000       -0.0301168182843517     0.0000000000000000       -0.0415306634237555     0.0000000000000000
    9    5
     0.0192826398464368     0.0000000000000000        0.0000000000000000     0.0000000000000000        0.0000000000000000     0.0000000000000000
     0.0000000000000000     0.0000000000000000       -0.0154761141828746     0.0000000000000000        0.0233276298929576     0.0000000000000000
     0.0000000000000000     0.0000000000000000        0.0172476142028749     0.0000000000000000        0.0172901962827562     0.0000000000000000
    9    6
    -0.0044466056799139     0.0000000000000000        0.0122839933061296     0.0000000000000000        0.0148643852370690     0.0000000000000000
     0.0140151523246696     0.0000000000000000        0.0107372131297040     0.0000000000000000       -0.0119270936225685     0.0000000000000000
     0.0177613586886349     0.0000000000000000       -0.0069093884161037     0.0000000000000000       -0.0021108217556539     0.0000000000000000
    9    7
    -0.0099894369306309     0.0000000000000000       -0.0000000000000000     0.0000000000000000       -0.0000000000000000     0.0000000000000000
    -0.0000000000000000     0.0000000000000000       -0.0152818556397215     0.0000000000000000       -0.0008332123740367     0.0000000000000000
    -0.0000000000000000     0.0000000000000000       -0.0008332123740367     0.0000000000000000       -0.0238387510552369     0.0000000000000000
    9    8
    -0.0044466056799140     0.0000000000000000       -0.0122839933061296     0.0000000000000000       -0.0148643852370690     0.0000000000000000
    -0.0140151523246697     0.0000000000000000        0.0107372131297040     0.0000000000000000       -0.0119270936225685     0.0000000000000000
    -0.0177613586886349     0.0000000000000000       -0.0069093884161037     0.0000000000000000       -0.0021108217556539     0.0000000000000000
    9    9
     0.1008162281013353     0.0000000000000000        0.0000000000000000     0.0000000000000000        0.0000000000000000     0.0000000000000000
    -0.0000000000000000     0.0000000000000000        0.1175002850747692     0.0000000000000000       -0.0026314477854326     0.0000000000000000
     0.0000000000000000     0.0000000000000000       -0.0026314477854326     0.0000000000000000        0.1051299719967610     0.0000000000000000
    9   10
    -0.0058189893600114     0.0000000000000000        0.0229613413306543     0.0000000000000000       -0.0002841243509365     0.0000000000000000
     0.0337239416337374     0.0000000000000000       -0.0385462527401364     0.0000000000000000       -0.0009034890302833     0.0000000000000000
    -0.0009245066277070     0.0000000000000000        0.0002056856093883     0.0000000000000000        0.0104464551694573     0.0000000000000000
    9   11
    -0.0058189893600114     0.0000000000000000       -0.0229613413306543     0.0000000000000000        0.0002841243509365     0.0000000000000000
    -0.0337239416337374     0.0000000000000000       -0.0385462527401364     0.0000000000000000       -0.0009034890302833     0.0000000000000000
     0.0009245066277070     0.0000000000000000        0.0002056856093883     0.0000000000000000        0.0104464551694573     0.0000000000000000
   10    1
    -0.0265441362663881     0.0000000000000000       -0.0461143079476302     0.0000000000000000        0.0324579693460632     0.0000000000000000
    -0.0461143079476302     0.0000000000000000       -0.0797923524842024     0.0000000000000000       -0.0187396173399501     0.0000000000000000
     0.0251478942493725     0.0000000000000000       -0.0145191435149325     0.0000000000000000       -0.0744267558728169     0.0000000000000000
   10    2
    -0.0193939229212349     0.0000000000000000        0.0243906768127614     0.0000000000000000       -0.0071470714761394     0.0000000000000000
     0.0243906768127614     0.0000000000000000        0.0087700047255254     0.0000000000000000        0.0041263636408101     0.0000000000000000
    -0.0088329664228252     0.0000000000000000        0.0050997155421385     0.0000000000000000        0.0189684924824234     0.0000000000000000
   10    3
     0.0048513556483133     0.0000000000000000       -0.0129543029306693     0.0000000000000000        0.0120546135782930     0.0000000000000000
    -0.0129543029306693     0.0000000000000000       -0.0101069849202413     0.0000000000000000       -0.0069597343946465     0.0000000000000000
     0.0094417674072554     0.0000000000000000       -0.0054512069543944     0.0000000000000000       -0.0182637572377379     0.0000000000000000
   10    4
    -0.0046510337168702     0.0000000000000000        0.0093666074629597     0.0000000000000000       -0.0323441267867426     0.0000000000000000
     0.0093666074629597     0.0000000000000000        0.0061645929634491     0.0000000000000000        0.0186738903076788     0.0000000000000000
    -0.0260819297145009     0.0000000000000000        0.0150584091421758     0.0000000000000000       -0.0415306634237555     0.0000000000000000
   10    5
    -0.0067864256747392     0.0000000000000000        0.0150509819966965     0.0000000000000000        0.0202023200966798     0.0000000000000000
     0.0150509819966965     0.0000000000000000        0.0105929513401151     0.0000000000000000       -0.0116638149464788     0.0000000000000000
     0.0149368720538434     0.0000000000000000       -0.0086238071014374     0.0000000000000000        0.0172901962827562     0.0000000000000000
   10    6
     0.0183291225333925     0.0000000000000000        0.0008655795092700     0.0000000000000000       -0.0028969734515659     0.0000000000000000
    -0.0008655795092700     0.0000000000000000       -0.0120385150851870     0.0000000000000000        0.0188364820386722     0.0000000000000000
     0.0028969734515659     0.0000000000000000        0.0188364820386722     0.0000000000000000       -0.0021108217556539     0.0000000000000000
   10    7
    -0.0044466056799140     0.0000000000000000       -0.0140151523246697     0.0000000000000000       -0.0177613586886349     0.0000000000000000
    -0.0122839933061296     0.0000000000000000        0.0107372131297040     0.0000000000000000       -0.0069093884161037     0.0000000000000000
    -0.0148643852370690     0.0000000000000000       -0.0119270936225685     0.0000000000000000       -0.0021108217556539     0.0000000000000000
   10    8
    -0.0139587509616514     0.0000000000000000        0.0022916845243876     0.0000000000000000       -0.0007215830826382     0.0000000000000000
     0.0022916845243876     0.0000000000000000       -0.0113125416084248     0.0000000000000000        0.0004166061870183     0.0000000000000000
    -0.0007215830826382     0.0000000000000000        0.0004166061870183     0.0000000000000000       -0.0238387510552369     0.0000000000000000
   10    9
    -0.0058189893600114     0.0000000000000000        0.0337239416337374     0.0000000000000000       -0.0009245066277070     0.0000000000000000
     0.0229613413306543     0.0000000000000000       -0.0385462527401364     0.0000000000000000        0.0002056856093883     0.0000000000000000
    -0.0002841243509365     0.0000000000000000       -0.0009034890302833     0.0000000000000000        0.0104464551694573     0.0000000000000000
   10   10
     0.1133292708252796     0.0000000000000000       -0.0072244085853018     0.0000000000000000       -0.0022789006308376     0.0000000000000000
    -0.0072244085853018     0.0000000000000000        0.1049872423499544     0.0000000000000000        0.0013157238927163     0.0000000000000000
    -0.0022789006308376     0.0000000000000000        0.0013157238927163     0.0000000000000000        0.1051299719967610     0.0000000000000000
   10   11
    -0.0549098844261762     0.0000000000000000       -0.0053813001515416     0.0000000000000000       -0.0006403822767704     0.0000000000000000
     0.0053813001515416     0.0000000000000000        0.0105446423294438     0.0000000000000000        0.0006978034208950     0.0000000000000000
     0.0006403822767704     0.0000000000000000        0.0006978034208950     0.0000000000000000        0.0104464551694573     0.0000000000000000
   11    1
    -0.0265441362663881     0.0000000000000000        0.0461143079476302     0.0000000000000000       -0.0324579693460633     0.0000000000000000
     0.0461143079476302     0.0000000000000000       -0.0797923524842024     0.0000000000000000       -0.0187396173399501     0.0000000000000000
    -0.0251478942493725     0.0000000000000000       -0.0145191435149325     0.0000000000000000       -0.0744267558728169     0.0000000000000000
   11    2
    -0.0193939229212349     0.0000000000000000       -0.0243906768127614     0.0000000000000000        0.0071470714761394     0.0000000000000000
    -0.0243906768127614     0.0000000000000000        0.0087700047255254     0.0000000000000000        0.0041263636408101     0.0000000000000000
     0.0088329664228252     0.0000000000000000        0.0050997155421385     0.0000000000000000        0.0189684924824234     0.0000000000000000
   11    3
     0.0048513556483133     0.0000000000000000        0.0129543029306693     0.0000000000000000       -0.0120546135782930     0.0000000000000000
     0.0129543029306693     0.0000000000000000       -0.0101069849202413     0.0000000000000000       -0.0069597343946465     0.0000000000000000
    -0.0094417674072554     0.0000000000000000       -0.0054512069543944     0.0000000000000000       -0.0182637572377379     0.0000000000000000
   11    4
    -0.0046510337168702     0.0000000000000000       -0.0093666074629597     0.0000000000000000        0.0323441267867425     0.0000000000000000
    -0.0093666074629597     0.0000000000000000        0.0061645929634491     0.0000000000000000        0.0186738903076788     0.0000000000000000
     0.0260819297145009     0.0000000000000000        0.0150584091421758     0.0000000000000000       -0.0415306634237555     0.0000000000000000
   11    5
    -0.0067864256747392     0.0000000000000000       -0.0150509819966965     0.0000000000000000       -0.0202023200966797     0.0000000000000000
    -0.0150509819966965     0.0000000000000000        0.0105929513401151     0.0000000000000000       -0.0116638149464788     0.0000000000000000
    -0.0149368720538433     0.0000000000000000       -0.0086238071014374     0.0000000000000000        0.0172901962827561     0.0000000000000000
   11    6
    -0.0139587509616514     0.0000000000000000       -0.0022916845243876     0.0000000000000000        0.0007215830826382     0.0000000000000000
    -0.0022916845243876     0.0000000000000000       -0.0113125416084248     0.0000000000000000        0.0004166061870183     0.0000000000000000
     0.0007215830826382     0.0000000000000000        0.0004166061870183     0.0000000000000000       -0.0238387510552369     0.0000000000000000
   11    7
    -0.0044466056799139     0.0000000000000000        0.0140151523246696     0.0000000000000000        0.0177613586886349     0.0000000000000000
     0.0122839933061296     0.0000000000000000        0.0107372131297040     0.0000000000000000       -0.0069093884161037     0.0000000000000000
     0.0148643852370690     0.0000000000000000       -0.0119270936225685     0.0000000000000000       -0.0021108217556539     0.0000000000000000
   11    8
     0.0183291225333925     0.0000000000000000       -0.0008655795092700     0.0000000000000000        0.0028969734515659     0.0000000000000000
     0.0008655795092700     0.0000000000000000       -0.0120385150851870     0.0000000000000000        0.0188364820386722     0.0000000000000000
    -0.0028969734515659     0.0000000000000000        0.0188364820386722     0.0000000000000000       -0.0021108217556539     0.0000000000000000
   11    9
    -0.0058189893600114     0.0000000000000000       -0.0337239416337374     0.0000000000000000        0.0009245066277070     0.0000000000000000
    -0.0229613413306543     0.0000000000000000       -0.0385462527401364     0.0000000000000000        0.0002056856093883     0.0000000000000000
     0.0002841243509365     0.0000000000000000       -0.0009034890302833     0.0000000000000000        0.0104464551694573     0.0000000000000000
   11   10
    -0.0549098844261762     0.0000000000000000        0.0053813001515416     0.0000000000000000        0.0006403822767704     0.0000000000000000
    -0.0053813001515416     0.0000000000000000        0.0105446423294438     0.0000000000000000        0.0006978034208950     0.0000000000000000
    -0.0006403822767704     0.0000000000000000        0.0006978034208950     0.0000000000000000        0.0104464551694573     0.0000000000000000
   11   11
     0.1133292708252796     0.0000000000000000        0.0072244085853018     0.0000000000000000        0.0022789006308377     0.0000000000000000
     0.0072244085853018     0.0000000000000000        0.1049872423499544     0.0000000000000000        0.0013157238927163     0.0000000000000000
     0.0022789006308377     0.0000000000000000        0.0013157238927163     0.0000000000000000        0.1051299719967610     0.0000000000000000

     Diagonalizing the dynamical matrix

     q = (     0.000000000000     0.000000000000     0.000000000000 )

***************************************************************************
   freq (    1) =    -0.00000018 [THz] =    -0.00000586 [cm-1]
(   0.301511  0.000000   0.000000  0.000000   0.000000  0.000000 )
(   0.301511  0.000000   0.000000  0.000000   0.000000  0.000000 )
(   0.301511  0.000000   0.000000  0.000000   0.000000  0.000000 )
(   0.301511  0.000000   0.000000  0.000000   0.000000  0.000000 )
(   0.301511  0.000000   0.000000  0.000000   0.000000  0.000000 )
(   0.301511  0.000000   0.000000  0.000000   0.000000  0.000000 )
(   0.301511  0.000000   0.000000  0.000000  -0.000000  0.000000 )
(   0.301511  0.000000   0.000000  0.000000   0.000000  0.000000 )
(   0.301511  0.000000   0.000000  0.000000  -0.000000  0.000000 )
(   0.301511  0.000000  -0.000000  0.000000   0.000000  0.000000 )
(   0.301511  0.000000   0.000000  0.000000  -0.000000  0.000000 )
   freq (    2) =    -0.00000014 [THz] =    -0.00000455 [cm-1]
(  -0.000000  0.000000   0.000318  0.000000  -0.301511  0.000000 )
(   0.000000  0.000000   0.000318  0.000000  -0.301511  0.000000 )
(   0.000000  0.000000   0.000318  0.000000  -0.301511  0.000000 )
(   0.000000  0.000000   0.000318  0.000000  -0.301511  0.000000 )
(   0.000000  0.000000   0.000318  0.000000  -0.301511  0.000000 )
(  -0.000000  0.000000   0.000318  0.000000  -0.301511  0.000000 )
(   0.000000  0.000000   0.000318  0.000000  -0.301511  0.000000 )
(  -0.000000  0.000000   0.000318  0.000000  -0.301511  0.000000 )
(  -0.000000  0.000000   0.000318  0.000000  -0.301511  0.000000 )
(  -0.000000  0.000000   0.000318  0.000000  -0.301511  0.000000 )
(   0.000000  0.000000   0.000318  0.000000  -0.301511  0.000000 )
   freq (    3) =     0.00000092 [THz] =     0.00003059 [cm-1]
(  -0.000000  0.000000   0.301511  0.000000   0.000318  0.000000 )
(  -0.000000  0.000000   0.301511  0.000000   0.000318  0.000000 )
(  -0.000000  0.000000   0.301511  0.000000   0.000318  0.000000 )
(  -0.000000  0.000000   0.301511  0.000000   0.000318  0.000000 )
(   0.000000  0.000000   0.301511  0.000000   0.000318  0.000000 )
(   0.000000  0.000000   0.301511  0.000000   0.000318  0.000000 )
(   0.000000  0.000000   0.301511  0.000000   0.000318  0.000000 )
(  -0.000000  0.000000   0.301511  0.000000   0.000318  0.000000 )
(   0.000000  0.000000   0.301511  0.000000   0.000318  0.000000 )
(  -0.000000  0.000000   0.301511  0.000000   0.000318  0.000000 )
(   0.000000  0.000000   0.301511  0.000000   0.000318  0.000000 )
   freq (    4) =    13.42930997 [THz] =   447.95349875 [cm-1]
(   0.000000  0.000000   0.000000  0.000000  -0.000000  0.000000 )
(  -0.457828  0.000000  -0.000007  0.000000  -0.000000  0.000000 )
(   0.457828  0.000000   0.000007  0.000000   0.000000  0.000000 )
(   0.176710  0.000000   0.000003  0.000000  -0.000000  0.000000 )
(  -0.176710  0.000000  -0.000003  0.000000  -0.000000  0.000000 )
(   0.283456  0.000000   0.204416  0.000000  -0.070428  0.000000 )
(  -0.070605  0.000000   0.000006  0.000000   0.000001  0.000000 )
(   0.283449  0.000000  -0.204414  0.000000   0.070427  0.000000 )
(   0.070605  0.000000  -0.000006  0.000000  -0.000001  0.000000 )
(  -0.283449  0.000000   0.204414  0.000000  -0.070427  0.000000 )
(  -0.283456  0.000000  -0.204416  0.000000   0.070428  0.000000 )
   freq (    5) =    13.42930997 [THz] =   447.95349876 [cm-1]
(   0.000000  0.000000   0.000000  0.000000  -0.000000  0.000000 )
(   0.000007  0.000000  -0.457828  0.000000   0.000000  0.000000 )
(  -0.000007  0.000000   0.457828  0.000000  -0.000000  0.000000 )
(  -0.000003  0.000000   0.176710  0.000000   0.000000  0.000000 )
(   0.000003  0.000000  -0.176710  0.000000  -0.000000  0.000000 )
(   0.204411  0.000000   0.047411  0.000000  -0.040660  0.000000 )
(   0.000001  0.000000   0.401472  0.000000   0.081322  0.000000 )
(  -0.204419  0.000000   0.047417  0.000000  -0.040662  0.000000 )
(  -0.000001  0.000000  -0.401472  0.000000  -0.081322  0.000000 )
(   0.204419  0.000000  -0.047417  0.000000   0.040662  0.000000 )
(  -0.204411  0.000000  -0.047411  0.000000   0.040660  0.000000 )
   freq (    6) =    17.16556552 [THz] =   572.58155117 [cm-1]
(  -0.000000  0.000000  -0.000000  0.000000  -0.000000  0.000000 )
(  -0.000000  0.000000   0.000000  0.000000  -0.053859  0.000000 )
(  -0.000000  0.000000  -0.000000  0.000000   0.053859  0.000000 )
(   0.000000  0.000000  -0.000000  0.000000   0.534320  0.000000 )
(  -0.000000  0.000000   0.000000  0.000000  -0.534320  0.000000 )
(   0.095112  0.000000   0.054913  0.000000  -0.241810  0.000000 )
(  -0.000000  0.000000  -0.109826  0.000000  -0.241810  0.000000 )
(  -0.095112  0.000000   0.054913  0.000000  -0.241810  0.000000 )
(   0.000000  0.000000   0.109826  0.000000   0.241810  0.000000 )
(   0.095112  0.000000  -0.054913  0.000000   0.241810  0.000000 )
(  -0.095112  0.000000  -0.054913  0.000000   0.241810  0.000000 )
   freq (    7) =    19.82505525 [THz] =   661.29256699 [cm-1]
(   0.016975  0.000000  -0.000000  0.000000  -0.000000  0.000000 )
(  -0.385184  0.000000   0.000000  0.000000   0.000000  0.000000 )
(  -0.385184  0.000000  -0.000000  0.000000   0.000000  0.000000 )
(  -0.330879  0.000000  -0.000000  0.000000   0.000000  0.000000 )
(  -0.330879  0.000000  -0.000000  0.000000   0.000000  0.000000 )
(  -0.270672  0.000000  -0.206976  0.000000  -0.032335  0.000000 )
(   0.087821  0.000000  -0.000000  0.000000  -0.000000  0.000000 )
(  -0.270672  0.000000   0.206976  0.000000   0.032335  0.000000 )
(   0.087821  0.000000   0.000000  0.000000  -0.000000  0.000000 )
(  -0.270672  0.000000   0.206976  0.000000   0.032335  0.000000 )
(  -0.270672  0.000000  -0.206976  0.000000  -0.032335  0.000000 )
   freq (    8) =    19.82505525 [THz] =   661.29256701 [cm-1]
(  -0.000000  0.000000  -0.016975  0.000000   0.000000  0.000000 )
(  -0.000000  0.000000   0.385184  0.000000  -0.000000  0.000000 )
(  -0.000000  0.000000   0.385184  0.000000  -0.000000  0.000000 )
(  -0.000000  0.000000   0.330879  0.000000  -0.000000  0.000000 )
(   0.000000  0.000000   0.330879  0.000000  -0.000000  0.000000 )
(   0.206976  0.000000   0.031677  0.000000   0.018669  0.000000 )
(   0.000000  0.000000   0.390169  0.000000  -0.037337  0.000000 )
(  -0.206976  0.000000   0.031677  0.000000   0.018669  0.000000 )
(  -0.000000  0.000000   0.390169  0.000000  -0.037337  0.000000 )
(  -0.206976  0.000000   0.031677  0.000000   0.018669  0.000000 )
(   0.206976  0.000000   0.031677  0.000000   0.018669  0.000000 )
   freq (    9) =    19.91358325 [THz] =   664.24554295 [cm-1]
(  -0.000000  0.000000   0.000000  0.000000   0.019421  0.000000 )
(   0.000000  0.000000  -0.000000  0.000000  -0.105931  0.000000 )
(  -0.000000  0.000000  -0.000000  0.000000  -0.105931  0.000000 )
(  -0.000000  0.000000  -0.000000  0.000000  -0.541033  0.000000 )
(   0.000000  0.000000  -0.000000  0.000000  -0.541033  0.000000 )
(   0.095713  0.000000   0.055260  0.000000  -0.230384  0.000000 )
(   0.000000  0.000000  -0.110520  0.000000  -0.230384  0.000000 )
(  -0.095713  0.000000   0.055260  0.000000  -0.230384  0.000000 )
(  -0.000000  0.000000  -0.110520  0.000000  -0.230384  0.000000 )
(  -0.095713  0.000000   0.055260  0.000000  -0.230384  0.000000 )
(   0.095713  0.000000   0.055260  0.000000  -0.230384  0.000000 )
   freq (   10) =    24.54276723 [THz] =   818.65847738 [cm-1]
(   0.000000  0.000000  -0.000000  0.000000   0.000000  0.000000 )
(   0.000000  0.000000   0.000000  0.000000   0.000000  0.000000 )
(  -0.000000  0.000000   0.000000  0.000000  -0.000000  0.000000 )
(  -0.000000  0.000000  -0.000000  0.000000  -0.000000  0.000000 )
(   0.000000  0.000000   0.000000  0.000000  -0.000000  0.000000 )
(   0.204124  0.000000  -0.353553  0.000000  -0.000000  0.000000 )
(  -0.408248  0.000000   0.000000  0.000000   0.000000  0.000000 )
(   0.204124  0.000000   0.353553  0.000000   0.000000  0.000000 )
(   0.408248  0.000000   0.000000  0.000000   0.000000  0.000000 )
(  -0.204124  0.000000  -0.353553  0.000000  -0.000000  0.000000 )
(  -0.204124  0.000000   0.353553  0.000000   0.000000  0.000000 )
   freq (   11) =    24.95976129 [THz] =   832.56790001 [cm-1]
(  -0.010548  0.000000  -0.000000  0.000000  -0.000000  0.000000 )
(  -0.003297  0.000000  -0.000000  0.000000   0.000000  0.000000 )
(  -0.003297  0.000000  -0.000000  0.000000   0.000000  0.000000 )
(  -0.116129  0.000000   0.000000  0.000000   0.000000  0.000000 )
(  -0.116129  0.000000  -0.000000  0.000000   0.000000  0.000000 )
(   0.226580  0.000000  -0.096113  0.000000  -0.324658  0.000000 )
(   0.393053  0.000000  -0.000000  0.000000   0.000000  0.000000 )
(   0.226580  0.000000   0.096113  0.000000   0.324658  0.000000 )
(   0.393053  0.000000   0.000000  0.000000  -0.000000  0.000000 )
(   0.226580  0.000000   0.096113  0.000000   0.324658  0.000000 )
(   0.226580  0.000000  -0.096113  0.000000  -0.324658  0.000000 )
   freq (   12) =    24.95976129 [THz] =   832.56790002 [cm-1]
(   0.000000  0.000000   0.010548  0.000000  -0.000000  0.000000 )
(   0.000000  0.000000   0.003297  0.000000   0.000000  0.000000 )
(  -0.000000  0.000000   0.003297  0.000000   0.000000  0.000000 )
(  -0.000000  0.000000   0.116129  0.000000   0.000000  0.000000 )
(   0.000000  0.000000   0.116129  0.000000   0.000000  0.000000 )
(   0.096113  0.000000  -0.337562  0.000000   0.187441  0.000000 )
(  -0.000000  0.000000  -0.171089  0.000000  -0.374882  0.000000 )
(  -0.096113  0.000000  -0.337562  0.000000   0.187441  0.000000 )
(   0.000000  0.000000  -0.171089  0.000000  -0.374882  0.000000 )
(  -0.096113  0.000000  -0.337562  0.000000   0.187441  0.000000 )
(   0.096113  0.000000  -0.337562  0.000000   0.187441  0.000000 )
   freq (   13) =    25.39197454 [THz] =   846.98498023 [cm-1]
(   0.000000  0.000000   0.000000  0.000000  -0.000000  0.000000 )
(  -0.003895  0.000000  -0.000000  0.000000   0.000000  0.000000 )
(   0.003895  0.000000   0.000000  0.000000  -0.000000  0.000000 )
(   0.490586  0.000000   0.000008  0.000000   0.000000  0.000000 )
(  -0.490586  0.000000  -0.000008  0.000000  -0.000000  0.000000 )
(  -0.027666  0.000000  -0.046868  0.000000   0.353926  0.000000 )
(   0.053514  0.000000  -0.000001  0.000000  -0.000007  0.000000 )
(  -0.027664  0.000000   0.046869  0.000000  -0.353919  0.000000 )
(  -0.053514  0.000000   0.000001  0.000000   0.000007  0.000000 )
(   0.027664  0.000000  -0.046869  0.000000   0.353919  0.000000 )
(   0.027666  0.000000   0.046868  0.000000  -0.353926  0.000000 )
   freq (   14) =    25.39197454 [THz] =   846.98498024 [cm-1]
(   0.000000  0.000000   0.000000  0.000000  -0.000000  0.000000 )
(   0.000000  0.000000  -0.003895  0.000000  -0.000000  0.000000 )
(  -0.000000  0.000000   0.003895  0.000000   0.000000  0.000000 )
(  -0.000008  0.000000   0.490586  0.000000  -0.000000  0.000000 )
(   0.000008  0.000000  -0.490586  0.000000   0.000000  0.000000 )
(  -0.046868  0.000000   0.026455  0.000000   0.204331  0.000000 )
(  -0.000001  0.000000  -0.054725  0.000000  -0.408675  0.000000 )
(   0.046869  0.000000   0.026453  0.000000   0.204343  0.000000 )
(   0.000001  0.000000   0.054725  0.000000   0.408675  0.000000 )
(  -0.046869  0.000000  -0.026453  0.000000  -0.204343  0.000000 )
(   0.046868  0.000000  -0.026455  0.000000  -0.204331  0.000000 )
   freq (   15) =    26.29593327 [THz] =   877.13779334 [cm-1]
(   0.000000  0.000000   0.000000  0.000000  -0.000000  0.000000 )
(  -0.000000  0.000000  -0.000000  0.000000  -0.591890  0.000000 )
(  -0.000000  0.000000   0.000000  0.000000   0.591890  0.000000 )
(   0.000000  0.000000  -0.000000  0.000000  -0.179756  0.000000 )
(  -0.000000  0.000000   0.000000  0.000000   0.179756  0.000000 )
(  -0.113594  0.000000  -0.065584  0.000000  -0.148030  0.000000 )
(  -0.000000  0.000000   0.131168  0.000000  -0.148030  0.000000 )
(   0.113594  0.000000  -0.065584  0.000000  -0.148030  0.000000 )
(   0.000000  0.000000  -0.131168  0.000000   0.148030  0.000000 )
(  -0.113594  0.000000   0.065584  0.000000   0.148030  0.000000 )
(   0.113594  0.000000   0.065584  0.000000   0.148030  0.000000 )
   freq (   16) =    28.94903514 [THz] =   965.63573316 [cm-1]
(   0.003985  0.000000   0.000000  0.000000   0.000000  0.000000 )
(  -0.006280  0.000000  -0.000000  0.000000   0.000000  0.000000 )
(  -0.006280  0.000000  -0.000000  0.000000  -0.000000  0.000000 )
(   0.359919  0.000000   0.000000  0.000000   0.000000  0.000000 )
(   0.359919  0.000000   0.000000  0.000000   0.000000  0.000000 )
(  -0.205700  0.000000   0.006398  0.000000  -0.345478  0.000000 )
(  -0.216782  0.000000  -0.000000  0.000000   0.000000  0.000000 )
(  -0.205700  0.000000  -0.006398  0.000000   0.345478  0.000000 )
(  -0.216782  0.000000  -0.000000  0.000000   0.000000  0.000000 )
(  -0.205700  0.000000  -0.006398  0.000000   0.345478  0.000000 )
(  -0.205700  0.000000   0.006398  0.000000  -0.345478  0.000000 )
   freq (   17) =    28.94903514 [THz] =   965.63573318 [cm-1]
(   0.000000  0.000000  -0.003985  0.000000   0.000000  0.000000 )
(   0.000000  0.000000   0.006280  0.000000  -0.000000  0.000000 )
(  -0.000000  0.000000   0.006280  0.000000  -0.000000  0.000000 )
(  -0.000000  0.000000  -0.359919  0.000000  -0.000000  0.000000 )
(   0.000000  0.000000  -0.359919  0.000000  -0.000000  0.000000 )
(  -0.006398  0.000000   0.213088  0.000000   0.199462  0.000000 )
(   0.000000  0.000000   0.202007  0.000000  -0.398923  0.000000 )
(   0.006398  0.000000   0.213088  0.000000   0.199462  0.000000 )
(  -0.000000  0.000000   0.202007  0.000000  -0.398923  0.000000 )
(   0.006398  0.000000   0.213088  0.000000   0.199462  0.000000 )
(  -0.006398  0.000000   0.213088  0.000000   0.199462  0.000000 )
   freq (   18) =    29.37227425 [THz] =   979.75346829 [cm-1]
(   0.000000  0.000000  -0.000000  0.000000   0.000000  0.000000 )
(  -0.273230  0.000000  -0.000000  0.000000  -0.000000  0.000000 )
(   0.273230  0.000000   0.000000  0.000000  -0.000000  0.000000 )
(   0.137234  0.000000   0.000000  0.000000  -0.000000  0.000000 )
(  -0.137234  0.000000  -0.000000  0.000000   0.000000  0.000000 )
(  -0.348208  0.000000   0.019711  0.000000  -0.092318  0.000000 )
(  -0.382350  0.000000  -0.000000  0.000000   0.000000  0.000000 )
(  -0.348208  0.000000  -0.019712  0.000000   0.092318  0.000000 )
(   0.382350  0.000000   0.000000  0.000000  -0.000000  0.000000 )
(   0.348208  0.000000   0.019712  0.000000  -0.092318  0.000000 )
(   0.348208  0.000000  -0.019711  0.000000   0.092318  0.000000 )
   freq (   19) =    29.37227425 [THz] =   979.75346832 [cm-1]
(   0.000000  0.000000  -0.000000  0.000000   0.000000  0.000000 )
(  -0.000000  0.000000   0.273230  0.000000   0.000000  0.000000 )
(   0.000000  0.000000  -0.273230  0.000000  -0.000000  0.000000 )
(   0.000000  0.000000  -0.137234  0.000000   0.000000  0.000000 )
(  -0.000000  0.000000   0.137234  0.000000  -0.000000  0.000000 )
(  -0.019712  0.000000   0.370969  0.000000   0.053300  0.000000 )
(  -0.000000  0.000000   0.336828  0.000000  -0.106600  0.000000 )
(   0.019711  0.000000   0.370969  0.000000   0.053300  0.000000 )
(   0.000000  0.000000  -0.336828  0.000000   0.106600  0.000000 )
(  -0.019711  0.000000  -0.370969  0.000000  -0.053300  0.000000 )
(   0.019712  0.000000  -0.370969  0.000000  -0.053300  0.000000 )
   freq (   20) =    31.19367144 [THz] =  1040.50873022 [cm-1]
(   0.000000  0.000000   0.000000  0.000000  -0.000000  0.000000 )
(  -0.000000  0.000000   0.000000  0.000000   0.000000  0.000000 )
(  -0.000000  0.000000  -0.000000  0.000000  -0.000000  0.000000 )
(  -0.000000  0.000000  -0.000000  0.000000   0.000000  0.000000 )
(  -0.000000  0.000000   0.000000  0.000000  -0.000000  0.000000 )
(   0.204124  0.000000  -0.353553  0.000000  -0.000000  0.000000 )
(  -0.408248  0.000000   0.000000  0.000000  -0.000000  0.000000 )
(   0.204124  0.000000   0.353553  0.000000   0.000000  0.000000 )
(  -0.408248  0.000000  -0.000000  0.000000  -0.000000  0.000000 )
(   0.204124  0.000000   0.353553  0.000000   0.000000  0.000000 )
(   0.204124  0.000000  -0.353553  0.000000  -0.000000  0.000000 )
   freq (   21) =    33.66218087 [THz] =  1122.84932993 [cm-1]
(  -0.000000  0.000000  -0.000000  0.000000   0.003922  0.000000 )
(   0.000000  0.000000   0.000000  0.000000  -0.618891  0.000000 )
(   0.000000  0.000000   0.000000  0.000000  -0.618891  0.000000 )
(  -0.000000  0.000000  -0.000000  0.000000  -0.127893  0.000000 )
(  -0.000000  0.000000  -0.000000  0.000000  -0.127893  0.000000 )
(  -0.078910  0.000000  -0.045559  0.000000   0.158853  0.000000 )
(   0.000000  0.000000   0.091118  0.000000   0.158853  0.000000 )
(   0.078910  0.000000  -0.045559  0.000000   0.158853  0.000000 )
(   0.000000  0.000000   0.091118  0.000000   0.158853  0.000000 )
(   0.078910  0.000000  -0.045559  0.000000   0.158853  0.000000 )
(  -0.078910  0.000000  -0.045559  0.000000   0.158853  0.000000 )
   freq (   22) =    33.68098211 [THz] =  1123.47647162 [cm-1]
(   0.000029  0.000000  -0.000000  0.000000   0.000000  0.000000 )
(  -0.589887  0.000000   0.000000  0.000000  -0.000000  0.000000 )
(  -0.589887  0.000000   0.000000  0.000000  -0.000000  0.000000 )
(   0.252123  0.000000  -0.000000  0.000000  -0.000000  0.000000 )
(   0.252123  0.000000  -0.000000  0.000000  -0.000000  0.000000 )
(   0.175072  0.000000   0.109362  0.000000   0.038992  0.000000 )
(  -0.014350  0.000000  -0.000000  0.000000   0.000000  0.000000 )
(   0.175072  0.000000  -0.109362  0.000000  -0.038992  0.000000 )
(  -0.014350  0.000000  -0.000000  0.000000   0.000000  0.000000 )
(   0.175072  0.000000  -0.109362  0.000000  -0.038992  0.000000 )
(   0.175072  0.000000   0.109362  0.000000   0.038992  0.000000 )
   freq (   23) =    33.68098211 [THz] =  1123.47647166 [cm-1]
(  -0.000000  0.000000  -0.000029  0.000000  -0.000000  0.000000 )
(   0.000000  0.000000   0.589887  0.000000   0.000000  0.000000 )
(   0.000000  0.000000   0.589887  0.000000   0.000000  0.000000 )
(  -0.000000  0.000000  -0.252123  0.000000   0.000000  0.000000 )
(  -0.000000  0.000000  -0.252123  0.000000   0.000000  0.000000 )
(  -0.109362  0.000000  -0.048791  0.000000  -0.022512  0.000000 )
(   0.000000  0.000000  -0.238212  0.000000   0.045024  0.000000 )
(   0.109362  0.000000  -0.048791  0.000000  -0.022512  0.000000 )
(   0.000000  0.000000  -0.238212  0.000000   0.045024  0.000000 )
(   0.109362  0.000000  -0.048791  0.000000  -0.022512  0.000000 )
(  -0.109362  0.000000  -0.048791  0.000000  -0.022512  0.000000 )
   freq (   24) =    40.47244157 [THz] =  1350.01514222 [cm-1]
(   0.000000  0.000000   0.000000  0.000000   0.009759  0.000000 )
(   0.000000  0.000000   0.000000  0.000000  -0.300483  0.000000 )
(  -0.000000  0.000000   0.000000  0.000000  -0.300483  0.000000 )
(  -0.000000  0.000000  -0.000000  0.000000   0.436897  0.000000 )
(  -0.000000  0.000000  -0.000000  0.000000   0.436897  0.000000 )
(   0.013450  0.000000   0.007765  0.000000  -0.269605  0.000000 )
(  -0.000000  0.000000  -0.015530  0.000000  -0.269605  0.000000 )
(  -0.013450  0.000000   0.007765  0.000000  -0.269605  0.000000 )
(  -0.000000  0.000000  -0.015530  0.000000  -0.269605  0.000000 )
(  -0.013450  0.000000   0.007765  0.000000  -0.269605  0.000000 )
(   0.013450  0.000000   0.007765  0.000000  -0.269605  0.000000 )
   freq (   25) =    44.32908153 [THz] =  1478.65878571 [cm-1]
(   0.009455  0.000000   0.000000  0.000000  -0.000000  0.000000 )
(  -0.050074  0.000000  -0.000000  0.000000  -0.000000  0.000000 )
(  -0.050074  0.000000  -0.000000  0.000000  -0.000000  0.000000 )
(  -0.428973  0.000000  -0.000000  0.000000  -0.000000  0.000000 )
(  -0.428973  0.000000  -0.000000  0.000000   0.000000  0.000000 )
(   0.087957  0.000000   0.251897  0.000000  -0.157657  0.000000 )
(  -0.348341  0.000000   0.000000  0.000000   0.000000  0.000000 )
(   0.087957  0.000000  -0.251897  0.000000   0.157657  0.000000 )
(  -0.348341  0.000000   0.000000  0.000000   0.000000  0.000000 )
(   0.087957  0.000000  -0.251897  0.000000   0.157657  0.000000 )
(   0.087957  0.000000   0.251897  0.000000  -0.157657  0.000000 )
   freq (   26) =    44.32908153 [THz] =  1478.65878573 [cm-1]
(   0.000000  0.000000  -0.009455  0.000000   0.000000  0.000000 )
(   0.000000  0.000000   0.050074  0.000000   0.000000  0.000000 )
(  -0.000000  0.000000   0.050074  0.000000   0.000000  0.000000 )
(  -0.000000  0.000000   0.428973  0.000000  -0.000000  0.000000 )
(  -0.000000  0.000000   0.428973  0.000000  -0.000000  0.000000 )
(  -0.251897  0.000000   0.202908  0.000000   0.091023  0.000000 )
(  -0.000000  0.000000  -0.233390  0.000000  -0.182047  0.000000 )
(   0.251897  0.000000   0.202908  0.000000   0.091023  0.000000 )
(  -0.000000  0.000000  -0.233390  0.000000  -0.182047  0.000000 )
(   0.251897  0.000000   0.202908  0.000000   0.091023  0.000000 )
(  -0.251897  0.000000   0.202908  0.000000   0.091023  0.000000 )
   freq (   27) =    45.84259176 [THz] =  1529.14404551 [cm-1]
(  -0.000000  0.000000  -0.000000  0.000000  -0.004799  0.000000 )
(   0.000000  0.000000   0.000000  0.000000  -0.106057  0.000000 )
(  -0.000000  0.000000   0.000000  0.000000  -0.106057  0.000000 )
(   0.000000  0.000000   0.000000  0.000000   0.100825  0.000000 )
(   0.000000  0.000000   0.000000  0.000000   0.100825  0.000000 )
(   0.332028  0.000000   0.191696  0.000000   0.111960  0.000000 )
(   0.000000  0.000000  -0.383393  0.000000   0.111960  0.000000 )
(  -0.332028  0.000000   0.191696  0.000000   0.111960  0.000000 )
(   0.000000  0.000000  -0.383393  0.000000   0.111960  0.000000 )
(  -0.332028  0.000000   0.191696  0.000000   0.111960  0.000000 )
(   0.332028  0.000000   0.191696  0.000000   0.111960  0.000000 )
   freq (   28) =    47.63026917 [THz] =  1588.77453664 [cm-1]
(  -0.000000  0.000000  -0.000000  0.000000   0.000000  0.000000 )
(  -0.039886  0.000000  -0.000001  0.000000  -0.000000  0.000000 )
(   0.039886  0.000000   0.000001  0.000000   0.000000  0.000000 )
(  -0.397903  0.000000  -0.000005  0.000000   0.000000  0.000000 )
(   0.397903  0.000000   0.000005  0.000000   0.000000  0.000000 )
(   0.014718  0.000000   0.169155  0.000000   0.320147  0.000000 )
(  -0.278273  0.000000   0.000002  0.000000  -0.000005  0.000000 )
(   0.014713  0.000000  -0.169160  0.000000  -0.320142  0.000000 )
(   0.278273  0.000000  -0.000002  0.000000   0.000005  0.000000 )
(  -0.014713  0.000000   0.169160  0.000000   0.320142  0.000000 )
(  -0.014718  0.000000  -0.169155  0.000000  -0.320147  0.000000 )
   freq (   29) =    47.63026917 [THz] =  1588.77453666 [cm-1]
(  -0.000000  0.000000  -0.000000  0.000000   0.000000  0.000000 )
(  -0.000001  0.000000   0.039886  0.000000   0.000000  0.000000 )
(   0.000001  0.000000  -0.039886  0.000000  -0.000000  0.000000 )
(  -0.000005  0.000000   0.397903  0.000000   0.000000  0.000000 )
(   0.000005  0.000000  -0.397903  0.000000  -0.000000  0.000000 )
(  -0.169157  0.000000   0.180613  0.000000  -0.184831  0.000000 )
(  -0.000004  0.000000  -0.112379  0.000000   0.369671  0.000000 )
(   0.169158  0.000000   0.180608  0.000000  -0.184840  0.000000 )
(   0.000004  0.000000   0.112379  0.000000  -0.369671  0.000000 )
(  -0.169158  0.000000  -0.180608  0.000000   0.184840  0.000000 )
(   0.169157  0.000000  -0.180613  0.000000   0.184831  0.000000 )
   freq (   30) =    49.31686193 [THz] =  1645.03320751 [cm-1]
(  -0.000000  0.000000  -0.000000  0.000000  -0.000000  0.000000 )
(  -0.462744  0.000000  -0.000004  0.000000   0.000000  0.000000 )
(   0.462744  0.000000   0.000004  0.000000  -0.000000  0.000000 )
(  -0.225696  0.000000  -0.000002  0.000000  -0.000000  0.000000 )
(   0.225696  0.000000   0.000002  0.000000   0.000000  0.000000 )
(  -0.075877  0.000000  -0.228067  0.000000   0.093616  0.000000 )
(   0.319151  0.000000  -0.000002  0.000000  -0.000001  0.000000 )
(  -0.075873  0.000000   0.228070  0.000000  -0.093615  0.000000 )
(  -0.319151  0.000000   0.000002  0.000000   0.000001  0.000000 )
(   0.075873  0.000000  -0.228070  0.000000   0.093615  0.000000 )
(   0.075877  0.000000   0.228067  0.000000  -0.093616  0.000000 )
   freq (   31) =    49.31686193 [THz] =  1645.03320754 [cm-1]
(  -0.000000  0.000000  -0.000000  0.000000  -0.000000  0.000000 )
(  -0.000004  0.000000   0.462744  0.000000  -0.000000  0.000000 )
(   0.000004  0.000000  -0.462744  0.000000   0.000000  0.000000 )
(  -0.000002  0.000000   0.225696  0.000000   0.000000  0.000000 )
(   0.000002  0.000000  -0.225696  0.000000  -0.000000  0.000000 )
(   0.228067  0.000000  -0.187477  0.000000  -0.054048  0.000000 )
(   0.000002  0.000000   0.207550  0.000000   0.108098  0.000000 )
(  -0.228069  0.000000  -0.187474  0.000000  -0.054050  0.000000 )
(  -0.000002  0.000000  -0.207550  0.000000  -0.108098  0.000000 )
(   0.228069  0.000000   0.187474  0.000000   0.054050  0.000000 )
(  -0.228067  0.000000   0.187477  0.000000   0.054048  0.000000 )
   freq (   32) =    52.40235102 [THz] =  1747.95403025 [cm-1]
(  -0.000000  0.000000  -0.000000  0.000000   0.000000  0.000000 )
(   0.000000  0.000000   0.000000  0.000000   0.381566  0.000000 )
(  -0.000000  0.000000  -0.000000  0.000000  -0.381566  0.000000 )
(  -0.000000  0.000000   0.000000  0.000000  -0.168221  0.000000 )
(   0.000000  0.000000  -0.000000  0.000000   0.168221  0.000000 )
(  -0.186244  0.000000  -0.107528  0.000000  -0.249908  0.000000 )
(  -0.000000  0.000000   0.215056  0.000000  -0.249908  0.000000 )
(   0.186244  0.000000  -0.107528  0.000000  -0.249908  0.000000 )
(   0.000000  0.000000  -0.215056  0.000000   0.249908  0.000000 )
(  -0.186244  0.000000   0.107528  0.000000   0.249908  0.000000 )
(   0.186244  0.000000   0.107528  0.000000   0.249908  0.000000 )
   freq (   33) =    64.34266808 [THz] =  2146.24007889 [cm-1]
(  -0.000000  0.000000   0.000000  0.000000  -0.000000  0.000000 )
(   0.000000  0.000000   0.000000  0.000000  -0.034237  0.000000 )
(  -0.000000  0.000000  -0.000000  0.000000   0.034237  0.000000 )
(   0.000000  0.000000  -0.000000  0.000000   0.392290  0.000000 )
(  -0.000000  0.000000   0.000000  0.000000  -0.392290  0.000000 )
(  -0.261464  0.000000  -0.150956  0.000000   0.154363  0.000000 )
(   0.000000  0.000000   0.301912  0.000000   0.154363  0.000000 )
(   0.261464  0.000000  -0.150956  0.000000   0.154363  0.000000 )
(  -0.000000  0.000000  -0.301912  0.000000  -0.154363  0.000000 )
(  -0.261464  0.000000   0.150956  0.000000  -0.154363  0.000000 )
(   0.261464  0.000000   0.150956  0.000000  -0.154363  0.000000 )
***************************************************************************
