Dynamical matrix file
File generated with the CellConstructor by Lorenzo Monacelli
2 11 0     1.8897259890000000     0.0000000000000000     0.0000000000000000     0.0000000000000000     0.0000000000000000     0.0000000000000000
Basis vectors
    1.8011844763235849    -1.0399143422655155     2.9434196994096675
   -0.0000000000000025     2.0798286845310270     2.9434196994096706
   -1.8011844763235871    -1.0399143422655170     2.9434196994096662
	1  'La '  126604.5951757480361266
	2  'H '    918.7358275894680446
    1     1     0.0000000000000001    -0.0000000000000006     4.4151295932484516
    2     2    -0.0000000000000003    -0.0000000000000017     2.2079105149306688
    3     2     0.0000000000000003     0.0000000000000017    -2.2079105149306688
    4     2    -0.0000000000000003    -0.0000000000000003     1.0631253081352743
    5     2     0.0000000000000003     0.0000000000000003    -1.0631253081352743
    6     2     0.9346534246085442     0.5396224057283889     6.2400092635801423
    7     2     0.0000000000000000    -1.0792448114567863     6.2400092635801414
    8     2    -0.9346534246085477     0.5396224057283868     6.2400092635801423
    9     2    -0.0000000000000012     1.0792448114567834     2.5902499192389410
   10     2     0.9346534246085483    -0.5396224057283927     2.5902499192389423
   11     2    -0.9346534246085474    -0.5396224057283934     2.5902499192389410

     Dynamical Matrix in cartesian axes

     q = (     0.000000000000     0.000000000000     0.000000000000 )

    1    1
     0.6393006755816170     0.0000000000000000        0.0000000000000000     0.0000000000000000        0.0000000000000001     0.0000000000000000
     0.0000000000000000     0.0000000000000000        0.6393006755817192     0.0000000000000000       -0.0000000000000006     0.0000000000000000
     0.0000000000000002     0.0000000000000000       -0.0000000000000005     0.0000000000000000        0.6395797198696509     0.0000000000000000
    1    2
    -0.0307935534942751     0.0000000000000000       -0.0000000000000000     0.0000000000000000       -0.0000000000000000     0.0000000000000000
    -0.0000000000000000     0.0000000000000000       -0.0307935534942800     0.0000000000000000        0.0000000000000000     0.0000000000000000
    -0.0000000000000000     0.0000000000000000        0.0000000000000000     0.0000000000000000       -0.0323526036499641     0.0000000000000000
    1    3
    -0.0307935534942751     0.0000000000000000        0.0000000000000000     0.0000000000000000       -0.0000000000000000     0.0000000000000000
    -0.0000000000000000     0.0000000000000000       -0.0307935534942800     0.0000000000000000        0.0000000000000000     0.0000000000000000
    -0.0000000000000000     0.0000000000000000        0.0000000000000000     0.0000000000000000       -0.0323526036499641     0.0000000000000000
    1    4
    -0.0941019150934640     0.0000000000000000        0.0000000000000000     0.0000000000000000       -0.0000000000000000     0.0000000000000000
     0.0000000000000000     0.0000000000000000       -0.0941019150934791     0.0000000000000000       -0.0000000000000000     0.0000000000000000
    -0.0000000000000000     0.0000000000000000       -0.0000000000000000     0.0000000000000000       -0.0298776265241873     0.0000000000000000
    1    5
    -0.0941019150934640     0.0000000000000000        0.0000000000000000     0.0000000000000000       -0.0000000000000000     0.0000000000000000
     0.0000000000000000     0.0000000000000000       -0.0941019150934791     0.0000000000000000       -0.0000000000000000     0.0000000000000000
    -0.0000000000000000     0.0000000000000000       -0.0000000000000000     0.0000000000000000       -0.0298776265241873     0.0000000000000000
    1    6
    -0.0503783128016866     0.0000000000000000        0.0251839787882658     0.0000000000000000       -0.0167566867028755     0.0000000000000000
     0.0251839787882658     0.0000000000000000       -0.0794582666670390     0.0000000000000000       -0.0096744775786321     0.0000000000000000
    -0.0187544681824067     0.0000000000000000       -0.0108278972536216     0.0000000000000000       -0.0858532099202246     0.0000000000000000
    1    7
    -0.0939982435996962     0.0000000000000000       -0.0000000000000000     0.0000000000000000       -0.0000000000000001     0.0000000000000000
    -0.0000000000000000     0.0000000000000000       -0.0358383358690225     0.0000000000000000        0.0193489551572644     0.0000000000000000
    -0.0000000000000000     0.0000000000000000        0.0216557945072435     0.0000000000000000       -0.0858532099202246     0.0000000000000000
    1    8
    -0.0503783128016865     0.0000000000000000       -0.0251839787882658     0.0000000000000000        0.0167566867028755     0.0000000000000000
    -0.0251839787882658     0.0000000000000000       -0.0794582666670390     0.0000000000000000       -0.0096744775786321     0.0000000000000000
     0.0187544681824068     0.0000000000000000       -0.0108278972536216     0.0000000000000000       -0.0858532099202246     0.0000000000000000
    1    9
    -0.0939982435996963     0.0000000000000000       -0.0000000000000000     0.0000000000000000       -0.0000000000000001     0.0000000000000000
    -0.0000000000000000     0.0000000000000000       -0.0358383358690225     0.0000000000000000        0.0193489551572644     0.0000000000000000
    -0.0000000000000000     0.0000000000000000        0.0216557945072435     0.0000000000000000       -0.0858532099202246     0.0000000000000000
    1   10
    -0.0503783128016865     0.0000000000000000       -0.0251839787882658     0.0000000000000000        0.0167566867028755     0.0000000000000000
    -0.0251839787882658     0.0000000000000000       -0.0794582666670391     0.0000000000000000       -0.0096744775786321     0.0000000000000000
     0.0187544681824068     0.0000000000000000       -0.0108278972536216     0.0000000000000000       -0.0858532099202246     0.0000000000000000
    1   11
    -0.0503783128016866     0.0000000000000000        0.0251839787882658     0.0000000000000000       -0.0167566867028755     0.0000000000000000
     0.0251839787882658     0.0000000000000000       -0.0794582666670390     0.0000000000000000       -0.0096744775786321     0.0000000000000000
    -0.0187544681824068     0.0000000000000000       -0.0108278972536216     0.0000000000000000       -0.0858532099202246     0.0000000000000000
    2    1
    -0.0307935534942751     0.0000000000000000       -0.0000000000000000     0.0000000000000000       -0.0000000000000000     0.0000000000000000
     0.0000000000000000     0.0000000000000000       -0.0307935534942800     0.0000000000000000        0.0000000000000000     0.0000000000000000
     0.0000000000000000     0.0000000000000000        0.0000000000000000     0.0000000000000000       -0.0323526036499641     0.0000000000000000
    2    2
     0.0878099586388794     0.0000000000000000        0.0000000000000000     0.0000000000000000        0.0000000000000000     0.0000000000000000
    -0.0000000000000000     0.0000000000000000        0.0878099586388934     0.0000000000000000       -0.0000000000000001     0.0000000000000000
     0.0000000000000000     0.0000000000000000       -0.0000000000000001     0.0000000000000000        0.0869219093323575     0.0000000000000000
    2    3
    -0.0029462356386763     0.0000000000000000        0.0000000000000000     0.0000000000000000       -0.0000000000000000     0.0000000000000000
     0.0000000000000000     0.0000000000000000       -0.0029462356386768     0.0000000000000000        0.0000000000000000     0.0000000000000000
    -0.0000000000000000     0.0000000000000000        0.0000000000000000     0.0000000000000000       -0.0038155092692862     0.0000000000000000
    2    4
     0.0056478297265900     0.0000000000000000        0.0000000000000000     0.0000000000000000        0.0000000000000000     0.0000000000000000
     0.0000000000000000     0.0000000000000000        0.0056478297265909     0.0000000000000000        0.0000000000000000     0.0000000000000000
     0.0000000000000000     0.0000000000000000        0.0000000000000000     0.0000000000000000       -0.0210497248027707     0.0000000000000000
    2    5
    -0.0153726945963420     0.0000000000000000       -0.0000000000000000     0.0000000000000000       -0.0000000000000000     0.0000000000000000
    -0.0000000000000000     0.0000000000000000       -0.0153726945963444     0.0000000000000000       -0.0000000000000000     0.0000000000000000
    -0.0000000000000000     0.0000000000000000       -0.0000000000000000     0.0000000000000000        0.0008497483079664     0.0000000000000000
    2    6
    -0.0040834483636018     0.0000000000000000        0.0062535909337832     0.0000000000000000       -0.0045589056104399     0.0000000000000000
     0.0062535909337832     0.0000000000000000       -0.0113044731816461     0.0000000000000000       -0.0026320853813978     0.0000000000000000
    -0.0044241416123687     0.0000000000000000       -0.0025542793508343     0.0000000000000000       -0.0137202690424910     0.0000000000000000
    2    7
    -0.0149149855906656     0.0000000000000000       -0.0000000000000000     0.0000000000000000       -0.0000000000000000     0.0000000000000000
    -0.0000000000000000     0.0000000000000000       -0.0004729359545806     0.0000000000000000        0.0052641707627956     0.0000000000000000
    -0.0000000000000000     0.0000000000000000        0.0051085587016687     0.0000000000000000       -0.0137202690424910     0.0000000000000000
    2    8
    -0.0040834483636018     0.0000000000000000       -0.0062535909337832     0.0000000000000000        0.0045589056104399     0.0000000000000000
    -0.0062535909337832     0.0000000000000000       -0.0113044731816461     0.0000000000000000       -0.0026320853813978     0.0000000000000000
     0.0044241416123687     0.0000000000000000       -0.0025542793508343     0.0000000000000000       -0.0137202690424910     0.0000000000000000
    2    9
     0.0063519974901336     0.0000000000000000        0.0000000000000000     0.0000000000000000        0.0000000000000000     0.0000000000000000
     0.0000000000000000     0.0000000000000000       -0.0205276123690080     0.0000000000000000       -0.0100180507838288     0.0000000000000000
     0.0000000000000000     0.0000000000000000       -0.0102244540486063     0.0000000000000000        0.0035356624030567     0.0000000000000000
    2   10
    -0.0138077099042202     0.0000000000000000        0.0116392124909151     0.0000000000000000       -0.0086758864751976     0.0000000000000000
     0.0116392124909151     0.0000000000000000       -0.0003679049746511     0.0000000000000000        0.0050090253919144     0.0000000000000000
    -0.0088546369459190     0.0000000000000000        0.0051122270243031     0.0000000000000000        0.0035356624030567     0.0000000000000000
    2   11
    -0.0138077099042201     0.0000000000000000       -0.0116392124909152     0.0000000000000000        0.0086758864751976     0.0000000000000000
    -0.0116392124909152     0.0000000000000000       -0.0003679049746511     0.0000000000000000        0.0050090253919144     0.0000000000000000
     0.0088546369459189     0.0000000000000000        0.0051122270243031     0.0000000000000000        0.0035356624030567     0.0000000000000000
    3    1
    -0.0307935534942751     0.0000000000000000        0.0000000000000000     0.0000000000000000       -0.0000000000000000     0.0000000000000000
     0.0000000000000000     0.0000000000000000       -0.0307935534942800     0.0000000000000000        0.0000000000000000     0.0000000000000000
    -0.0000000000000000     0.0000000000000000        0.0000000000000000     0.0000000000000000       -0.0323526036499641     0.0000000000000000
    3    2
    -0.0029462356386763     0.0000000000000000       -0.0000000000000000     0.0000000000000000       -0.0000000000000000     0.0000000000000000
    -0.0000000000000000     0.0000000000000000       -0.0029462356386768     0.0000000000000000        0.0000000000000000     0.0000000000000000
    -0.0000000000000000     0.0000000000000000        0.0000000000000000     0.0000000000000000       -0.0038155092692862     0.0000000000000000
    3    3
     0.0878099586388794     0.0000000000000000        0.0000000000000000     0.0000000000000000        0.0000000000000000     0.0000000000000000
    -0.0000000000000000     0.0000000000000000        0.0878099586388934     0.0000000000000000       -0.0000000000000001     0.0000000000000000
     0.0000000000000000     0.0000000000000000       -0.0000000000000001     0.0000000000000000        0.0869219093323575     0.0000000000000000
    3    4
    -0.0153726945963420     0.0000000000000000       -0.0000000000000000     0.0000000000000000       -0.0000000000000000     0.0000000000000000
    -0.0000000000000000     0.0000000000000000       -0.0153726945963444     0.0000000000000000       -0.0000000000000000     0.0000000000000000
    -0.0000000000000000     0.0000000000000000       -0.0000000000000000     0.0000000000000000        0.0008497483079664     0.0000000000000000
    3    5
     0.0056478297265900     0.0000000000000000        0.0000000000000000     0.0000000000000000        0.0000000000000000     0.0000000000000000
     0.0000000000000000     0.0000000000000000        0.0056478297265909     0.0000000000000000        0.0000000000000000     0.0000000000000000
     0.0000000000000000     0.0000000000000000        0.0000000000000000     0.0000000000000000       -0.0210497248027707     0.0000000000000000
    3    6
    -0.0138077099042201     0.0000000000000000       -0.0116392124909152     0.0000000000000000        0.0086758864751976     0.0000000000000000
    -0.0116392124909152     0.0000000000000000       -0.0003679049746511     0.0000000000000000        0.0050090253919144     0.0000000000000000
     0.0088546369459189     0.0000000000000000        0.0051122270243031     0.0000000000000000        0.0035356624030567     0.0000000000000000
    3    7
     0.0063519974901336     0.0000000000000000        0.0000000000000000     0.0000000000000000        0.0000000000000000     0.0000000000000000
     0.0000000000000000     0.0000000000000000       -0.0205276123690080     0.0000000000000000       -0.0100180507838288     0.0000000000000000
     0.0000000000000000     0.0000000000000000       -0.0102244540486063     0.0000000000000000        0.0035356624030567     0.0000000000000000
    3    8
    -0.0138077099042202     0.0000000000000000        0.0116392124909151     0.0000000000000000       -0.0086758864751976     0.0000000000000000
     0.0116392124909151     0.0000000000000000       -0.0003679049746511     0.0000000000000000        0.0050090253919144     0.0000000000000000
    -0.0088546369459190     0.0000000000000000        0.0051122270243031     0.0000000000000000        0.0035356624030567     0.0000000000000000
    3    9
    -0.0149149855906656     0.0000000000000000       -0.0000000000000000     0.0000000000000000       -0.0000000000000000     0.0000000000000000
    -0.0000000000000000     0.0000000000000000       -0.0004729359545806     0.0000000000000000        0.0052641707627956     0.0000000000000000
    -0.0000000000000000     0.0000000000000000        0.0051085587016687     0.0000000000000000       -0.0137202690424910     0.0000000000000000
    3   10
    -0.0040834483636018     0.0000000000000000       -0.0062535909337832     0.0000000000000000        0.0045589056104399     0.0000000000000000
    -0.0062535909337832     0.0000000000000000       -0.0113044731816461     0.0000000000000000       -0.0026320853813978     0.0000000000000000
     0.0044241416123687     0.0000000000000000       -0.0025542793508343     0.0000000000000000       -0.0137202690424910     0.0000000000000000
    3   11
    -0.0040834483636018     0.0000000000000000        0.0062535909337832     0.0000000000000000       -0.0045589056104399     0.0000000000000000
     0.0062535909337832     0.0000000000000000       -0.0113044731816461     0.0000000000000000       -0.0026320853813978     0.0000000000000000
    -0.0044241416123687     0.0000000000000000       -0.0025542793508343     0.0000000000000000       -0.0137202690424910     0.0000000000000000
    4    1
    -0.0941019150934640     0.0000000000000000        0.0000000000000000     0.0000000000000000       -0.0000000000000000     0.0000000000000000
     0.0000000000000000     0.0000000000000000       -0.0941019150934791     0.0000000000000000       -0.0000000000000000     0.0000000000000000
    -0.0000000000000000     0.0000000000000000       -0.0000000000000000     0.0000000000000000       -0.0298776265241873     0.0000000000000000
    4    2
     0.0056478297265900     0.0000000000000000        0.0000000000000000     0.0000000000000000        0.0000000000000000     0.0000000000000000
     0.0000000000000000     0.0000000000000000        0.0056478297265909     0.0000000000000000        0.0000000000000000     0.0000000000000000
     0.0000000000000000     0.0000000000000000        0.0000000000000000     0.0000000000000000       -0.0210497248027707     0.0000000000000000
    4    3
    -0.0153726945963420     0.0000000000000000        0.0000000000000000     0.0000000000000000       -0.0000000000000000     0.0000000000000000
     0.0000000000000000     0.0000000000000000       -0.0153726945963444     0.0000000000000000       -0.0000000000000000     0.0000000000000000
    -0.0000000000000000     0.0000000000000000       -0.0000000000000000     0.0000000000000000        0.0008497483079664     0.0000000000000000
    4    4
     0.1165825128323567     0.0000000000000000        0.0000000000000000     0.0000000000000000        0.0000000000000000     0.0000000000000000
     0.0000000000000000     0.0000000000000000        0.1165825128323754     0.0000000000000000       -0.0000000000000001     0.0000000000000000
     0.0000000000000000     0.0000000000000000       -0.0000000000000001     0.0000000000000000        0.1300740868977717     0.0000000000000000
    4    5
    -0.0050417059468574     0.0000000000000000       -0.0000000000000000     0.0000000000000000       -0.0000000000000000     0.0000000000000000
     0.0000000000000000     0.0000000000000000       -0.0050417059468582     0.0000000000000000        0.0000000000000000     0.0000000000000000
    -0.0000000000000000     0.0000000000000000        0.0000000000000000     0.0000000000000000       -0.0020975399286630     0.0000000000000000
    4    6
    -0.0010265795949934     0.0000000000000000       -0.0046543771178914     0.0000000000000000       -0.0056908970174224     0.0000000000000000
    -0.0046543771178914     0.0000000000000000        0.0043478321688561     0.0000000000000000       -0.0032856409249395     0.0000000000000000
    -0.0140214261677129     0.0000000000000000       -0.0080952741723522     0.0000000000000000        0.0050165544078961     0.0000000000000000
    4    7
     0.0070350380507799     0.0000000000000000        0.0000000000000000     0.0000000000000000       -0.0000000000000000     0.0000000000000000
     0.0000000000000000     0.0000000000000000       -0.0037137854769184     0.0000000000000000        0.0065712818498790     0.0000000000000000
    -0.0000000000000000     0.0000000000000000        0.0161905483447043     0.0000000000000000        0.0050165544078961     0.0000000000000000
    4    8
    -0.0010265795949934     0.0000000000000000        0.0046543771178914     0.0000000000000000        0.0056908970174224     0.0000000000000000
     0.0046543771178914     0.0000000000000000        0.0043478321688562     0.0000000000000000       -0.0032856409249395     0.0000000000000000
     0.0140214261677129     0.0000000000000000       -0.0080952741723521     0.0000000000000000        0.0050165544078961     0.0000000000000000
    4    9
     0.0059919019289482     0.0000000000000000        0.0000000000000000     0.0000000000000000        0.0000000000000000     0.0000000000000000
     0.0000000000000000     0.0000000000000000       -0.0144558391176680     0.0000000000000000       -0.0200482886435755     0.0000000000000000
     0.0000000000000000     0.0000000000000000       -0.0254175566687081     0.0000000000000000       -0.0309828690579352     0.0000000000000000
    4   10
    -0.0093439038560123     0.0000000000000000        0.0088541315981874     0.0000000000000000       -0.0173623272677381     0.0000000000000000
     0.0088541315981874     0.0000000000000000        0.0008799666672948     0.0000000000000000        0.0100241443217878     0.0000000000000000
    -0.0220122497772301     0.0000000000000000        0.0127087783343541     0.0000000000000000       -0.0309828690579351     0.0000000000000000
    4   11
    -0.0093439038560122     0.0000000000000000       -0.0088541315981874     0.0000000000000000        0.0173623272677381     0.0000000000000000
    -0.0088541315981874     0.0000000000000000        0.0008799666672948     0.0000000000000000        0.0100241443217878     0.0000000000000000
     0.0220122497772301     0.0000000000000000        0.0127087783343541     0.0000000000000000       -0.0309828690579351     0.0000000000000000
    5    1
    -0.0941019150934640     0.0000000000000000        0.0000000000000000     0.0000000000000000       -0.0000000000000000     0.0000000000000000
     0.0000000000000000     0.0000000000000000       -0.0941019150934791     0.0000000000000000       -0.0000000000000000     0.0000000000000000
    -0.0000000000000000     0.0000000000000000       -0.0000000000000000     0.0000000000000000       -0.0298776265241873     0.0000000000000000
    5    2
    -0.0153726945963420     0.0000000000000000       -0.0000000000000000     0.0000000000000000       -0.0000000000000000     0.0000000000000000
     0.0000000000000000     0.0000000000000000       -0.0153726945963444     0.0000000000000000       -0.0000000000000000     0.0000000000000000
    -0.0000000000000000     0.0000000000000000       -0.0000000000000000     0.0000000000000000        0.0008497483079664     0.0000000000000000
    5    3
     0.0056478297265900     0.0000000000000000        0.0000000000000000     0.0000000000000000        0.0000000000000000     0.0000000000000000
     0.0000000000000000     0.0000000000000000        0.0056478297265909     0.0000000000000000        0.0000000000000000     0.0000000000000000
     0.0000000000000000     0.0000000000000000        0.0000000000000000     0.0000000000000000       -0.0210497248027707     0.0000000000000000
    5    4
    -0.0050417059468574     0.0000000000000000       -0.0000000000000000     0.0000000000000000       -0.0000000000000000     0.0000000000000000
    -0.0000000000000000     0.0000000000000000       -0.0050417059468582     0.0000000000000000       -0.0000000000000000     0.0000000000000000
    -0.0000000000000000     0.0000000000000000        0.0000000000000000     0.0000000000000000       -0.0020975399286630     0.0000000000000000
    5    5
     0.1165825128323568     0.0000000000000000        0.0000000000000000     0.0000000000000000        0.0000000000000000     0.0000000000000000
     0.0000000000000000     0.0000000000000000        0.1165825128323754     0.0000000000000000       -0.0000000000000001     0.0000000000000000
     0.0000000000000000     0.0000000000000000       -0.0000000000000001     0.0000000000000000        0.1300740868977717     0.0000000000000000
    5    6
    -0.0093439038560122     0.0000000000000000       -0.0088541315981874     0.0000000000000000        0.0173623272677381     0.0000000000000000
    -0.0088541315981874     0.0000000000000000        0.0008799666672948     0.0000000000000000        0.0100241443217878     0.0000000000000000
     0.0220122497772301     0.0000000000000000        0.0127087783343541     0.0000000000000000       -0.0309828690579351     0.0000000000000000
    5    7
     0.0059919019289482     0.0000000000000000        0.0000000000000000     0.0000000000000000        0.0000000000000000     0.0000000000000000
     0.0000000000000000     0.0000000000000000       -0.0144558391176680     0.0000000000000000       -0.0200482886435755     0.0000000000000000
     0.0000000000000000     0.0000000000000000       -0.0254175566687081     0.0000000000000000       -0.0309828690579352     0.0000000000000000
    5    8
    -0.0093439038560123     0.0000000000000000        0.0088541315981874     0.0000000000000000       -0.0173623272677381     0.0000000000000000
     0.0088541315981874     0.0000000000000000        0.0008799666672948     0.0000000000000000        0.0100241443217878     0.0000000000000000
    -0.0220122497772301     0.0000000000000000        0.0127087783343541     0.0000000000000000       -0.0309828690579351     0.0000000000000000
    5    9
     0.0070350380507799     0.0000000000000000        0.0000000000000000     0.0000000000000000       -0.0000000000000000     0.0000000000000000
     0.0000000000000000     0.0000000000000000       -0.0037137854769184     0.0000000000000000        0.0065712818498790     0.0000000000000000
    -0.0000000000000000     0.0000000000000000        0.0161905483447043     0.0000000000000000        0.0050165544078961     0.0000000000000000
    5   10
    -0.0010265795949934     0.0000000000000000        0.0046543771178914     0.0000000000000000        0.0056908970174224     0.0000000000000000
     0.0046543771178914     0.0000000000000000        0.0043478321688562     0.0000000000000000       -0.0032856409249395     0.0000000000000000
     0.0140214261677129     0.0000000000000000       -0.0080952741723521     0.0000000000000000        0.0050165544078961     0.0000000000000000
    5   11
    -0.0010265795949934     0.0000000000000000       -0.0046543771178914     0.0000000000000000       -0.0056908970174224     0.0000000000000000
    -0.0046543771178914     0.0000000000000000        0.0043478321688561     0.0000000000000000       -0.0032856409249395     0.0000000000000000
    -0.0140214261677129     0.0000000000000000       -0.0080952741723522     0.0000000000000000        0.0050165544078961     0.0000000000000000
    6    1
    -0.0503783128016866     0.0000000000000000        0.0251839787882658     0.0000000000000000       -0.0187544681824068     0.0000000000000000
     0.0251839787882658     0.0000000000000000       -0.0794582666670390     0.0000000000000000       -0.0108278972536216     0.0000000000000000
    -0.0167566867028755     0.0000000000000000       -0.0096744775786321     0.0000000000000000       -0.0858532099202246     0.0000000000000000
    6    2
    -0.0040834483636018     0.0000000000000000        0.0062535909337832     0.0000000000000000       -0.0044241416123687     0.0000000000000000
     0.0062535909337833     0.0000000000000000       -0.0113044731816461     0.0000000000000000       -0.0025542793508343     0.0000000000000000
    -0.0045589056104399     0.0000000000000000       -0.0026320853813978     0.0000000000000000       -0.0137202690424910     0.0000000000000000
    6    3
    -0.0138077099042201     0.0000000000000000       -0.0116392124909152     0.0000000000000000        0.0088546369459189     0.0000000000000000
    -0.0116392124909152     0.0000000000000000       -0.0003679049746511     0.0000000000000000        0.0051122270243031     0.0000000000000000
     0.0086758864751976     0.0000000000000000        0.0050090253919144     0.0000000000000000        0.0035356624030567     0.0000000000000000
    6    4
    -0.0010265795949934     0.0000000000000000       -0.0046543771178914     0.0000000000000000       -0.0140214261677129     0.0000000000000000
    -0.0046543771178914     0.0000000000000000        0.0043478321688561     0.0000000000000000       -0.0080952741723522     0.0000000000000000
    -0.0056908970174224     0.0000000000000000       -0.0032856409249395     0.0000000000000000        0.0050165544078961     0.0000000000000000
    6    5
    -0.0093439038560122     0.0000000000000000       -0.0088541315981875     0.0000000000000000        0.0220122497772301     0.0000000000000000
    -0.0088541315981874     0.0000000000000000        0.0008799666672948     0.0000000000000000        0.0127087783343541     0.0000000000000000
     0.0173623272677381     0.0000000000000000        0.0100241443217878     0.0000000000000000       -0.0309828690579351     0.0000000000000000
    6    6
     0.1269185620600702     0.0000000000000000        0.0061061174284503     0.0000000000000000       -0.0044888949892251     0.0000000000000000
     0.0061061174284503     0.0000000000000000        0.1198678249780515     0.0000000000000000       -0.0025916647303934     0.0000000000000000
    -0.0044888949892251     0.0000000000000000       -0.0025916647303934     0.0000000000000000        0.1178875054676333     0.0000000000000000
    6    7
    -0.0092649953682995     0.0000000000000000       -0.0239862126145576     0.0000000000000000        0.0011693912105407     0.0000000000000000
    -0.0197926388312001     0.0000000000000000       -0.0345407270353239     0.0000000000000000       -0.0018233385136338     0.0000000000000000
     0.0021637530777756     0.0000000000000000       -0.0001010532384737     0.0000000000000000        0.0042867999725099     0.0000000000000000
    6    8
    -0.0471785928688277     0.0000000000000000        0.0020967868916787     0.0000000000000000       -0.0009943618672350     0.0000000000000000
    -0.0020967868916788     0.0000000000000000        0.0033728704652105     0.0000000000000000        0.0019243917521074     0.0000000000000000
     0.0009943618672349     0.0000000000000000        0.0019243917521074     0.0000000000000000        0.0042867999725099     0.0000000000000000
    6    9
    -0.0012462400250463     0.0000000000000000        0.0119820682187837     0.0000000000000000        0.0088886418337464     0.0000000000000000
     0.0038505430288290     0.0000000000000000        0.0078947223407382     0.0000000000000000       -0.0019187287407482     0.0000000000000000
     0.0061059887493324     0.0000000000000000       -0.0067384252627920     0.0000000000000000        0.0003037518928923     0.0000000000000000
    6   10
     0.0124652035236285     0.0000000000000000       -0.0040657625949774     0.0000000000000000        0.0027826530844140     0.0000000000000000
     0.0040657625949774     0.0000000000000000       -0.0058167212079388     0.0000000000000000        0.0086571540035402     0.0000000000000000
    -0.0027826530844140     0.0000000000000000        0.0086571540035402     0.0000000000000000        0.0003037518928923     0.0000000000000000
    6   11
    -0.0030539828010111     0.0000000000000000        0.0015771541555671     0.0000000000000000       -0.0010242800329016     0.0000000000000000
     0.0015771541555671     0.0000000000000000       -0.0048751235535521     0.0000000000000000       -0.0005913683527214     0.0000000000000000
    -0.0010242800329017     0.0000000000000000       -0.0005913683527214     0.0000000000000000       -0.0050644779887397     0.0000000000000000
    7    1
    -0.0939982435996963     0.0000000000000000       -0.0000000000000000     0.0000000000000000       -0.0000000000000001     0.0000000000000000
    -0.0000000000000001     0.0000000000000000       -0.0358383358690225     0.0000000000000000        0.0216557945072435     0.0000000000000000
    -0.0000000000000001     0.0000000000000000        0.0193489551572644     0.0000000000000000       -0.0858532099202246     0.0000000000000000
    7    2
    -0.0149149855906656     0.0000000000000000       -0.0000000000000000     0.0000000000000000       -0.0000000000000000     0.0000000000000000
    -0.0000000000000000     0.0000000000000000       -0.0004729359545806     0.0000000000000000        0.0051085587016687     0.0000000000000000
    -0.0000000000000000     0.0000000000000000        0.0052641707627956     0.0000000000000000       -0.0137202690424910     0.0000000000000000
    7    3
     0.0063519974901336     0.0000000000000000        0.0000000000000000     0.0000000000000000        0.0000000000000000     0.0000000000000000
     0.0000000000000000     0.0000000000000000       -0.0205276123690080     0.0000000000000000       -0.0102244540486063     0.0000000000000000
     0.0000000000000000     0.0000000000000000       -0.0100180507838288     0.0000000000000000        0.0035356624030567     0.0000000000000000
    7    4
     0.0070350380507799     0.0000000000000000        0.0000000000000000     0.0000000000000000       -0.0000000000000000     0.0000000000000000
    -0.0000000000000000     0.0000000000000000       -0.0037137854769184     0.0000000000000000        0.0161905483447043     0.0000000000000000
    -0.0000000000000000     0.0000000000000000        0.0065712818498790     0.0000000000000000        0.0050165544078961     0.0000000000000000
    7    5
     0.0059919019289482     0.0000000000000000        0.0000000000000000     0.0000000000000000        0.0000000000000000     0.0000000000000000
     0.0000000000000000     0.0000000000000000       -0.0144558391176680     0.0000000000000000       -0.0254175566687081     0.0000000000000000
     0.0000000000000000     0.0000000000000000       -0.0200482886435755     0.0000000000000000       -0.0309828690579352     0.0000000000000000
    7    6
    -0.0092649953682995     0.0000000000000000       -0.0197926388312001     0.0000000000000000        0.0021637530777756     0.0000000000000000
    -0.0239862126145576     0.0000000000000000       -0.0345407270353239     0.0000000000000000       -0.0001010532384737     0.0000000000000000
     0.0011693912105407     0.0000000000000000       -0.0018233385136338     0.0000000000000000        0.0042867999725099     0.0000000000000000
    7    7
     0.1163424564370134     0.0000000000000000        0.0000000000000000     0.0000000000000000        0.0000000000000000     0.0000000000000000
    -0.0000000000000000     0.0000000000000000        0.1304439306011100     0.0000000000000000        0.0051833294607866     0.0000000000000000
     0.0000000000000000     0.0000000000000000        0.0051833294607865     0.0000000000000000        0.1178875054676333     0.0000000000000000
    7    8
    -0.0092649953682995     0.0000000000000000        0.0197926388312001     0.0000000000000000       -0.0021637530777756     0.0000000000000000
     0.0239862126145576     0.0000000000000000       -0.0345407270353238     0.0000000000000000       -0.0001010532384737     0.0000000000000000
    -0.0011693912105407     0.0000000000000000       -0.0018233385136338     0.0000000000000000        0.0042867999725099     0.0000000000000000
    7    9
    -0.0057856939298215     0.0000000000000000       -0.0000000000000000     0.0000000000000000       -0.0000000000000000     0.0000000000000000
    -0.0000000000000000     0.0000000000000000       -0.0021434124247413     0.0000000000000000        0.0011827367054428     0.0000000000000000
    -0.0000000000000000     0.0000000000000000        0.0011827367054428     0.0000000000000000       -0.0050644779887397     0.0000000000000000
    7   10
    -0.0012462400250463     0.0000000000000000       -0.0038505430288290     0.0000000000000000       -0.0061059887493324     0.0000000000000000
    -0.0119820682187837     0.0000000000000000        0.0078947223407382     0.0000000000000000       -0.0067384252627920     0.0000000000000000
    -0.0088886418337464     0.0000000000000000       -0.0019187287407482     0.0000000000000000        0.0003037518928923     0.0000000000000000
    7   11
    -0.0012462400250463     0.0000000000000000        0.0038505430288290     0.0000000000000000        0.0061059887493324     0.0000000000000000
     0.0119820682187837     0.0000000000000000        0.0078947223407382     0.0000000000000000       -0.0067384252627920     0.0000000000000000
     0.0088886418337464     0.0000000000000000       -0.0019187287407482     0.0000000000000000        0.0003037518928923     0.0000000000000000
    8    1
    -0.0503783128016865     0.0000000000000000       -0.0251839787882658     0.0000000000000000        0.0187544681824068     0.0000000000000000
    -0.0251839787882658     0.0000000000000000       -0.0794582666670391     0.0000000000000000       -0.0108278972536216     0.0000000000000000
     0.0167566867028754     0.0000000000000000       -0.0096744775786321     0.0000000000000000       -0.0858532099202246     0.0000000000000000
    8    2
    -0.0040834483636018     0.0000000000000000       -0.0062535909337832     0.0000000000000000        0.0044241416123687     0.0000000000000000
    -0.0062535909337832     0.0000000000000000       -0.0113044731816461     0.0000000000000000       -0.0025542793508343     0.0000000000000000
     0.0045589056104399     0.0000000000000000       -0.0026320853813978     0.0000000000000000       -0.0137202690424910     0.0000000000000000
    8    3
    -0.0138077099042202     0.0000000000000000        0.0116392124909151     0.0000000000000000       -0.0088546369459190     0.0000000000000000
     0.0116392124909151     0.0000000000000000       -0.0003679049746511     0.0000000000000000        0.0051122270243031     0.0000000000000000
    -0.0086758864751976     0.0000000000000000        0.0050090253919144     0.0000000000000000        0.0035356624030567     0.0000000000000000
    8    4
    -0.0010265795949934     0.0000000000000000        0.0046543771178914     0.0000000000000000        0.0140214261677129     0.0000000000000000
     0.0046543771178914     0.0000000000000000        0.0043478321688562     0.0000000000000000       -0.0080952741723521     0.0000000000000000
     0.0056908970174224     0.0000000000000000       -0.0032856409249395     0.0000000000000000        0.0050165544078961     0.0000000000000000
    8    5
    -0.0093439038560122     0.0000000000000000        0.0088541315981874     0.0000000000000000       -0.0220122497772301     0.0000000000000000
     0.0088541315981874     0.0000000000000000        0.0008799666672948     0.0000000000000000        0.0127087783343541     0.0000000000000000
    -0.0173623272677381     0.0000000000000000        0.0100241443217878     0.0000000000000000       -0.0309828690579351     0.0000000000000000
    8    6
    -0.0471785928688277     0.0000000000000000       -0.0020967868916788     0.0000000000000000        0.0009943618672349     0.0000000000000000
     0.0020967868916787     0.0000000000000000        0.0033728704652105     0.0000000000000000        0.0019243917521074     0.0000000000000000
    -0.0009943618672350     0.0000000000000000        0.0019243917521074     0.0000000000000000        0.0042867999725099     0.0000000000000000
    8    7
    -0.0092649953682995     0.0000000000000000        0.0239862126145576     0.0000000000000000       -0.0011693912105407     0.0000000000000000
     0.0197926388312001     0.0000000000000000       -0.0345407270353238     0.0000000000000000       -0.0018233385136338     0.0000000000000000
    -0.0021637530777756     0.0000000000000000       -0.0001010532384737     0.0000000000000000        0.0042867999725099     0.0000000000000000
    8    8
     0.1269185620600702     0.0000000000000000       -0.0061061174284503     0.0000000000000000        0.0044888949892252     0.0000000000000000
    -0.0061061174284503     0.0000000000000000        0.1198678249780515     0.0000000000000000       -0.0025916647303934     0.0000000000000000
     0.0044888949892252     0.0000000000000000       -0.0025916647303934     0.0000000000000000        0.1178875054676333     0.0000000000000000
    8    9
    -0.0012462400250463     0.0000000000000000       -0.0119820682187837     0.0000000000000000       -0.0088886418337464     0.0000000000000000
    -0.0038505430288290     0.0000000000000000        0.0078947223407382     0.0000000000000000       -0.0019187287407482     0.0000000000000000
    -0.0061059887493324     0.0000000000000000       -0.0067384252627920     0.0000000000000000        0.0003037518928923     0.0000000000000000
    8   10
    -0.0030539828010111     0.0000000000000000       -0.0015771541555671     0.0000000000000000        0.0010242800329017     0.0000000000000000
    -0.0015771541555671     0.0000000000000000       -0.0048751235535521     0.0000000000000000       -0.0005913683527214     0.0000000000000000
     0.0010242800329016     0.0000000000000000       -0.0005913683527214     0.0000000000000000       -0.0050644779887397     0.0000000000000000
    8   11
     0.0124652035236285     0.0000000000000000        0.0040657625949774     0.0000000000000000       -0.0027826530844140     0.0000000000000000
    -0.0040657625949774     0.0000000000000000       -0.0058167212079388     0.0000000000000000        0.0086571540035402     0.0000000000000000
     0.0027826530844140     0.0000000000000000        0.0086571540035402     0.0000000000000000        0.0003037518928923     0.0000000000000000
    9    1
    -0.0939982435996963     0.0000000000000000       -0.0000000000000000     0.0000000000000000       -0.0000000000000000     0.0000000000000000
    -0.0000000000000000     0.0000000000000000       -0.0358383358690225     0.0000000000000000        0.0216557945072435     0.0000000000000000
    -0.0000000000000001     0.0000000000000000        0.0193489551572644     0.0000000000000000       -0.0858532099202246     0.0000000000000000
    9    2
     0.0063519974901336     0.0000000000000000        0.0000000000000000     0.0000000000000000        0.0000000000000000     0.0000000000000000
     0.0000000000000000     0.0000000000000000       -0.0205276123690080     0.0000000000000000       -0.0102244540486063     0.0000000000000000
     0.0000000000000000     0.0000000000000000       -0.0100180507838288     0.0000000000000000        0.0035356624030567     0.0000000000000000
    9    3
    -0.0149149855906656     0.0000000000000000       -0.0000000000000000     0.0000000000000000       -0.0000000000000000     0.0000000000000000
    -0.0000000000000000     0.0000000000000000       -0.0004729359545806     0.0000000000000000        0.0051085587016687     0.0000000000000000
    -0.0000000000000000     0.0000000000000000        0.0052641707627956     0.0000000000000000       -0.0137202690424910     0.0000000000000000
    9    4
     0.0059919019289482     0.0000000000000000        0.0000000000000000     0.0000000000000000        0.0000000000000000     0.0000000000000000
     0.0000000000000000     0.0000000000000000       -0.0144558391176680     0.0000000000000000       -0.0254175566687081     0.0000000000000000
     0.0000000000000000     0.0000000000000000       -0.0200482886435755     0.0000000000000000       -0.0309828690579352     0.0000000000000000
    9    5
     0.0070350380507799     0.0000000000000000        0.0000000000000000     0.0000000000000000       -0.0000000000000000     0.0000000000000000
    -0.0000000000000000     0.0000000000000000       -0.0037137854769184     0.0000000000000000        0.0161905483447043     0.0000000000000000
    -0.0000000000000000     0.0000000000000000        0.0065712818498790     0.0000000000000000        0.0050165544078961     0.0000000000000000
    9    6
    -0.0012462400250463     0.0000000000000000        0.0038505430288290     0.0000000000000000        0.0061059887493324     0.0000000000000000
     0.0119820682187837     0.0000000000000000        0.0078947223407382     0.0000000000000000       -0.0067384252627920     0.0000000000000000
     0.0088886418337464     0.0000000000000000       -0.0019187287407482     0.0000000000000000        0.0003037518928923     0.0000000000000000
    9    7
    -0.0057856939298215     0.0000000000000000       -0.0000000000000000     0.0000000000000000       -0.0000000000000000     0.0000000000000000
    -0.0000000000000000     0.0000000000000000       -0.0021434124247413     0.0000000000000000        0.0011827367054428     0.0000000000000000
    -0.0000000000000000     0.0000000000000000        0.0011827367054428     0.0000000000000000       -0.0050644779887397     0.0000000000000000
    9    8
    -0.0012462400250463     0.0000000000000000       -0.0038505430288290     0.0000000000000000       -0.0061059887493324     0.0000000000000000
    -0.0119820682187837     0.0000000000000000        0.0078947223407382     0.0000000000000000       -0.0067384252627920     0.0000000000000000
    -0.0088886418337464     0.0000000000000000       -0.0019187287407482     0.0000000000000000        0.0003037518928923     0.0000000000000000
    9    9
     0.1163424564370134     0.0000000000000000        0.0000000000000000     0.0000000000000000        0.0000000000000000     0.0000000000000000
    -0.0000000000000000     0.0000000000000000        0.1304439306011100     0.0000000000000000        0.0051833294607866     0.0000000000000000
     0.0000000000000000     0.0000000000000000        0.0051833294607865     0.0000000000000000        0.1178875054676333     0.0000000000000000
    9   10
    -0.0092649953682995     0.0000000000000000        0.0197926388312001     0.0000000000000000       -0.0021637530777756     0.0000000000000000
     0.0239862126145576     0.0000000000000000       -0.0345407270353238     0.0000000000000000       -0.0001010532384737     0.0000000000000000
    -0.0011693912105407     0.0000000000000000       -0.0018233385136338     0.0000000000000000        0.0042867999725099     0.0000000000000000
    9   11
    -0.0092649953682995     0.0000000000000000       -0.0197926388312001     0.0000000000000000        0.0021637530777756     0.0000000000000000
    -0.0239862126145576     0.0000000000000000       -0.0345407270353239     0.0000000000000000       -0.0001010532384737     0.0000000000000000
     0.0011693912105407     0.0000000000000000       -0.0018233385136338     0.0000000000000000        0.0042867999725099     0.0000000000000000
   10    1
    -0.0503783128016865     0.0000000000000000       -0.0251839787882658     0.0000000000000000        0.0187544681824068     0.0000000000000000
    -0.0251839787882658     0.0000000000000000       -0.0794582666670391     0.0000000000000000       -0.0108278972536216     0.0000000000000000
     0.0167566867028755     0.0000000000000000       -0.0096744775786321     0.0000000000000000       -0.0858532099202246     0.0000000000000000
   10    2
    -0.0138077099042202     0.0000000000000000        0.0116392124909151     0.0000000000000000       -0.0088546369459190     0.0000000000000000
     0.0116392124909151     0.0000000000000000       -0.0003679049746511     0.0000000000000000        0.0051122270243031     0.0000000000000000
    -0.0086758864751976     0.0000000000000000        0.0050090253919144     0.0000000000000000        0.0035356624030567     0.0000000000000000
   10    3
    -0.0040834483636018     0.0000000000000000       -0.0062535909337832     0.0000000000000000        0.0044241416123687     0.0000000000000000
    -0.0062535909337832     0.0000000000000000       -0.0113044731816461     0.0000000000000000       -0.0025542793508343     0.0000000000000000
     0.0045589056104399     0.0000000000000000       -0.0026320853813978     0.0000000000000000       -0.0137202690424910     0.0000000000000000
   10    4
    -0.0093439038560122     0.0000000000000000        0.0088541315981874     0.0000000000000000       -0.0220122497772301     0.0000000000000000
     0.0088541315981874     0.0000000000000000        0.0008799666672948     0.0000000000000000        0.0127087783343541     0.0000000000000000
    -0.0173623272677381     0.0000000000000000        0.0100241443217878     0.0000000000000000       -0.0309828690579351     0.0000000000000000
   10    5
    -0.0010265795949934     0.0000000000000000        0.0046543771178914     0.0000000000000000        0.0140214261677129     0.0000000000000000
     0.0046543771178914     0.0000000000000000        0.0043478321688562     0.0000000000000000       -0.0080952741723521     0.0000000000000000
     0.0056908970174224     0.0000000000000000       -0.0032856409249395     0.0000000000000000        0.0050165544078961     0.0000000000000000
   10    6
     0.0124652035236285     0.0000000000000000        0.0040657625949774     0.0000000000000000       -0.0027826530844140     0.0000000000000000
    -0.0040657625949774     0.0000000000000000       -0.0058167212079388     0.0000000000000000        0.0086571540035402     0.0000000000000000
     0.0027826530844140     0.0000000000000000        0.0086571540035402     0.0000000000000000        0.0003037518928923     0.0000000000000000
   10    7
    -0.0012462400250463     0.0000000000000000       -0.0119820682187837     0.0000000000000000       -0.0088886418337464     0.0000000000000000
    -0.0038505430288290     0.0000000000000000        0.0078947223407382     0.0000000000000000       -0.0019187287407482     0.0000000000000000
    -0.0061059887493324     0.0000000000000000       -0.0067384252627920     0.0000000000000000        0.0003037518928923     0.0000000000000000
   10    8
    -0.0030539828010111     0.0000000000000000       -0.0015771541555671     0.0000000000000000        0.0010242800329016     0.0000000000000000
    -0.0015771541555671     0.0000000000000000       -0.0048751235535521     0.0000000000000000       -0.0005913683527214     0.0000000000000000
     0.0010242800329017     0.0000000000000000       -0.0005913683527214     0.0000000000000000       -0.0050644779887397     0.0000000000000000
   10    9
    -0.0092649953682995     0.0000000000000000        0.0239862126145576     0.0000000000000000       -0.0011693912105407     0.0000000000000000
     0.0197926388312001     0.0000000000000000       -0.0345407270353238     0.0000000000000000       -0.0018233385136338     0.0000000000000000
    -0.0021637530777756     0.0000000000000000       -0.0001010532384737     0.0000000000000000        0.0042867999725099     0.0000000000000000
   10   10
     0.1269185620600702     0.0000000000000000       -0.0061061174284503     0.0000000000000000        0.0044888949892252     0.0000000000000000
    -0.0061061174284503     0.0000000000000000        0.1198678249780515     0.0000000000000000       -0.0025916647303934     0.0000000000000000
     0.0044888949892252     0.0000000000000000       -0.0025916647303934     0.0000000000000000        0.1178875054676333     0.0000000000000000
   10   11
    -0.0471785928688277     0.0000000000000000       -0.0020967868916788     0.0000000000000000        0.0009943618672349     0.0000000000000000
     0.0020967868916787     0.0000000000000000        0.0033728704652105     0.0000000000000000        0.0019243917521074     0.0000000000000000
    -0.0009943618672350     0.0000000000000000        0.0019243917521074     0.0000000000000000        0.0042867999725099     0.0000000000000000
   11    1
    -0.0503783128016866     0.0000000000000000        0.0251839787882658     0.0000000000000000       -0.0187544681824068     0.0000000000000000
     0.0251839787882658     0.0000000000000000       -0.0794582666670390     0.0000000000000000       -0.0108278972536216     0.0000000000000000
    -0.0167566867028754     0.0000000000000000       -0.0096744775786321     0.0000000000000000       -0.0858532099202246     0.0000000000000000
   11    2
    -0.0138077099042201     0.0000000000000000       -0.0116392124909152     0.0000000000000000        0.0088546369459189     0.0000000000000000
    -0.0116392124909152     0.0000000000000000       -0.0003679049746511     0.0000000000000000        0.0051122270243031     0.0000000000000000
     0.0086758864751976     0.0000000000000000        0.0050090253919144     0.0000000000000000        0.0035356624030567     0.0000000000000000
   11    3
    -0.0040834483636018     0.0000000000000000        0.0062535909337832     0.0000000000000000       -0.0044241416123687     0.0000000000000000
     0.0062535909337833     0.0000000000000000       -0.0113044731816461     0.0000000000000000       -0.0025542793508343     0.0000000000000000
    -0.0045589056104399     0.0000000000000000       -0.0026320853813978     0.0000000000000000       -0.0137202690424910     0.0000000000000000
   11    4
    -0.0093439038560122     0.0000000000000000       -0.0088541315981874     0.0000000000000000        0.0220122497772301     0.0000000000000000
    -0.0088541315981875     0.0000000000000000        0.0008799666672948     0.0000000000000000        0.0127087783343541     0.0000000000000000
     0.0173623272677381     0.0000000000000000        0.0100241443217878     0.0000000000000000       -0.0309828690579351     0.0000000000000000
   11    5
    -0.0010265795949934     0.0000000000000000       -0.0046543771178914     0.0000000000000000       -0.0140214261677129     0.0000000000000000
    -0.0046543771178914     0.0000000000000000        0.0043478321688561     0.0000000000000000       -0.0080952741723522     0.0000000000000000
    -0.0056908970174224     0.0000000000000000       -0.0032856409249395     0.0000000000000000        0.0050165544078961     0.0000000000000000
   11    6
    -0.0030539828010111     0.0000000000000000        0.0015771541555671     0.0000000000000000       -0.0010242800329016     0.0000000000000000
     0.0015771541555671     0.0000000000000000       -0.0048751235535521     0.0000000000000000       -0.0005913683527214     0.0000000000000000
    -0.0010242800329017     0.0000000000000000       -0.0005913683527214     0.0000000000000000       -0.0050644779887397     0.0000000000000000
   11    7
    -0.0012462400250463     0.0000000000000000        0.0119820682187837     0.0000000000000000        0.0088886418337464     0.0000000000000000
     0.0038505430288290     0.0000000000000000        0.0078947223407382     0.0000000000000000       -0.0019187287407482     0.0000000000000000
     0.0061059887493324     0.0000000000000000       -0.0067384252627920     0.0000000000000000        0.0003037518928923     0.0000000000000000
   11    8
     0.0124652035236285     0.0000000000000000       -0.0040657625949774     0.0000000000000000        0.0027826530844140     0.0000000000000000
     0.0040657625949774     0.0000000000000000       -0.0058167212079388     0.0000000000000000        0.0086571540035402     0.0000000000000000
    -0.0027826530844140     0.0000000000000000        0.0086571540035402     0.0000000000000000        0.0003037518928923     0.0000000000000000
   11    9
    -0.0092649953682995     0.0000000000000000       -0.0239862126145576     0.0000000000000000        0.0011693912105407     0.0000000000000000
    -0.0197926388312001     0.0000000000000000       -0.0345407270353239     0.0000000000000000       -0.0018233385136338     0.0000000000000000
     0.0021637530777756     0.0000000000000000       -0.0001010532384737     0.0000000000000000        0.0042867999725099     0.0000000000000000
   11   10
    -0.0471785928688277     0.0000000000000000        0.0020967868916787     0.0000000000000000       -0.0009943618672350     0.0000000000000000
    -0.0020967868916788     0.0000000000000000        0.0033728704652105     0.0000000000000000        0.0019243917521074     0.0000000000000000
     0.0009943618672349     0.0000000000000000        0.0019243917521074     0.0000000000000000        0.0042867999725099     0.0000000000000000
   11   11
     0.1269185620600702     0.0000000000000000        0.0061061174284503     0.0000000000000000       -0.0044888949892251     0.0000000000000000
     0.0061061174284503     0.0000000000000000        0.1198678249780515     0.0000000000000000       -0.0025916647303934     0.0000000000000000
    -0.0044888949892251     0.0000000000000000       -0.0025916647303934     0.0000000000000000        0.1178875054676333     0.0000000000000000

     Diagonalizing the dynamical matrix

     q = (     0.000000000000     0.000000000000     0.000000000000 )

***************************************************************************
   freq (    1) =    -0.00000078 [THz] =    -0.00002585 [cm-1]
(   0.000000  0.000000   0.116056  0.000000   0.278280  0.000000 )
(   0.000000  0.000000   0.116056  0.000000   0.278280  0.000000 )
(   0.000000  0.000000   0.116056  0.000000   0.278280  0.000000 )
(   0.000000  0.000000   0.116056  0.000000   0.278280  0.000000 )
(   0.000000  0.000000   0.116056  0.000000   0.278280  0.000000 )
(   0.000000  0.000000   0.116056  0.000000   0.278280  0.000000 )
(   0.000000  0.000000   0.116056  0.000000   0.278280  0.000000 )
(   0.000000  0.000000   0.116056  0.000000   0.278280  0.000000 )
(   0.000000  0.000000   0.116056  0.000000   0.278280  0.000000 )
(   0.000000  0.000000   0.116056  0.000000   0.278280  0.000000 )
(   0.000000  0.000000   0.116056  0.000000   0.278280  0.000000 )
   freq (    2) =    -0.00000075 [THz] =    -0.00002514 [cm-1]
(   0.000000  0.000000  -0.278280  0.000000   0.116056  0.000000 )
(  -0.000000  0.000000  -0.278280  0.000000   0.116056  0.000000 )
(   0.000000  0.000000  -0.278280  0.000000   0.116056  0.000000 )
(   0.000000  0.000000  -0.278280  0.000000   0.116056  0.000000 )
(   0.000000  0.000000  -0.278280  0.000000   0.116056  0.000000 )
(  -0.000000  0.000000  -0.278280  0.000000   0.116056  0.000000 )
(  -0.000000  0.000000  -0.278280  0.000000   0.116056  0.000000 )
(   0.000000  0.000000  -0.278280  0.000000   0.116056  0.000000 )
(  -0.000000  0.000000  -0.278280  0.000000   0.116056  0.000000 )
(  -0.000000  0.000000  -0.278280  0.000000   0.116056  0.000000 )
(   0.000000  0.000000  -0.278280  0.000000   0.116056  0.000000 )
   freq (    3) =     0.00000023 [THz] =     0.00000783 [cm-1]
(  -0.301511  0.000000   0.000000  0.000000   0.000000  0.000000 )
(  -0.301511  0.000000   0.000000  0.000000   0.000000  0.000000 )
(  -0.301511  0.000000   0.000000  0.000000   0.000000  0.000000 )
(  -0.301511  0.000000   0.000000  0.000000   0.000000  0.000000 )
(  -0.301511  0.000000   0.000000  0.000000   0.000000  0.000000 )
(  -0.301511  0.000000   0.000000  0.000000   0.000000  0.000000 )
(  -0.301511  0.000000   0.000000  0.000000   0.000000  0.000000 )
(  -0.301511  0.000000   0.000000  0.000000   0.000000  0.000000 )
(  -0.301511  0.000000   0.000000  0.000000   0.000000  0.000000 )
(  -0.301511  0.000000   0.000000  0.000000   0.000000  0.000000 )
(  -0.301511  0.000000   0.000000  0.000000   0.000000  0.000000 )
   freq (    4) =    25.48697737 [THz] =   850.15393290 [cm-1]
(  -0.020942  0.000000  -0.000000  0.000000   0.000000  0.000000 )
(   0.490243  0.000000   0.000000  0.000000  -0.000000  0.000000 )
(   0.490243  0.000000  -0.000000  0.000000  -0.000000  0.000000 )
(   0.177646  0.000000   0.000000  0.000000  -0.000000  0.000000 )
(   0.177646  0.000000   0.000000  0.000000  -0.000000  0.000000 )
(   0.301942  0.000000   0.075509  0.000000  -0.049238  0.000000 )
(   0.171157  0.000000  -0.000000  0.000000  -0.000000  0.000000 )
(   0.301942  0.000000  -0.075509  0.000000   0.049238  0.000000 )
(   0.171157  0.000000   0.000000  0.000000  -0.000000  0.000000 )
(   0.301942  0.000000  -0.075509  0.000000   0.049238  0.000000 )
(   0.301942  0.000000   0.075509  0.000000  -0.049238  0.000000 )
   freq (    5) =    25.48697737 [THz] =   850.15393290 [cm-1]
(   0.000000  0.000000  -0.020942  0.000000   0.000000  0.000000 )
(  -0.000000  0.000000   0.490243  0.000000  -0.000000  0.000000 )
(  -0.000000  0.000000   0.490243  0.000000  -0.000000  0.000000 )
(  -0.000000  0.000000   0.177646  0.000000  -0.000000  0.000000 )
(  -0.000000  0.000000   0.177646  0.000000  -0.000000  0.000000 )
(   0.075509  0.000000   0.214752  0.000000  -0.028427  0.000000 )
(  -0.000000  0.000000   0.345537  0.000000   0.056855  0.000000 )
(  -0.075509  0.000000   0.214752  0.000000  -0.028427  0.000000 )
(  -0.000000  0.000000   0.345537  0.000000   0.056855  0.000000 )
(  -0.075509  0.000000   0.214752  0.000000  -0.028427  0.000000 )
(   0.075509  0.000000   0.214752  0.000000  -0.028427  0.000000 )
   freq (    6) =    25.52767792 [THz] =   851.51155705 [cm-1]
(   0.000000  0.000000   0.000000  0.000000   0.020921  0.000000 )
(  -0.000000  0.000000  -0.000000  0.000000  -0.490389  0.000000 )
(  -0.000000  0.000000  -0.000000  0.000000  -0.490389  0.000000 )
(  -0.000000  0.000000  -0.000000  0.000000  -0.362550  0.000000 )
(  -0.000000  0.000000  -0.000000  0.000000  -0.362550  0.000000 )
(   0.055676  0.000000   0.032144  0.000000  -0.196179  0.000000 )
(  -0.000000  0.000000  -0.064289  0.000000  -0.196179  0.000000 )
(  -0.055676  0.000000   0.032144  0.000000  -0.196179  0.000000 )
(  -0.000000  0.000000  -0.064289  0.000000  -0.196179  0.000000 )
(  -0.055676  0.000000   0.032144  0.000000  -0.196179  0.000000 )
(   0.055676  0.000000   0.032144  0.000000  -0.196179  0.000000 )
   freq (    7) =    25.70930023 [THz] =   857.56982423 [cm-1]
(  -0.000000  0.000000  -0.000000  0.000000  -0.000000  0.000000 )
(  -0.373031  0.000000   0.000128  0.000000   0.000000  0.000000 )
(   0.373031  0.000000  -0.000128  0.000000   0.000000  0.000000 )
(  -0.077655  0.000000   0.000027  0.000000   0.000000  0.000000 )
(   0.077655  0.000000  -0.000027  0.000000  -0.000000  0.000000 )
(   0.364693  0.000000   0.167004  0.000000  -0.116655  0.000000 )
(   0.075390  0.000000  -0.000158  0.000000  -0.000046  0.000000 )
(   0.364808  0.000000  -0.167122  0.000000   0.116701  0.000000 )
(  -0.075390  0.000000   0.000158  0.000000   0.000046  0.000000 )
(  -0.364808  0.000000   0.167122  0.000000  -0.116701  0.000000 )
(  -0.364693  0.000000  -0.167004  0.000000   0.116655  0.000000 )
   freq (    8) =    25.70930023 [THz] =   857.56982423 [cm-1]
(  -0.000000  0.000000   0.000000  0.000000  -0.000000  0.000000 )
(  -0.000128  0.000000  -0.373031  0.000000   0.000000  0.000000 )
(   0.000128  0.000000   0.373031  0.000000  -0.000000  0.000000 )
(  -0.000027  0.000000  -0.077655  0.000000   0.000000  0.000000 )
(   0.000027  0.000000   0.077655  0.000000  -0.000000  0.000000 )
(   0.167188  0.000000   0.171901  0.000000  -0.067404  0.000000 )
(   0.000026  0.000000   0.461205  0.000000   0.134728  0.000000 )
(  -0.166937  0.000000   0.171786  0.000000  -0.067324  0.000000 )
(  -0.000026  0.000000  -0.461205  0.000000  -0.134728  0.000000 )
(   0.166937  0.000000  -0.171786  0.000000   0.067324  0.000000 )
(  -0.167188  0.000000  -0.171901  0.000000   0.067404  0.000000 )
   freq (    9) =    25.91464343 [THz] =   864.41933498 [cm-1]
(  -0.000000  0.000000  -0.000000  0.000000  -0.000000  0.000000 )
(   0.000000  0.000000   0.000000  0.000000   0.269242  0.000000 )
(  -0.000000  0.000000  -0.000000  0.000000  -0.269242  0.000000 )
(   0.000000  0.000000   0.000000  0.000000   0.538838  0.000000 )
(   0.000000  0.000000  -0.000000  0.000000  -0.538838  0.000000 )
(   0.113489  0.000000   0.065523  0.000000  -0.168960  0.000000 )
(   0.000000  0.000000  -0.131046  0.000000  -0.168960  0.000000 )
(  -0.113489  0.000000   0.065523  0.000000  -0.168960  0.000000 )
(   0.000000  0.000000   0.131046  0.000000   0.168960  0.000000 )
(   0.113489  0.000000  -0.065523  0.000000   0.168960  0.000000 )
(  -0.113489  0.000000  -0.065523  0.000000   0.168960  0.000000 )
   freq (   10) =    28.58085487 [THz] =   953.35456304 [cm-1]
(  -0.000000  0.000000   0.000000  0.000000   0.000000  0.000000 )
(  -0.000000  0.000000   0.000000  0.000000   0.566147  0.000000 )
(   0.000000  0.000000  -0.000000  0.000000  -0.566147  0.000000 )
(   0.000000  0.000000   0.000000  0.000000  -0.101378  0.000000 )
(  -0.000000  0.000000  -0.000000  0.000000   0.101378  0.000000 )
(   0.043676  0.000000   0.025216  0.000000   0.232070  0.000000 )
(  -0.000000  0.000000  -0.050433  0.000000   0.232070  0.000000 )
(  -0.043676  0.000000   0.025216  0.000000   0.232070  0.000000 )
(   0.000000  0.000000   0.050433  0.000000  -0.232070  0.000000 )
(   0.043676  0.000000  -0.025216  0.000000  -0.232070  0.000000 )
(  -0.043676  0.000000  -0.025216  0.000000  -0.232070  0.000000 )
   freq (   11) =    29.31415472 [THz] =   977.81480983 [cm-1]
(  -0.000000  0.000000   0.000000  0.000000   0.000000  0.000000 )
(   0.501078  0.000000   0.000995  0.000000   0.000000  0.000000 )
(  -0.501078  0.000000  -0.000995  0.000000  -0.000000  0.000000 )
(  -0.256244  0.000000  -0.000509  0.000000  -0.000000  0.000000 )
(   0.256244  0.000000   0.000509  0.000000   0.000000  0.000000 )
(   0.226383  0.000000  -0.027710  0.000000   0.040735  0.000000 )
(   0.275325  0.000000   0.000417  0.000000  -0.000093  0.000000 )
(   0.226495  0.000000   0.028739  0.000000  -0.040642  0.000000 )
(  -0.275325  0.000000  -0.000417  0.000000   0.000093  0.000000 )
(  -0.226495  0.000000  -0.028739  0.000000   0.040642  0.000000 )
(  -0.226383  0.000000   0.027710  0.000000  -0.040735  0.000000 )
   freq (   12) =    29.31415472 [THz] =   977.81480983 [cm-1]
(  -0.000000  0.000000   0.000000  0.000000  -0.000000  0.000000 )
(  -0.000995  0.000000   0.501078  0.000000  -0.000000  0.000000 )
(   0.000995  0.000000  -0.501078  0.000000   0.000000  0.000000 )
(   0.000509  0.000000  -0.256244  0.000000   0.000000  0.000000 )
(  -0.000509  0.000000   0.256244  0.000000  -0.000000  0.000000 )
(  -0.028674  0.000000   0.259086  0.000000   0.023411  0.000000 )
(  -0.000547  0.000000   0.210144  0.000000  -0.046983  0.000000 )
(   0.027775  0.000000   0.258974  0.000000   0.023572  0.000000 )
(   0.000547  0.000000  -0.210144  0.000000   0.046983  0.000000 )
(  -0.027775  0.000000  -0.258974  0.000000  -0.023572  0.000000 )
(   0.028674  0.000000  -0.259086  0.000000  -0.023411  0.000000 )
   freq (   13) =    32.41544141 [THz] =  1081.26258386 [cm-1]
(   0.000000  0.000000  -0.000000  0.000000  -0.000000  0.000000 )
(   0.000000  0.000000  -0.000000  0.000000   0.000000  0.000000 )
(  -0.000000  0.000000   0.000000  0.000000   0.000000  0.000000 )
(   0.000000  0.000000  -0.000000  0.000000  -0.000000  0.000000 )
(  -0.000000  0.000000   0.000000  0.000000  -0.000000  0.000000 )
(   0.204124  0.000000  -0.353553  0.000000   0.000000  0.000000 )
(  -0.408248  0.000000  -0.000000  0.000000   0.000000  0.000000 )
(   0.204124  0.000000   0.353553  0.000000  -0.000000  0.000000 )
(   0.408248  0.000000   0.000000  0.000000  -0.000000  0.000000 )
(  -0.204124  0.000000  -0.353553  0.000000   0.000000  0.000000 )
(  -0.204124  0.000000   0.353553  0.000000  -0.000000  0.000000 )
   freq (   14) =    32.45982589 [THz] =  1082.74309047 [cm-1]
(   0.000000  0.000000  -0.000000  0.000000  -0.000000  0.000000 )
(   0.021334  0.000000   0.000072  0.000000  -0.000000  0.000000 )
(  -0.021334  0.000000  -0.000072  0.000000   0.000000  0.000000 )
(  -0.444871  0.000000  -0.001498  0.000000  -0.000000  0.000000 )
(   0.444871  0.000000   0.001498  0.000000   0.000000  0.000000 )
(  -0.134439  0.000000  -0.004037  0.000000  -0.353552  0.000000 )
(  -0.128194  0.000000  -0.000460  0.000000   0.001372  0.000000 )
(  -0.134414  0.000000   0.003160  0.000000   0.352180  0.000000 )
(   0.128194  0.000000   0.000460  0.000000  -0.001372  0.000000 )
(   0.134414  0.000000  -0.003160  0.000000  -0.352180  0.000000 )
(   0.134439  0.000000   0.004037  0.000000   0.353552  0.000000 )
   freq (   15) =    32.45982589 [THz] =  1082.74309047 [cm-1]
(   0.000000  0.000000  -0.000000  0.000000  -0.000000  0.000000 )
(  -0.000072  0.000000   0.021334  0.000000   0.000000  0.000000 )
(   0.000072  0.000000  -0.021334  0.000000  -0.000000  0.000000 )
(   0.001498  0.000000  -0.444871  0.000000   0.000000  0.000000 )
(  -0.001498  0.000000   0.444871  0.000000   0.000000  0.000000 )
(  -0.003146  0.000000  -0.130259  0.000000  -0.202539  0.000000 )
(   0.000432  0.000000  -0.136504  0.000000   0.407454  0.000000 )
(   0.004051  0.000000  -0.130284  0.000000  -0.204915  0.000000 )
(  -0.000432  0.000000   0.136504  0.000000  -0.407454  0.000000 )
(  -0.004051  0.000000   0.130284  0.000000   0.204915  0.000000 )
(   0.003146  0.000000   0.130259  0.000000   0.202539  0.000000 )
   freq (   16) =    33.18045442 [THz] =  1106.78066740 [cm-1]
(   0.000000  0.000000  -0.000000  0.000000  -0.000000  0.000000 )
(  -0.000000  0.000000   0.000000  0.000000   0.000000  0.000000 )
(  -0.000000  0.000000  -0.000000  0.000000   0.000000  0.000000 )
(   0.000000  0.000000   0.000000  0.000000   0.000000  0.000000 )
(   0.000000  0.000000   0.000000  0.000000  -0.000000  0.000000 )
(   0.204124  0.000000  -0.353553  0.000000   0.000000  0.000000 )
(  -0.408248  0.000000  -0.000000  0.000000   0.000000  0.000000 )
(   0.204124  0.000000   0.353553  0.000000  -0.000000  0.000000 )
(  -0.408248  0.000000  -0.000000  0.000000   0.000000  0.000000 )
(   0.204124  0.000000   0.353553  0.000000  -0.000000  0.000000 )
(   0.204124  0.000000  -0.353553  0.000000   0.000000  0.000000 )
   freq (   17) =    33.30060293 [THz] =  1110.78838952 [cm-1]
(  -0.000534  0.000000  -0.000000  0.000000   0.000000  0.000000 )
(  -0.041581  0.000000  -0.000000  0.000000  -0.000000  0.000000 )
(  -0.041581  0.000000  -0.000000  0.000000  -0.000000  0.000000 )
(  -0.421799  0.000000  -0.000000  0.000000   0.000000  0.000000 )
(  -0.421799  0.000000  -0.000000  0.000000   0.000000  0.000000 )
(   0.165236  0.000000  -0.002580  0.000000   0.344193  0.000000 )
(   0.169705  0.000000   0.000000  0.000000  -0.000000  0.000000 )
(   0.165236  0.000000   0.002580  0.000000  -0.344193  0.000000 )
(   0.169705  0.000000   0.000000  0.000000  -0.000000  0.000000 )
(   0.165236  0.000000   0.002580  0.000000  -0.344193  0.000000 )
(   0.165236  0.000000  -0.002580  0.000000   0.344193  0.000000 )
   freq (   18) =    33.30060293 [THz] =  1110.78838952 [cm-1]
(  -0.000000  0.000000   0.000534  0.000000  -0.000000  0.000000 )
(  -0.000000  0.000000   0.041581  0.000000  -0.000000  0.000000 )
(  -0.000000  0.000000   0.041581  0.000000  -0.000000  0.000000 )
(  -0.000000  0.000000   0.421799  0.000000   0.000000  0.000000 )
(  -0.000000  0.000000   0.421799  0.000000   0.000000  0.000000 )
(   0.002580  0.000000  -0.168215  0.000000  -0.198720  0.000000 )
(   0.000000  0.000000  -0.163746  0.000000   0.397440  0.000000 )
(  -0.002580  0.000000  -0.168215  0.000000  -0.198720  0.000000 )
(   0.000000  0.000000  -0.163746  0.000000   0.397440  0.000000 )
(  -0.002580  0.000000  -0.168215  0.000000  -0.198720  0.000000 )
(   0.002580  0.000000  -0.168215  0.000000  -0.198720  0.000000 )
   freq (   19) =    34.72574591 [THz] =  1158.32603571 [cm-1]
(   0.000201  0.000000   0.000000  0.000000  -0.000000  0.000000 )
(  -0.003168  0.000000  -0.000000  0.000000  -0.000000  0.000000 )
(  -0.003168  0.000000  -0.000000  0.000000  -0.000000  0.000000 )
(   0.341329  0.000000   0.000000  0.000000   0.000000  0.000000 )
(   0.341329  0.000000   0.000000  0.000000   0.000000  0.000000 )
(   0.000075  0.000000   0.203369  0.000000   0.297272  0.000000 )
(  -0.352171  0.000000   0.000000  0.000000  -0.000000  0.000000 )
(   0.000075  0.000000  -0.203369  0.000000  -0.297272  0.000000 )
(  -0.352171  0.000000   0.000000  0.000000  -0.000000  0.000000 )
(   0.000075  0.000000  -0.203369  0.000000  -0.297272  0.000000 )
(   0.000075  0.000000   0.203369  0.000000   0.297272  0.000000 )
   freq (   20) =    34.72574591 [THz] =  1158.32603571 [cm-1]
(   0.000000  0.000000  -0.000201  0.000000   0.000000  0.000000 )
(  -0.000000  0.000000   0.003168  0.000000  -0.000000  0.000000 )
(  -0.000000  0.000000   0.003168  0.000000  -0.000000  0.000000 )
(   0.000000  0.000000  -0.341329  0.000000   0.000000  0.000000 )
(   0.000000  0.000000  -0.341329  0.000000   0.000000  0.000000 )
(  -0.203369  0.000000   0.234756  0.000000  -0.171630  0.000000 )
(  -0.000000  0.000000  -0.117490  0.000000   0.343261  0.000000 )
(   0.203369  0.000000   0.234756  0.000000  -0.171630  0.000000 )
(  -0.000000  0.000000  -0.117490  0.000000   0.343261  0.000000 )
(   0.203369  0.000000   0.234756  0.000000  -0.171630  0.000000 )
(  -0.203369  0.000000   0.234756  0.000000  -0.171630  0.000000 )
   freq (   21) =    35.74258581 [THz] =  1192.24415888 [cm-1]
(  -0.000000  0.000000   0.000000  0.000000   0.006179  0.000000 )
(  -0.000000  0.000000   0.000000  0.000000   0.515582  0.000000 )
(  -0.000000  0.000000   0.000000  0.000000   0.515582  0.000000 )
(   0.000000  0.000000  -0.000000  0.000000  -0.322142  0.000000 )
(   0.000000  0.000000  -0.000000  0.000000  -0.322142  0.000000 )
(   0.025454  0.000000   0.014696  0.000000  -0.206389  0.000000 )
(   0.000000  0.000000  -0.029392  0.000000  -0.206389  0.000000 )
(  -0.025454  0.000000   0.014696  0.000000  -0.206389  0.000000 )
(   0.000000  0.000000  -0.029392  0.000000  -0.206389  0.000000 )
(  -0.025454  0.000000   0.014696  0.000000  -0.206389  0.000000 )
(   0.025454  0.000000   0.014696  0.000000  -0.206389  0.000000 )
   freq (   22) =    36.32168518 [THz] =  1211.56083196 [cm-1]
(   0.006214  0.000000  -0.000000  0.000000   0.000000  0.000000 )
(   0.513938  0.000000  -0.000000  0.000000   0.000000  0.000000 )
(   0.513938  0.000000  -0.000000  0.000000   0.000000  0.000000 )
(  -0.235756  0.000000   0.000000  0.000000  -0.000000  0.000000 )
(  -0.235756  0.000000   0.000000  0.000000  -0.000000  0.000000 )
(  -0.260259  0.000000  -0.042980  0.000000   0.057346  0.000000 )
(  -0.185814  0.000000   0.000000  0.000000  -0.000000  0.000000 )
(  -0.260259  0.000000   0.042980  0.000000  -0.057346  0.000000 )
(  -0.185814  0.000000   0.000000  0.000000  -0.000000  0.000000 )
(  -0.260259  0.000000   0.042980  0.000000  -0.057346  0.000000 )
(  -0.260259  0.000000  -0.042980  0.000000   0.057346  0.000000 )
   freq (   23) =    36.32168518 [THz] =  1211.56083196 [cm-1]
(  -0.000000  0.000000  -0.006214  0.000000  -0.000000  0.000000 )
(  -0.000000  0.000000  -0.513938  0.000000   0.000000  0.000000 )
(  -0.000000  0.000000  -0.513938  0.000000   0.000000  0.000000 )
(  -0.000000  0.000000   0.235756  0.000000  -0.000000  0.000000 )
(  -0.000000  0.000000   0.235756  0.000000  -0.000000  0.000000 )
(   0.042980  0.000000   0.210629  0.000000  -0.033109  0.000000 )
(   0.000000  0.000000   0.285073  0.000000   0.066218  0.000000 )
(  -0.042980  0.000000   0.210629  0.000000  -0.033109  0.000000 )
(   0.000000  0.000000   0.285073  0.000000   0.066218  0.000000 )
(  -0.042980  0.000000   0.210629  0.000000  -0.033109  0.000000 )
(   0.042980  0.000000   0.210629  0.000000  -0.033109  0.000000 )
   freq (   24) =    42.85289832 [THz] =  1429.41862103 [cm-1]
(  -0.000000  0.000000  -0.000000  0.000000  -0.000000  0.000000 )
(  -0.006685  0.000000   0.000045  0.000000   0.000000  0.000000 )
(   0.006685  0.000000  -0.000045  0.000000  -0.000000  0.000000 )
(  -0.355670  0.000000   0.002398  0.000000  -0.000000  0.000000 )
(   0.355670  0.000000  -0.002398  0.000000   0.000000  0.000000 )
(  -0.006267  0.000000   0.203490  0.000000   0.287097  0.000000 )
(  -0.354581  0.000000  -0.000753  0.000000   0.002244  0.000000 )
(  -0.003544  0.000000  -0.200280  0.000000  -0.289342  0.000000 )
(   0.354581  0.000000   0.000753  0.000000  -0.002244  0.000000 )
(   0.003544  0.000000   0.200280  0.000000   0.289342  0.000000 )
(   0.006267  0.000000  -0.203490  0.000000  -0.287097  0.000000 )
   freq (   25) =    42.85289832 [THz] =  1429.41862103 [cm-1]
(  -0.000000  0.000000  -0.000000  0.000000  -0.000000  0.000000 )
(  -0.000045  0.000000  -0.006685  0.000000  -0.000000  0.000000 )
(   0.000045  0.000000   0.006685  0.000000   0.000000  0.000000 )
(  -0.002398  0.000000  -0.355670  0.000000   0.000000  0.000000 )
(   0.002398  0.000000   0.355670  0.000000  -0.000000  0.000000 )
(   0.201852  0.000000  -0.236661  0.000000   0.168347  0.000000 )
(  -0.002391  0.000000   0.111653  0.000000  -0.332807  0.000000 )
(  -0.201918  0.000000  -0.239384  0.000000   0.164460  0.000000 )
(   0.002391  0.000000  -0.111653  0.000000   0.332807  0.000000 )
(   0.201918  0.000000   0.239384  0.000000  -0.164460  0.000000 )
(  -0.201852  0.000000   0.236661  0.000000  -0.168347  0.000000 )
   freq (   26) =    44.42968228 [THz] =  1482.01446483 [cm-1]
(  -0.000000  0.000000   0.000000  0.000000  -0.006297  0.000000 )
(   0.000000  0.000000  -0.000000  0.000000   0.038106  0.000000 )
(   0.000000  0.000000  -0.000000  0.000000   0.038106  0.000000 )
(   0.000000  0.000000  -0.000000  0.000000  -0.416385  0.000000 )
(   0.000000  0.000000  -0.000000  0.000000  -0.416385  0.000000 )
(   0.162240  0.000000   0.093669  0.000000   0.270718  0.000000 )
(   0.000000  0.000000  -0.187338  0.000000   0.270718  0.000000 )
(  -0.162240  0.000000   0.093669  0.000000   0.270718  0.000000 )
(   0.000000  0.000000  -0.187338  0.000000   0.270718  0.000000 )
(  -0.162240  0.000000   0.093669  0.000000   0.270718  0.000000 )
(   0.162240  0.000000   0.093669  0.000000   0.270718  0.000000 )
   freq (   27) =    44.66411958 [THz] =  1489.83445043 [cm-1]
(   0.006221  0.000000  -0.000000  0.000000  -0.000000  0.000000 )
(  -0.045020  0.000000   0.000000  0.000000   0.000000  0.000000 )
(  -0.045020  0.000000   0.000000  0.000000   0.000000  0.000000 )
(  -0.338176  0.000000   0.000000  0.000000  -0.000000  0.000000 )
(  -0.338176  0.000000   0.000000  0.000000  -0.000000  0.000000 )
(   0.144877  0.000000   0.277169  0.000000  -0.194438  0.000000 )
(  -0.335194  0.000000  -0.000000  0.000000  -0.000000  0.000000 )
(   0.144877  0.000000  -0.277169  0.000000   0.194438  0.000000 )
(  -0.335194  0.000000  -0.000000  0.000000  -0.000000  0.000000 )
(   0.144877  0.000000  -0.277169  0.000000   0.194438  0.000000 )
(   0.144877  0.000000   0.277169  0.000000  -0.194438  0.000000 )
   freq (   28) =    44.66411958 [THz] =  1489.83445043 [cm-1]
(   0.000000  0.000000   0.006221  0.000000   0.000000  0.000000 )
(  -0.000000  0.000000  -0.045020  0.000000  -0.000000  0.000000 )
(  -0.000000  0.000000  -0.045020  0.000000  -0.000000  0.000000 )
(  -0.000000  0.000000  -0.338176  0.000000   0.000000  0.000000 )
(  -0.000000  0.000000  -0.338176  0.000000   0.000000  0.000000 )
(   0.277169  0.000000  -0.175170  0.000000  -0.112259  0.000000 )
(  -0.000000  0.000000   0.304900  0.000000   0.224518  0.000000 )
(  -0.277169  0.000000  -0.175170  0.000000  -0.112259  0.000000 )
(  -0.000000  0.000000   0.304900  0.000000   0.224518  0.000000 )
(  -0.277169  0.000000  -0.175170  0.000000  -0.112259  0.000000 )
(   0.277169  0.000000  -0.175170  0.000000  -0.112259  0.000000 )
   freq (   29) =    45.50658872 [THz] =  1517.93619208 [cm-1]
(   0.000000  0.000000   0.000000  0.000000   0.000000  0.000000 )
(   0.330550  0.000000   0.002079  0.000000  -0.000000  0.000000 )
(  -0.330550  0.000000  -0.002079  0.000000   0.000000  0.000000 )
(   0.322312  0.000000   0.002028  0.000000  -0.000000  0.000000 )
(  -0.322312  0.000000  -0.002028  0.000000  -0.000000  0.000000 )
(   0.078425  0.000000   0.234397  0.000000  -0.165340  0.000000 )
(  -0.331170  0.000000   0.001340  0.000000   0.001197  0.000000 )
(   0.075461  0.000000  -0.236852  0.000000   0.164143  0.000000 )
(   0.331170  0.000000  -0.001340  0.000000  -0.001197  0.000000 )
(  -0.075461  0.000000   0.236852  0.000000  -0.164143  0.000000 )
(  -0.078425  0.000000  -0.234397  0.000000   0.165340  0.000000 )
   freq (   30) =    45.50658872 [THz] =  1517.93619208 [cm-1]
(   0.000000  0.000000  -0.000000  0.000000   0.000000  0.000000 )
(   0.002079  0.000000  -0.330550  0.000000   0.000000  0.000000 )
(  -0.002079  0.000000   0.330550  0.000000  -0.000000  0.000000 )
(   0.002028  0.000000  -0.322312  0.000000  -0.000000  0.000000 )
(  -0.002028  0.000000   0.322312  0.000000   0.000000  0.000000 )
(  -0.235140  0.000000   0.196615  0.000000   0.094077  0.000000 )
(  -0.002083  0.000000  -0.212981  0.000000  -0.190227  0.000000 )
(   0.236108  0.000000   0.193650  0.000000   0.096150  0.000000 )
(   0.002083  0.000000   0.212981  0.000000   0.190227  0.000000 )
(  -0.236108  0.000000  -0.193650  0.000000  -0.096150  0.000000 )
(   0.235140  0.000000  -0.196615  0.000000  -0.094077  0.000000 )
   freq (   31) =    45.74273025 [THz] =  1525.81302442 [cm-1]
(   0.000000  0.000000  -0.000000  0.000000  -0.000000  0.000000 )
(   0.000000  0.000000  -0.000000  0.000000  -0.326971  0.000000 )
(  -0.000000  0.000000   0.000000  0.000000   0.326971  0.000000 )
(   0.000000  0.000000  -0.000000  0.000000   0.277481  0.000000 )
(  -0.000000  0.000000   0.000000  0.000000  -0.277481  0.000000 )
(   0.161353  0.000000   0.093157  0.000000   0.265804  0.000000 )
(  -0.000000  0.000000  -0.186315  0.000000   0.265804  0.000000 )
(  -0.161353  0.000000   0.093157  0.000000   0.265804  0.000000 )
(   0.000000  0.000000   0.186315  0.000000  -0.265804  0.000000 )
(   0.161353  0.000000  -0.093157  0.000000  -0.265804  0.000000 )
(  -0.161353  0.000000  -0.093157  0.000000  -0.265804  0.000000 )
   freq (   32) =    46.32115174 [THz] =  1545.10708594 [cm-1]
(  -0.000000  0.000000  -0.000000  0.000000  -0.000775  0.000000 )
(   0.000000  0.000000   0.000000  0.000000   0.021243  0.000000 )
(  -0.000000  0.000000   0.000000  0.000000   0.021243  0.000000 )
(   0.000000  0.000000   0.000000  0.000000   0.305856  0.000000 )
(  -0.000000  0.000000   0.000000  0.000000   0.305856  0.000000 )
(   0.308640  0.000000   0.178194  0.000000  -0.091223  0.000000 )
(  -0.000000  0.000000  -0.356387  0.000000  -0.091223  0.000000 )
(  -0.308640  0.000000   0.178194  0.000000  -0.091223  0.000000 )
(   0.000000  0.000000  -0.356387  0.000000  -0.091223  0.000000 )
(  -0.308640  0.000000   0.178194  0.000000  -0.091223  0.000000 )
(   0.308640  0.000000   0.178194  0.000000  -0.091223  0.000000 )
   freq (   33) =    58.16472961 [THz] =  1940.16626277 [cm-1]
(   0.000000  0.000000   0.000000  0.000000  -0.000000  0.000000 )
(   0.000000  0.000000  -0.000000  0.000000  -0.008704  0.000000 )
(  -0.000000  0.000000   0.000000  0.000000   0.008704  0.000000 )
(   0.000000  0.000000  -0.000000  0.000000  -0.349828  0.000000 )
(  -0.000000  0.000000   0.000000  0.000000   0.349828  0.000000 )
(   0.290134  0.000000   0.167509  0.000000  -0.116667  0.000000 )
(   0.000000  0.000000  -0.335018  0.000000  -0.116667  0.000000 )
(  -0.290134  0.000000   0.167509  0.000000  -0.116667  0.000000 )
(  -0.000000  0.000000   0.335018  0.000000   0.116667  0.000000 )
(   0.290134  0.000000  -0.167509  0.000000   0.116667  0.000000 )
(  -0.290134  0.000000  -0.167509  0.000000   0.116667  0.000000 )
***************************************************************************
