Dynamical matrix file
File generated with the CellConstructor by Lorenzo Monacelli
2 11 0     1.8897259890000000     0.0000000000000000     0.0000000000000000     0.0000000000000000     0.0000000000000000     0.0000000000000000
Basis vectors
    1.8143354772005866    -1.0475070761526430     2.8609775475038517
    0.0000000000000002     2.0950141523052861     2.8609775475038517
   -1.8143354772005857    -1.0475070761526430     2.8609775475038495
	1  'La '  126604.5951757480361266
	2  'H '    918.7358275894680446
    1     1     0.0000000000000006     0.0000000000000000     4.2914663641535800
    2     2     0.0000000000000001     0.0000000000000001     2.1375386337681102
    3     2    -0.0000000000000001    -0.0000000000000001    -2.1375386337681102
    4     2     0.0000000000000002     0.0000000000000002     0.9758747187830930
    5     2    -0.0000000000000002    -0.0000000000000002    -0.9758747187830930
    6     2     0.9366881554310331     0.5407971581074515     6.1145413390565180
    7     2     0.0000000000000007    -1.0815943162149031     6.1145413390565171
    8     2    -0.9366881554310301     0.5407971581074520     6.1145413390565171
    9     2     0.0000000000000001     1.0815943162149040     2.4683913856758291
   10     2     0.9366881554310326    -0.5407971581074518     2.4683913856758291
   11     2    -0.9366881554310313    -0.5407971581074515     2.4683913856758282

     Dynamical Matrix in cartesian axes

     q = (     0.000000000000     0.000000000000     0.000000000000 )

    1    1
     0.6522433530239875     0.0000000000000000        0.0000000000000001     0.0000000000000000       -0.0000000000000002     0.0000000000000000
     0.0000000000000002     0.0000000000000000        0.6522433530356979     0.0000000000000000        0.0000000000000000     0.0000000000000000
    -0.0000000000000003     0.0000000000000000       -0.0000000000000001     0.0000000000000000        0.6686401421304257     0.0000000000000000
    1    2
    -0.0207770269401192     0.0000000000000000        0.0000000000000000     0.0000000000000000        0.0000000000000000     0.0000000000000000
     0.0000000000000000     0.0000000000000000       -0.0207770269404922     0.0000000000000000        0.0000000000000000     0.0000000000000000
     0.0000000000000000     0.0000000000000000        0.0000000000000000     0.0000000000000000       -0.0460019870102990     0.0000000000000000
    1    3
    -0.0207770269401192     0.0000000000000000        0.0000000000000000     0.0000000000000000        0.0000000000000000     0.0000000000000000
    -0.0000000000000000     0.0000000000000000       -0.0207770269404922     0.0000000000000000        0.0000000000000000     0.0000000000000000
     0.0000000000000000     0.0000000000000000        0.0000000000000000     0.0000000000000000       -0.0460019870102990     0.0000000000000000
    1    4
    -0.0810584431336307     0.0000000000000000       -0.0000000000000000     0.0000000000000000        0.0000000000000000     0.0000000000000000
    -0.0000000000000000     0.0000000000000000       -0.0810584431350861     0.0000000000000000        0.0000000000000000     0.0000000000000000
     0.0000000000000000     0.0000000000000000        0.0000000000000000     0.0000000000000000       -0.0218043601178134     0.0000000000000000
    1    5
    -0.0810584431336307     0.0000000000000000       -0.0000000000000000     0.0000000000000000        0.0000000000000000     0.0000000000000000
    -0.0000000000000000     0.0000000000000000       -0.0810584431350861     0.0000000000000000        0.0000000000000000     0.0000000000000000
     0.0000000000000000     0.0000000000000000       -0.0000000000000000     0.0000000000000000       -0.0218043601178134     0.0000000000000000
    1    6
    -0.0536976065686254     0.0000000000000000        0.0364847188412639     0.0000000000000000       -0.0190042913603917     0.0000000000000000
     0.0364847188412640     0.0000000000000000       -0.0958265310585908     0.0000000000000000       -0.0109721327327787     0.0000000000000000
    -0.0192601353727776     0.0000000000000000       -0.0111198443422016     0.0000000000000000       -0.0888379079790333     0.0000000000000000
    1    7
    -0.1168909933009928     0.0000000000000000       -0.0000000000000000     0.0000000000000000        0.0000000000000000     0.0000000000000000
    -0.0000000000000000     0.0000000000000000       -0.0326331443250889     0.0000000000000000        0.0219442654655575     0.0000000000000000
     0.0000000000000000     0.0000000000000000        0.0222396886844032     0.0000000000000000       -0.0888379079790334     0.0000000000000000
    1    8
    -0.0536976065686254     0.0000000000000000       -0.0364847188412639     0.0000000000000000        0.0190042913603918     0.0000000000000000
    -0.0364847188412639     0.0000000000000000       -0.0958265310585908     0.0000000000000000       -0.0109721327327787     0.0000000000000000
     0.0192601353727776     0.0000000000000000       -0.0111198443422016     0.0000000000000000       -0.0888379079790334     0.0000000000000000
    1    9
    -0.1168909933009928     0.0000000000000000       -0.0000000000000000     0.0000000000000000        0.0000000000000000     0.0000000000000000
    -0.0000000000000000     0.0000000000000000       -0.0326331443250889     0.0000000000000000        0.0219442654655575     0.0000000000000000
     0.0000000000000000     0.0000000000000000        0.0222396886844032     0.0000000000000000       -0.0888379079790334     0.0000000000000000
    1   10
    -0.0536976065686254     0.0000000000000000       -0.0364847188412640     0.0000000000000000        0.0190042913603918     0.0000000000000000
    -0.0364847188412639     0.0000000000000000       -0.0958265310585908     0.0000000000000000       -0.0109721327327787     0.0000000000000000
     0.0192601353727776     0.0000000000000000       -0.0111198443422016     0.0000000000000000       -0.0888379079790334     0.0000000000000000
    1   11
    -0.0536976065686254     0.0000000000000000        0.0364847188412639     0.0000000000000000       -0.0190042913603917     0.0000000000000000
     0.0364847188412640     0.0000000000000000       -0.0958265310585908     0.0000000000000000       -0.0109721327327788     0.0000000000000000
    -0.0192601353727776     0.0000000000000000       -0.0111198443422016     0.0000000000000000       -0.0888379079790333     0.0000000000000000
    2    1
    -0.0207770269401192     0.0000000000000000        0.0000000000000000     0.0000000000000000        0.0000000000000000     0.0000000000000000
     0.0000000000000000     0.0000000000000000       -0.0207770269404922     0.0000000000000000        0.0000000000000000     0.0000000000000000
     0.0000000000000000     0.0000000000000000        0.0000000000000000     0.0000000000000000       -0.0460019870102990     0.0000000000000000
    2    2
     0.0804544375532204     0.0000000000000000        0.0000000000000000     0.0000000000000000       -0.0000000000000000     0.0000000000000000
    -0.0000000000000000     0.0000000000000000        0.0804544375546650     0.0000000000000000       -0.0000000000000000     0.0000000000000000
    -0.0000000000000000     0.0000000000000000       -0.0000000000000000     0.0000000000000000        0.1085495473369911     0.0000000000000000
    2    3
    -0.0028515060189701     0.0000000000000000       -0.0000000000000000     0.0000000000000000       -0.0000000000000000     0.0000000000000000
     0.0000000000000000     0.0000000000000000       -0.0028515060190213     0.0000000000000000       -0.0000000000000000     0.0000000000000000
    -0.0000000000000000     0.0000000000000000       -0.0000000000000000     0.0000000000000000        0.0039045817526007     0.0000000000000000
    2    4
     0.0082445176057241     0.0000000000000000       -0.0000000000000000     0.0000000000000000        0.0000000000000000     0.0000000000000000
     0.0000000000000000     0.0000000000000000        0.0082445176058722     0.0000000000000000       -0.0000000000000000     0.0000000000000000
     0.0000000000000000     0.0000000000000000        0.0000000000000000     0.0000000000000000       -0.0253469353977890     0.0000000000000000
    2    5
    -0.0183946957194160     0.0000000000000000       -0.0000000000000000     0.0000000000000000        0.0000000000000000     0.0000000000000000
    -0.0000000000000000     0.0000000000000000       -0.0183946957197463     0.0000000000000000        0.0000000000000000     0.0000000000000000
     0.0000000000000000     0.0000000000000000        0.0000000000000000     0.0000000000000000       -0.0028848127438236     0.0000000000000000
    2    6
    -0.0045947185586600     0.0000000000000000        0.0045084173451531     0.0000000000000000       -0.0047190152498877     0.0000000000000000
     0.0045084173451531     0.0000000000000000       -0.0098005904944759     0.0000000000000000       -0.0027245247248571     0.0000000000000000
    -0.0056811324575438     0.0000000000000000       -0.0032800033536943     0.0000000000000000       -0.0150923052294097     0.0000000000000000
    2    7
    -0.0124035264621198     0.0000000000000000       -0.0000000000000000     0.0000000000000000        0.0000000000000000     0.0000000000000000
    -0.0000000000000000     0.0000000000000000       -0.0019917825908759     0.0000000000000000        0.0054490494497142     0.0000000000000000
     0.0000000000000000     0.0000000000000000        0.0065600067073885     0.0000000000000000       -0.0150923052294097     0.0000000000000000
    2    8
    -0.0045947185586601     0.0000000000000000       -0.0045084173451531     0.0000000000000000        0.0047190152498877     0.0000000000000000
    -0.0045084173451531     0.0000000000000000       -0.0098005904944759     0.0000000000000000       -0.0027245247248571     0.0000000000000000
     0.0056811324575438     0.0000000000000000       -0.0032800033536943     0.0000000000000000       -0.0150923052294097     0.0000000000000000
    2    9
     0.0054901766326266     0.0000000000000000        0.0000000000000000     0.0000000000000000       -0.0000000000000000     0.0000000000000000
     0.0000000000000000     0.0000000000000000       -0.0222120185670249     0.0000000000000000       -0.0099365067420883     0.0000000000000000
    -0.0000000000000000     0.0000000000000000       -0.0068898581125877     0.0000000000000000        0.0023521739168496     0.0000000000000000
    2   10
    -0.0152864697668130     0.0000000000000000        0.0119954023916818     0.0000000000000000       -0.0086052672634466     0.0000000000000000
     0.0119954023916818     0.0000000000000000       -0.0014353721672124     0.0000000000000000        0.0049682533710442     0.0000000000000000
    -0.0059667921539177     0.0000000000000000        0.0034449290562939     0.0000000000000000        0.0023521739168496     0.0000000000000000
    2   11
    -0.0152864697668130     0.0000000000000000       -0.0119954023916818     0.0000000000000000        0.0086052672634466     0.0000000000000000
    -0.0119954023916818     0.0000000000000000       -0.0014353721672124     0.0000000000000000        0.0049682533710442     0.0000000000000000
     0.0059667921539177     0.0000000000000000        0.0034449290562939     0.0000000000000000        0.0023521739168496     0.0000000000000000
    3    1
    -0.0207770269401192     0.0000000000000000        0.0000000000000000     0.0000000000000000        0.0000000000000000     0.0000000000000000
    -0.0000000000000000     0.0000000000000000       -0.0207770269404922     0.0000000000000000        0.0000000000000000     0.0000000000000000
     0.0000000000000000     0.0000000000000000        0.0000000000000000     0.0000000000000000       -0.0460019870102990     0.0000000000000000
    3    2
    -0.0028515060189701     0.0000000000000000       -0.0000000000000000     0.0000000000000000       -0.0000000000000000     0.0000000000000000
     0.0000000000000000     0.0000000000000000       -0.0028515060190213     0.0000000000000000       -0.0000000000000000     0.0000000000000000
    -0.0000000000000000     0.0000000000000000       -0.0000000000000000     0.0000000000000000        0.0039045817526007     0.0000000000000000
    3    3
     0.0804544375532205     0.0000000000000000       -0.0000000000000000     0.0000000000000000       -0.0000000000000000     0.0000000000000000
     0.0000000000000000     0.0000000000000000        0.0804544375546650     0.0000000000000000       -0.0000000000000000     0.0000000000000000
    -0.0000000000000000     0.0000000000000000       -0.0000000000000000     0.0000000000000000        0.1085495473369911     0.0000000000000000
    3    4
    -0.0183946957194160     0.0000000000000000        0.0000000000000000     0.0000000000000000        0.0000000000000000     0.0000000000000000
    -0.0000000000000000     0.0000000000000000       -0.0183946957197463     0.0000000000000000        0.0000000000000000     0.0000000000000000
     0.0000000000000000     0.0000000000000000        0.0000000000000000     0.0000000000000000       -0.0028848127438236     0.0000000000000000
    3    5
     0.0082445176057241     0.0000000000000000       -0.0000000000000000     0.0000000000000000        0.0000000000000000     0.0000000000000000
     0.0000000000000000     0.0000000000000000        0.0082445176058722     0.0000000000000000        0.0000000000000000     0.0000000000000000
     0.0000000000000000     0.0000000000000000        0.0000000000000000     0.0000000000000000       -0.0253469353977890     0.0000000000000000
    3    6
    -0.0152864697668130     0.0000000000000000       -0.0119954023916818     0.0000000000000000        0.0086052672634466     0.0000000000000000
    -0.0119954023916818     0.0000000000000000       -0.0014353721672124     0.0000000000000000        0.0049682533710442     0.0000000000000000
     0.0059667921539177     0.0000000000000000        0.0034449290562939     0.0000000000000000        0.0023521739168496     0.0000000000000000
    3    7
     0.0054901766326266     0.0000000000000000        0.0000000000000000     0.0000000000000000       -0.0000000000000000     0.0000000000000000
     0.0000000000000000     0.0000000000000000       -0.0222120185670249     0.0000000000000000       -0.0099365067420883     0.0000000000000000
    -0.0000000000000000     0.0000000000000000       -0.0068898581125877     0.0000000000000000        0.0023521739168496     0.0000000000000000
    3    8
    -0.0152864697668130     0.0000000000000000        0.0119954023916818     0.0000000000000000       -0.0086052672634466     0.0000000000000000
     0.0119954023916818     0.0000000000000000       -0.0014353721672124     0.0000000000000000        0.0049682533710442     0.0000000000000000
    -0.0059667921539177     0.0000000000000000        0.0034449290562939     0.0000000000000000        0.0023521739168496     0.0000000000000000
    3    9
    -0.0124035264621198     0.0000000000000000       -0.0000000000000000     0.0000000000000000        0.0000000000000000     0.0000000000000000
     0.0000000000000000     0.0000000000000000       -0.0019917825908759     0.0000000000000000        0.0054490494497142     0.0000000000000000
     0.0000000000000000     0.0000000000000000        0.0065600067073885     0.0000000000000000       -0.0150923052294097     0.0000000000000000
    3   10
    -0.0045947185586601     0.0000000000000000       -0.0045084173451531     0.0000000000000000        0.0047190152498877     0.0000000000000000
    -0.0045084173451531     0.0000000000000000       -0.0098005904944759     0.0000000000000000       -0.0027245247248571     0.0000000000000000
     0.0056811324575438     0.0000000000000000       -0.0032800033536943     0.0000000000000000       -0.0150923052294097     0.0000000000000000
    3   11
    -0.0045947185586600     0.0000000000000000        0.0045084173451531     0.0000000000000000       -0.0047190152498877     0.0000000000000000
     0.0045084173451531     0.0000000000000000       -0.0098005904944759     0.0000000000000000       -0.0027245247248571     0.0000000000000000
    -0.0056811324575438     0.0000000000000000       -0.0032800033536943     0.0000000000000000       -0.0150923052294097     0.0000000000000000
    4    1
    -0.0810584431336307     0.0000000000000000       -0.0000000000000000     0.0000000000000000        0.0000000000000000     0.0000000000000000
    -0.0000000000000000     0.0000000000000000       -0.0810584431350861     0.0000000000000000        0.0000000000000000     0.0000000000000000
     0.0000000000000000     0.0000000000000000        0.0000000000000000     0.0000000000000000       -0.0218043601178134     0.0000000000000000
    4    2
     0.0082445176057241     0.0000000000000000       -0.0000000000000000     0.0000000000000000        0.0000000000000000     0.0000000000000000
     0.0000000000000000     0.0000000000000000        0.0082445176058722     0.0000000000000000       -0.0000000000000000     0.0000000000000000
     0.0000000000000000     0.0000000000000000        0.0000000000000000     0.0000000000000000       -0.0253469353977890     0.0000000000000000
    4    3
    -0.0183946957194160     0.0000000000000000       -0.0000000000000000     0.0000000000000000        0.0000000000000000     0.0000000000000000
    -0.0000000000000000     0.0000000000000000       -0.0183946957197463     0.0000000000000000        0.0000000000000000     0.0000000000000000
     0.0000000000000000     0.0000000000000000       -0.0000000000000000     0.0000000000000000       -0.0028848127438236     0.0000000000000000
    4    4
     0.1047609146303199     0.0000000000000000        0.0000000000000000     0.0000000000000000       -0.0000000000000001     0.0000000000000000
    -0.0000000000000000     0.0000000000000000        0.1047609146322007     0.0000000000000000        0.0000000000000000     0.0000000000000000
    -0.0000000000000001     0.0000000000000000       -0.0000000000000000     0.0000000000000000        0.1329734987997535     0.0000000000000000
    4    5
    -0.0002028955102327     0.0000000000000000       -0.0000000000000000     0.0000000000000000        0.0000000000000000     0.0000000000000000
     0.0000000000000000     0.0000000000000000       -0.0002028955102364     0.0000000000000000        0.0000000000000000     0.0000000000000000
     0.0000000000000000     0.0000000000000000        0.0000000000000000     0.0000000000000000       -0.0085614894513625     0.0000000000000000
    4    6
    -0.0056560702863857     0.0000000000000000       -0.0086291743741146     0.0000000000000000       -0.0074086028723707     0.0000000000000000
    -0.0086291743741146     0.0000000000000000        0.0043080420091607     0.0000000000000000       -0.0042773588627206     0.0000000000000000
    -0.0175061012046323     0.0000000000000000       -0.0101071522430460     0.0000000000000000        0.0053265871955015     0.0000000000000000
    4    7
     0.0092900981568179     0.0000000000000000       -0.0000000000000000     0.0000000000000000       -0.0000000000000000     0.0000000000000000
     0.0000000000000000     0.0000000000000000       -0.0106381264343113     0.0000000000000000        0.0085547177254413     0.0000000000000000
    -0.0000000000000000     0.0000000000000000        0.0202143044860920     0.0000000000000000        0.0053265871955015     0.0000000000000000
    4    8
    -0.0056560702863857     0.0000000000000000        0.0086291743741146     0.0000000000000000        0.0074086028723707     0.0000000000000000
     0.0086291743741146     0.0000000000000000        0.0043080420091607     0.0000000000000000       -0.0042773588627206     0.0000000000000000
     0.0175061012046323     0.0000000000000000       -0.0101071522430460     0.0000000000000000        0.0053265871955015     0.0000000000000000
    4    9
     0.0081283551823334     0.0000000000000000        0.0000000000000000     0.0000000000000000        0.0000000000000000     0.0000000000000000
     0.0000000000000000     0.0000000000000000       -0.0156799254871556     0.0000000000000000       -0.0216493232979087     0.0000000000000000
     0.0000000000000000     0.0000000000000000       -0.0303622688151540     0.0000000000000000       -0.0301185542251565     0.0000000000000000
    4   10
    -0.0097278553195722     0.0000000000000000        0.0103092879400744     0.0000000000000000       -0.0187488639505629     0.0000000000000000
     0.0103092879400744     0.0000000000000000        0.0021762850150706     0.0000000000000000        0.0108246616489543     0.0000000000000000
    -0.0262944961102194     0.0000000000000000        0.0151811344075770     0.0000000000000000       -0.0301185542251565     0.0000000000000000
    4   11
    -0.0097278553195722     0.0000000000000000       -0.0103092879400744     0.0000000000000000        0.0187488639505629     0.0000000000000000
    -0.0103092879400744     0.0000000000000000        0.0021762850150706     0.0000000000000000        0.0108246616489543     0.0000000000000000
     0.0262944961102194     0.0000000000000000        0.0151811344075770     0.0000000000000000       -0.0301185542251565     0.0000000000000000
    5    1
    -0.0810584431336307     0.0000000000000000       -0.0000000000000000     0.0000000000000000        0.0000000000000000     0.0000000000000000
    -0.0000000000000000     0.0000000000000000       -0.0810584431350861     0.0000000000000000        0.0000000000000000     0.0000000000000000
     0.0000000000000000     0.0000000000000000       -0.0000000000000000     0.0000000000000000       -0.0218043601178134     0.0000000000000000
    5    2
    -0.0183946957194160     0.0000000000000000       -0.0000000000000000     0.0000000000000000        0.0000000000000000     0.0000000000000000
    -0.0000000000000000     0.0000000000000000       -0.0183946957197463     0.0000000000000000        0.0000000000000000     0.0000000000000000
     0.0000000000000000     0.0000000000000000        0.0000000000000000     0.0000000000000000       -0.0028848127438236     0.0000000000000000
    5    3
     0.0082445176057241     0.0000000000000000       -0.0000000000000000     0.0000000000000000        0.0000000000000000     0.0000000000000000
     0.0000000000000000     0.0000000000000000        0.0082445176058722     0.0000000000000000        0.0000000000000000     0.0000000000000000
     0.0000000000000000     0.0000000000000000        0.0000000000000000     0.0000000000000000       -0.0253469353977890     0.0000000000000000
    5    4
    -0.0002028955102327     0.0000000000000000        0.0000000000000000     0.0000000000000000        0.0000000000000000     0.0000000000000000
    -0.0000000000000000     0.0000000000000000       -0.0002028955102364     0.0000000000000000        0.0000000000000000     0.0000000000000000
     0.0000000000000000     0.0000000000000000        0.0000000000000000     0.0000000000000000       -0.0085614894513625     0.0000000000000000
    5    5
     0.1047609146303199     0.0000000000000000        0.0000000000000000     0.0000000000000000       -0.0000000000000001     0.0000000000000000
    -0.0000000000000000     0.0000000000000000        0.1047609146322007     0.0000000000000000        0.0000000000000000     0.0000000000000000
    -0.0000000000000001     0.0000000000000000       -0.0000000000000000     0.0000000000000000        0.1329734987997535     0.0000000000000000
    5    6
    -0.0097278553195722     0.0000000000000000       -0.0103092879400744     0.0000000000000000        0.0187488639505629     0.0000000000000000
    -0.0103092879400744     0.0000000000000000        0.0021762850150706     0.0000000000000000        0.0108246616489543     0.0000000000000000
     0.0262944961102194     0.0000000000000000        0.0151811344075770     0.0000000000000000       -0.0301185542251565     0.0000000000000000
    5    7
     0.0081283551823334     0.0000000000000000        0.0000000000000000     0.0000000000000000        0.0000000000000000     0.0000000000000000
     0.0000000000000000     0.0000000000000000       -0.0156799254871556     0.0000000000000000       -0.0216493232979087     0.0000000000000000
     0.0000000000000000     0.0000000000000000       -0.0303622688151540     0.0000000000000000       -0.0301185542251565     0.0000000000000000
    5    8
    -0.0097278553195722     0.0000000000000000        0.0103092879400744     0.0000000000000000       -0.0187488639505629     0.0000000000000000
     0.0103092879400744     0.0000000000000000        0.0021762850150706     0.0000000000000000        0.0108246616489543     0.0000000000000000
    -0.0262944961102194     0.0000000000000000        0.0151811344075770     0.0000000000000000       -0.0301185542251565     0.0000000000000000
    5    9
     0.0092900981568179     0.0000000000000000       -0.0000000000000000     0.0000000000000000       -0.0000000000000000     0.0000000000000000
    -0.0000000000000000     0.0000000000000000       -0.0106381264343113     0.0000000000000000        0.0085547177254413     0.0000000000000000
    -0.0000000000000000     0.0000000000000000        0.0202143044860920     0.0000000000000000        0.0053265871955015     0.0000000000000000
    5   10
    -0.0056560702863857     0.0000000000000000        0.0086291743741146     0.0000000000000000        0.0074086028723707     0.0000000000000000
     0.0086291743741146     0.0000000000000000        0.0043080420091607     0.0000000000000000       -0.0042773588627206     0.0000000000000000
     0.0175061012046323     0.0000000000000000       -0.0101071522430460     0.0000000000000000        0.0053265871955015     0.0000000000000000
    5   11
    -0.0056560702863857     0.0000000000000000       -0.0086291743741146     0.0000000000000000       -0.0074086028723707     0.0000000000000000
    -0.0086291743741146     0.0000000000000000        0.0043080420091607     0.0000000000000000       -0.0042773588627206     0.0000000000000000
    -0.0175061012046323     0.0000000000000000       -0.0101071522430460     0.0000000000000000        0.0053265871955015     0.0000000000000000
    6    1
    -0.0536976065686254     0.0000000000000000        0.0364847188412639     0.0000000000000000       -0.0192601353727776     0.0000000000000000
     0.0364847188412639     0.0000000000000000       -0.0958265310585908     0.0000000000000000       -0.0111198443422016     0.0000000000000000
    -0.0190042913603917     0.0000000000000000       -0.0109721327327787     0.0000000000000000       -0.0888379079790333     0.0000000000000000
    6    2
    -0.0045947185586600     0.0000000000000000        0.0045084173451531     0.0000000000000000       -0.0056811324575438     0.0000000000000000
     0.0045084173451531     0.0000000000000000       -0.0098005904944759     0.0000000000000000       -0.0032800033536943     0.0000000000000000
    -0.0047190152498877     0.0000000000000000       -0.0027245247248571     0.0000000000000000       -0.0150923052294097     0.0000000000000000
    6    3
    -0.0152864697668130     0.0000000000000000       -0.0119954023916818     0.0000000000000000        0.0059667921539177     0.0000000000000000
    -0.0119954023916818     0.0000000000000000       -0.0014353721672124     0.0000000000000000        0.0034449290562939     0.0000000000000000
     0.0086052672634466     0.0000000000000000        0.0049682533710442     0.0000000000000000        0.0023521739168496     0.0000000000000000
    6    4
    -0.0056560702863857     0.0000000000000000       -0.0086291743741146     0.0000000000000000       -0.0175061012046323     0.0000000000000000
    -0.0086291743741146     0.0000000000000000        0.0043080420091607     0.0000000000000000       -0.0101071522430460     0.0000000000000000
    -0.0074086028723707     0.0000000000000000       -0.0042773588627206     0.0000000000000000        0.0053265871955015     0.0000000000000000
    6    5
    -0.0097278553195722     0.0000000000000000       -0.0103092879400744     0.0000000000000000        0.0262944961102194     0.0000000000000000
    -0.0103092879400744     0.0000000000000000        0.0021762850150706     0.0000000000000000        0.0151811344075770     0.0000000000000000
     0.0187488639505629     0.0000000000000000        0.0108246616489543     0.0000000000000000       -0.0301185542251565     0.0000000000000000
    6    6
     0.1343007416433393     0.0000000000000000        0.0049622250191371     0.0000000000000000       -0.0013001407488760     0.0000000000000000
     0.0049622250191371     0.0000000000000000        0.1285708577445425     0.0000000000000000       -0.0007506366113547     0.0000000000000000
    -0.0013001407488760     0.0000000000000000       -0.0007506366113547     0.0000000000000000        0.1170566065736224     0.0000000000000000
    6    7
    -0.0081932789353747     0.0000000000000000       -0.0275790588540848     0.0000000000000000        0.0013732051039473     0.0000000000000000
    -0.0188196519872861     0.0000000000000000       -0.0349815871300794     0.0000000000000000       -0.0016528591050150     0.0000000000000000
     0.0021180205257802     0.0000000000000000       -0.0003628009521280     0.0000000000000000        0.0053530117604709     0.0000000000000000
    6    8
    -0.0483757412264896     0.0000000000000000        0.0043797034333994     0.0000000000000000       -0.0007448154218329     0.0000000000000000
    -0.0043797034333994     0.0000000000000000        0.0052008751617569     0.0000000000000000        0.0020156600571430     0.0000000000000000
     0.0007448154218329     0.0000000000000000        0.0020156600571430     0.0000000000000000        0.0053530117604709     0.0000000000000000
    6    9
    -0.0003818723670018     0.0000000000000000        0.0108099835577301     0.0000000000000000        0.0088304118401656     0.0000000000000000
     0.0029467564330286     0.0000000000000000        0.0075605851698989     0.0000000000000000       -0.0017716451012873     0.0000000000000000
     0.0059494955842741     0.0000000000000000       -0.0067615384288873     0.0000000000000000        0.0016580872020840     0.0000000000000000
    6   10
     0.0115318139381456     0.0000000000000000       -0.0039316135623508     0.0000000000000000        0.0028809162558915     0.0000000000000000
     0.0039316135623508     0.0000000000000000       -0.0043531011354624     0.0000000000000000        0.0085331835301746     0.0000000000000000
    -0.0028809162558915     0.0000000000000000        0.0085331835301746     0.0000000000000000        0.0016580872020840     0.0000000000000000
    6   11
     0.0000810574474377     0.0000000000000000        0.0012994889256227     0.0000000000000000       -0.0008534962584790     0.0000000000000000
     0.0012994889256227     0.0000000000000000       -0.0014194631146088     0.0000000000000000       -0.0004927662945896     0.0000000000000000
    -0.0008534962584790     0.0000000000000000       -0.0004927662945896     0.0000000000000000       -0.0047087981774836     0.0000000000000000
    7    1
    -0.1168909933009928     0.0000000000000000       -0.0000000000000000     0.0000000000000000        0.0000000000000000     0.0000000000000000
    -0.0000000000000000     0.0000000000000000       -0.0326331443250889     0.0000000000000000        0.0222396886844032     0.0000000000000000
     0.0000000000000000     0.0000000000000000        0.0219442654655575     0.0000000000000000       -0.0888379079790334     0.0000000000000000
    7    2
    -0.0124035264621198     0.0000000000000000       -0.0000000000000000     0.0000000000000000        0.0000000000000000     0.0000000000000000
    -0.0000000000000000     0.0000000000000000       -0.0019917825908759     0.0000000000000000        0.0065600067073885     0.0000000000000000
     0.0000000000000000     0.0000000000000000        0.0054490494497142     0.0000000000000000       -0.0150923052294097     0.0000000000000000
    7    3
     0.0054901766326266     0.0000000000000000        0.0000000000000000     0.0000000000000000       -0.0000000000000000     0.0000000000000000
     0.0000000000000000     0.0000000000000000       -0.0222120185670249     0.0000000000000000       -0.0068898581125877     0.0000000000000000
     0.0000000000000000     0.0000000000000000       -0.0099365067420883     0.0000000000000000        0.0023521739168496     0.0000000000000000
    7    4
     0.0092900981568179     0.0000000000000000        0.0000000000000000     0.0000000000000000       -0.0000000000000000     0.0000000000000000
    -0.0000000000000000     0.0000000000000000       -0.0106381264343113     0.0000000000000000        0.0202143044860920     0.0000000000000000
    -0.0000000000000000     0.0000000000000000        0.0085547177254413     0.0000000000000000        0.0053265871955015     0.0000000000000000
    7    5
     0.0081283551823334     0.0000000000000000        0.0000000000000000     0.0000000000000000        0.0000000000000000     0.0000000000000000
     0.0000000000000000     0.0000000000000000       -0.0156799254871556     0.0000000000000000       -0.0303622688151540     0.0000000000000000
     0.0000000000000000     0.0000000000000000       -0.0216493232979087     0.0000000000000000       -0.0301185542251565     0.0000000000000000
    7    6
    -0.0081932789353747     0.0000000000000000       -0.0188196519872861     0.0000000000000000        0.0021180205257802     0.0000000000000000
    -0.0275790588540848     0.0000000000000000       -0.0349815871300794     0.0000000000000000       -0.0003628009521280     0.0000000000000000
     0.0013732051039473     0.0000000000000000       -0.0016528591050150     0.0000000000000000        0.0053530117604709     0.0000000000000000
    7    7
     0.1257059157916815     0.0000000000000000        0.0000000000000000     0.0000000000000000       -0.0000000000000000     0.0000000000000000
     0.0000000000000000     0.0000000000000000        0.1371656835963546     0.0000000000000000        0.0015012732227094     0.0000000000000000
    -0.0000000000000001     0.0000000000000000        0.0015012732227094     0.0000000000000000        0.1170566065736224     0.0000000000000000
    7    8
    -0.0081932789353748     0.0000000000000000        0.0188196519872861     0.0000000000000000       -0.0021180205257802     0.0000000000000000
     0.0275790588540848     0.0000000000000000       -0.0349815871300794     0.0000000000000000       -0.0003628009521280     0.0000000000000000
    -0.0013732051039473     0.0000000000000000       -0.0016528591050150     0.0000000000000000        0.0053530117604709     0.0000000000000000
    7    9
    -0.0021697233955938     0.0000000000000000        0.0000000000000000     0.0000000000000000        0.0000000000000000     0.0000000000000000
     0.0000000000000000     0.0000000000000000        0.0008313177284631     0.0000000000000000        0.0009855325891793     0.0000000000000000
     0.0000000000000000     0.0000000000000000        0.0009855325891793     0.0000000000000000       -0.0047087981774836     0.0000000000000000
    7   10
    -0.0003818723670018     0.0000000000000000       -0.0029467564330286     0.0000000000000000       -0.0059494955842741     0.0000000000000000
    -0.0108099835577301     0.0000000000000000        0.0075605851698989     0.0000000000000000       -0.0067615384288873     0.0000000000000000
    -0.0088304118401656     0.0000000000000000       -0.0017716451012873     0.0000000000000000        0.0016580872020840     0.0000000000000000
    7   11
    -0.0003818723670018     0.0000000000000000        0.0029467564330286     0.0000000000000000        0.0059494955842741     0.0000000000000000
     0.0108099835577301     0.0000000000000000        0.0075605851698989     0.0000000000000000       -0.0067615384288873     0.0000000000000000
     0.0088304118401656     0.0000000000000000       -0.0017716451012873     0.0000000000000000        0.0016580872020840     0.0000000000000000
    8    1
    -0.0536976065686255     0.0000000000000000       -0.0364847188412639     0.0000000000000000        0.0192601353727776     0.0000000000000000
    -0.0364847188412639     0.0000000000000000       -0.0958265310585908     0.0000000000000000       -0.0111198443422016     0.0000000000000000
     0.0190042913603918     0.0000000000000000       -0.0109721327327787     0.0000000000000000       -0.0888379079790334     0.0000000000000000
    8    2
    -0.0045947185586601     0.0000000000000000       -0.0045084173451531     0.0000000000000000        0.0056811324575438     0.0000000000000000
    -0.0045084173451531     0.0000000000000000       -0.0098005904944759     0.0000000000000000       -0.0032800033536943     0.0000000000000000
     0.0047190152498877     0.0000000000000000       -0.0027245247248571     0.0000000000000000       -0.0150923052294097     0.0000000000000000
    8    3
    -0.0152864697668130     0.0000000000000000        0.0119954023916818     0.0000000000000000       -0.0059667921539177     0.0000000000000000
     0.0119954023916818     0.0000000000000000       -0.0014353721672124     0.0000000000000000        0.0034449290562939     0.0000000000000000
    -0.0086052672634466     0.0000000000000000        0.0049682533710442     0.0000000000000000        0.0023521739168496     0.0000000000000000
    8    4
    -0.0056560702863857     0.0000000000000000        0.0086291743741146     0.0000000000000000        0.0175061012046323     0.0000000000000000
     0.0086291743741146     0.0000000000000000        0.0043080420091607     0.0000000000000000       -0.0101071522430460     0.0000000000000000
     0.0074086028723707     0.0000000000000000       -0.0042773588627206     0.0000000000000000        0.0053265871955015     0.0000000000000000
    8    5
    -0.0097278553195722     0.0000000000000000        0.0103092879400744     0.0000000000000000       -0.0262944961102194     0.0000000000000000
     0.0103092879400744     0.0000000000000000        0.0021762850150706     0.0000000000000000        0.0151811344075770     0.0000000000000000
    -0.0187488639505629     0.0000000000000000        0.0108246616489543     0.0000000000000000       -0.0301185542251565     0.0000000000000000
    8    6
    -0.0483757412264896     0.0000000000000000       -0.0043797034333994     0.0000000000000000        0.0007448154218329     0.0000000000000000
     0.0043797034333994     0.0000000000000000        0.0052008751617569     0.0000000000000000        0.0020156600571430     0.0000000000000000
    -0.0007448154218329     0.0000000000000000        0.0020156600571430     0.0000000000000000        0.0053530117604709     0.0000000000000000
    8    7
    -0.0081932789353748     0.0000000000000000        0.0275790588540848     0.0000000000000000       -0.0013732051039473     0.0000000000000000
     0.0188196519872861     0.0000000000000000       -0.0349815871300794     0.0000000000000000       -0.0016528591050150     0.0000000000000000
    -0.0021180205257802     0.0000000000000000       -0.0003628009521280     0.0000000000000000        0.0053530117604709     0.0000000000000000
    8    8
     0.1343007416433393     0.0000000000000000       -0.0049622250191371     0.0000000000000000        0.0013001407488759     0.0000000000000000
    -0.0049622250191371     0.0000000000000000        0.1285708577445425     0.0000000000000000       -0.0007506366113547     0.0000000000000000
     0.0013001407488759     0.0000000000000000       -0.0007506366113547     0.0000000000000000        0.1170566065736224     0.0000000000000000
    8    9
    -0.0003818723670018     0.0000000000000000       -0.0108099835577301     0.0000000000000000       -0.0088304118401656     0.0000000000000000
    -0.0029467564330286     0.0000000000000000        0.0075605851698989     0.0000000000000000       -0.0017716451012873     0.0000000000000000
    -0.0059494955842741     0.0000000000000000       -0.0067615384288873     0.0000000000000000        0.0016580872020840     0.0000000000000000
    8   10
     0.0000810574474377     0.0000000000000000       -0.0012994889256227     0.0000000000000000        0.0008534962584790     0.0000000000000000
    -0.0012994889256227     0.0000000000000000       -0.0014194631146088     0.0000000000000000       -0.0004927662945896     0.0000000000000000
     0.0008534962584790     0.0000000000000000       -0.0004927662945896     0.0000000000000000       -0.0047087981774836     0.0000000000000000
    8   11
     0.0115318139381456     0.0000000000000000        0.0039316135623508     0.0000000000000000       -0.0028809162558915     0.0000000000000000
    -0.0039316135623508     0.0000000000000000       -0.0043531011354624     0.0000000000000000        0.0085331835301746     0.0000000000000000
     0.0028809162558915     0.0000000000000000        0.0085331835301746     0.0000000000000000        0.0016580872020840     0.0000000000000000
    9    1
    -0.1168909933009928     0.0000000000000000       -0.0000000000000000     0.0000000000000000        0.0000000000000000     0.0000000000000000
    -0.0000000000000000     0.0000000000000000       -0.0326331443250889     0.0000000000000000        0.0222396886844032     0.0000000000000000
     0.0000000000000000     0.0000000000000000        0.0219442654655575     0.0000000000000000       -0.0888379079790334     0.0000000000000000
    9    2
     0.0054901766326266     0.0000000000000000        0.0000000000000000     0.0000000000000000       -0.0000000000000000     0.0000000000000000
     0.0000000000000000     0.0000000000000000       -0.0222120185670249     0.0000000000000000       -0.0068898581125877     0.0000000000000000
    -0.0000000000000000     0.0000000000000000       -0.0099365067420883     0.0000000000000000        0.0023521739168496     0.0000000000000000
    9    3
    -0.0124035264621198     0.0000000000000000       -0.0000000000000000     0.0000000000000000        0.0000000000000000     0.0000000000000000
    -0.0000000000000000     0.0000000000000000       -0.0019917825908759     0.0000000000000000        0.0065600067073885     0.0000000000000000
     0.0000000000000000     0.0000000000000000        0.0054490494497142     0.0000000000000000       -0.0150923052294097     0.0000000000000000
    9    4
     0.0081283551823334     0.0000000000000000        0.0000000000000000     0.0000000000000000        0.0000000000000000     0.0000000000000000
     0.0000000000000000     0.0000000000000000       -0.0156799254871556     0.0000000000000000       -0.0303622688151540     0.0000000000000000
     0.0000000000000000     0.0000000000000000       -0.0216493232979087     0.0000000000000000       -0.0301185542251565     0.0000000000000000
    9    5
     0.0092900981568179     0.0000000000000000       -0.0000000000000000     0.0000000000000000       -0.0000000000000000     0.0000000000000000
    -0.0000000000000000     0.0000000000000000       -0.0106381264343113     0.0000000000000000        0.0202143044860920     0.0000000000000000
    -0.0000000000000000     0.0000000000000000        0.0085547177254413     0.0000000000000000        0.0053265871955015     0.0000000000000000
    9    6
    -0.0003818723670018     0.0000000000000000        0.0029467564330286     0.0000000000000000        0.0059494955842741     0.0000000000000000
     0.0108099835577301     0.0000000000000000        0.0075605851698989     0.0000000000000000       -0.0067615384288873     0.0000000000000000
     0.0088304118401656     0.0000000000000000       -0.0017716451012873     0.0000000000000000        0.0016580872020840     0.0000000000000000
    9    7
    -0.0021697233955938     0.0000000000000000        0.0000000000000000     0.0000000000000000        0.0000000000000000     0.0000000000000000
    -0.0000000000000000     0.0000000000000000        0.0008313177284631     0.0000000000000000        0.0009855325891793     0.0000000000000000
     0.0000000000000000     0.0000000000000000        0.0009855325891793     0.0000000000000000       -0.0047087981774836     0.0000000000000000
    9    8
    -0.0003818723670018     0.0000000000000000       -0.0029467564330286     0.0000000000000000       -0.0059494955842741     0.0000000000000000
    -0.0108099835577301     0.0000000000000000        0.0075605851698989     0.0000000000000000       -0.0067615384288873     0.0000000000000000
    -0.0088304118401656     0.0000000000000000       -0.0017716451012873     0.0000000000000000        0.0016580872020840     0.0000000000000000
    9    9
     0.1257059157916815     0.0000000000000000        0.0000000000000000     0.0000000000000000       -0.0000000000000000     0.0000000000000000
     0.0000000000000000     0.0000000000000000        0.1371656835963546     0.0000000000000000        0.0015012732227094     0.0000000000000000
    -0.0000000000000001     0.0000000000000000        0.0015012732227094     0.0000000000000000        0.1170566065736224     0.0000000000000000
    9   10
    -0.0081932789353748     0.0000000000000000        0.0188196519872861     0.0000000000000000       -0.0021180205257802     0.0000000000000000
     0.0275790588540848     0.0000000000000000       -0.0349815871300794     0.0000000000000000       -0.0003628009521280     0.0000000000000000
    -0.0013732051039473     0.0000000000000000       -0.0016528591050150     0.0000000000000000        0.0053530117604709     0.0000000000000000
    9   11
    -0.0081932789353747     0.0000000000000000       -0.0188196519872861     0.0000000000000000        0.0021180205257802     0.0000000000000000
    -0.0275790588540848     0.0000000000000000       -0.0349815871300794     0.0000000000000000       -0.0003628009521280     0.0000000000000000
     0.0013732051039473     0.0000000000000000       -0.0016528591050150     0.0000000000000000        0.0053530117604709     0.0000000000000000
   10    1
    -0.0536976065686255     0.0000000000000000       -0.0364847188412639     0.0000000000000000        0.0192601353727776     0.0000000000000000
    -0.0364847188412639     0.0000000000000000       -0.0958265310585908     0.0000000000000000       -0.0111198443422016     0.0000000000000000
     0.0190042913603918     0.0000000000000000       -0.0109721327327787     0.0000000000000000       -0.0888379079790334     0.0000000000000000
   10    2
    -0.0152864697668130     0.0000000000000000        0.0119954023916818     0.0000000000000000       -0.0059667921539177     0.0000000000000000
     0.0119954023916818     0.0000000000000000       -0.0014353721672124     0.0000000000000000        0.0034449290562939     0.0000000000000000
    -0.0086052672634466     0.0000000000000000        0.0049682533710442     0.0000000000000000        0.0023521739168496     0.0000000000000000
   10    3
    -0.0045947185586601     0.0000000000000000       -0.0045084173451531     0.0000000000000000        0.0056811324575438     0.0000000000000000
    -0.0045084173451531     0.0000000000000000       -0.0098005904944759     0.0000000000000000       -0.0032800033536943     0.0000000000000000
     0.0047190152498877     0.0000000000000000       -0.0027245247248571     0.0000000000000000       -0.0150923052294097     0.0000000000000000
   10    4
    -0.0097278553195722     0.0000000000000000        0.0103092879400744     0.0000000000000000       -0.0262944961102194     0.0000000000000000
     0.0103092879400744     0.0000000000000000        0.0021762850150706     0.0000000000000000        0.0151811344075770     0.0000000000000000
    -0.0187488639505629     0.0000000000000000        0.0108246616489543     0.0000000000000000       -0.0301185542251565     0.0000000000000000
   10    5
    -0.0056560702863857     0.0000000000000000        0.0086291743741146     0.0000000000000000        0.0175061012046323     0.0000000000000000
     0.0086291743741146     0.0000000000000000        0.0043080420091607     0.0000000000000000       -0.0101071522430460     0.0000000000000000
     0.0074086028723707     0.0000000000000000       -0.0042773588627206     0.0000000000000000        0.0053265871955015     0.0000000000000000
   10    6
     0.0115318139381456     0.0000000000000000        0.0039316135623508     0.0000000000000000       -0.0028809162558915     0.0000000000000000
    -0.0039316135623508     0.0000000000000000       -0.0043531011354624     0.0000000000000000        0.0085331835301746     0.0000000000000000
     0.0028809162558915     0.0000000000000000        0.0085331835301746     0.0000000000000000        0.0016580872020840     0.0000000000000000
   10    7
    -0.0003818723670018     0.0000000000000000       -0.0108099835577301     0.0000000000000000       -0.0088304118401656     0.0000000000000000
    -0.0029467564330286     0.0000000000000000        0.0075605851698989     0.0000000000000000       -0.0017716451012873     0.0000000000000000
    -0.0059494955842741     0.0000000000000000       -0.0067615384288873     0.0000000000000000        0.0016580872020840     0.0000000000000000
   10    8
     0.0000810574474377     0.0000000000000000       -0.0012994889256227     0.0000000000000000        0.0008534962584790     0.0000000000000000
    -0.0012994889256227     0.0000000000000000       -0.0014194631146088     0.0000000000000000       -0.0004927662945896     0.0000000000000000
     0.0008534962584790     0.0000000000000000       -0.0004927662945896     0.0000000000000000       -0.0047087981774836     0.0000000000000000
   10    9
    -0.0081932789353748     0.0000000000000000        0.0275790588540848     0.0000000000000000       -0.0013732051039473     0.0000000000000000
     0.0188196519872861     0.0000000000000000       -0.0349815871300794     0.0000000000000000       -0.0016528591050150     0.0000000000000000
    -0.0021180205257802     0.0000000000000000       -0.0003628009521280     0.0000000000000000        0.0053530117604709     0.0000000000000000
   10   10
     0.1343007416433393     0.0000000000000000       -0.0049622250191371     0.0000000000000000        0.0013001407488759     0.0000000000000000
    -0.0049622250191371     0.0000000000000000        0.1285708577445425     0.0000000000000000       -0.0007506366113547     0.0000000000000000
     0.0013001407488759     0.0000000000000000       -0.0007506366113547     0.0000000000000000        0.1170566065736224     0.0000000000000000
   10   11
    -0.0483757412264896     0.0000000000000000       -0.0043797034333994     0.0000000000000000        0.0007448154218329     0.0000000000000000
     0.0043797034333994     0.0000000000000000        0.0052008751617569     0.0000000000000000        0.0020156600571430     0.0000000000000000
    -0.0007448154218329     0.0000000000000000        0.0020156600571430     0.0000000000000000        0.0053530117604709     0.0000000000000000
   11    1
    -0.0536976065686254     0.0000000000000000        0.0364847188412639     0.0000000000000000       -0.0192601353727776     0.0000000000000000
     0.0364847188412640     0.0000000000000000       -0.0958265310585908     0.0000000000000000       -0.0111198443422016     0.0000000000000000
    -0.0190042913603917     0.0000000000000000       -0.0109721327327787     0.0000000000000000       -0.0888379079790333     0.0000000000000000
   11    2
    -0.0152864697668130     0.0000000000000000       -0.0119954023916818     0.0000000000000000        0.0059667921539177     0.0000000000000000
    -0.0119954023916818     0.0000000000000000       -0.0014353721672124     0.0000000000000000        0.0034449290562939     0.0000000000000000
     0.0086052672634466     0.0000000000000000        0.0049682533710442     0.0000000000000000        0.0023521739168496     0.0000000000000000
   11    3
    -0.0045947185586600     0.0000000000000000        0.0045084173451531     0.0000000000000000       -0.0056811324575438     0.0000000000000000
     0.0045084173451531     0.0000000000000000       -0.0098005904944759     0.0000000000000000       -0.0032800033536943     0.0000000000000000
    -0.0047190152498877     0.0000000000000000       -0.0027245247248571     0.0000000000000000       -0.0150923052294097     0.0000000000000000
   11    4
    -0.0097278553195722     0.0000000000000000       -0.0103092879400744     0.0000000000000000        0.0262944961102194     0.0000000000000000
    -0.0103092879400744     0.0000000000000000        0.0021762850150706     0.0000000000000000        0.0151811344075770     0.0000000000000000
     0.0187488639505629     0.0000000000000000        0.0108246616489543     0.0000000000000000       -0.0301185542251565     0.0000000000000000
   11    5
    -0.0056560702863857     0.0000000000000000       -0.0086291743741146     0.0000000000000000       -0.0175061012046323     0.0000000000000000
    -0.0086291743741146     0.0000000000000000        0.0043080420091607     0.0000000000000000       -0.0101071522430460     0.0000000000000000
    -0.0074086028723707     0.0000000000000000       -0.0042773588627206     0.0000000000000000        0.0053265871955015     0.0000000000000000
   11    6
     0.0000810574474377     0.0000000000000000        0.0012994889256227     0.0000000000000000       -0.0008534962584790     0.0000000000000000
     0.0012994889256227     0.0000000000000000       -0.0014194631146088     0.0000000000000000       -0.0004927662945896     0.0000000000000000
    -0.0008534962584790     0.0000000000000000       -0.0004927662945896     0.0000000000000000       -0.0047087981774836     0.0000000000000000
   11    7
    -0.0003818723670018     0.0000000000000000        0.0108099835577301     0.0000000000000000        0.0088304118401656     0.0000000000000000
     0.0029467564330286     0.0000000000000000        0.0075605851698989     0.0000000000000000       -0.0017716451012873     0.0000000000000000
     0.0059494955842741     0.0000000000000000       -0.0067615384288873     0.0000000000000000        0.0016580872020840     0.0000000000000000
   11    8
     0.0115318139381456     0.0000000000000000       -0.0039316135623508     0.0000000000000000        0.0028809162558915     0.0000000000000000
     0.0039316135623508     0.0000000000000000       -0.0043531011354624     0.0000000000000000        0.0085331835301746     0.0000000000000000
    -0.0028809162558915     0.0000000000000000        0.0085331835301746     0.0000000000000000        0.0016580872020840     0.0000000000000000
   11    9
    -0.0081932789353747     0.0000000000000000       -0.0275790588540848     0.0000000000000000        0.0013732051039473     0.0000000000000000
    -0.0188196519872861     0.0000000000000000       -0.0349815871300794     0.0000000000000000       -0.0016528591050150     0.0000000000000000
     0.0021180205257802     0.0000000000000000       -0.0003628009521280     0.0000000000000000        0.0053530117604709     0.0000000000000000
   11   10
    -0.0483757412264896     0.0000000000000000        0.0043797034333994     0.0000000000000000       -0.0007448154218329     0.0000000000000000
    -0.0043797034333994     0.0000000000000000        0.0052008751617569     0.0000000000000000        0.0020156600571430     0.0000000000000000
     0.0007448154218329     0.0000000000000000        0.0020156600571430     0.0000000000000000        0.0053530117604709     0.0000000000000000
   11   11
     0.1343007416433393     0.0000000000000000        0.0049622250191371     0.0000000000000000       -0.0013001407488760     0.0000000000000000
     0.0049622250191371     0.0000000000000000        0.1285708577445425     0.0000000000000000       -0.0007506366113547     0.0000000000000000
    -0.0013001407488760     0.0000000000000000       -0.0007506366113547     0.0000000000000000        0.1170566065736224     0.0000000000000000

     Diagonalizing the dynamical matrix

     q = (     0.000000000000     0.000000000000     0.000000000000 )

***************************************************************************
   freq (    1) =     0.00000018 [THz] =     0.00000614 [cm-1]
(  -0.301511  0.000000   0.000000  0.000000  -0.000000  0.000000 )
(  -0.301511  0.000000  -0.000000  0.000000  -0.000000  0.000000 )
(  -0.301511  0.000000  -0.000000  0.000000  -0.000000  0.000000 )
(  -0.301511  0.000000   0.000000  0.000000  -0.000000  0.000000 )
(  -0.301511  0.000000   0.000000  0.000000  -0.000000  0.000000 )
(  -0.301511  0.000000   0.000000  0.000000  -0.000000  0.000000 )
(  -0.301511  0.000000  -0.000000  0.000000  -0.000000  0.000000 )
(  -0.301511  0.000000  -0.000000  0.000000  -0.000000  0.000000 )
(  -0.301511  0.000000   0.000000  0.000000  -0.000000  0.000000 )
(  -0.301511  0.000000  -0.000000  0.000000  -0.000000  0.000000 )
(  -0.301511  0.000000   0.000000  0.000000  -0.000000  0.000000 )
   freq (    2) =     0.00000101 [THz] =     0.00003366 [cm-1]
(  -0.000000  0.000000  -0.277187  0.000000   0.118645  0.000000 )
(  -0.000000  0.000000  -0.277187  0.000000   0.118645  0.000000 )
(  -0.000000  0.000000  -0.277187  0.000000   0.118645  0.000000 )
(  -0.000000  0.000000  -0.277187  0.000000   0.118645  0.000000 )
(   0.000000  0.000000  -0.277187  0.000000   0.118645  0.000000 )
(   0.000000  0.000000  -0.277187  0.000000   0.118645  0.000000 )
(  -0.000000  0.000000  -0.277187  0.000000   0.118645  0.000000 )
(  -0.000000  0.000000  -0.277187  0.000000   0.118645  0.000000 )
(  -0.000000  0.000000  -0.277187  0.000000   0.118645  0.000000 )
(  -0.000000  0.000000  -0.277187  0.000000   0.118645  0.000000 )
(   0.000000  0.000000  -0.277187  0.000000   0.118645  0.000000 )
   freq (    3) =     0.00000113 [THz] =     0.00003764 [cm-1]
(   0.000000  0.000000   0.118645  0.000000   0.277187  0.000000 )
(  -0.000000  0.000000   0.118645  0.000000   0.277187  0.000000 )
(   0.000000  0.000000   0.118645  0.000000   0.277187  0.000000 )
(   0.000000  0.000000   0.118645  0.000000   0.277187  0.000000 )
(  -0.000000  0.000000   0.118645  0.000000   0.277187  0.000000 )
(   0.000000  0.000000   0.118645  0.000000   0.277187  0.000000 )
(  -0.000000  0.000000   0.118645  0.000000   0.277187  0.000000 )
(   0.000000  0.000000   0.118645  0.000000   0.277187  0.000000 )
(   0.000000  0.000000   0.118645  0.000000   0.277187  0.000000 )
(   0.000000  0.000000   0.118645  0.000000   0.277187  0.000000 )
(   0.000000  0.000000   0.118645  0.000000   0.277187  0.000000 )
   freq (    4) =    23.63548336 [THz] =   788.39474939 [cm-1]
(   0.019806  0.000000   0.000000  0.000000   0.000000  0.000000 )
(  -0.504491  0.000000  -0.000000  0.000000  -0.000000  0.000000 )
(  -0.504491  0.000000  -0.000000  0.000000  -0.000000  0.000000 )
(  -0.276279  0.000000  -0.000000  0.000000  -0.000000  0.000000 )
(  -0.276279  0.000000  -0.000000  0.000000  -0.000000  0.000000 )
(  -0.257502  0.000000  -0.108876  0.000000   0.062808  0.000000 )
(  -0.068924  0.000000  -0.000000  0.000000  -0.000000  0.000000 )
(  -0.257502  0.000000   0.108876  0.000000  -0.062808  0.000000 )
(  -0.068924  0.000000  -0.000000  0.000000  -0.000000  0.000000 )
(  -0.257502  0.000000   0.108876  0.000000  -0.062808  0.000000 )
(  -0.257502  0.000000  -0.108876  0.000000   0.062808  0.000000 )
   freq (    5) =    23.63548336 [THz] =   788.39474940 [cm-1]
(  -0.000000  0.000000   0.019806  0.000000  -0.000000  0.000000 )
(   0.000000  0.000000  -0.504491  0.000000   0.000000  0.000000 )
(   0.000000  0.000000  -0.504491  0.000000   0.000000  0.000000 )
(   0.000000  0.000000  -0.276279  0.000000   0.000000  0.000000 )
(   0.000000  0.000000  -0.276279  0.000000   0.000000  0.000000 )
(  -0.108876  0.000000  -0.131783  0.000000   0.036262  0.000000 )
(   0.000000  0.000000  -0.320361  0.000000  -0.072525  0.000000 )
(   0.108876  0.000000  -0.131783  0.000000   0.036262  0.000000 )
(   0.000000  0.000000  -0.320361  0.000000  -0.072525  0.000000 )
(   0.108876  0.000000  -0.131783  0.000000   0.036262  0.000000 )
(  -0.108876  0.000000  -0.131783  0.000000   0.036262  0.000000 )
   freq (    6) =    24.76121179 [THz] =   825.94500263 [cm-1]
(   0.000000  0.000000   0.000000  0.000000  -0.000000  0.000000 )
(  -0.522867  0.000000  -0.000002  0.000000  -0.000000  0.000000 )
(   0.522867  0.000000   0.000002  0.000000  -0.000000  0.000000 )
(   0.131784  0.000000   0.000000  0.000000  -0.000000  0.000000 )
(  -0.131784  0.000000  -0.000000  0.000000  -0.000000  0.000000 )
(   0.273796  0.000000   0.152162  0.000000  -0.080323  0.000000 )
(   0.010244  0.000000   0.000001  0.000000   0.000000  0.000000 )
(   0.273795  0.000000  -0.152161  0.000000   0.080323  0.000000 )
(  -0.010244  0.000000  -0.000001  0.000000  -0.000000  0.000000 )
(  -0.273795  0.000000   0.152161  0.000000  -0.080323  0.000000 )
(  -0.273796  0.000000  -0.152162  0.000000   0.080323  0.000000 )
   freq (    7) =    24.76121179 [THz] =   825.94500264 [cm-1]
(   0.000000  0.000000   0.000000  0.000000  -0.000000  0.000000 )
(   0.000002  0.000000  -0.522867  0.000000   0.000000  0.000000 )
(  -0.000002  0.000000   0.522867  0.000000  -0.000000  0.000000 )
(  -0.000000  0.000000   0.131784  0.000000   0.000000  0.000000 )
(   0.000000  0.000000  -0.131784  0.000000  -0.000000  0.000000 )
(   0.152160  0.000000   0.098094  0.000000  -0.046374  0.000000 )
(  -0.000000  0.000000   0.361646  0.000000   0.092749  0.000000 )
(  -0.152162  0.000000   0.098095  0.000000  -0.046375  0.000000 )
(   0.000000  0.000000  -0.361646  0.000000  -0.092749  0.000000 )
(   0.152162  0.000000  -0.098095  0.000000   0.046375  0.000000 )
(  -0.152160  0.000000  -0.098094  0.000000   0.046374  0.000000 )
   freq (    8) =    25.72299556 [THz] =   858.02665106 [cm-1]
(   0.000000  0.000000  -0.000000  0.000000   0.000000  0.000000 )
(  -0.000000  0.000000   0.000000  0.000000   0.152098  0.000000 )
(   0.000000  0.000000  -0.000000  0.000000  -0.152098  0.000000 )
(   0.000000  0.000000  -0.000000  0.000000   0.542956  0.000000 )
(  -0.000000  0.000000   0.000000  0.000000  -0.542956  0.000000 )
(   0.122783  0.000000   0.070889  0.000000  -0.201463  0.000000 )
(  -0.000000  0.000000  -0.141777  0.000000  -0.201463  0.000000 )
(  -0.122783  0.000000   0.070889  0.000000  -0.201463  0.000000 )
(   0.000000  0.000000   0.141777  0.000000   0.201463  0.000000 )
(   0.122783  0.000000  -0.070889  0.000000   0.201463  0.000000 )
(  -0.122783  0.000000  -0.070889  0.000000   0.201463  0.000000 )
   freq (    9) =    26.61660156 [THz] =   887.83413471 [cm-1]
(  -0.000000  0.000000   0.000000  0.000000   0.021616  0.000000 )
(   0.000000  0.000000  -0.000000  0.000000  -0.382901  0.000000 )
(   0.000000  0.000000  -0.000000  0.000000  -0.382901  0.000000 )
(   0.000000  0.000000  -0.000000  0.000000  -0.443678  0.000000 )
(  -0.000000  0.000000  -0.000000  0.000000  -0.443678  0.000000 )
(   0.049695  0.000000   0.028691  0.000000  -0.220926  0.000000 )
(  -0.000000  0.000000  -0.057383  0.000000  -0.220926  0.000000 )
(  -0.049695  0.000000   0.028691  0.000000  -0.220926  0.000000 )
(   0.000000  0.000000  -0.057383  0.000000  -0.220926  0.000000 )
(  -0.049695  0.000000   0.028691  0.000000  -0.220926  0.000000 )
(   0.049695  0.000000   0.028691  0.000000  -0.220926  0.000000 )
   freq (   10) =    28.07882924 [THz] =   936.60879290 [cm-1]
(   0.000000  0.000000   0.000000  0.000000   0.000000  0.000000 )
(   0.213649  0.000000   0.000000  0.000000   0.000000  0.000000 )
(  -0.213649  0.000000  -0.000000  0.000000  -0.000000  0.000000 )
(  -0.488927  0.000000  -0.000000  0.000000  -0.000000  0.000000 )
(   0.488927  0.000000   0.000000  0.000000  -0.000000  0.000000 )
(   0.230626  0.000000   0.051163  0.000000  -0.204359  0.000000 )
(   0.142009  0.000000   0.000000  0.000000   0.000000  0.000000 )
(   0.230626  0.000000  -0.051163  0.000000   0.204359  0.000000 )
(  -0.142009  0.000000  -0.000000  0.000000  -0.000000  0.000000 )
(  -0.230626  0.000000   0.051163  0.000000  -0.204359  0.000000 )
(  -0.230626  0.000000  -0.051163  0.000000   0.204359  0.000000 )
   freq (   11) =    28.07882924 [THz] =   936.60879291 [cm-1]
(   0.000000  0.000000   0.000000  0.000000  -0.000000  0.000000 )
(   0.000000  0.000000  -0.213649  0.000000  -0.000000  0.000000 )
(  -0.000000  0.000000   0.213649  0.000000   0.000000  0.000000 )
(  -0.000000  0.000000   0.488927  0.000000   0.000000  0.000000 )
(   0.000000  0.000000  -0.488927  0.000000  -0.000000  0.000000 )
(  -0.051163  0.000000  -0.171548  0.000000   0.117987  0.000000 )
(   0.000000  0.000000  -0.260165  0.000000  -0.235973  0.000000 )
(   0.051163  0.000000  -0.171548  0.000000   0.117987  0.000000 )
(  -0.000000  0.000000   0.260165  0.000000   0.235973  0.000000 )
(  -0.051163  0.000000   0.171548  0.000000  -0.117987  0.000000 )
(   0.051163  0.000000   0.171548  0.000000  -0.117987  0.000000 )
   freq (   12) =    30.69811450 [THz] =  1023.97873240 [cm-1]
(   0.000000  0.000000   0.000000  0.000000  -0.000000  0.000000 )
(   0.000000  0.000000   0.000000  0.000000   0.588554  0.000000 )
(  -0.000000  0.000000  -0.000000  0.000000  -0.588554  0.000000 )
(   0.000000  0.000000   0.000000  0.000000   0.018571  0.000000 )
(  -0.000000  0.000000  -0.000000  0.000000  -0.018571  0.000000 )
(   0.061337  0.000000   0.035413  0.000000   0.214639  0.000000 )
(   0.000000  0.000000  -0.070826  0.000000   0.214639  0.000000 )
(  -0.061337  0.000000   0.035413  0.000000   0.214639  0.000000 )
(  -0.000000  0.000000   0.070826  0.000000  -0.214639  0.000000 )
(   0.061337  0.000000  -0.035413  0.000000  -0.214639  0.000000 )
(  -0.061337  0.000000  -0.035413  0.000000  -0.214639  0.000000 )
   freq (   13) =    31.41916485 [THz] =  1048.03037967 [cm-1]
(   0.000000  0.000000   0.000000  0.000000   0.000000  0.000000 )
(   0.271396  0.000000   0.000009  0.000000  -0.000000  0.000000 )
(  -0.271396  0.000000  -0.000009  0.000000   0.000000  0.000000 )
(   0.224387  0.000000   0.000008  0.000000  -0.000000  0.000000 )
(  -0.224387  0.000000  -0.000008  0.000000  -0.000000  0.000000 )
(   0.276660  0.000000   0.009546  0.000000   0.278445  0.000000 )
(   0.260142  0.000000   0.000010  0.000000  -0.000011  0.000000 )
(   0.276660  0.000000  -0.009528  0.000000  -0.278434  0.000000 )
(  -0.260142  0.000000  -0.000010  0.000000   0.000011  0.000000 )
(  -0.276660  0.000000   0.009528  0.000000   0.278434  0.000000 )
(  -0.276660  0.000000  -0.009546  0.000000  -0.278445  0.000000 )
   freq (   14) =    31.41916485 [THz] =  1048.03037968 [cm-1]
(   0.000000  0.000000   0.000000  0.000000  -0.000000  0.000000 )
(  -0.000009  0.000000   0.271396  0.000000  -0.000000  0.000000 )
(   0.000009  0.000000  -0.271396  0.000000   0.000000  0.000000 )
(  -0.000008  0.000000   0.224387  0.000000  -0.000000  0.000000 )
(   0.000008  0.000000  -0.224387  0.000000   0.000000  0.000000 )
(   0.009528  0.000000   0.265648  0.000000   0.160748  0.000000 )
(  -0.000009  0.000000   0.282166  0.000000  -0.321515  0.000000 )
(  -0.009546  0.000000   0.265648  0.000000   0.160767  0.000000 )
(   0.000009  0.000000  -0.282166  0.000000   0.321515  0.000000 )
(   0.009546  0.000000  -0.265648  0.000000  -0.160767  0.000000 )
(  -0.009528  0.000000  -0.265648  0.000000  -0.160748  0.000000 )
   freq (   15) =    33.00307035 [THz] =  1100.86377258 [cm-1]
(  -0.001214  0.000000  -0.000000  0.000000  -0.000000  0.000000 )
(   0.274537  0.000000   0.000000  0.000000   0.000000  0.000000 )
(   0.274537  0.000000   0.000000  0.000000   0.000000  0.000000 )
(  -0.528375  0.000000  -0.000000  0.000000  -0.000000  0.000000 )
(  -0.528375  0.000000  -0.000000  0.000000  -0.000000  0.000000 )
(   0.066973  0.000000  -0.078851  0.000000   0.203238  0.000000 )
(   0.203547  0.000000   0.000000  0.000000  -0.000000  0.000000 )
(   0.066973  0.000000   0.078851  0.000000  -0.203238  0.000000 )
(   0.203547  0.000000   0.000000  0.000000  -0.000000  0.000000 )
(   0.066973  0.000000   0.078851  0.000000  -0.203238  0.000000 )
(   0.066973  0.000000  -0.078851  0.000000   0.203238  0.000000 )
   freq (   16) =    33.00307035 [THz] =  1100.86377258 [cm-1]
(   0.000000  0.000000  -0.001214  0.000000   0.000000  0.000000 )
(  -0.000000  0.000000   0.274537  0.000000  -0.000000  0.000000 )
(  -0.000000  0.000000   0.274537  0.000000  -0.000000  0.000000 )
(   0.000000  0.000000  -0.528375  0.000000  -0.000000  0.000000 )
(   0.000000  0.000000  -0.528375  0.000000  -0.000000  0.000000 )
(  -0.078851  0.000000   0.158022  0.000000   0.117340  0.000000 )
(  -0.000000  0.000000   0.021448  0.000000  -0.234679  0.000000 )
(   0.078851  0.000000   0.158022  0.000000   0.117340  0.000000 )
(  -0.000000  0.000000   0.021448  0.000000  -0.234679  0.000000 )
(   0.078851  0.000000   0.158022  0.000000   0.117340  0.000000 )
(  -0.078851  0.000000   0.158022  0.000000   0.117340  0.000000 )
   freq (   17) =    33.97528559 [THz] =  1133.29337768 [cm-1]
(   0.000000  0.000000  -0.000000  0.000000  -0.000000  0.000000 )
(  -0.000000  0.000000   0.000000  0.000000  -0.000000  0.000000 )
(   0.000000  0.000000  -0.000000  0.000000   0.000000  0.000000 )
(  -0.000000  0.000000   0.000000  0.000000  -0.000000  0.000000 )
(   0.000000  0.000000  -0.000000  0.000000   0.000000  0.000000 )
(  -0.204124  0.000000   0.353553  0.000000  -0.000000  0.000000 )
(   0.408248  0.000000   0.000000  0.000000  -0.000000  0.000000 )
(  -0.204124  0.000000  -0.353553  0.000000   0.000000  0.000000 )
(  -0.408248  0.000000   0.000000  0.000000  -0.000000  0.000000 )
(   0.204124  0.000000   0.353553  0.000000  -0.000000  0.000000 )
(   0.204124  0.000000  -0.353553  0.000000   0.000000  0.000000 )
   freq (   18) =    34.37304261 [THz] =  1146.56112168 [cm-1]
(  -0.000363  0.000000  -0.000000  0.000000   0.000000  0.000000 )
(  -0.106690  0.000000  -0.000000  0.000000  -0.000000  0.000000 )
(  -0.106690  0.000000  -0.000000  0.000000   0.000000  0.000000 )
(   0.171835  0.000000   0.000000  0.000000  -0.000000  0.000000 )
(   0.171835  0.000000   0.000000  0.000000  -0.000000  0.000000 )
(   0.075716  0.000000   0.154317  0.000000   0.426203  0.000000 )
(  -0.191569  0.000000   0.000000  0.000000  -0.000000  0.000000 )
(   0.075716  0.000000  -0.154317  0.000000  -0.426203  0.000000 )
(  -0.191569  0.000000   0.000000  0.000000  -0.000000  0.000000 )
(   0.075716  0.000000  -0.154317  0.000000  -0.426203  0.000000 )
(   0.075716  0.000000   0.154317  0.000000   0.426203  0.000000 )
   freq (   19) =    34.37304261 [THz] =  1146.56112168 [cm-1]
(  -0.000000  0.000000   0.000363  0.000000   0.000000  0.000000 )
(  -0.000000  0.000000   0.106690  0.000000  -0.000000  0.000000 )
(  -0.000000  0.000000   0.106690  0.000000  -0.000000  0.000000 )
(   0.000000  0.000000  -0.171835  0.000000  -0.000000  0.000000 )
(   0.000000  0.000000  -0.171835  0.000000  -0.000000  0.000000 )
(  -0.154317  0.000000   0.102474  0.000000  -0.246068  0.000000 )
(  -0.000000  0.000000  -0.164811  0.000000   0.492137  0.000000 )
(   0.154317  0.000000   0.102474  0.000000  -0.246068  0.000000 )
(  -0.000000  0.000000  -0.164811  0.000000   0.492137  0.000000 )
(   0.154317  0.000000   0.102474  0.000000  -0.246068  0.000000 )
(  -0.154317  0.000000   0.102474  0.000000  -0.246068  0.000000 )
   freq (   20) =    35.10626045 [THz] =  1171.01863288 [cm-1]
(   0.000000  0.000000   0.000000  0.000000  -0.000000  0.000000 )
(   0.000000  0.000000   0.000000  0.000000   0.000000  0.000000 )
(   0.000000  0.000000   0.000000  0.000000   0.000000  0.000000 )
(  -0.000000  0.000000  -0.000000  0.000000   0.000000  0.000000 )
(  -0.000000  0.000000  -0.000000  0.000000   0.000000  0.000000 )
(   0.204124  0.000000  -0.353553  0.000000  -0.000000  0.000000 )
(  -0.408248  0.000000  -0.000000  0.000000   0.000000  0.000000 )
(   0.204124  0.000000   0.353553  0.000000   0.000000  0.000000 )
(  -0.408248  0.000000  -0.000000  0.000000   0.000000  0.000000 )
(   0.204124  0.000000   0.353553  0.000000   0.000000  0.000000 )
(   0.204124  0.000000  -0.353553  0.000000  -0.000000  0.000000 )
   freq (   21) =    36.90612317 [THz] =  1231.05558204 [cm-1]
(   0.008390  0.000000   0.000000  0.000000   0.000000  0.000000 )
(   0.404832  0.000000   0.000000  0.000000   0.000000  0.000000 )
(   0.404832  0.000000   0.000000  0.000000   0.000000  0.000000 )
(   0.017936  0.000000   0.000000  0.000000  -0.000000  0.000000 )
(   0.017936  0.000000  -0.000000  0.000000  -0.000000  0.000000 )
(  -0.332483  0.000000   0.001981  0.000000   0.030157  0.000000 )
(  -0.335913  0.000000  -0.000000  0.000000  -0.000000  0.000000 )
(  -0.332483  0.000000  -0.001981  0.000000  -0.030157  0.000000 )
(  -0.335913  0.000000  -0.000000  0.000000  -0.000000  0.000000 )
(  -0.332483  0.000000  -0.001981  0.000000  -0.030157  0.000000 )
(  -0.332483  0.000000   0.001981  0.000000   0.030157  0.000000 )
   freq (   22) =    36.90612317 [THz] =  1231.05558205 [cm-1]
(   0.000000  0.000000  -0.008390  0.000000   0.000000  0.000000 )
(   0.000000  0.000000  -0.404832  0.000000  -0.000000  0.000000 )
(  -0.000000  0.000000  -0.404832  0.000000  -0.000000  0.000000 )
(   0.000000  0.000000  -0.017936  0.000000   0.000000  0.000000 )
(   0.000000  0.000000  -0.017936  0.000000   0.000000  0.000000 )
(  -0.001981  0.000000   0.334770  0.000000  -0.017411  0.000000 )
(  -0.000000  0.000000   0.331339  0.000000   0.034822  0.000000 )
(   0.001981  0.000000   0.334770  0.000000  -0.017411  0.000000 )
(   0.000000  0.000000   0.331339  0.000000   0.034822  0.000000 )
(   0.001981  0.000000   0.334770  0.000000  -0.017411  0.000000 )
(  -0.001981  0.000000   0.334770  0.000000  -0.017411  0.000000 )
   freq (   23) =    39.74158260 [THz] =  1325.63631451 [cm-1]
(  -0.000000  0.000000   0.000000  0.000000   0.002009  0.000000 )
(  -0.000000  0.000000   0.000000  0.000000   0.591712  0.000000 )
(  -0.000000  0.000000   0.000000  0.000000   0.591712  0.000000 )
(   0.000000  0.000000  -0.000000  0.000000  -0.226759  0.000000 )
(   0.000000  0.000000  -0.000000  0.000000  -0.226759  0.000000 )
(   0.059141  0.000000   0.034145  0.000000  -0.167795  0.000000 )
(   0.000000  0.000000  -0.068290  0.000000  -0.167795  0.000000 )
(  -0.059141  0.000000   0.034145  0.000000  -0.167795  0.000000 )
(   0.000000  0.000000  -0.068290  0.000000  -0.167795  0.000000 )
(  -0.059141  0.000000   0.034145  0.000000  -0.167795  0.000000 )
(   0.059141  0.000000   0.034145  0.000000  -0.167795  0.000000 )
   freq (   24) =    43.11773898 [THz] =  1438.25275331 [cm-1]
(   0.000000  0.000000   0.000000  0.000000   0.000000  0.000000 )
(   0.083313  0.000000   0.000001  0.000000  -0.000000  0.000000 )
(  -0.083313  0.000000  -0.000001  0.000000   0.000000  0.000000 )
(   0.352808  0.000000   0.000005  0.000000   0.000000  0.000000 )
(  -0.352808  0.000000  -0.000005  0.000000   0.000000  0.000000 )
(  -0.003395  0.000000  -0.182626  0.000000  -0.319322  0.000000 )
(   0.312931  0.000000  -0.000002  0.000000   0.000005  0.000000 )
(  -0.003390  0.000000   0.182632  0.000000   0.319317  0.000000 )
(  -0.312931  0.000000   0.000002  0.000000  -0.000005  0.000000 )
(   0.003390  0.000000  -0.182632  0.000000  -0.319317  0.000000 )
(   0.003395  0.000000   0.182626  0.000000   0.319322  0.000000 )
   freq (   25) =    43.11773898 [THz] =  1438.25275331 [cm-1]
(   0.000000  0.000000  -0.000000  0.000000   0.000000  0.000000 )
(   0.000001  0.000000  -0.083313  0.000000  -0.000000  0.000000 )
(  -0.000001  0.000000   0.083313  0.000000   0.000000  0.000000 )
(   0.000005  0.000000  -0.352808  0.000000   0.000000  0.000000 )
(  -0.000005  0.000000   0.352808  0.000000  -0.000000  0.000000 )
(   0.182629  0.000000  -0.207493  0.000000   0.184354  0.000000 )
(   0.000005  0.000000   0.108834  0.000000  -0.368718  0.000000 )
(  -0.182629  0.000000  -0.207487  0.000000   0.184364  0.000000 )
(  -0.000005  0.000000  -0.108834  0.000000   0.368718  0.000000 )
(   0.182629  0.000000   0.207487  0.000000  -0.184364  0.000000 )
(  -0.182629  0.000000   0.207493  0.000000  -0.184354  0.000000 )
   freq (   26) =    44.62080054 [THz] =  1488.38948285 [cm-1]
(  -0.000000  0.000000  -0.000000  0.000000   0.006472  0.000000 )
(   0.000000  0.000000   0.000000  0.000000  -0.048676  0.000000 )
(  -0.000000  0.000000   0.000000  0.000000  -0.048676  0.000000 )
(   0.000000  0.000000   0.000000  0.000000   0.481968  0.000000 )
(  -0.000000  0.000000   0.000000  0.000000   0.481968  0.000000 )
(  -0.043685  0.000000  -0.025221  0.000000  -0.293077  0.000000 )
(  -0.000000  0.000000   0.050443  0.000000  -0.293077  0.000000 )
(   0.043685  0.000000  -0.025221  0.000000  -0.293077  0.000000 )
(   0.000000  0.000000   0.050443  0.000000  -0.293077  0.000000 )
(   0.043685  0.000000  -0.025221  0.000000  -0.293077  0.000000 )
(  -0.043685  0.000000  -0.025221  0.000000  -0.293077  0.000000 )
   freq (   27) =    44.80276284 [THz] =  1494.45909106 [cm-1]
(   0.000000  0.000000  -0.000000  0.000000   0.000000  0.000000 )
(  -0.316807  0.000000   0.000004  0.000000  -0.000000  0.000000 )
(   0.316807  0.000000  -0.000004  0.000000   0.000000  0.000000 )
(  -0.262221  0.000000   0.000003  0.000000   0.000000  0.000000 )
(   0.262221  0.000000  -0.000003  0.000000   0.000000  0.000000 )
(  -0.060234  0.000000  -0.256488  0.000000   0.149305  0.000000 )
(   0.384008  0.000000   0.000003  0.000000   0.000002  0.000000 )
(  -0.060241  0.000000   0.256482  0.000000  -0.149307  0.000000 )
(  -0.384008  0.000000  -0.000003  0.000000  -0.000002  0.000000 )
(   0.060241  0.000000  -0.256482  0.000000   0.149307  0.000000 )
(   0.060234  0.000000   0.256488  0.000000  -0.149305  0.000000 )
   freq (   28) =    44.80276284 [THz] =  1494.45909106 [cm-1]
(   0.000000  0.000000  -0.000000  0.000000  -0.000000  0.000000 )
(  -0.000004  0.000000  -0.316807  0.000000   0.000000  0.000000 )
(   0.000004  0.000000   0.316807  0.000000  -0.000000  0.000000 )
(  -0.000003  0.000000  -0.262221  0.000000  -0.000000  0.000000 )
(   0.000003  0.000000   0.262221  0.000000   0.000000  0.000000 )
(  -0.256486  0.000000   0.235923  0.000000   0.086204  0.000000 )
(   0.000005  0.000000  -0.208319  0.000000  -0.172403  0.000000 )
(   0.256485  0.000000   0.235930  0.000000   0.086200  0.000000 )
(  -0.000005  0.000000   0.208319  0.000000   0.172403  0.000000 )
(  -0.256485  0.000000  -0.235930  0.000000  -0.086200  0.000000 )
(   0.256486  0.000000  -0.235923  0.000000  -0.086204  0.000000 )
   freq (   29) =    45.88004344 [THz] =  1530.39329892 [cm-1]
(  -0.000000  0.000000   0.000000  0.000000   0.000000  0.000000 )
(   0.000000  0.000000  -0.000000  0.000000  -0.361206  0.000000 )
(  -0.000000  0.000000   0.000000  0.000000   0.361206  0.000000 )
(   0.000000  0.000000  -0.000000  0.000000   0.258137  0.000000 )
(  -0.000000  0.000000   0.000000  0.000000  -0.258137  0.000000 )
(   0.152229  0.000000   0.087889  0.000000   0.264702  0.000000 )
(  -0.000000  0.000000  -0.175779  0.000000   0.264702  0.000000 )
(  -0.152229  0.000000   0.087889  0.000000   0.264702  0.000000 )
(   0.000000  0.000000   0.175779  0.000000  -0.264702  0.000000 )
(   0.152229  0.000000  -0.087889  0.000000  -0.264702  0.000000 )
(  -0.152229  0.000000  -0.087889  0.000000  -0.264702  0.000000 )
   freq (   30) =    45.94546014 [THz] =  1532.57536463 [cm-1]
(  -0.006902  0.000000  -0.000000  0.000000  -0.000000  0.000000 )
(   0.051374  0.000000   0.000000  0.000000   0.000000  0.000000 )
(   0.051374  0.000000   0.000000  0.000000  -0.000000  0.000000 )
(   0.335487  0.000000   0.000000  0.000000  -0.000000  0.000000 )
(   0.335487  0.000000   0.000000  0.000000  -0.000000  0.000000 )
(  -0.138035  0.000000  -0.290279  0.000000   0.150194  0.000000 )
(   0.364744  0.000000  -0.000000  0.000000  -0.000000  0.000000 )
(  -0.138035  0.000000   0.290279  0.000000  -0.150194  0.000000 )
(   0.364744  0.000000  -0.000000  0.000000  -0.000000  0.000000 )
(  -0.138035  0.000000   0.290279  0.000000  -0.150194  0.000000 )
(  -0.138035  0.000000  -0.290279  0.000000   0.150194  0.000000 )
   freq (   31) =    45.94546014 [THz] =  1532.57536463 [cm-1]
(   0.000000  0.000000  -0.006902  0.000000   0.000000  0.000000 )
(   0.000000  0.000000   0.051374  0.000000   0.000000  0.000000 )
(  -0.000000  0.000000   0.051374  0.000000   0.000000  0.000000 )
(  -0.000000  0.000000   0.335487  0.000000  -0.000000  0.000000 )
(  -0.000000  0.000000   0.335487  0.000000  -0.000000  0.000000 )
(  -0.290279  0.000000   0.197151  0.000000   0.086715  0.000000 )
(  -0.000000  0.000000  -0.305627  0.000000  -0.173430  0.000000 )
(   0.290279  0.000000   0.197151  0.000000   0.086715  0.000000 )
(  -0.000000  0.000000  -0.305627  0.000000  -0.173430  0.000000 )
(   0.290279  0.000000   0.197151  0.000000   0.086715  0.000000 )
(  -0.290279  0.000000   0.197151  0.000000   0.086715  0.000000 )
   freq (   32) =    48.45846764 [THz] =  1616.40025988 [cm-1]
(   0.000000  0.000000  -0.000000  0.000000  -0.002475  0.000000 )
(  -0.000000  0.000000   0.000000  0.000000  -0.056099  0.000000 )
(   0.000000  0.000000   0.000000  0.000000  -0.056099  0.000000 )
(  -0.000000  0.000000   0.000000  0.000000   0.160846  0.000000 )
(  -0.000000  0.000000   0.000000  0.000000   0.160846  0.000000 )
(   0.342613  0.000000   0.197808  0.000000   0.021930  0.000000 )
(  -0.000000  0.000000  -0.395616  0.000000   0.021930  0.000000 )
(  -0.342613  0.000000   0.197808  0.000000   0.021930  0.000000 )
(  -0.000000  0.000000  -0.395616  0.000000   0.021930  0.000000 )
(  -0.342613  0.000000   0.197808  0.000000   0.021930  0.000000 )
(   0.342613  0.000000   0.197808  0.000000   0.021930  0.000000 )
   freq (   33) =    60.02589630 [THz] =  2002.24809243 [cm-1]
(  -0.000000  0.000000   0.000000  0.000000  -0.000000  0.000000 )
(   0.000000  0.000000  -0.000000  0.000000   0.000731  0.000000 )
(  -0.000000  0.000000   0.000000  0.000000  -0.000731  0.000000 )
(   0.000000  0.000000  -0.000000  0.000000  -0.371778  0.000000 )
(  -0.000000  0.000000   0.000000  0.000000   0.371778  0.000000 )
(   0.288077  0.000000   0.166321  0.000000  -0.099711  0.000000 )
(   0.000000  0.000000  -0.332643  0.000000  -0.099711  0.000000 )
(  -0.288077  0.000000   0.166321  0.000000  -0.099711  0.000000 )
(  -0.000000  0.000000   0.332643  0.000000   0.099711  0.000000 )
(   0.288077  0.000000  -0.166321  0.000000   0.099711  0.000000 )
(  -0.288077  0.000000  -0.166321  0.000000   0.099711  0.000000 )
***************************************************************************
