Dynamical matrix file
File generated with the CellConstructor by Lorenzo Monacelli
2 11 0     1.8897259890000000     0.0000000000000000     0.0000000000000000     0.0000000000000000     0.0000000000000000     0.0000000000000000
Basis vectors
    1.8029476262971313    -1.0409322973774044     2.9451930730921587
   -0.0000000000000026     2.0818645947548049     2.9451930730921640
   -1.8029476262971313    -1.0409322973774073     2.9451930730921587
	1  'La '  126604.5951757480361266
	2  'H '    918.7358275894680446
    1     1     0.0000000000000011    -0.0000000000000013     4.4177896537987813
    2     2     0.0000000000000000    -0.0000000000000021     2.2049239061289150
    3     2     0.0000000000000000     0.0000000000000021    -2.2049239061289150
    4     2    -0.0000000000000001    -0.0000000000000005     1.0649657459291411
    5     2     0.0000000000000001     0.0000000000000005    -1.0649657459291411
    6     2     0.9360358123561995     0.5404205276660841     6.2425915841334376
    7     2     0.0000000000000020    -1.0808410553321819     6.2425915841334358
    8     2    -0.9360358123562011     0.5404205276660814     6.2425915841334394
    9     2    -0.0000000000000011     1.0808410553321781     2.5929877197840838
   10     2     0.9360358123562038    -0.5404205276660903     2.5929877197840847
   11     2    -0.9360358123562000    -0.5404205276660918     2.5929877197840838

     Dynamical Matrix in cartesian axes

     q = (     0.000000000000     0.000000000000     0.000000000000 )

    1    1
     0.6278152453675206     0.0000000000000000        0.0000000000000001     0.0000000000000000        0.0000000000000003     0.0000000000000000
     0.0000000000000000     0.0000000000000000        0.6278152453675714     0.0000000000000000       -0.0000000000000006     0.0000000000000000
     0.0000000000000002     0.0000000000000000       -0.0000000000000006     0.0000000000000000        0.6294938204358788     0.0000000000000000
    1    2
    -0.0300606833329886     0.0000000000000000       -0.0000000000000000     0.0000000000000000       -0.0000000000000000     0.0000000000000000
     0.0000000000000000     0.0000000000000000       -0.0300606833329910     0.0000000000000000        0.0000000000000000     0.0000000000000000
    -0.0000000000000000     0.0000000000000000        0.0000000000000000     0.0000000000000000       -0.0292863534971433     0.0000000000000000
    1    3
    -0.0300606833329886     0.0000000000000000       -0.0000000000000000     0.0000000000000000       -0.0000000000000000     0.0000000000000000
     0.0000000000000000     0.0000000000000000       -0.0300606833329910     0.0000000000000000        0.0000000000000000     0.0000000000000000
    -0.0000000000000000     0.0000000000000000        0.0000000000000000     0.0000000000000000       -0.0292863534971433     0.0000000000000000
    1    4
    -0.0918807058871021     0.0000000000000000        0.0000000000000000     0.0000000000000000       -0.0000000000000000     0.0000000000000000
     0.0000000000000000     0.0000000000000000       -0.0918807058871095     0.0000000000000000       -0.0000000000000000     0.0000000000000000
    -0.0000000000000000     0.0000000000000000       -0.0000000000000000     0.0000000000000000       -0.0281717642458634     0.0000000000000000
    1    5
    -0.0918807058871021     0.0000000000000000        0.0000000000000000     0.0000000000000000       -0.0000000000000000     0.0000000000000000
     0.0000000000000000     0.0000000000000000       -0.0918807058871095     0.0000000000000000       -0.0000000000000000     0.0000000000000000
    -0.0000000000000000     0.0000000000000000       -0.0000000000000000     0.0000000000000000       -0.0281717642458634     0.0000000000000000
    1    6
    -0.0498089631137001     0.0000000000000000        0.0245601017803168     0.0000000000000000       -0.0180093473268019     0.0000000000000000
     0.0245601017803168     0.0000000000000000       -0.0781685258620861     0.0000000000000000       -0.0103977015270589     0.0000000000000000
    -0.0170194298347788     0.0000000000000000       -0.0098261723965638     0.0000000000000000       -0.0857629308249776     0.0000000000000000
    1    7
    -0.0923483072362698     0.0000000000000000       -0.0000000000000000     0.0000000000000000       -0.0000000000000000     0.0000000000000000
    -0.0000000000000000     0.0000000000000000       -0.0356291817395131     0.0000000000000000        0.0207954030541180     0.0000000000000000
    -0.0000000000000000     0.0000000000000000        0.0196523447931279     0.0000000000000000       -0.0857629308249776     0.0000000000000000
    1    8
    -0.0498089631137000     0.0000000000000000       -0.0245601017803168     0.0000000000000000        0.0180093473268018     0.0000000000000000
    -0.0245601017803168     0.0000000000000000       -0.0781685258620862     0.0000000000000000       -0.0103977015270588     0.0000000000000000
     0.0170194298347788     0.0000000000000000       -0.0098261723965638     0.0000000000000000       -0.0857629308249776     0.0000000000000000
    1    9
    -0.0923483072362698     0.0000000000000000       -0.0000000000000000     0.0000000000000000       -0.0000000000000000     0.0000000000000000
    -0.0000000000000000     0.0000000000000000       -0.0356291817395131     0.0000000000000000        0.0207954030541180     0.0000000000000000
    -0.0000000000000000     0.0000000000000000        0.0196523447931279     0.0000000000000000       -0.0857629308249775     0.0000000000000000
    1   10
    -0.0498089631137000     0.0000000000000000       -0.0245601017803168     0.0000000000000000        0.0180093473268018     0.0000000000000000
    -0.0245601017803168     0.0000000000000000       -0.0781685258620862     0.0000000000000000       -0.0103977015270588     0.0000000000000000
     0.0170194298347788     0.0000000000000000       -0.0098261723965638     0.0000000000000000       -0.0857629308249776     0.0000000000000000
    1   11
    -0.0498089631137000     0.0000000000000000        0.0245601017803168     0.0000000000000000       -0.0180093473268018     0.0000000000000000
     0.0245601017803168     0.0000000000000000       -0.0781685258620861     0.0000000000000000       -0.0103977015270589     0.0000000000000000
    -0.0170194298347788     0.0000000000000000       -0.0098261723965638     0.0000000000000000       -0.0857629308249776     0.0000000000000000
    2    1
    -0.0300606833329886     0.0000000000000000       -0.0000000000000000     0.0000000000000000       -0.0000000000000000     0.0000000000000000
     0.0000000000000000     0.0000000000000000       -0.0300606833329910     0.0000000000000000        0.0000000000000000     0.0000000000000000
    -0.0000000000000000     0.0000000000000000        0.0000000000000000     0.0000000000000000       -0.0292863534971433     0.0000000000000000
    2    2
     0.0837552290065840     0.0000000000000000       -0.0000000000000000     0.0000000000000000        0.0000000000000000     0.0000000000000000
    -0.0000000000000000     0.0000000000000000        0.0837552290065907     0.0000000000000000       -0.0000000000000001     0.0000000000000000
     0.0000000000000000     0.0000000000000000       -0.0000000000000001     0.0000000000000000        0.0814109868636501     0.0000000000000000
    2    3
    -0.0049065695673976     0.0000000000000000        0.0000000000000000     0.0000000000000000       -0.0000000000000000     0.0000000000000000
     0.0000000000000000     0.0000000000000000       -0.0049065695673980     0.0000000000000000        0.0000000000000000     0.0000000000000000
    -0.0000000000000000     0.0000000000000000        0.0000000000000000     0.0000000000000000       -0.0051560485036997     0.0000000000000000
    2    4
     0.0069605400829253     0.0000000000000000        0.0000000000000000     0.0000000000000000        0.0000000000000000     0.0000000000000000
    -0.0000000000000000     0.0000000000000000        0.0069605400829259     0.0000000000000000        0.0000000000000000     0.0000000000000000
     0.0000000000000000     0.0000000000000000        0.0000000000000000     0.0000000000000000       -0.0216713387994454     0.0000000000000000
    2    5
    -0.0132449989697635     0.0000000000000000        0.0000000000000000     0.0000000000000000       -0.0000000000000000     0.0000000000000000
     0.0000000000000000     0.0000000000000000       -0.0132449989697646     0.0000000000000000       -0.0000000000000000     0.0000000000000000
    -0.0000000000000000     0.0000000000000000       -0.0000000000000000     0.0000000000000000        0.0015751716298213     0.0000000000000000
    2    6
    -0.0038469647182463     0.0000000000000000        0.0057662515596977     0.0000000000000000       -0.0041816308000072     0.0000000000000000
     0.0057662515596977     0.0000000000000000       -0.0105052584986600     0.0000000000000000       -0.0024142656680359     0.0000000000000000
    -0.0036725634933991     0.0000000000000000       -0.0021203555215300     0.0000000000000000       -0.0116358520424561     0.0000000000000000
    2    7
    -0.0138344053888656     0.0000000000000000       -0.0000000000000000     0.0000000000000000       -0.0000000000000000     0.0000000000000000
    -0.0000000000000000     0.0000000000000000       -0.0005178178280400     0.0000000000000000        0.0048285313360717     0.0000000000000000
    -0.0000000000000000     0.0000000000000000        0.0042407110430601     0.0000000000000000       -0.0116358520424561     0.0000000000000000
    2    8
    -0.0038469647182463     0.0000000000000000       -0.0057662515596977     0.0000000000000000        0.0041816308000072     0.0000000000000000
    -0.0057662515596977     0.0000000000000000       -0.0105052584986600     0.0000000000000000       -0.0024142656680358     0.0000000000000000
     0.0036725634933991     0.0000000000000000       -0.0021203555215300     0.0000000000000000       -0.0116358520424561     0.0000000000000000
    2    9
     0.0050361548291196     0.0000000000000000        0.0000000000000000     0.0000000000000000        0.0000000000000000     0.0000000000000000
     0.0000000000000000     0.0000000000000000       -0.0190196097584553     0.0000000000000000       -0.0086545092728413     0.0000000000000000
     0.0000000000000000     0.0000000000000000       -0.0095401361020204     0.0000000000000000        0.0026783794780618     0.0000000000000000
    2   10
    -0.0130056686115605     0.0000000000000000        0.0104164516201487     0.0000000000000000       -0.0074950248875683     0.0000000000000000
     0.0104164516201487     0.0000000000000000       -0.0009777863177739     0.0000000000000000        0.0043272546364206     0.0000000000000000
    -0.0082620002199104     0.0000000000000000        0.0047700680510102     0.0000000000000000        0.0026783794780618     0.0000000000000000
    2   11
    -0.0130056686115604     0.0000000000000000       -0.0104164516201487     0.0000000000000000        0.0074950248875682     0.0000000000000000
    -0.0104164516201487     0.0000000000000000       -0.0009777863177739     0.0000000000000000        0.0043272546364207     0.0000000000000000
     0.0082620002199104     0.0000000000000000        0.0047700680510102     0.0000000000000000        0.0026783794780618     0.0000000000000000
    3    1
    -0.0300606833329886     0.0000000000000000       -0.0000000000000000     0.0000000000000000       -0.0000000000000000     0.0000000000000000
     0.0000000000000000     0.0000000000000000       -0.0300606833329910     0.0000000000000000        0.0000000000000000     0.0000000000000000
    -0.0000000000000000     0.0000000000000000        0.0000000000000000     0.0000000000000000       -0.0292863534971433     0.0000000000000000
    3    2
    -0.0049065695673976     0.0000000000000000        0.0000000000000000     0.0000000000000000       -0.0000000000000000     0.0000000000000000
     0.0000000000000000     0.0000000000000000       -0.0049065695673980     0.0000000000000000        0.0000000000000000     0.0000000000000000
    -0.0000000000000000     0.0000000000000000        0.0000000000000000     0.0000000000000000       -0.0051560485036997     0.0000000000000000
    3    3
     0.0837552290065840     0.0000000000000000       -0.0000000000000000     0.0000000000000000        0.0000000000000000     0.0000000000000000
    -0.0000000000000000     0.0000000000000000        0.0837552290065907     0.0000000000000000       -0.0000000000000001     0.0000000000000000
     0.0000000000000000     0.0000000000000000       -0.0000000000000001     0.0000000000000000        0.0814109868636501     0.0000000000000000
    3    4
    -0.0132449989697635     0.0000000000000000        0.0000000000000000     0.0000000000000000       -0.0000000000000000     0.0000000000000000
     0.0000000000000000     0.0000000000000000       -0.0132449989697646     0.0000000000000000       -0.0000000000000000     0.0000000000000000
    -0.0000000000000000     0.0000000000000000       -0.0000000000000000     0.0000000000000000        0.0015751716298213     0.0000000000000000
    3    5
     0.0069605400829253     0.0000000000000000        0.0000000000000000     0.0000000000000000        0.0000000000000000     0.0000000000000000
    -0.0000000000000000     0.0000000000000000        0.0069605400829259     0.0000000000000000        0.0000000000000000     0.0000000000000000
     0.0000000000000000     0.0000000000000000        0.0000000000000000     0.0000000000000000       -0.0216713387994454     0.0000000000000000
    3    6
    -0.0130056686115604     0.0000000000000000       -0.0104164516201487     0.0000000000000000        0.0074950248875682     0.0000000000000000
    -0.0104164516201487     0.0000000000000000       -0.0009777863177739     0.0000000000000000        0.0043272546364207     0.0000000000000000
     0.0082620002199104     0.0000000000000000        0.0047700680510102     0.0000000000000000        0.0026783794780618     0.0000000000000000
    3    7
     0.0050361548291196     0.0000000000000000        0.0000000000000000     0.0000000000000000        0.0000000000000000     0.0000000000000000
     0.0000000000000000     0.0000000000000000       -0.0190196097584553     0.0000000000000000       -0.0086545092728413     0.0000000000000000
     0.0000000000000000     0.0000000000000000       -0.0095401361020204     0.0000000000000000        0.0026783794780618     0.0000000000000000
    3    8
    -0.0130056686115605     0.0000000000000000        0.0104164516201487     0.0000000000000000       -0.0074950248875683     0.0000000000000000
     0.0104164516201487     0.0000000000000000       -0.0009777863177739     0.0000000000000000        0.0043272546364206     0.0000000000000000
    -0.0082620002199104     0.0000000000000000        0.0047700680510102     0.0000000000000000        0.0026783794780618     0.0000000000000000
    3    9
    -0.0138344053888656     0.0000000000000000       -0.0000000000000000     0.0000000000000000       -0.0000000000000000     0.0000000000000000
    -0.0000000000000000     0.0000000000000000       -0.0005178178280400     0.0000000000000000        0.0048285313360717     0.0000000000000000
    -0.0000000000000000     0.0000000000000000        0.0042407110430601     0.0000000000000000       -0.0116358520424561     0.0000000000000000
    3   10
    -0.0038469647182463     0.0000000000000000       -0.0057662515596977     0.0000000000000000        0.0041816308000072     0.0000000000000000
    -0.0057662515596977     0.0000000000000000       -0.0105052584986600     0.0000000000000000       -0.0024142656680358     0.0000000000000000
     0.0036725634933991     0.0000000000000000       -0.0021203555215300     0.0000000000000000       -0.0116358520424561     0.0000000000000000
    3   11
    -0.0038469647182463     0.0000000000000000        0.0057662515596977     0.0000000000000000       -0.0041816308000072     0.0000000000000000
     0.0057662515596977     0.0000000000000000       -0.0105052584986600     0.0000000000000000       -0.0024142656680359     0.0000000000000000
    -0.0036725634933991     0.0000000000000000       -0.0021203555215300     0.0000000000000000       -0.0116358520424561     0.0000000000000000
    4    1
    -0.0918807058871021     0.0000000000000000        0.0000000000000000     0.0000000000000000       -0.0000000000000000     0.0000000000000000
     0.0000000000000000     0.0000000000000000       -0.0918807058871095     0.0000000000000000       -0.0000000000000000     0.0000000000000000
    -0.0000000000000000     0.0000000000000000       -0.0000000000000000     0.0000000000000000       -0.0281717642458634     0.0000000000000000
    4    2
     0.0069605400829253     0.0000000000000000        0.0000000000000000     0.0000000000000000        0.0000000000000000     0.0000000000000000
    -0.0000000000000000     0.0000000000000000        0.0069605400829259     0.0000000000000000        0.0000000000000000     0.0000000000000000
     0.0000000000000000     0.0000000000000000        0.0000000000000000     0.0000000000000000       -0.0216713387994454     0.0000000000000000
    4    3
    -0.0132449989697635     0.0000000000000000        0.0000000000000000     0.0000000000000000       -0.0000000000000000     0.0000000000000000
     0.0000000000000000     0.0000000000000000       -0.0132449989697646     0.0000000000000000       -0.0000000000000000     0.0000000000000000
    -0.0000000000000000     0.0000000000000000       -0.0000000000000000     0.0000000000000000        0.0015751716298213     0.0000000000000000
    4    4
     0.1109593259756171     0.0000000000000000        0.0000000000000000     0.0000000000000000        0.0000000000000000     0.0000000000000000
    -0.0000000000000000     0.0000000000000000        0.1109593259756261     0.0000000000000000       -0.0000000000000002     0.0000000000000000
     0.0000000000000000     0.0000000000000000       -0.0000000000000002     0.0000000000000000        0.1317663011456899     0.0000000000000000
    4    5
    -0.0053016557677716     0.0000000000000000        0.0000000000000000     0.0000000000000000       -0.0000000000000000     0.0000000000000000
    -0.0000000000000000     0.0000000000000000       -0.0053016557677720     0.0000000000000000        0.0000000000000000     0.0000000000000000
    -0.0000000000000000     0.0000000000000000        0.0000000000000000     0.0000000000000000       -0.0032203895335129     0.0000000000000000
    4    6
    -0.0016078189768037     0.0000000000000000       -0.0048593944589793     0.0000000000000000       -0.0042618900123277     0.0000000000000000
    -0.0048593944589793     0.0000000000000000        0.0040033264211769     0.0000000000000000       -0.0024606033458741     0.0000000000000000
    -0.0142718577201843     0.0000000000000000       -0.0082398608965848     0.0000000000000000        0.0032681554716267     0.0000000000000000
    4    7
     0.0068088991201667     0.0000000000000000        0.0000000000000000     0.0000000000000000       -0.0000000000000000     0.0000000000000000
     0.0000000000000000     0.0000000000000000       -0.0044133916757943     0.0000000000000000        0.0049212066917482     0.0000000000000000
    -0.0000000000000000     0.0000000000000000        0.0164797217931696     0.0000000000000000        0.0032681554716268     0.0000000000000000
    4    8
    -0.0016078189768038     0.0000000000000000        0.0048593944589793     0.0000000000000000        0.0042618900123278     0.0000000000000000
     0.0048593944589793     0.0000000000000000        0.0040033264211769     0.0000000000000000       -0.0024606033458741     0.0000000000000000
     0.0142718577201843     0.0000000000000000       -0.0082398608965848     0.0000000000000000        0.0032681554716268     0.0000000000000000
    4    9
     0.0073507745567932     0.0000000000000000        0.0000000000000000     0.0000000000000000        0.0000000000000000     0.0000000000000000
     0.0000000000000000     0.0000000000000000       -0.0147412856237706     0.0000000000000000       -0.0203857035630269     0.0000000000000000
     0.0000000000000000     0.0000000000000000       -0.0256722953603177     0.0000000000000000       -0.0300274822038566     0.0000000000000000
    4   10
    -0.0092182705786288     0.0000000000000000        0.0095661426691514     0.0000000000000000       -0.0176545371595996     0.0000000000000000
     0.0095661426691514     0.0000000000000000        0.0018277595116527     0.0000000000000000        0.0101928517815135     0.0000000000000000
    -0.0222328599554917     0.0000000000000000        0.0128361476801589     0.0000000000000000       -0.0300274822038566     0.0000000000000000
    4   11
    -0.0092182705786288     0.0000000000000000       -0.0095661426691514     0.0000000000000000        0.0176545371595995     0.0000000000000000
    -0.0095661426691514     0.0000000000000000        0.0018277595116526     0.0000000000000000        0.0101928517815135     0.0000000000000000
     0.0222328599554916     0.0000000000000000        0.0128361476801590     0.0000000000000000       -0.0300274822038566     0.0000000000000000
    5    1
    -0.0918807058871021     0.0000000000000000        0.0000000000000000     0.0000000000000000       -0.0000000000000000     0.0000000000000000
     0.0000000000000000     0.0000000000000000       -0.0918807058871095     0.0000000000000000       -0.0000000000000000     0.0000000000000000
    -0.0000000000000000     0.0000000000000000       -0.0000000000000000     0.0000000000000000       -0.0281717642458634     0.0000000000000000
    5    2
    -0.0132449989697635     0.0000000000000000       -0.0000000000000000     0.0000000000000000       -0.0000000000000000     0.0000000000000000
     0.0000000000000000     0.0000000000000000       -0.0132449989697646     0.0000000000000000       -0.0000000000000000     0.0000000000000000
    -0.0000000000000000     0.0000000000000000       -0.0000000000000000     0.0000000000000000        0.0015751716298213     0.0000000000000000
    5    3
     0.0069605400829253     0.0000000000000000        0.0000000000000000     0.0000000000000000        0.0000000000000000     0.0000000000000000
    -0.0000000000000000     0.0000000000000000        0.0069605400829259     0.0000000000000000        0.0000000000000000     0.0000000000000000
     0.0000000000000000     0.0000000000000000        0.0000000000000000     0.0000000000000000       -0.0216713387994454     0.0000000000000000
    5    4
    -0.0053016557677716     0.0000000000000000        0.0000000000000000     0.0000000000000000       -0.0000000000000000     0.0000000000000000
     0.0000000000000000     0.0000000000000000       -0.0053016557677720     0.0000000000000000        0.0000000000000000     0.0000000000000000
    -0.0000000000000000     0.0000000000000000        0.0000000000000000     0.0000000000000000       -0.0032203895335129     0.0000000000000000
    5    5
     0.1109593259756171     0.0000000000000000        0.0000000000000000     0.0000000000000000        0.0000000000000000     0.0000000000000000
    -0.0000000000000000     0.0000000000000000        0.1109593259756260     0.0000000000000000       -0.0000000000000002     0.0000000000000000
     0.0000000000000000     0.0000000000000000       -0.0000000000000002     0.0000000000000000        0.1317663011456899     0.0000000000000000
    5    6
    -0.0092182705786288     0.0000000000000000       -0.0095661426691514     0.0000000000000000        0.0176545371595995     0.0000000000000000
    -0.0095661426691514     0.0000000000000000        0.0018277595116526     0.0000000000000000        0.0101928517815135     0.0000000000000000
     0.0222328599554916     0.0000000000000000        0.0128361476801590     0.0000000000000000       -0.0300274822038566     0.0000000000000000
    5    7
     0.0073507745567932     0.0000000000000000        0.0000000000000000     0.0000000000000000        0.0000000000000000     0.0000000000000000
     0.0000000000000000     0.0000000000000000       -0.0147412856237706     0.0000000000000000       -0.0203857035630269     0.0000000000000000
     0.0000000000000000     0.0000000000000000       -0.0256722953603177     0.0000000000000000       -0.0300274822038566     0.0000000000000000
    5    8
    -0.0092182705786288     0.0000000000000000        0.0095661426691514     0.0000000000000000       -0.0176545371595996     0.0000000000000000
     0.0095661426691514     0.0000000000000000        0.0018277595116527     0.0000000000000000        0.0101928517815135     0.0000000000000000
    -0.0222328599554917     0.0000000000000000        0.0128361476801589     0.0000000000000000       -0.0300274822038566     0.0000000000000000
    5    9
     0.0068088991201667     0.0000000000000000        0.0000000000000000     0.0000000000000000       -0.0000000000000000     0.0000000000000000
     0.0000000000000000     0.0000000000000000       -0.0044133916757943     0.0000000000000000        0.0049212066917482     0.0000000000000000
    -0.0000000000000000     0.0000000000000000        0.0164797217931696     0.0000000000000000        0.0032681554716268     0.0000000000000000
    5   10
    -0.0016078189768038     0.0000000000000000        0.0048593944589793     0.0000000000000000        0.0042618900123278     0.0000000000000000
     0.0048593944589793     0.0000000000000000        0.0040033264211769     0.0000000000000000       -0.0024606033458741     0.0000000000000000
     0.0142718577201843     0.0000000000000000       -0.0082398608965848     0.0000000000000000        0.0032681554716268     0.0000000000000000
    5   11
    -0.0016078189768037     0.0000000000000000       -0.0048593944589793     0.0000000000000000       -0.0042618900123277     0.0000000000000000
    -0.0048593944589793     0.0000000000000000        0.0040033264211769     0.0000000000000000       -0.0024606033458741     0.0000000000000000
    -0.0142718577201843     0.0000000000000000       -0.0082398608965848     0.0000000000000000        0.0032681554716267     0.0000000000000000
    6    1
    -0.0498089631137001     0.0000000000000000        0.0245601017803168     0.0000000000000000       -0.0170194298347788     0.0000000000000000
     0.0245601017803168     0.0000000000000000       -0.0781685258620861     0.0000000000000000       -0.0098261723965638     0.0000000000000000
    -0.0180093473268018     0.0000000000000000       -0.0103977015270589     0.0000000000000000       -0.0857629308249776     0.0000000000000000
    6    2
    -0.0038469647182463     0.0000000000000000        0.0057662515596977     0.0000000000000000       -0.0036725634933991     0.0000000000000000
     0.0057662515596977     0.0000000000000000       -0.0105052584986600     0.0000000000000000       -0.0021203555215300     0.0000000000000000
    -0.0041816308000072     0.0000000000000000       -0.0024142656680359     0.0000000000000000       -0.0116358520424561     0.0000000000000000
    6    3
    -0.0130056686115604     0.0000000000000000       -0.0104164516201487     0.0000000000000000        0.0082620002199104     0.0000000000000000
    -0.0104164516201487     0.0000000000000000       -0.0009777863177739     0.0000000000000000        0.0047700680510102     0.0000000000000000
     0.0074950248875682     0.0000000000000000        0.0043272546364207     0.0000000000000000        0.0026783794780618     0.0000000000000000
    6    4
    -0.0016078189768037     0.0000000000000000       -0.0048593944589793     0.0000000000000000       -0.0142718577201843     0.0000000000000000
    -0.0048593944589793     0.0000000000000000        0.0040033264211769     0.0000000000000000       -0.0082398608965848     0.0000000000000000
    -0.0042618900123277     0.0000000000000000       -0.0024606033458741     0.0000000000000000        0.0032681554716267     0.0000000000000000
    6    5
    -0.0092182705786288     0.0000000000000000       -0.0095661426691514     0.0000000000000000        0.0222328599554916     0.0000000000000000
    -0.0095661426691514     0.0000000000000000        0.0018277595116526     0.0000000000000000        0.0128361476801590     0.0000000000000000
     0.0176545371595995     0.0000000000000000        0.0101928517815135     0.0000000000000000       -0.0300274822038566     0.0000000000000000
    6    6
     0.1252954170634009     0.0000000000000000        0.0080465180666815     0.0000000000000000       -0.0059928693177821     0.0000000000000000
     0.0080465180666815     0.0000000000000000        0.1160040983197352     0.0000000000000000       -0.0034599847138400     0.0000000000000000
    -0.0059928693177821     0.0000000000000000       -0.0034599847138400     0.0000000000000000        0.1134351653132959     0.0000000000000000
    6    7
    -0.0086772529437724     0.0000000000000000       -0.0243097043657629     0.0000000000000000        0.0007210556969414     0.0000000000000000
    -0.0194369290706561     0.0000000000000000       -0.0339343835344307     0.0000000000000000       -0.0026039166025606     0.0000000000000000
     0.0026155857756242     0.0000000000000000        0.0006775057501854     0.0000000000000000        0.0051901299548479     0.0000000000000000
    6    8
    -0.0465629488297556     0.0000000000000000        0.0024363876475533     0.0000000000000000       -0.0018945300786827     0.0000000000000000
    -0.0024363876475534     0.0000000000000000        0.0039513123515556     0.0000000000000000        0.0019264108523751     0.0000000000000000
     0.0018945300786827     0.0000000000000000        0.0019264108523751     0.0000000000000000        0.0051901299548479     0.0000000000000000
    6    9
    -0.0009989759153067     0.0000000000000000        0.0120445410992098     0.0000000000000000        0.0092031829539353     0.0000000000000000
     0.0030923403957687     0.0000000000000000        0.0077403066905110     0.0000000000000000       -0.0019073726137089     0.0000000000000000
     0.0062534246149222     0.0000000000000000       -0.0070165039269298     0.0000000000000000        0.0011369164477151     0.0000000000000000
    6   10
     0.0121099479934188     0.0000000000000000       -0.0044761003517206     0.0000000000000000        0.0029497583390131     0.0000000000000000
     0.0044761003517206     0.0000000000000000       -0.0053686172182156     0.0000000000000000        0.0089238765406387     0.0000000000000000
    -0.0029497583390131     0.0000000000000000        0.0089238765406386     0.0000000000000000        0.0011369164477151     0.0000000000000000
    6   11
    -0.0036785013690458     0.0000000000000000        0.0007739933123037     0.0000000000000000       -0.0005176067204648     0.0000000000000000
     0.0007739933123037     0.0000000000000000       -0.0045722318634652     0.0000000000000000       -0.0002988403793947     0.0000000000000000
    -0.0005176067204648     0.0000000000000000       -0.0002988403793947     0.0000000000000000       -0.0046095279968201     0.0000000000000000
    7    1
    -0.0923483072362698     0.0000000000000000       -0.0000000000000001     0.0000000000000000       -0.0000000000000000     0.0000000000000000
    -0.0000000000000000     0.0000000000000000       -0.0356291817395131     0.0000000000000000        0.0196523447931279     0.0000000000000000
    -0.0000000000000000     0.0000000000000000        0.0207954030541180     0.0000000000000000       -0.0857629308249775     0.0000000000000000
    7    2
    -0.0138344053888656     0.0000000000000000       -0.0000000000000000     0.0000000000000000       -0.0000000000000000     0.0000000000000000
    -0.0000000000000000     0.0000000000000000       -0.0005178178280400     0.0000000000000000        0.0042407110430601     0.0000000000000000
    -0.0000000000000000     0.0000000000000000        0.0048285313360717     0.0000000000000000       -0.0116358520424561     0.0000000000000000
    7    3
     0.0050361548291196     0.0000000000000000        0.0000000000000000     0.0000000000000000        0.0000000000000000     0.0000000000000000
     0.0000000000000000     0.0000000000000000       -0.0190196097584553     0.0000000000000000       -0.0095401361020204     0.0000000000000000
     0.0000000000000000     0.0000000000000000       -0.0086545092728413     0.0000000000000000        0.0026783794780618     0.0000000000000000
    7    4
     0.0068088991201667     0.0000000000000000        0.0000000000000000     0.0000000000000000       -0.0000000000000000     0.0000000000000000
     0.0000000000000000     0.0000000000000000       -0.0044133916757943     0.0000000000000000        0.0164797217931695     0.0000000000000000
    -0.0000000000000000     0.0000000000000000        0.0049212066917482     0.0000000000000000        0.0032681554716268     0.0000000000000000
    7    5
     0.0073507745567932     0.0000000000000000        0.0000000000000000     0.0000000000000000        0.0000000000000000     0.0000000000000000
     0.0000000000000000     0.0000000000000000       -0.0147412856237706     0.0000000000000000       -0.0256722953603177     0.0000000000000000
     0.0000000000000000     0.0000000000000000       -0.0203857035630269     0.0000000000000000       -0.0300274822038566     0.0000000000000000
    7    6
    -0.0086772529437724     0.0000000000000000       -0.0194369290706561     0.0000000000000000        0.0026155857756242     0.0000000000000000
    -0.0243097043657629     0.0000000000000000       -0.0339343835344307     0.0000000000000000        0.0006775057501854     0.0000000000000000
     0.0007210556969414     0.0000000000000000       -0.0026039166025606     0.0000000000000000        0.0051901299548479     0.0000000000000000
    7    7
     0.1113584389478883     0.0000000000000000       -0.0000000000000000     0.0000000000000000        0.0000000000000000     0.0000000000000000
    -0.0000000000000000     0.0000000000000000        0.1299410764352490     0.0000000000000000        0.0069199694276797     0.0000000000000000
     0.0000000000000000     0.0000000000000000        0.0069199694276797     0.0000000000000000        0.1134351653132959     0.0000000000000000
    7    8
    -0.0086772529437725     0.0000000000000000        0.0194369290706562     0.0000000000000000       -0.0026155857756242     0.0000000000000000
     0.0243097043657630     0.0000000000000000       -0.0339343835344306     0.0000000000000000        0.0006775057501854     0.0000000000000000
    -0.0007210556969414     0.0000000000000000       -0.0026039166025606     0.0000000000000000        0.0051901299548479     0.0000000000000000
    7    9
    -0.0050190971106743     0.0000000000000000       -0.0000000000000000     0.0000000000000000       -0.0000000000000000     0.0000000000000000
    -0.0000000000000000     0.0000000000000000       -0.0032316361218366     0.0000000000000000        0.0005976807587895     0.0000000000000000
    -0.0000000000000000     0.0000000000000000        0.0005976807587895     0.0000000000000000       -0.0046095279968201     0.0000000000000000
    7   10
    -0.0009989759153066     0.0000000000000000       -0.0030923403957687     0.0000000000000000       -0.0062534246149222     0.0000000000000000
    -0.0120445410992098     0.0000000000000000        0.0077403066905110     0.0000000000000000       -0.0070165039269298     0.0000000000000000
    -0.0092031829539353     0.0000000000000000       -0.0019073726137089     0.0000000000000000        0.0011369164477151     0.0000000000000000
    7   11
    -0.0009989759153067     0.0000000000000000        0.0030923403957687     0.0000000000000000        0.0062534246149222     0.0000000000000000
     0.0120445410992098     0.0000000000000000        0.0077403066905110     0.0000000000000000       -0.0070165039269298     0.0000000000000000
     0.0092031829539353     0.0000000000000000       -0.0019073726137089     0.0000000000000000        0.0011369164477151     0.0000000000000000
    8    1
    -0.0498089631137000     0.0000000000000000       -0.0245601017803168     0.0000000000000000        0.0170194298347788     0.0000000000000000
    -0.0245601017803168     0.0000000000000000       -0.0781685258620862     0.0000000000000000       -0.0098261723965638     0.0000000000000000
     0.0180093473268018     0.0000000000000000       -0.0103977015270588     0.0000000000000000       -0.0857629308249776     0.0000000000000000
    8    2
    -0.0038469647182463     0.0000000000000000       -0.0057662515596977     0.0000000000000000        0.0036725634933991     0.0000000000000000
    -0.0057662515596977     0.0000000000000000       -0.0105052584986600     0.0000000000000000       -0.0021203555215300     0.0000000000000000
     0.0041816308000072     0.0000000000000000       -0.0024142656680358     0.0000000000000000       -0.0116358520424561     0.0000000000000000
    8    3
    -0.0130056686115605     0.0000000000000000        0.0104164516201487     0.0000000000000000       -0.0082620002199104     0.0000000000000000
     0.0104164516201487     0.0000000000000000       -0.0009777863177739     0.0000000000000000        0.0047700680510102     0.0000000000000000
    -0.0074950248875683     0.0000000000000000        0.0043272546364206     0.0000000000000000        0.0026783794780618     0.0000000000000000
    8    4
    -0.0016078189768038     0.0000000000000000        0.0048593944589793     0.0000000000000000        0.0142718577201843     0.0000000000000000
     0.0048593944589793     0.0000000000000000        0.0040033264211769     0.0000000000000000       -0.0082398608965848     0.0000000000000000
     0.0042618900123278     0.0000000000000000       -0.0024606033458741     0.0000000000000000        0.0032681554716268     0.0000000000000000
    8    5
    -0.0092182705786288     0.0000000000000000        0.0095661426691514     0.0000000000000000       -0.0222328599554917     0.0000000000000000
     0.0095661426691514     0.0000000000000000        0.0018277595116527     0.0000000000000000        0.0128361476801589     0.0000000000000000
    -0.0176545371595996     0.0000000000000000        0.0101928517815135     0.0000000000000000       -0.0300274822038566     0.0000000000000000
    8    6
    -0.0465629488297556     0.0000000000000000       -0.0024363876475534     0.0000000000000000        0.0018945300786827     0.0000000000000000
     0.0024363876475533     0.0000000000000000        0.0039513123515556     0.0000000000000000        0.0019264108523751     0.0000000000000000
    -0.0018945300786827     0.0000000000000000        0.0019264108523751     0.0000000000000000        0.0051901299548479     0.0000000000000000
    8    7
    -0.0086772529437725     0.0000000000000000        0.0243097043657630     0.0000000000000000       -0.0007210556969414     0.0000000000000000
     0.0194369290706562     0.0000000000000000       -0.0339343835344306     0.0000000000000000       -0.0026039166025606     0.0000000000000000
    -0.0026155857756242     0.0000000000000000        0.0006775057501854     0.0000000000000000        0.0051901299548479     0.0000000000000000
    8    8
     0.1252954170634010     0.0000000000000000       -0.0080465180666815     0.0000000000000000        0.0059928693177822     0.0000000000000000
    -0.0080465180666815     0.0000000000000000        0.1160040983197352     0.0000000000000000       -0.0034599847138400     0.0000000000000000
     0.0059928693177822     0.0000000000000000       -0.0034599847138400     0.0000000000000000        0.1134351653132959     0.0000000000000000
    8    9
    -0.0009989759153066     0.0000000000000000       -0.0120445410992098     0.0000000000000000       -0.0092031829539353     0.0000000000000000
    -0.0030923403957687     0.0000000000000000        0.0077403066905110     0.0000000000000000       -0.0019073726137089     0.0000000000000000
    -0.0062534246149222     0.0000000000000000       -0.0070165039269298     0.0000000000000000        0.0011369164477151     0.0000000000000000
    8   10
    -0.0036785013690458     0.0000000000000000       -0.0007739933123037     0.0000000000000000        0.0005176067204648     0.0000000000000000
    -0.0007739933123037     0.0000000000000000       -0.0045722318634652     0.0000000000000000       -0.0002988403793947     0.0000000000000000
     0.0005176067204648     0.0000000000000000       -0.0002988403793947     0.0000000000000000       -0.0046095279968201     0.0000000000000000
    8   11
     0.0121099479934188     0.0000000000000000        0.0044761003517206     0.0000000000000000       -0.0029497583390131     0.0000000000000000
    -0.0044761003517206     0.0000000000000000       -0.0053686172182156     0.0000000000000000        0.0089238765406386     0.0000000000000000
     0.0029497583390131     0.0000000000000000        0.0089238765406387     0.0000000000000000        0.0011369164477151     0.0000000000000000
    9    1
    -0.0923483072362698     0.0000000000000000       -0.0000000000000000     0.0000000000000000       -0.0000000000000001     0.0000000000000000
    -0.0000000000000000     0.0000000000000000       -0.0356291817395130     0.0000000000000000        0.0196523447931279     0.0000000000000000
    -0.0000000000000000     0.0000000000000000        0.0207954030541180     0.0000000000000000       -0.0857629308249776     0.0000000000000000
    9    2
     0.0050361548291196     0.0000000000000000        0.0000000000000000     0.0000000000000000        0.0000000000000000     0.0000000000000000
     0.0000000000000000     0.0000000000000000       -0.0190196097584553     0.0000000000000000       -0.0095401361020204     0.0000000000000000
     0.0000000000000000     0.0000000000000000       -0.0086545092728413     0.0000000000000000        0.0026783794780618     0.0000000000000000
    9    3
    -0.0138344053888656     0.0000000000000000       -0.0000000000000000     0.0000000000000000       -0.0000000000000000     0.0000000000000000
    -0.0000000000000000     0.0000000000000000       -0.0005178178280400     0.0000000000000000        0.0042407110430601     0.0000000000000000
    -0.0000000000000000     0.0000000000000000        0.0048285313360717     0.0000000000000000       -0.0116358520424561     0.0000000000000000
    9    4
     0.0073507745567932     0.0000000000000000        0.0000000000000000     0.0000000000000000        0.0000000000000000     0.0000000000000000
     0.0000000000000000     0.0000000000000000       -0.0147412856237706     0.0000000000000000       -0.0256722953603177     0.0000000000000000
     0.0000000000000000     0.0000000000000000       -0.0203857035630269     0.0000000000000000       -0.0300274822038566     0.0000000000000000
    9    5
     0.0068088991201667     0.0000000000000000        0.0000000000000000     0.0000000000000000       -0.0000000000000000     0.0000000000000000
     0.0000000000000000     0.0000000000000000       -0.0044133916757943     0.0000000000000000        0.0164797217931695     0.0000000000000000
    -0.0000000000000000     0.0000000000000000        0.0049212066917482     0.0000000000000000        0.0032681554716268     0.0000000000000000
    9    6
    -0.0009989759153067     0.0000000000000000        0.0030923403957687     0.0000000000000000        0.0062534246149222     0.0000000000000000
     0.0120445410992098     0.0000000000000000        0.0077403066905110     0.0000000000000000       -0.0070165039269298     0.0000000000000000
     0.0092031829539353     0.0000000000000000       -0.0019073726137089     0.0000000000000000        0.0011369164477151     0.0000000000000000
    9    7
    -0.0050190971106743     0.0000000000000000       -0.0000000000000000     0.0000000000000000       -0.0000000000000000     0.0000000000000000
    -0.0000000000000000     0.0000000000000000       -0.0032316361218366     0.0000000000000000        0.0005976807587895     0.0000000000000000
    -0.0000000000000000     0.0000000000000000        0.0005976807587895     0.0000000000000000       -0.0046095279968201     0.0000000000000000
    9    8
    -0.0009989759153066     0.0000000000000000       -0.0030923403957687     0.0000000000000000       -0.0062534246149222     0.0000000000000000
    -0.0120445410992098     0.0000000000000000        0.0077403066905110     0.0000000000000000       -0.0070165039269298     0.0000000000000000
    -0.0092031829539353     0.0000000000000000       -0.0019073726137089     0.0000000000000000        0.0011369164477151     0.0000000000000000
    9    9
     0.1113584389478883     0.0000000000000000        0.0000000000000000     0.0000000000000000       -0.0000000000000000     0.0000000000000000
    -0.0000000000000000     0.0000000000000000        0.1299410764352490     0.0000000000000000        0.0069199694276797     0.0000000000000000
     0.0000000000000000     0.0000000000000000        0.0069199694276797     0.0000000000000000        0.1134351653132959     0.0000000000000000
    9   10
    -0.0086772529437725     0.0000000000000000        0.0194369290706562     0.0000000000000000       -0.0026155857756242     0.0000000000000000
     0.0243097043657630     0.0000000000000000       -0.0339343835344306     0.0000000000000000        0.0006775057501854     0.0000000000000000
    -0.0007210556969414     0.0000000000000000       -0.0026039166025606     0.0000000000000000        0.0051901299548479     0.0000000000000000
    9   11
    -0.0086772529437724     0.0000000000000000       -0.0194369290706561     0.0000000000000000        0.0026155857756242     0.0000000000000000
    -0.0243097043657629     0.0000000000000000       -0.0339343835344307     0.0000000000000000        0.0006775057501854     0.0000000000000000
     0.0007210556969414     0.0000000000000000       -0.0026039166025606     0.0000000000000000        0.0051901299548479     0.0000000000000000
   10    1
    -0.0498089631137000     0.0000000000000000       -0.0245601017803168     0.0000000000000000        0.0170194298347788     0.0000000000000000
    -0.0245601017803168     0.0000000000000000       -0.0781685258620862     0.0000000000000000       -0.0098261723965638     0.0000000000000000
     0.0180093473268018     0.0000000000000000       -0.0103977015270588     0.0000000000000000       -0.0857629308249776     0.0000000000000000
   10    2
    -0.0130056686115605     0.0000000000000000        0.0104164516201487     0.0000000000000000       -0.0082620002199104     0.0000000000000000
     0.0104164516201487     0.0000000000000000       -0.0009777863177739     0.0000000000000000        0.0047700680510102     0.0000000000000000
    -0.0074950248875683     0.0000000000000000        0.0043272546364206     0.0000000000000000        0.0026783794780618     0.0000000000000000
   10    3
    -0.0038469647182463     0.0000000000000000       -0.0057662515596977     0.0000000000000000        0.0036725634933991     0.0000000000000000
    -0.0057662515596977     0.0000000000000000       -0.0105052584986600     0.0000000000000000       -0.0021203555215300     0.0000000000000000
     0.0041816308000072     0.0000000000000000       -0.0024142656680358     0.0000000000000000       -0.0116358520424561     0.0000000000000000
   10    4
    -0.0092182705786288     0.0000000000000000        0.0095661426691514     0.0000000000000000       -0.0222328599554917     0.0000000000000000
     0.0095661426691514     0.0000000000000000        0.0018277595116526     0.0000000000000000        0.0128361476801589     0.0000000000000000
    -0.0176545371595996     0.0000000000000000        0.0101928517815135     0.0000000000000000       -0.0300274822038566     0.0000000000000000
   10    5
    -0.0016078189768038     0.0000000000000000        0.0048593944589793     0.0000000000000000        0.0142718577201843     0.0000000000000000
     0.0048593944589793     0.0000000000000000        0.0040033264211769     0.0000000000000000       -0.0082398608965848     0.0000000000000000
     0.0042618900123278     0.0000000000000000       -0.0024606033458741     0.0000000000000000        0.0032681554716268     0.0000000000000000
   10    6
     0.0121099479934188     0.0000000000000000        0.0044761003517206     0.0000000000000000       -0.0029497583390131     0.0000000000000000
    -0.0044761003517206     0.0000000000000000       -0.0053686172182156     0.0000000000000000        0.0089238765406386     0.0000000000000000
     0.0029497583390131     0.0000000000000000        0.0089238765406387     0.0000000000000000        0.0011369164477151     0.0000000000000000
   10    7
    -0.0009989759153066     0.0000000000000000       -0.0120445410992098     0.0000000000000000       -0.0092031829539353     0.0000000000000000
    -0.0030923403957687     0.0000000000000000        0.0077403066905110     0.0000000000000000       -0.0019073726137089     0.0000000000000000
    -0.0062534246149222     0.0000000000000000       -0.0070165039269298     0.0000000000000000        0.0011369164477151     0.0000000000000000
   10    8
    -0.0036785013690458     0.0000000000000000       -0.0007739933123037     0.0000000000000000        0.0005176067204648     0.0000000000000000
    -0.0007739933123037     0.0000000000000000       -0.0045722318634652     0.0000000000000000       -0.0002988403793947     0.0000000000000000
     0.0005176067204648     0.0000000000000000       -0.0002988403793947     0.0000000000000000       -0.0046095279968201     0.0000000000000000
   10    9
    -0.0086772529437725     0.0000000000000000        0.0243097043657630     0.0000000000000000       -0.0007210556969414     0.0000000000000000
     0.0194369290706562     0.0000000000000000       -0.0339343835344306     0.0000000000000000       -0.0026039166025606     0.0000000000000000
    -0.0026155857756242     0.0000000000000000        0.0006775057501854     0.0000000000000000        0.0051901299548479     0.0000000000000000
   10   10
     0.1252954170634010     0.0000000000000000       -0.0080465180666815     0.0000000000000000        0.0059928693177822     0.0000000000000000
    -0.0080465180666815     0.0000000000000000        0.1160040983197352     0.0000000000000000       -0.0034599847138400     0.0000000000000000
     0.0059928693177822     0.0000000000000000       -0.0034599847138400     0.0000000000000000        0.1134351653132959     0.0000000000000000
   10   11
    -0.0465629488297556     0.0000000000000000       -0.0024363876475534     0.0000000000000000        0.0018945300786827     0.0000000000000000
     0.0024363876475533     0.0000000000000000        0.0039513123515556     0.0000000000000000        0.0019264108523751     0.0000000000000000
    -0.0018945300786827     0.0000000000000000        0.0019264108523751     0.0000000000000000        0.0051901299548479     0.0000000000000000
   11    1
    -0.0498089631137001     0.0000000000000000        0.0245601017803168     0.0000000000000000       -0.0170194298347788     0.0000000000000000
     0.0245601017803168     0.0000000000000000       -0.0781685258620861     0.0000000000000000       -0.0098261723965638     0.0000000000000000
    -0.0180093473268018     0.0000000000000000       -0.0103977015270589     0.0000000000000000       -0.0857629308249776     0.0000000000000000
   11    2
    -0.0130056686115604     0.0000000000000000       -0.0104164516201487     0.0000000000000000        0.0082620002199104     0.0000000000000000
    -0.0104164516201487     0.0000000000000000       -0.0009777863177739     0.0000000000000000        0.0047700680510102     0.0000000000000000
     0.0074950248875682     0.0000000000000000        0.0043272546364207     0.0000000000000000        0.0026783794780618     0.0000000000000000
   11    3
    -0.0038469647182463     0.0000000000000000        0.0057662515596977     0.0000000000000000       -0.0036725634933991     0.0000000000000000
     0.0057662515596977     0.0000000000000000       -0.0105052584986600     0.0000000000000000       -0.0021203555215300     0.0000000000000000
    -0.0041816308000072     0.0000000000000000       -0.0024142656680358     0.0000000000000000       -0.0116358520424561     0.0000000000000000
   11    4
    -0.0092182705786288     0.0000000000000000       -0.0095661426691514     0.0000000000000000        0.0222328599554916     0.0000000000000000
    -0.0095661426691514     0.0000000000000000        0.0018277595116526     0.0000000000000000        0.0128361476801590     0.0000000000000000
     0.0176545371595995     0.0000000000000000        0.0101928517815135     0.0000000000000000       -0.0300274822038566     0.0000000000000000
   11    5
    -0.0016078189768037     0.0000000000000000       -0.0048593944589793     0.0000000000000000       -0.0142718577201843     0.0000000000000000
    -0.0048593944589793     0.0000000000000000        0.0040033264211769     0.0000000000000000       -0.0082398608965848     0.0000000000000000
    -0.0042618900123277     0.0000000000000000       -0.0024606033458741     0.0000000000000000        0.0032681554716267     0.0000000000000000
   11    6
    -0.0036785013690458     0.0000000000000000        0.0007739933123037     0.0000000000000000       -0.0005176067204648     0.0000000000000000
     0.0007739933123037     0.0000000000000000       -0.0045722318634651     0.0000000000000000       -0.0002988403793947     0.0000000000000000
    -0.0005176067204648     0.0000000000000000       -0.0002988403793947     0.0000000000000000       -0.0046095279968201     0.0000000000000000
   11    7
    -0.0009989759153067     0.0000000000000000        0.0120445410992098     0.0000000000000000        0.0092031829539353     0.0000000000000000
     0.0030923403957687     0.0000000000000000        0.0077403066905110     0.0000000000000000       -0.0019073726137089     0.0000000000000000
     0.0062534246149222     0.0000000000000000       -0.0070165039269298     0.0000000000000000        0.0011369164477151     0.0000000000000000
   11    8
     0.0121099479934188     0.0000000000000000       -0.0044761003517206     0.0000000000000000        0.0029497583390131     0.0000000000000000
     0.0044761003517206     0.0000000000000000       -0.0053686172182156     0.0000000000000000        0.0089238765406387     0.0000000000000000
    -0.0029497583390131     0.0000000000000000        0.0089238765406386     0.0000000000000000        0.0011369164477151     0.0000000000000000
   11    9
    -0.0086772529437724     0.0000000000000000       -0.0243097043657629     0.0000000000000000        0.0007210556969414     0.0000000000000000
    -0.0194369290706561     0.0000000000000000       -0.0339343835344307     0.0000000000000000       -0.0026039166025606     0.0000000000000000
     0.0026155857756242     0.0000000000000000        0.0006775057501854     0.0000000000000000        0.0051901299548479     0.0000000000000000
   11   10
    -0.0465629488297556     0.0000000000000000        0.0024363876475533     0.0000000000000000       -0.0018945300786827     0.0000000000000000
    -0.0024363876475534     0.0000000000000000        0.0039513123515556     0.0000000000000000        0.0019264108523751     0.0000000000000000
     0.0018945300786827     0.0000000000000000        0.0019264108523751     0.0000000000000000        0.0051901299548479     0.0000000000000000
   11   11
     0.1252954170634010     0.0000000000000000        0.0080465180666815     0.0000000000000000       -0.0059928693177821     0.0000000000000000
     0.0080465180666815     0.0000000000000000        0.1160040983197352     0.0000000000000000       -0.0034599847138400     0.0000000000000000
    -0.0059928693177821     0.0000000000000000       -0.0034599847138400     0.0000000000000000        0.1134351653132959     0.0000000000000000

     Diagonalizing the dynamical matrix

     q = (     0.000000000000     0.000000000000     0.000000000000 )

***************************************************************************
   freq (    1) =    -0.00000017 [THz] =    -0.00000583 [cm-1]
(  -0.000000  0.000000   0.023188  0.000000  -0.300618  0.000000 )
(  -0.000000  0.000000   0.023188  0.000000  -0.300618  0.000000 )
(   0.000000  0.000000   0.023188  0.000000  -0.300618  0.000000 )
(   0.000000  0.000000   0.023188  0.000000  -0.300618  0.000000 )
(   0.000000  0.000000   0.023188  0.000000  -0.300618  0.000000 )
(  -0.000000  0.000000   0.023188  0.000000  -0.300618  0.000000 )
(   0.000000  0.000000   0.023188  0.000000  -0.300618  0.000000 )
(  -0.000000  0.000000   0.023188  0.000000  -0.300618  0.000000 )
(   0.000000  0.000000   0.023188  0.000000  -0.300618  0.000000 )
(  -0.000000  0.000000   0.023188  0.000000  -0.300618  0.000000 )
(   0.000000  0.000000   0.023188  0.000000  -0.300618  0.000000 )
   freq (    2) =    -0.00000012 [THz] =    -0.00000396 [cm-1]
(   0.301511  0.000000   0.000000  0.000000  -0.000000  0.000000 )
(   0.301511  0.000000  -0.000000  0.000000  -0.000000  0.000000 )
(   0.301511  0.000000   0.000000  0.000000  -0.000000  0.000000 )
(   0.301511  0.000000   0.000000  0.000000  -0.000000  0.000000 )
(   0.301511  0.000000   0.000000  0.000000  -0.000000  0.000000 )
(   0.301511  0.000000   0.000000  0.000000  -0.000000  0.000000 )
(   0.301511  0.000000  -0.000000  0.000000  -0.000000  0.000000 )
(   0.301511  0.000000  -0.000000  0.000000  -0.000000  0.000000 )
(   0.301511  0.000000   0.000000  0.000000  -0.000000  0.000000 )
(   0.301511  0.000000  -0.000000  0.000000  -0.000000  0.000000 )
(   0.301511  0.000000   0.000000  0.000000  -0.000000  0.000000 )
   freq (    3) =     0.00000048 [THz] =     0.00001605 [cm-1]
(   0.000000  0.000000   0.300618  0.000000   0.023188  0.000000 )
(  -0.000000  0.000000   0.300618  0.000000   0.023188  0.000000 )
(   0.000000  0.000000   0.300618  0.000000   0.023188  0.000000 )
(  -0.000000  0.000000   0.300618  0.000000   0.023188  0.000000 )
(   0.000000  0.000000   0.300618  0.000000   0.023188  0.000000 )
(  -0.000000  0.000000   0.300618  0.000000   0.023188  0.000000 )
(   0.000000  0.000000   0.300618  0.000000   0.023188  0.000000 )
(  -0.000000  0.000000   0.300618  0.000000   0.023188  0.000000 )
(  -0.000000  0.000000   0.300618  0.000000   0.023188  0.000000 )
(  -0.000000  0.000000   0.300618  0.000000   0.023188  0.000000 )
(   0.000000  0.000000   0.300618  0.000000   0.023188  0.000000 )
   freq (    4) =    24.95977653 [THz] =   832.56840847 [cm-1]
(  -0.000000  0.000000  -0.000000  0.000000   0.020469  0.000000 )
(   0.000000  0.000000   0.000000  0.000000  -0.520615  0.000000 )
(   0.000000  0.000000   0.000000  0.000000  -0.520615  0.000000 )
(   0.000000  0.000000   0.000000  0.000000  -0.345115  0.000000 )
(   0.000000  0.000000   0.000000  0.000000  -0.345115  0.000000 )
(   0.051923  0.000000   0.029978  0.000000  -0.181532  0.000000 )
(   0.000000  0.000000  -0.059956  0.000000  -0.181532  0.000000 )
(  -0.051923  0.000000   0.029978  0.000000  -0.181532  0.000000 )
(   0.000000  0.000000  -0.059956  0.000000  -0.181532  0.000000 )
(  -0.051923  0.000000   0.029978  0.000000  -0.181532  0.000000 )
(   0.051923  0.000000   0.029978  0.000000  -0.181532  0.000000 )
   freq (    5) =    25.13563009 [THz] =   838.43425092 [cm-1]
(  -0.020735  0.000000   0.000000  0.000000  -0.000000  0.000000 )
(   0.506715  0.000000  -0.000000  0.000000   0.000000  0.000000 )
(   0.506715  0.000000  -0.000000  0.000000   0.000000  0.000000 )
(   0.164993  0.000000  -0.000000  0.000000   0.000000  0.000000 )
(   0.164993  0.000000  -0.000000  0.000000   0.000000  0.000000 )
(   0.292447  0.000000   0.069513  0.000000  -0.052384  0.000000 )
(   0.172047  0.000000  -0.000000  0.000000   0.000000  0.000000 )
(   0.292447  0.000000  -0.069513  0.000000   0.052384  0.000000 )
(   0.172047  0.000000  -0.000000  0.000000   0.000000  0.000000 )
(   0.292447  0.000000  -0.069513  0.000000   0.052384  0.000000 )
(   0.292447  0.000000   0.069513  0.000000  -0.052384  0.000000 )
   freq (    6) =    25.13563009 [THz] =   838.43425092 [cm-1]
(   0.000000  0.000000   0.020735  0.000000   0.000000  0.000000 )
(  -0.000000  0.000000  -0.506715  0.000000  -0.000000  0.000000 )
(  -0.000000  0.000000  -0.506715  0.000000  -0.000000  0.000000 )
(  -0.000000  0.000000  -0.164993  0.000000  -0.000000  0.000000 )
(  -0.000000  0.000000  -0.164993  0.000000  -0.000000  0.000000 )
(  -0.069513  0.000000  -0.212180  0.000000   0.030244  0.000000 )
(  -0.000000  0.000000  -0.332580  0.000000  -0.060488  0.000000 )
(   0.069513  0.000000  -0.212180  0.000000   0.030244  0.000000 )
(  -0.000000  0.000000  -0.332580  0.000000  -0.060488  0.000000 )
(   0.069513  0.000000  -0.212180  0.000000   0.030244  0.000000 )
(  -0.069513  0.000000  -0.212180  0.000000   0.030244  0.000000 )
   freq (    7) =    26.12640383 [THz] =   871.48290069 [cm-1]
(  -0.000000  0.000000   0.000000  0.000000   0.000000  0.000000 )
(  -0.000000  0.000000   0.000000  0.000000  -0.429645  0.000000 )
(   0.000000  0.000000  -0.000000  0.000000   0.429645  0.000000 )
(  -0.000000  0.000000   0.000000  0.000000  -0.480562  0.000000 )
(   0.000000  0.000000  -0.000000  0.000000   0.480562  0.000000 )
(  -0.115373  0.000000  -0.066611  0.000000   0.102016  0.000000 )
(   0.000000  0.000000   0.133221  0.000000   0.102016  0.000000 )
(   0.115373  0.000000  -0.066611  0.000000   0.102016  0.000000 )
(  -0.000000  0.000000  -0.133221  0.000000  -0.102016  0.000000 )
(  -0.115373  0.000000   0.066611  0.000000  -0.102016  0.000000 )
(   0.115373  0.000000   0.066611  0.000000  -0.102016  0.000000 )
   freq (    8) =    26.15336445 [THz] =   872.38221022 [cm-1]
(   0.000000  0.000000  -0.000000  0.000000  -0.000000  0.000000 )
(  -0.371440  0.000000  -0.010034  0.000000  -0.000000  0.000000 )
(   0.371440  0.000000   0.010034  0.000000   0.000000  0.000000 )
(  -0.074230  0.000000  -0.002005  0.000000  -0.000000  0.000000 )
(   0.074230  0.000000   0.002005  0.000000   0.000000  0.000000 )
(   0.373500  0.000000   0.167109  0.000000  -0.109543  0.000000 )
(   0.088184  0.000000   0.012501  0.000000   0.003364  0.000000 )
(   0.364737  0.000000  -0.157285  0.000000   0.106179  0.000000 )
(  -0.088184  0.000000  -0.012501  0.000000  -0.003364  0.000000 )
(  -0.364737  0.000000   0.157285  0.000000  -0.106179  0.000000 )
(  -0.373500  0.000000  -0.167109  0.000000   0.109543  0.000000 )
   freq (    9) =    26.15336445 [THz] =   872.38221022 [cm-1]
(   0.000000  0.000000  -0.000000  0.000000  -0.000000  0.000000 )
(  -0.010034  0.000000   0.371440  0.000000   0.000000  0.000000 )
(   0.010034  0.000000  -0.371440  0.000000  -0.000000  0.000000 )
(  -0.002005  0.000000   0.074230  0.000000   0.000000  0.000000 )
(   0.002005  0.000000  -0.074230  0.000000  -0.000000  0.000000 )
(  -0.152226  0.000000  -0.177448  0.000000   0.059360  0.000000 )
(   0.002382  0.000000  -0.462763  0.000000  -0.124547  0.000000 )
(   0.172168  0.000000  -0.186211  0.000000   0.065187  0.000000 )
(  -0.002382  0.000000   0.462763  0.000000   0.124547  0.000000 )
(  -0.172168  0.000000   0.186211  0.000000  -0.065187  0.000000 )
(   0.152226  0.000000   0.177448  0.000000  -0.059360  0.000000 )
   freq (   10) =    29.12061538 [THz] =   971.35903327 [cm-1]
(   0.000000  0.000000  -0.000000  0.000000   0.000000  0.000000 )
(  -0.000000  0.000000   0.000000  0.000000   0.458926  0.000000 )
(   0.000000  0.000000  -0.000000  0.000000  -0.458926  0.000000 )
(   0.000000  0.000000  -0.000000  0.000000  -0.244415  0.000000 )
(  -0.000000  0.000000   0.000000  0.000000   0.244415  0.000000 )
(   0.010563  0.000000   0.006099  0.000000   0.276407  0.000000 )
(  -0.000000  0.000000  -0.012197  0.000000   0.276407  0.000000 )
(  -0.010563  0.000000   0.006099  0.000000   0.276407  0.000000 )
(   0.000000  0.000000   0.012197  0.000000  -0.276407  0.000000 )
(   0.010563  0.000000  -0.006099  0.000000  -0.276407  0.000000 )
(  -0.010563  0.000000  -0.006099  0.000000  -0.276407  0.000000 )
   freq (   11) =    29.24385760 [THz] =   975.46995045 [cm-1]
(   0.000000  0.000000  -0.000000  0.000000   0.000000  0.000000 )
(  -0.507327  0.000000  -0.002274  0.000000  -0.000000  0.000000 )
(   0.507327  0.000000   0.002274  0.000000   0.000000  0.000000 )
(   0.272571  0.000000   0.001222  0.000000   0.000000  0.000000 )
(  -0.272571  0.000000  -0.001222  0.000000  -0.000000  0.000000 )
(  -0.216722  0.000000   0.027556  0.000000  -0.028252  0.000000 )
(  -0.266520  0.000000  -0.000898  0.000000   0.000146  0.000000 )
(  -0.216979  0.000000  -0.029797  0.000000   0.028106  0.000000 )
(   0.266520  0.000000   0.000898  0.000000  -0.000146  0.000000 )
(   0.216979  0.000000   0.029797  0.000000  -0.028106  0.000000 )
(   0.216722  0.000000  -0.027556  0.000000   0.028252  0.000000 )
   freq (   12) =    29.24385760 [THz] =   975.46995045 [cm-1]
(   0.000000  0.000000   0.000000  0.000000  -0.000000  0.000000 )
(   0.002274  0.000000  -0.507327  0.000000   0.000000  0.000000 )
(  -0.002274  0.000000   0.507327  0.000000  -0.000000  0.000000 )
(  -0.001222  0.000000   0.272571  0.000000  -0.000000  0.000000 )
(   0.001222  0.000000  -0.272571  0.000000   0.000000  0.000000 )
(   0.029649  0.000000  -0.250092  0.000000  -0.016143  0.000000 )
(   0.001195  0.000000  -0.200294  0.000000   0.032539  0.000000 )
(  -0.027705  0.000000  -0.249835  0.000000  -0.016396  0.000000 )
(  -0.001195  0.000000   0.200294  0.000000  -0.032539  0.000000 )
(   0.027705  0.000000   0.249835  0.000000   0.016396  0.000000 )
(  -0.029649  0.000000   0.250092  0.000000   0.016143  0.000000 )
   freq (   13) =    31.65018008 [THz] =  1055.73621695 [cm-1]
(  -0.000000  0.000000  -0.000000  0.000000  -0.000000  0.000000 )
(   0.000000  0.000000   0.000000  0.000000   0.000000  0.000000 )
(  -0.000000  0.000000  -0.000000  0.000000  -0.000000  0.000000 )
(  -0.000000  0.000000  -0.000000  0.000000  -0.000000  0.000000 )
(   0.000000  0.000000   0.000000  0.000000  -0.000000  0.000000 )
(   0.204124  0.000000  -0.353553  0.000000  -0.000000  0.000000 )
(  -0.408248  0.000000  -0.000000  0.000000   0.000000  0.000000 )
(   0.204124  0.000000   0.353553  0.000000   0.000000  0.000000 )
(   0.408248  0.000000   0.000000  0.000000  -0.000000  0.000000 )
(  -0.204124  0.000000  -0.353553  0.000000  -0.000000  0.000000 )
(  -0.204124  0.000000   0.353553  0.000000   0.000000  0.000000 )
   freq (   14) =    31.66397505 [THz] =  1056.19636753 [cm-1]
(  -0.000000  0.000000  -0.000000  0.000000   0.000000  0.000000 )
(  -0.002307  0.000000  -0.000116  0.000000   0.000000  0.000000 )
(   0.002307  0.000000   0.000116  0.000000  -0.000000  0.000000 )
(  -0.436076  0.000000  -0.021838  0.000000  -0.000000  0.000000 )
(   0.436076  0.000000   0.021838  0.000000   0.000000  0.000000 )
(  -0.133812  0.000000   0.000135  0.000000  -0.364448  0.000000 )
(  -0.146777  0.000000  -0.006509  0.000000   0.020483  0.000000 )
(  -0.134541  0.000000  -0.014415  0.000000   0.343966  0.000000 )
(   0.146777  0.000000   0.006509  0.000000  -0.020483  0.000000 )
(   0.134541  0.000000   0.014415  0.000000  -0.343966  0.000000 )
(   0.133812  0.000000  -0.000135  0.000000   0.364448  0.000000 )
   freq (   15) =    31.66397505 [THz] =  1056.19636753 [cm-1]
(   0.000000  0.000000  -0.000000  0.000000  -0.000000  0.000000 )
(   0.000116  0.000000  -0.002307  0.000000   0.000000  0.000000 )
(  -0.000116  0.000000   0.002307  0.000000  -0.000000  0.000000 )
(   0.021838  0.000000  -0.436076  0.000000  -0.000000  0.000000 )
(  -0.021838  0.000000   0.436076  0.000000   0.000000  0.000000 )
(   0.013994  0.000000  -0.142941  0.000000  -0.186763  0.000000 )
(   0.007350  0.000000  -0.129976  0.000000   0.409003  0.000000 )
(  -0.000555  0.000000  -0.142212  0.000000  -0.222240  0.000000 )
(  -0.007350  0.000000   0.129976  0.000000  -0.409003  0.000000 )
(   0.000555  0.000000   0.142212  0.000000   0.222240  0.000000 )
(  -0.013994  0.000000   0.142941  0.000000   0.186763  0.000000 )
   freq (   16) =    31.95994986 [THz] =  1066.06902311 [cm-1]
(  -0.000779  0.000000   0.000000  0.000000   0.000000  0.000000 )
(  -0.056703  0.000000   0.000000  0.000000   0.000000  0.000000 )
(  -0.056703  0.000000   0.000000  0.000000  -0.000000  0.000000 )
(   0.464048  0.000000  -0.000000  0.000000  -0.000000  0.000000 )
(   0.464048  0.000000  -0.000000  0.000000  -0.000000  0.000000 )
(  -0.109408  0.000000   0.014704  0.000000  -0.345601  0.000000 )
(  -0.134875  0.000000   0.000000  0.000000  -0.000000  0.000000 )
(  -0.109408  0.000000  -0.014704  0.000000   0.345601  0.000000 )
(  -0.134875  0.000000   0.000000  0.000000  -0.000000  0.000000 )
(  -0.109408  0.000000  -0.014704  0.000000   0.345601  0.000000 )
(  -0.109408  0.000000   0.014704  0.000000  -0.345601  0.000000 )
   freq (   17) =    31.95994986 [THz] =  1066.06902311 [cm-1]
(  -0.000000  0.000000  -0.000779  0.000000  -0.000000  0.000000 )
(  -0.000000  0.000000  -0.056703  0.000000  -0.000000  0.000000 )
(  -0.000000  0.000000  -0.056703  0.000000  -0.000000  0.000000 )
(   0.000000  0.000000   0.464048  0.000000   0.000000  0.000000 )
(   0.000000  0.000000   0.464048  0.000000   0.000000  0.000000 )
(   0.014704  0.000000  -0.126386  0.000000  -0.199533  0.000000 )
(  -0.000000  0.000000  -0.100919  0.000000   0.399065  0.000000 )
(  -0.014704  0.000000  -0.126386  0.000000  -0.199533  0.000000 )
(  -0.000000  0.000000  -0.100919  0.000000   0.399065  0.000000 )
(  -0.014704  0.000000  -0.126386  0.000000  -0.199533  0.000000 )
(   0.014704  0.000000  -0.126386  0.000000  -0.199533  0.000000 )
   freq (   18) =    32.14359032 [THz] =  1072.19460865 [cm-1]
(   0.000000  0.000000   0.000000  0.000000  -0.000000  0.000000 )
(  -0.000000  0.000000   0.000000  0.000000  -0.000000  0.000000 )
(  -0.000000  0.000000   0.000000  0.000000   0.000000  0.000000 )
(  -0.000000  0.000000  -0.000000  0.000000   0.000000  0.000000 )
(  -0.000000  0.000000   0.000000  0.000000  -0.000000  0.000000 )
(   0.204124  0.000000  -0.353553  0.000000   0.000000  0.000000 )
(  -0.408248  0.000000  -0.000000  0.000000   0.000000  0.000000 )
(   0.204124  0.000000   0.353553  0.000000  -0.000000  0.000000 )
(  -0.408248  0.000000  -0.000000  0.000000  -0.000000  0.000000 )
(   0.204124  0.000000   0.353553  0.000000  -0.000000  0.000000 )
(   0.204124  0.000000  -0.353553  0.000000   0.000000  0.000000 )
   freq (   19) =    33.73444795 [THz] =  1125.25989964 [cm-1]
(  -0.001139  0.000000  -0.000000  0.000000   0.000000  0.000000 )
(  -0.071914  0.000000  -0.000000  0.000000   0.000000  0.000000 )
(  -0.071914  0.000000  -0.000000  0.000000   0.000000  0.000000 )
(   0.354310  0.000000   0.000000  0.000000  -0.000000  0.000000 )
(   0.354310  0.000000   0.000000  0.000000  -0.000000  0.000000 )
(   0.054300  0.000000   0.211786  0.000000   0.296663  0.000000 )
(  -0.312523  0.000000   0.000000  0.000000  -0.000000  0.000000 )
(   0.054300  0.000000  -0.211786  0.000000  -0.296663  0.000000 )
(  -0.312523  0.000000   0.000000  0.000000  -0.000000  0.000000 )
(   0.054300  0.000000  -0.211786  0.000000  -0.296663  0.000000 )
(   0.054300  0.000000   0.211786  0.000000   0.296663  0.000000 )
   freq (   20) =    33.73444795 [THz] =  1125.25989964 [cm-1]
(  -0.000000  0.000000   0.001139  0.000000   0.000000  0.000000 )
(  -0.000000  0.000000   0.071914  0.000000  -0.000000  0.000000 )
(  -0.000000  0.000000   0.071914  0.000000  -0.000000  0.000000 )
(   0.000000  0.000000  -0.354310  0.000000   0.000000  0.000000 )
(   0.000000  0.000000  -0.354310  0.000000   0.000000  0.000000 )
(  -0.211786  0.000000   0.190249  0.000000  -0.171278  0.000000 )
(  -0.000000  0.000000  -0.176575  0.000000   0.342557  0.000000 )
(   0.211786  0.000000   0.190249  0.000000  -0.171278  0.000000 )
(  -0.000000  0.000000  -0.176575  0.000000   0.342557  0.000000 )
(   0.211786  0.000000   0.190249  0.000000  -0.171278  0.000000 )
(  -0.211786  0.000000   0.190249  0.000000  -0.171278  0.000000 )
   freq (   21) =    34.81719363 [THz] =  1161.37640293 [cm-1]
(   0.000000  0.000000  -0.000000  0.000000  -0.007543  0.000000 )
(   0.000000  0.000000  -0.000000  0.000000  -0.485503  0.000000 )
(   0.000000  0.000000  -0.000000  0.000000  -0.485503  0.000000 )
(   0.000000  0.000000   0.000000  0.000000   0.336515  0.000000 )
(  -0.000000  0.000000   0.000000  0.000000   0.336515  0.000000 )
(  -0.022112  0.000000  -0.012766  0.000000   0.222905  0.000000 )
(  -0.000000  0.000000   0.025533  0.000000   0.222905  0.000000 )
(   0.022112  0.000000  -0.012766  0.000000   0.222905  0.000000 )
(  -0.000000  0.000000   0.025533  0.000000   0.222905  0.000000 )
(   0.022112  0.000000  -0.012766  0.000000   0.222905  0.000000 )
(  -0.022112  0.000000  -0.012766  0.000000   0.222905  0.000000 )
   freq (   22) =    35.22066933 [THz] =  1174.83490167 [cm-1]
(   0.006752  0.000000  -0.000000  0.000000   0.000000  0.000000 )
(   0.491860  0.000000  -0.000000  0.000000   0.000000  0.000000 )
(   0.491860  0.000000  -0.000000  0.000000   0.000000  0.000000 )
(  -0.100097  0.000000   0.000000  0.000000  -0.000000  0.000000 )
(  -0.100097  0.000000   0.000000  0.000000  -0.000000  0.000000 )
(  -0.291773  0.000000  -0.010577  0.000000   0.037202  0.000000 )
(  -0.273454  0.000000   0.000000  0.000000  -0.000000  0.000000 )
(  -0.291773  0.000000   0.010577  0.000000  -0.037202  0.000000 )
(  -0.273454  0.000000   0.000000  0.000000  -0.000000  0.000000 )
(  -0.291773  0.000000   0.010577  0.000000  -0.037202  0.000000 )
(  -0.291773  0.000000  -0.010577  0.000000   0.037202  0.000000 )
   freq (   23) =    35.22066933 [THz] =  1174.83490167 [cm-1]
(   0.000000  0.000000   0.006752  0.000000  -0.000000  0.000000 )
(   0.000000  0.000000   0.491860  0.000000  -0.000000  0.000000 )
(   0.000000  0.000000   0.491860  0.000000  -0.000000  0.000000 )
(  -0.000000  0.000000  -0.100097  0.000000   0.000000  0.000000 )
(   0.000000  0.000000  -0.100097  0.000000   0.000000  0.000000 )
(  -0.010577  0.000000  -0.279560  0.000000   0.021478  0.000000 )
(  -0.000000  0.000000  -0.297879  0.000000  -0.042957  0.000000 )
(   0.010577  0.000000  -0.279560  0.000000   0.021478  0.000000 )
(  -0.000000  0.000000  -0.297879  0.000000  -0.042957  0.000000 )
(   0.010577  0.000000  -0.279560  0.000000   0.021478  0.000000 )
(  -0.010577  0.000000  -0.279560  0.000000   0.021478  0.000000 )
   freq (   24) =    41.67195003 [THz] =  1390.02643173 [cm-1]
(   0.000000  0.000000   0.000000  0.000000   0.000000  0.000000 )
(   0.005918  0.000000   0.000303  0.000000   0.000000  0.000000 )
(  -0.005918  0.000000  -0.000303  0.000000  -0.000000  0.000000 )
(   0.344041  0.000000   0.017611  0.000000  -0.000000  0.000000 )
(  -0.344041  0.000000  -0.017611  0.000000   0.000000  0.000000 )
(  -0.009985  0.000000  -0.193497  0.000000  -0.298730  0.000000 )
(   0.356796  0.000000  -0.006051  0.000000   0.017150  0.000000 )
(   0.011073  0.000000   0.217867  0.000000   0.281580  0.000000 )
(  -0.356796  0.000000   0.006051  0.000000  -0.017150  0.000000 )
(  -0.011073  0.000000  -0.217867  0.000000  -0.281580  0.000000 )
(   0.009985  0.000000   0.193497  0.000000   0.298730  0.000000 )
   freq (   25) =    41.67195003 [THz] =  1390.02643173 [cm-1]
(   0.000000  0.000000  -0.000000  0.000000  -0.000000  0.000000 )
(   0.000303  0.000000  -0.005918  0.000000  -0.000000  0.000000 )
(  -0.000303  0.000000   0.005918  0.000000   0.000000  0.000000 )
(   0.017611  0.000000  -0.344041  0.000000   0.000000  0.000000 )
(  -0.017611  0.000000   0.344041  0.000000  -0.000000  0.000000 )
(   0.205710  0.000000  -0.248574  0.000000   0.152668  0.000000 )
(   0.018264  0.000000   0.118207  0.000000  -0.335042  0.000000 )
(  -0.205654  0.000000  -0.227517  0.000000   0.182374  0.000000 )
(  -0.018264  0.000000  -0.118207  0.000000   0.335042  0.000000 )
(   0.205654  0.000000   0.227517  0.000000  -0.182374  0.000000 )
(  -0.205710  0.000000   0.248574  0.000000  -0.152668  0.000000 )
   freq (   26) =    44.25868782 [THz] =  1476.31070467 [cm-1]
(  -0.000000  0.000000  -0.000000  0.000000  -0.000000  0.000000 )
(   0.000000  0.000000   0.000000  0.000000  -0.323693  0.000000 )
(  -0.000000  0.000000  -0.000000  0.000000   0.323693  0.000000 )
(   0.000000  0.000000   0.000000  0.000000   0.295559  0.000000 )
(  -0.000000  0.000000  -0.000000  0.000000  -0.295559  0.000000 )
(   0.164598  0.000000   0.095031  0.000000   0.257875  0.000000 )
(  -0.000000  0.000000  -0.190061  0.000000   0.257875  0.000000 )
(  -0.164598  0.000000   0.095031  0.000000   0.257875  0.000000 )
(   0.000000  0.000000   0.190061  0.000000  -0.257875  0.000000 )
(   0.164598  0.000000  -0.095031  0.000000  -0.257875  0.000000 )
(  -0.164598  0.000000  -0.095031  0.000000  -0.257875  0.000000 )
   freq (   27) =    44.32978779 [THz] =  1478.68234373 [cm-1]
(  -0.000000  0.000000  -0.000000  0.000000   0.006191  0.000000 )
(   0.000000  0.000000   0.000000  0.000000  -0.052961  0.000000 )
(   0.000000  0.000000   0.000000  0.000000  -0.052961  0.000000 )
(   0.000000  0.000000   0.000000  0.000000   0.374085  0.000000 )
(   0.000000  0.000000   0.000000  0.000000   0.374085  0.000000 )
(  -0.206696  0.000000  -0.119336  0.000000  -0.249228  0.000000 )
(   0.000000  0.000000   0.238672  0.000000  -0.249228  0.000000 )
(   0.206696  0.000000  -0.119336  0.000000  -0.249228  0.000000 )
(   0.000000  0.000000   0.238672  0.000000  -0.249228  0.000000 )
(   0.206696  0.000000  -0.119336  0.000000  -0.249228  0.000000 )
(  -0.206696  0.000000  -0.119336  0.000000  -0.249228  0.000000 )
   freq (   28) =    44.48255374 [THz] =  1483.77806662 [cm-1]
(   0.006157  0.000000  -0.000000  0.000000   0.000000  0.000000 )
(  -0.043984  0.000000   0.000000  0.000000  -0.000000  0.000000 )
(  -0.043984  0.000000   0.000000  0.000000   0.000000  0.000000 )
(  -0.342543  0.000000   0.000000  0.000000   0.000000  0.000000 )
(  -0.342543  0.000000   0.000000  0.000000   0.000000  0.000000 )
(   0.146228  0.000000   0.275053  0.000000  -0.197003  0.000000 )
(  -0.330177  0.000000  -0.000000  0.000000  -0.000000  0.000000 )
(   0.146228  0.000000  -0.275053  0.000000   0.197003  0.000000 )
(  -0.330177  0.000000  -0.000000  0.000000  -0.000000  0.000000 )
(   0.146228  0.000000  -0.275053  0.000000   0.197003  0.000000 )
(   0.146228  0.000000   0.275053  0.000000  -0.197003  0.000000 )
   freq (   29) =    44.48255374 [THz] =  1483.77806662 [cm-1]
(   0.000000  0.000000   0.006157  0.000000   0.000000  0.000000 )
(   0.000000  0.000000  -0.043984  0.000000  -0.000000  0.000000 )
(  -0.000000  0.000000  -0.043984  0.000000  -0.000000  0.000000 )
(   0.000000  0.000000  -0.342543  0.000000   0.000000  0.000000 )
(  -0.000000  0.000000  -0.342543  0.000000   0.000000  0.000000 )
(   0.275053  0.000000  -0.171376  0.000000  -0.113740  0.000000 )
(  -0.000000  0.000000   0.305030  0.000000   0.227479  0.000000 )
(  -0.275053  0.000000  -0.171376  0.000000  -0.113740  0.000000 )
(   0.000000  0.000000   0.305030  0.000000   0.227479  0.000000 )
(  -0.275053  0.000000  -0.171376  0.000000  -0.113740  0.000000 )
(   0.275053  0.000000  -0.171376  0.000000  -0.113740  0.000000 )
   freq (   30) =    44.57167106 [THz] =  1486.75070015 [cm-1]
(   0.000000  0.000000  -0.000000  0.000000   0.000000  0.000000 )
(   0.323247  0.000000   0.004084  0.000000   0.000000  0.000000 )
(  -0.323247  0.000000  -0.004084  0.000000  -0.000000  0.000000 )
(   0.332953  0.000000   0.004207  0.000000  -0.000000  0.000000 )
(  -0.332953  0.000000  -0.004207  0.000000   0.000000  0.000000 )
(   0.086102  0.000000   0.232931  0.000000  -0.166649  0.000000 )
(  -0.324446  0.000000   0.002767  0.000000   0.002414  0.000000 )
(   0.080156  0.000000  -0.237697  0.000000   0.164236  0.000000 )
(   0.324446  0.000000  -0.002767  0.000000  -0.002414  0.000000 )
(  -0.080156  0.000000   0.237697  0.000000  -0.164236  0.000000 )
(  -0.086102  0.000000  -0.232931  0.000000   0.166649  0.000000 )
   freq (   31) =    44.57167106 [THz] =  1486.75070015 [cm-1]
(   0.000000  0.000000  -0.000000  0.000000   0.000000  0.000000 )
(   0.004084  0.000000  -0.323247  0.000000  -0.000000  0.000000 )
(  -0.004084  0.000000   0.323247  0.000000   0.000000  0.000000 )
(   0.004207  0.000000  -0.332953  0.000000   0.000000  0.000000 )
(  -0.004207  0.000000   0.332953  0.000000  -0.000000  0.000000 )
(  -0.234263  0.000000   0.191561  0.000000   0.093428  0.000000 )
(  -0.004100  0.000000  -0.218988  0.000000  -0.191037  0.000000 )
(   0.236364  0.000000   0.185614  0.000000   0.097609  0.000000 )
(   0.004100  0.000000   0.218988  0.000000   0.191037  0.000000 )
(  -0.236364  0.000000  -0.185614  0.000000  -0.097609  0.000000 )
(   0.234263  0.000000  -0.191561  0.000000  -0.093428  0.000000 )
   freq (   32) =    46.35402960 [THz] =  1546.20377315 [cm-1]
(   0.000000  0.000000   0.000000  0.000000  -0.000363  0.000000 )
(   0.000000  0.000000  -0.000000  0.000000  -0.014277  0.000000 )
(  -0.000000  0.000000  -0.000000  0.000000  -0.014277  0.000000 )
(  -0.000000  0.000000  -0.000000  0.000000  -0.359181  0.000000 )
(  -0.000000  0.000000  -0.000000  0.000000  -0.359181  0.000000 )
(  -0.281897  0.000000  -0.162753  0.000000   0.132817  0.000000 )
(  -0.000000  0.000000   0.325507  0.000000   0.132817  0.000000 )
(   0.281897  0.000000  -0.162753  0.000000   0.132817  0.000000 )
(  -0.000000  0.000000   0.325507  0.000000   0.132817  0.000000 )
(   0.281897  0.000000  -0.162753  0.000000   0.132817  0.000000 )
(  -0.281897  0.000000  -0.162753  0.000000   0.132817  0.000000 )
   freq (   33) =    58.37998607 [THz] =  1947.34644452 [cm-1]
(  -0.000000  0.000000   0.000000  0.000000  -0.000000  0.000000 )
(  -0.000000  0.000000   0.000000  0.000000   0.003915  0.000000 )
(   0.000000  0.000000  -0.000000  0.000000  -0.003915  0.000000 )
(   0.000000  0.000000   0.000000  0.000000   0.349237  0.000000 )
(  -0.000000  0.000000  -0.000000  0.000000  -0.349237  0.000000 )
(  -0.290663  0.000000  -0.167815  0.000000   0.115582  0.000000 )
(  -0.000000  0.000000   0.335629  0.000000   0.115582  0.000000 )
(   0.290663  0.000000  -0.167815  0.000000   0.115582  0.000000 )
(   0.000000  0.000000  -0.335629  0.000000  -0.115582  0.000000 )
(  -0.290663  0.000000   0.167815  0.000000  -0.115582  0.000000 )
(   0.290663  0.000000   0.167815  0.000000  -0.115582  0.000000 )
***************************************************************************
