Dynamical matrix file
File generated with the CellConstructor by Lorenzo Monacelli
2 11 0     1.8897259890000000     0.0000000000000000     0.0000000000000000     0.0000000000000000     0.0000000000000000     0.0000000000000000
Basis vectors
    1.8020994074883327    -1.0404425780198341     2.9432617194697706
   -0.0000000000000026     2.0808851560396624     2.9432617194697763
   -1.8020994074883319    -1.0404425780198374     2.9432617194697714
	1  'La '  126604.5951757480361266
	2  'H '    918.7358275894680446
    1     1     0.0000000000000013    -0.0000000000000018     4.4148926233362404
    2     2     0.0000000000000001    -0.0000000000000023     2.2037105842101896
    3     2    -0.0000000000000001     0.0000000000000023    -2.2037105842101896
    4     2     0.0000000000000000    -0.0000000000000006     1.0627992032321614
    5     2     0.0000000000000000     0.0000000000000006    -1.0627992032321614
    6     2     0.9366611269458625     0.5407815532130315     6.2388992799549126
    7     2     0.0000000000000020    -1.0815631064260791     6.2388992799549108
    8     2    -0.9366611269458639     0.5407815532130282     6.2388992799549143
    9     2    -0.0000000000000011     1.0815631064260733     2.5908859630399395
   10     2     0.9366611269458656    -0.5407815532130386     2.5908859630399403
   11     2    -0.9366611269458625    -0.5407815532130408     2.5908859630399403

     Dynamical Matrix in cartesian axes

     q = (     0.000000000000     0.000000000000     0.000000000000 )

    1    1
     0.6399341500104047     0.0000000000000000        0.0000000000000001     0.0000000000000000        0.0000000000000003     0.0000000000000000
     0.0000000000000001     0.0000000000000000        0.6399341500104304     0.0000000000000000       -0.0000000000000006     0.0000000000000000
     0.0000000000000002     0.0000000000000000       -0.0000000000000006     0.0000000000000000        0.6364959892896522     0.0000000000000000
    1    2
    -0.0342761530278174     0.0000000000000000       -0.0000000000000000     0.0000000000000000       -0.0000000000000000     0.0000000000000000
    -0.0000000000000000     0.0000000000000000       -0.0342761530278188     0.0000000000000000        0.0000000000000000     0.0000000000000000
    -0.0000000000000000     0.0000000000000000        0.0000000000000000     0.0000000000000000       -0.0333430944831438     0.0000000000000000
    1    3
    -0.0342761530278174     0.0000000000000000       -0.0000000000000000     0.0000000000000000       -0.0000000000000000     0.0000000000000000
    -0.0000000000000000     0.0000000000000000       -0.0342761530278187     0.0000000000000000        0.0000000000000000     0.0000000000000000
    -0.0000000000000000     0.0000000000000000        0.0000000000000000     0.0000000000000000       -0.0333430944831438     0.0000000000000000
    1    4
    -0.0940037749498736     0.0000000000000000       -0.0000000000000000     0.0000000000000000       -0.0000000000000000     0.0000000000000000
    -0.0000000000000000     0.0000000000000000       -0.0940037749498774     0.0000000000000000       -0.0000000000000000     0.0000000000000000
    -0.0000000000000000     0.0000000000000000       -0.0000000000000000     0.0000000000000000       -0.0259819680950303     0.0000000000000000
    1    5
    -0.0940037749498736     0.0000000000000000       -0.0000000000000000     0.0000000000000000       -0.0000000000000000     0.0000000000000000
    -0.0000000000000000     0.0000000000000000       -0.0940037749498774     0.0000000000000000       -0.0000000000000000     0.0000000000000000
    -0.0000000000000000     0.0000000000000000       -0.0000000000000000     0.0000000000000000       -0.0259819680950303     0.0000000000000000
    1    6
    -0.0492474573635954     0.0000000000000000        0.0253715276391964     0.0000000000000000       -0.0184476272185215     0.0000000000000000
     0.0253715276391964     0.0000000000000000       -0.0785439739880819     0.0000000000000000       -0.0106507425405234     0.0000000000000000
    -0.0166369210920055     0.0000000000000000       -0.0096053308709561     0.0000000000000000       -0.0863076440222173     0.0000000000000000
    1    7
    -0.0931922323003207     0.0000000000000000       -0.0000000000000001     0.0000000000000000       -0.0000000000000001     0.0000000000000000
    -0.0000000000000001     0.0000000000000000       -0.0345991990513551     0.0000000000000000        0.0213014850810471     0.0000000000000000
    -0.0000000000000001     0.0000000000000000        0.0192106617419125     0.0000000000000000       -0.0863076440222172     0.0000000000000000
    1    8
    -0.0492474573635953     0.0000000000000000       -0.0253715276391964     0.0000000000000000        0.0184476272185215     0.0000000000000000
    -0.0253715276391964     0.0000000000000000       -0.0785439739880820     0.0000000000000000       -0.0106507425405234     0.0000000000000000
     0.0166369210920055     0.0000000000000000       -0.0096053308709561     0.0000000000000000       -0.0863076440222173     0.0000000000000000
    1    9
    -0.0931922323003206     0.0000000000000000       -0.0000000000000001     0.0000000000000000       -0.0000000000000001     0.0000000000000000
    -0.0000000000000001     0.0000000000000000       -0.0345991990513551     0.0000000000000000        0.0213014850810471     0.0000000000000000
    -0.0000000000000000     0.0000000000000000        0.0192106617419125     0.0000000000000000       -0.0863076440222172     0.0000000000000000
    1   10
    -0.0492474573635953     0.0000000000000000       -0.0253715276391964     0.0000000000000000        0.0184476272185215     0.0000000000000000
    -0.0253715276391964     0.0000000000000000       -0.0785439739880820     0.0000000000000000       -0.0106507425405234     0.0000000000000000
     0.0166369210920055     0.0000000000000000       -0.0096053308709561     0.0000000000000000       -0.0863076440222173     0.0000000000000000
    1   11
    -0.0492474573635954     0.0000000000000000        0.0253715276391964     0.0000000000000000       -0.0184476272185215     0.0000000000000000
     0.0253715276391964     0.0000000000000000       -0.0785439739880819     0.0000000000000000       -0.0106507425405234     0.0000000000000000
    -0.0166369210920055     0.0000000000000000       -0.0096053308709561     0.0000000000000000       -0.0863076440222173     0.0000000000000000
    2    1
    -0.0342761530278174     0.0000000000000000       -0.0000000000000000     0.0000000000000000       -0.0000000000000000     0.0000000000000000
    -0.0000000000000000     0.0000000000000000       -0.0342761530278187     0.0000000000000000        0.0000000000000000     0.0000000000000000
    -0.0000000000000000     0.0000000000000000        0.0000000000000000     0.0000000000000000       -0.0333430944831438     0.0000000000000000
    2    2
     0.0862479302657410     0.0000000000000000        0.0000000000000000     0.0000000000000000        0.0000000000000000     0.0000000000000000
     0.0000000000000000     0.0000000000000000        0.0862479302657444     0.0000000000000000       -0.0000000000000001     0.0000000000000000
     0.0000000000000000     0.0000000000000000       -0.0000000000000001     0.0000000000000000        0.0859707166683313     0.0000000000000000
    2    3
    -0.0056711593908148     0.0000000000000000        0.0000000000000000     0.0000000000000000       -0.0000000000000000     0.0000000000000000
    -0.0000000000000000     0.0000000000000000       -0.0056711593908150     0.0000000000000000        0.0000000000000000     0.0000000000000000
    -0.0000000000000000     0.0000000000000000        0.0000000000000000     0.0000000000000000       -0.0037300933347623     0.0000000000000000
    2    4
     0.0067746051840797     0.0000000000000000        0.0000000000000000     0.0000000000000000       -0.0000000000000000     0.0000000000000000
    -0.0000000000000000     0.0000000000000000        0.0067746051840800     0.0000000000000000        0.0000000000000001     0.0000000000000000
    -0.0000000000000000     0.0000000000000000        0.0000000000000000     0.0000000000000000       -0.0220977740104738     0.0000000000000000
    2    5
    -0.0138583703176499     0.0000000000000000       -0.0000000000000000     0.0000000000000000       -0.0000000000000000     0.0000000000000000
    -0.0000000000000000     0.0000000000000000       -0.0138583703176504     0.0000000000000000       -0.0000000000000000     0.0000000000000000
    -0.0000000000000000     0.0000000000000000       -0.0000000000000000     0.0000000000000000        0.0011315080800028     0.0000000000000000
    2    6
    -0.0034865437359210     0.0000000000000000        0.0058741720783160     0.0000000000000000       -0.0040912174539495     0.0000000000000000
     0.0058741720783160     0.0000000000000000       -0.0102694533972851     0.0000000000000000       -0.0023620654983511     0.0000000000000000
    -0.0038080838611483     0.0000000000000000       -0.0021985982423307     0.0000000000000000       -0.0126704650757627     0.0000000000000000
    2    7
    -0.0136609082279665     0.0000000000000000       -0.0000000000000000     0.0000000000000000       -0.0000000000000000     0.0000000000000000
    -0.0000000000000000     0.0000000000000000       -0.0000950889052392     0.0000000000000000        0.0047241309967022     0.0000000000000000
    -0.0000000000000000     0.0000000000000000        0.0043971964846615     0.0000000000000000       -0.0126704650757627     0.0000000000000000
    2    8
    -0.0034865437359210     0.0000000000000000       -0.0058741720783160     0.0000000000000000        0.0040912174539495     0.0000000000000000
    -0.0058741720783160     0.0000000000000000       -0.0102694533972851     0.0000000000000000       -0.0023620654983511     0.0000000000000000
     0.0038080838611483     0.0000000000000000       -0.0021985982423307     0.0000000000000000       -0.0126704650757627     0.0000000000000000
    2    9
     0.0076790167855859     0.0000000000000000        0.0000000000000000     0.0000000000000000        0.0000000000000000     0.0000000000000000
     0.0000000000000000     0.0000000000000000       -0.0200675881280733     0.0000000000000000       -0.0099119224186227     0.0000000000000000
     0.0000000000000000     0.0000000000000000       -0.0089228856285533     0.0000000000000000        0.0033600441024446     0.0000000000000000
    2   10
    -0.0131309368996579     0.0000000000000000        0.0120146323619994     0.0000000000000000       -0.0085839766148675     0.0000000000000000
     0.0120146323619994     0.0000000000000000        0.0007423655571713     0.0000000000000000        0.0049559612093113     0.0000000000000000
    -0.0077274456293901     0.0000000000000000        0.0044614428142766     0.0000000000000000        0.0033600441024446     0.0000000000000000
    2   11
    -0.0131309368996579     0.0000000000000000       -0.0120146323619994     0.0000000000000000        0.0085839766148675     0.0000000000000000
    -0.0120146323619994     0.0000000000000000        0.0007423655571713     0.0000000000000000        0.0049559612093113     0.0000000000000000
     0.0077274456293901     0.0000000000000000        0.0044614428142766     0.0000000000000000        0.0033600441024446     0.0000000000000000
    3    1
    -0.0342761530278174     0.0000000000000000       -0.0000000000000000     0.0000000000000000       -0.0000000000000000     0.0000000000000000
    -0.0000000000000000     0.0000000000000000       -0.0342761530278187     0.0000000000000000        0.0000000000000000     0.0000000000000000
    -0.0000000000000000     0.0000000000000000        0.0000000000000000     0.0000000000000000       -0.0333430944831438     0.0000000000000000
    3    2
    -0.0056711593908148     0.0000000000000000       -0.0000000000000000     0.0000000000000000       -0.0000000000000000     0.0000000000000000
    -0.0000000000000000     0.0000000000000000       -0.0056711593908150     0.0000000000000000        0.0000000000000000     0.0000000000000000
    -0.0000000000000000     0.0000000000000000        0.0000000000000000     0.0000000000000000       -0.0037300933347623     0.0000000000000000
    3    3
     0.0862479302657410     0.0000000000000000        0.0000000000000000     0.0000000000000000        0.0000000000000000     0.0000000000000000
     0.0000000000000000     0.0000000000000000        0.0862479302657445     0.0000000000000000       -0.0000000000000001     0.0000000000000000
     0.0000000000000000     0.0000000000000000       -0.0000000000000001     0.0000000000000000        0.0859707166683313     0.0000000000000000
    3    4
    -0.0138583703176499     0.0000000000000000       -0.0000000000000000     0.0000000000000000       -0.0000000000000000     0.0000000000000000
    -0.0000000000000000     0.0000000000000000       -0.0138583703176504     0.0000000000000000       -0.0000000000000000     0.0000000000000000
    -0.0000000000000000     0.0000000000000000       -0.0000000000000000     0.0000000000000000        0.0011315080800028     0.0000000000000000
    3    5
     0.0067746051840797     0.0000000000000000        0.0000000000000000     0.0000000000000000       -0.0000000000000000     0.0000000000000000
     0.0000000000000000     0.0000000000000000        0.0067746051840800     0.0000000000000000        0.0000000000000001     0.0000000000000000
    -0.0000000000000000     0.0000000000000000        0.0000000000000001     0.0000000000000000       -0.0220977740104738     0.0000000000000000
    3    6
    -0.0131309368996579     0.0000000000000000       -0.0120146323619994     0.0000000000000000        0.0085839766148675     0.0000000000000000
    -0.0120146323619994     0.0000000000000000        0.0007423655571712     0.0000000000000000        0.0049559612093113     0.0000000000000000
     0.0077274456293901     0.0000000000000000        0.0044614428142766     0.0000000000000000        0.0033600441024446     0.0000000000000000
    3    7
     0.0076790167855859     0.0000000000000000        0.0000000000000000     0.0000000000000000        0.0000000000000000     0.0000000000000000
     0.0000000000000000     0.0000000000000000       -0.0200675881280733     0.0000000000000000       -0.0099119224186227     0.0000000000000000
     0.0000000000000000     0.0000000000000000       -0.0089228856285533     0.0000000000000000        0.0033600441024446     0.0000000000000000
    3    8
    -0.0131309368996580     0.0000000000000000        0.0120146323619994     0.0000000000000000       -0.0085839766148675     0.0000000000000000
     0.0120146323619994     0.0000000000000000        0.0007423655571713     0.0000000000000000        0.0049559612093113     0.0000000000000000
    -0.0077274456293901     0.0000000000000000        0.0044614428142766     0.0000000000000000        0.0033600441024446     0.0000000000000000
    3    9
    -0.0136609082279665     0.0000000000000000       -0.0000000000000000     0.0000000000000000       -0.0000000000000000     0.0000000000000000
    -0.0000000000000000     0.0000000000000000       -0.0000950889052392     0.0000000000000000        0.0047241309967022     0.0000000000000000
    -0.0000000000000000     0.0000000000000000        0.0043971964846615     0.0000000000000000       -0.0126704650757627     0.0000000000000000
    3   10
    -0.0034865437359210     0.0000000000000000       -0.0058741720783160     0.0000000000000000        0.0040912174539495     0.0000000000000000
    -0.0058741720783160     0.0000000000000000       -0.0102694533972851     0.0000000000000000       -0.0023620654983511     0.0000000000000000
     0.0038080838611483     0.0000000000000000       -0.0021985982423307     0.0000000000000000       -0.0126704650757627     0.0000000000000000
    3   11
    -0.0034865437359210     0.0000000000000000        0.0058741720783160     0.0000000000000000       -0.0040912174539495     0.0000000000000000
     0.0058741720783160     0.0000000000000000       -0.0102694533972851     0.0000000000000000       -0.0023620654983511     0.0000000000000000
    -0.0038080838611483     0.0000000000000000       -0.0021985982423307     0.0000000000000000       -0.0126704650757627     0.0000000000000000
    4    1
    -0.0940037749498736     0.0000000000000000       -0.0000000000000000     0.0000000000000000       -0.0000000000000000     0.0000000000000000
    -0.0000000000000000     0.0000000000000000       -0.0940037749498774     0.0000000000000000       -0.0000000000000000     0.0000000000000000
    -0.0000000000000000     0.0000000000000000       -0.0000000000000000     0.0000000000000000       -0.0259819680950303     0.0000000000000000
    4    2
     0.0067746051840797     0.0000000000000000        0.0000000000000000     0.0000000000000000       -0.0000000000000000     0.0000000000000000
    -0.0000000000000000     0.0000000000000000        0.0067746051840800     0.0000000000000000        0.0000000000000001     0.0000000000000000
    -0.0000000000000000     0.0000000000000000        0.0000000000000000     0.0000000000000000       -0.0220977740104738     0.0000000000000000
    4    3
    -0.0138583703176499     0.0000000000000000       -0.0000000000000000     0.0000000000000000       -0.0000000000000000     0.0000000000000000
    -0.0000000000000000     0.0000000000000000       -0.0138583703176504     0.0000000000000000       -0.0000000000000000     0.0000000000000000
    -0.0000000000000000     0.0000000000000000       -0.0000000000000000     0.0000000000000000        0.0011315080800028     0.0000000000000000
    4    4
     0.1131424372013060     0.0000000000000000        0.0000000000000000     0.0000000000000000        0.0000000000000000     0.0000000000000000
     0.0000000000000000     0.0000000000000000        0.1131424372013106     0.0000000000000000       -0.0000000000000001     0.0000000000000000
     0.0000000000000000     0.0000000000000000       -0.0000000000000001     0.0000000000000000        0.1309389057008581     0.0000000000000000
    4    5
    -0.0054218289775178     0.0000000000000000       -0.0000000000000000     0.0000000000000000       -0.0000000000000000     0.0000000000000000
    -0.0000000000000000     0.0000000000000000       -0.0054218289775180     0.0000000000000000        0.0000000000000000     0.0000000000000000
    -0.0000000000000000     0.0000000000000000        0.0000000000000000     0.0000000000000000       -0.0034521316122184     0.0000000000000000
    4    6
    -0.0013640242294812     0.0000000000000000       -0.0048261017390448     0.0000000000000000       -0.0051859385758841     0.0000000000000000
    -0.0048261017390448     0.0000000000000000        0.0042086780468670     0.0000000000000000       -0.0029941030327876     0.0000000000000000
    -0.0148906715530895     0.0000000000000000       -0.0085971332295907     0.0000000000000000        0.0040591606171786     0.0000000000000000
    4    7
     0.0069950291850408     0.0000000000000000        0.0000000000000000     0.0000000000000000       -0.0000000000000000     0.0000000000000000
     0.0000000000000000     0.0000000000000000       -0.0041503753676554     0.0000000000000000        0.0059882060655752     0.0000000000000000
    -0.0000000000000000     0.0000000000000000        0.0171942664591814     0.0000000000000000        0.0040591606171786     0.0000000000000000
    4    8
    -0.0013640242294812     0.0000000000000000        0.0048261017390448     0.0000000000000000        0.0051859385758841     0.0000000000000000
     0.0048261017390448     0.0000000000000000        0.0042086780468670     0.0000000000000000       -0.0029941030327876     0.0000000000000000
     0.0148906715530895     0.0000000000000000       -0.0085971332295907     0.0000000000000000        0.0040591606171786     0.0000000000000000
    4    9
     0.0071852931591653     0.0000000000000000        0.0000000000000000     0.0000000000000000        0.0000000000000000     0.0000000000000000
     0.0000000000000000     0.0000000000000000       -0.0144519924034477     0.0000000000000000       -0.0202928983174049     0.0000000000000000
     0.0000000000000000     0.0000000000000000       -0.0262561930997160     0.0000000000000000       -0.0309053406382248     0.0000000000000000
    4   10
    -0.0090426710127941     0.0000000000000000        0.0093692194830806     0.0000000000000000       -0.0175741654592868     0.0000000000000000
     0.0093692194830806     0.0000000000000000        0.0017759717685122     0.0000000000000000        0.0101464491587025     0.0000000000000000
    -0.0227385302310233     0.0000000000000000        0.0131280965498580     0.0000000000000000       -0.0309053406382247     0.0000000000000000
    4   11
    -0.0090426710127941     0.0000000000000000       -0.0093692194830806     0.0000000000000000        0.0175741654592868     0.0000000000000000
    -0.0093692194830806     0.0000000000000000        0.0017759717685122     0.0000000000000000        0.0101464491587025     0.0000000000000000
     0.0227385302310233     0.0000000000000000        0.0131280965498581     0.0000000000000000       -0.0309053406382247     0.0000000000000000
    5    1
    -0.0940037749498736     0.0000000000000000       -0.0000000000000000     0.0000000000000000       -0.0000000000000000     0.0000000000000000
    -0.0000000000000000     0.0000000000000000       -0.0940037749498774     0.0000000000000000       -0.0000000000000000     0.0000000000000000
    -0.0000000000000000     0.0000000000000000       -0.0000000000000000     0.0000000000000000       -0.0259819680950303     0.0000000000000000
    5    2
    -0.0138583703176499     0.0000000000000000       -0.0000000000000000     0.0000000000000000       -0.0000000000000000     0.0000000000000000
    -0.0000000000000000     0.0000000000000000       -0.0138583703176504     0.0000000000000000       -0.0000000000000000     0.0000000000000000
    -0.0000000000000000     0.0000000000000000       -0.0000000000000000     0.0000000000000000        0.0011315080800028     0.0000000000000000
    5    3
     0.0067746051840797     0.0000000000000000        0.0000000000000000     0.0000000000000000       -0.0000000000000000     0.0000000000000000
     0.0000000000000000     0.0000000000000000        0.0067746051840800     0.0000000000000000        0.0000000000000001     0.0000000000000000
    -0.0000000000000000     0.0000000000000000        0.0000000000000001     0.0000000000000000       -0.0220977740104738     0.0000000000000000
    5    4
    -0.0054218289775178     0.0000000000000000       -0.0000000000000000     0.0000000000000000       -0.0000000000000000     0.0000000000000000
    -0.0000000000000000     0.0000000000000000       -0.0054218289775180     0.0000000000000000        0.0000000000000000     0.0000000000000000
    -0.0000000000000000     0.0000000000000000        0.0000000000000000     0.0000000000000000       -0.0034521316122184     0.0000000000000000
    5    5
     0.1131424372013061     0.0000000000000000        0.0000000000000000     0.0000000000000000        0.0000000000000000     0.0000000000000000
     0.0000000000000000     0.0000000000000000        0.1131424372013106     0.0000000000000000       -0.0000000000000001     0.0000000000000000
     0.0000000000000001     0.0000000000000000       -0.0000000000000001     0.0000000000000000        0.1309389057008581     0.0000000000000000
    5    6
    -0.0090426710127941     0.0000000000000000       -0.0093692194830806     0.0000000000000000        0.0175741654592868     0.0000000000000000
    -0.0093692194830806     0.0000000000000000        0.0017759717685122     0.0000000000000000        0.0101464491587025     0.0000000000000000
     0.0227385302310233     0.0000000000000000        0.0131280965498581     0.0000000000000000       -0.0309053406382247     0.0000000000000000
    5    7
     0.0071852931591653     0.0000000000000000        0.0000000000000000     0.0000000000000000        0.0000000000000000     0.0000000000000000
     0.0000000000000000     0.0000000000000000       -0.0144519924034477     0.0000000000000000       -0.0202928983174049     0.0000000000000000
     0.0000000000000000     0.0000000000000000       -0.0262561930997160     0.0000000000000000       -0.0309053406382248     0.0000000000000000
    5    8
    -0.0090426710127941     0.0000000000000000        0.0093692194830806     0.0000000000000000       -0.0175741654592868     0.0000000000000000
     0.0093692194830806     0.0000000000000000        0.0017759717685122     0.0000000000000000        0.0101464491587025     0.0000000000000000
    -0.0227385302310233     0.0000000000000000        0.0131280965498580     0.0000000000000000       -0.0309053406382247     0.0000000000000000
    5    9
     0.0069950291850408     0.0000000000000000        0.0000000000000000     0.0000000000000000       -0.0000000000000000     0.0000000000000000
     0.0000000000000000     0.0000000000000000       -0.0041503753676554     0.0000000000000000        0.0059882060655752     0.0000000000000000
    -0.0000000000000000     0.0000000000000000        0.0171942664591814     0.0000000000000000        0.0040591606171786     0.0000000000000000
    5   10
    -0.0013640242294812     0.0000000000000000        0.0048261017390448     0.0000000000000000        0.0051859385758841     0.0000000000000000
     0.0048261017390448     0.0000000000000000        0.0042086780468670     0.0000000000000000       -0.0029941030327876     0.0000000000000000
     0.0148906715530895     0.0000000000000000       -0.0085971332295907     0.0000000000000000        0.0040591606171786     0.0000000000000000
    5   11
    -0.0013640242294812     0.0000000000000000       -0.0048261017390448     0.0000000000000000       -0.0051859385758841     0.0000000000000000
    -0.0048261017390448     0.0000000000000000        0.0042086780468670     0.0000000000000000       -0.0029941030327876     0.0000000000000000
    -0.0148906715530895     0.0000000000000000       -0.0085971332295907     0.0000000000000000        0.0040591606171786     0.0000000000000000
    6    1
    -0.0492474573635954     0.0000000000000000        0.0253715276391964     0.0000000000000000       -0.0166369210920056     0.0000000000000000
     0.0253715276391964     0.0000000000000000       -0.0785439739880819     0.0000000000000000       -0.0096053308709561     0.0000000000000000
    -0.0184476272185215     0.0000000000000000       -0.0106507425405234     0.0000000000000000       -0.0863076440222173     0.0000000000000000
    6    2
    -0.0034865437359211     0.0000000000000000        0.0058741720783160     0.0000000000000000       -0.0038080838611483     0.0000000000000000
     0.0058741720783160     0.0000000000000000       -0.0102694533972851     0.0000000000000000       -0.0021985982423307     0.0000000000000000
    -0.0040912174539495     0.0000000000000000       -0.0023620654983511     0.0000000000000000       -0.0126704650757627     0.0000000000000000
    6    3
    -0.0131309368996579     0.0000000000000000       -0.0120146323619994     0.0000000000000000        0.0077274456293901     0.0000000000000000
    -0.0120146323619994     0.0000000000000000        0.0007423655571713     0.0000000000000000        0.0044614428142766     0.0000000000000000
     0.0085839766148675     0.0000000000000000        0.0049559612093113     0.0000000000000000        0.0033600441024446     0.0000000000000000
    6    4
    -0.0013640242294812     0.0000000000000000       -0.0048261017390448     0.0000000000000000       -0.0148906715530895     0.0000000000000000
    -0.0048261017390448     0.0000000000000000        0.0042086780468670     0.0000000000000000       -0.0085971332295907     0.0000000000000000
    -0.0051859385758841     0.0000000000000000       -0.0029941030327876     0.0000000000000000        0.0040591606171786     0.0000000000000000
    6    5
    -0.0090426710127941     0.0000000000000000       -0.0093692194830806     0.0000000000000000        0.0227385302310233     0.0000000000000000
    -0.0093692194830806     0.0000000000000000        0.0017759717685122     0.0000000000000000        0.0131280965498581     0.0000000000000000
     0.0175741654592868     0.0000000000000000        0.0101464491587025     0.0000000000000000       -0.0309053406382247     0.0000000000000000
    6    6
     0.1264275129156056     0.0000000000000000        0.0080061141654894     0.0000000000000000       -0.0056275211486646     0.0000000000000000
     0.0080061141654893     0.0000000000000000        0.1171828485783943     0.0000000000000000       -0.0032490508500520     0.0000000000000000
    -0.0056275211486646     0.0000000000000000       -0.0032490508500520     0.0000000000000000        0.1156893808266219     0.0000000000000000
    6    7
    -0.0094235890882237     0.0000000000000000       -0.0234961078205654     0.0000000000000000        0.0010160862012027     0.0000000000000000
    -0.0202661619234690     0.0000000000000000       -0.0346897473052920     0.0000000000000000       -0.0028909604654110     0.0000000000000000
     0.0030116883049836     0.0000000000000000        0.0005655237700290     0.0000000000000000        0.0053259085584087     0.0000000000000000
    6    8
    -0.0473228264138239     0.0000000000000000        0.0016149729485481     0.0000000000000000       -0.0019956021037810     0.0000000000000000
    -0.0016149729485482     0.0000000000000000        0.0032094900203098     0.0000000000000000        0.0023254366953818     0.0000000000000000
     0.0019956021037809     0.0000000000000000        0.0023254366953818     0.0000000000000000        0.0053259085584087     0.0000000000000000
    6    9
    -0.0014610669467093     0.0000000000000000        0.0112482357302351     0.0000000000000000        0.0091209216499221     0.0000000000000000
     0.0029808138829999     0.0000000000000000        0.0067540786778047     0.0000000000000000       -0.0016902955628170     0.0000000000000000
     0.0060242997222647     0.0000000000000000       -0.0070538020733516     0.0000000000000000        0.0002870004665432     0.0000000000000000
    6   10
     0.0108616514900612     0.0000000000000000       -0.0041337109236176     0.0000000000000000        0.0030966219276574     0.0000000000000000
     0.0041337109236176     0.0000000000000000       -0.0055686397589663     0.0000000000000000        0.0087440976361687     0.0000000000000000
    -0.0030966219276574     0.0000000000000000        0.0087440976361687     0.0000000000000000        0.0002870004665433     0.0000000000000000
    6   11
    -0.0028100487154602     0.0000000000000000        0.0017247497665229     0.0000000000000000       -0.0007408058805065     0.0000000000000000
     0.0017247497665229     0.0000000000000000       -0.0048016181994338     0.0000000000000000       -0.0004277044745277     0.0000000000000000
    -0.0007408058805065     0.0000000000000000       -0.0004277044745277     0.0000000000000000       -0.0044509538599444     0.0000000000000000
    7    1
    -0.0931922323003206     0.0000000000000000       -0.0000000000000001     0.0000000000000000       -0.0000000000000001     0.0000000000000000
    -0.0000000000000001     0.0000000000000000       -0.0345991990513551     0.0000000000000000        0.0192106617419125     0.0000000000000000
    -0.0000000000000000     0.0000000000000000        0.0213014850810471     0.0000000000000000       -0.0863076440222172     0.0000000000000000
    7    2
    -0.0136609082279665     0.0000000000000000       -0.0000000000000000     0.0000000000000000       -0.0000000000000000     0.0000000000000000
    -0.0000000000000000     0.0000000000000000       -0.0000950889052392     0.0000000000000000        0.0043971964846615     0.0000000000000000
    -0.0000000000000000     0.0000000000000000        0.0047241309967022     0.0000000000000000       -0.0126704650757627     0.0000000000000000
    7    3
     0.0076790167855859     0.0000000000000000        0.0000000000000000     0.0000000000000000        0.0000000000000000     0.0000000000000000
     0.0000000000000000     0.0000000000000000       -0.0200675881280733     0.0000000000000000       -0.0089228856285533     0.0000000000000000
     0.0000000000000000     0.0000000000000000       -0.0099119224186227     0.0000000000000000        0.0033600441024446     0.0000000000000000
    7    4
     0.0069950291850408     0.0000000000000000        0.0000000000000000     0.0000000000000000       -0.0000000000000000     0.0000000000000000
     0.0000000000000000     0.0000000000000000       -0.0041503753676554     0.0000000000000000        0.0171942664591814     0.0000000000000000
    -0.0000000000000000     0.0000000000000000        0.0059882060655752     0.0000000000000000        0.0040591606171786     0.0000000000000000
    7    5
     0.0071852931591653     0.0000000000000000        0.0000000000000000     0.0000000000000000        0.0000000000000000     0.0000000000000000
     0.0000000000000000     0.0000000000000000       -0.0144519924034477     0.0000000000000000       -0.0262561930997160     0.0000000000000000
     0.0000000000000000     0.0000000000000000       -0.0202928983174049     0.0000000000000000       -0.0309053406382248     0.0000000000000000
    7    6
    -0.0094235890882237     0.0000000000000000       -0.0202661619234690     0.0000000000000000        0.0030116883049836     0.0000000000000000
    -0.0234961078205654     0.0000000000000000       -0.0346897473052920     0.0000000000000000        0.0005655237700290     0.0000000000000000
     0.0010160862012027     0.0000000000000000       -0.0028909604654110     0.0000000000000000        0.0053259085584087     0.0000000000000000
    7    7
     0.1125605164097815     0.0000000000000000        0.0000000000000000     0.0000000000000000        0.0000000000000000     0.0000000000000000
    -0.0000000000000000     0.0000000000000000        0.1310498450842189     0.0000000000000000        0.0064981017001037     0.0000000000000000
     0.0000000000000000     0.0000000000000000        0.0064981017001038     0.0000000000000000        0.1156893808266219     0.0000000000000000
    7    8
    -0.0094235890882238     0.0000000000000000        0.0202661619234691     0.0000000000000000       -0.0030116883049836     0.0000000000000000
     0.0234961078205654     0.0000000000000000       -0.0346897473052919     0.0000000000000000        0.0005655237700290     0.0000000000000000
    -0.0010160862012027     0.0000000000000000       -0.0028909604654110     0.0000000000000000        0.0053259085584087     0.0000000000000000
    7    9
    -0.0057974029414203     0.0000000000000000       -0.0000000000000000     0.0000000000000000       -0.0000000000000000     0.0000000000000000
    -0.0000000000000000     0.0000000000000000       -0.0018142639734736     0.0000000000000000        0.0008554089490554     0.0000000000000000
    -0.0000000000000000     0.0000000000000000        0.0008554089490554     0.0000000000000000       -0.0044509538599444     0.0000000000000000
    7   10
    -0.0014610669467093     0.0000000000000000       -0.0029808138829999     0.0000000000000000       -0.0060242997222647     0.0000000000000000
    -0.0112482357302351     0.0000000000000000        0.0067540786778047     0.0000000000000000       -0.0070538020733516     0.0000000000000000
    -0.0091209216499221     0.0000000000000000       -0.0016902955628171     0.0000000000000000        0.0002870004665432     0.0000000000000000
    7   11
    -0.0014610669467093     0.0000000000000000        0.0029808138829999     0.0000000000000000        0.0060242997222647     0.0000000000000000
     0.0112482357302351     0.0000000000000000        0.0067540786778047     0.0000000000000000       -0.0070538020733516     0.0000000000000000
     0.0091209216499221     0.0000000000000000       -0.0016902955628171     0.0000000000000000        0.0002870004665432     0.0000000000000000
    8    1
    -0.0492474573635953     0.0000000000000000       -0.0253715276391963     0.0000000000000000        0.0166369210920055     0.0000000000000000
    -0.0253715276391964     0.0000000000000000       -0.0785439739880820     0.0000000000000000       -0.0096053308709561     0.0000000000000000
     0.0184476272185215     0.0000000000000000       -0.0106507425405234     0.0000000000000000       -0.0863076440222173     0.0000000000000000
    8    2
    -0.0034865437359210     0.0000000000000000       -0.0058741720783160     0.0000000000000000        0.0038080838611483     0.0000000000000000
    -0.0058741720783160     0.0000000000000000       -0.0102694533972851     0.0000000000000000       -0.0021985982423307     0.0000000000000000
     0.0040912174539495     0.0000000000000000       -0.0023620654983511     0.0000000000000000       -0.0126704650757627     0.0000000000000000
    8    3
    -0.0131309368996579     0.0000000000000000        0.0120146323619994     0.0000000000000000       -0.0077274456293901     0.0000000000000000
     0.0120146323619994     0.0000000000000000        0.0007423655571713     0.0000000000000000        0.0044614428142766     0.0000000000000000
    -0.0085839766148675     0.0000000000000000        0.0049559612093113     0.0000000000000000        0.0033600441024446     0.0000000000000000
    8    4
    -0.0013640242294812     0.0000000000000000        0.0048261017390448     0.0000000000000000        0.0148906715530895     0.0000000000000000
     0.0048261017390448     0.0000000000000000        0.0042086780468670     0.0000000000000000       -0.0085971332295907     0.0000000000000000
     0.0051859385758841     0.0000000000000000       -0.0029941030327876     0.0000000000000000        0.0040591606171786     0.0000000000000000
    8    5
    -0.0090426710127941     0.0000000000000000        0.0093692194830806     0.0000000000000000       -0.0227385302310233     0.0000000000000000
     0.0093692194830806     0.0000000000000000        0.0017759717685122     0.0000000000000000        0.0131280965498580     0.0000000000000000
    -0.0175741654592868     0.0000000000000000        0.0101464491587025     0.0000000000000000       -0.0309053406382247     0.0000000000000000
    8    6
    -0.0473228264138240     0.0000000000000000       -0.0016149729485482     0.0000000000000000        0.0019956021037809     0.0000000000000000
     0.0016149729485481     0.0000000000000000        0.0032094900203098     0.0000000000000000        0.0023254366953818     0.0000000000000000
    -0.0019956021037810     0.0000000000000000        0.0023254366953818     0.0000000000000000        0.0053259085584087     0.0000000000000000
    8    7
    -0.0094235890882238     0.0000000000000000        0.0234961078205654     0.0000000000000000       -0.0010160862012027     0.0000000000000000
     0.0202661619234691     0.0000000000000000       -0.0346897473052919     0.0000000000000000       -0.0028909604654110     0.0000000000000000
    -0.0030116883049836     0.0000000000000000        0.0005655237700290     0.0000000000000000        0.0053259085584087     0.0000000000000000
    8    8
     0.1264275129156056     0.0000000000000000       -0.0080061141654893     0.0000000000000000        0.0056275211486647     0.0000000000000000
    -0.0080061141654893     0.0000000000000000        0.1171828485783943     0.0000000000000000       -0.0032490508500520     0.0000000000000000
     0.0056275211486647     0.0000000000000000       -0.0032490508500520     0.0000000000000000        0.1156893808266219     0.0000000000000000
    8    9
    -0.0014610669467093     0.0000000000000000       -0.0112482357302351     0.0000000000000000       -0.0091209216499221     0.0000000000000000
    -0.0029808138829999     0.0000000000000000        0.0067540786778047     0.0000000000000000       -0.0016902955628171     0.0000000000000000
    -0.0060242997222647     0.0000000000000000       -0.0070538020733516     0.0000000000000000        0.0002870004665432     0.0000000000000000
    8   10
    -0.0028100487154602     0.0000000000000000       -0.0017247497665229     0.0000000000000000        0.0007408058805065     0.0000000000000000
    -0.0017247497665229     0.0000000000000000       -0.0048016181994338     0.0000000000000000       -0.0004277044745277     0.0000000000000000
     0.0007408058805065     0.0000000000000000       -0.0004277044745277     0.0000000000000000       -0.0044509538599444     0.0000000000000000
    8   11
     0.0108616514900612     0.0000000000000000        0.0041337109236176     0.0000000000000000       -0.0030966219276574     0.0000000000000000
    -0.0041337109236176     0.0000000000000000       -0.0055686397589663     0.0000000000000000        0.0087440976361687     0.0000000000000000
     0.0030966219276574     0.0000000000000000        0.0087440976361687     0.0000000000000000        0.0002870004665433     0.0000000000000000
    9    1
    -0.0931922323003206     0.0000000000000000       -0.0000000000000001     0.0000000000000000       -0.0000000000000001     0.0000000000000000
    -0.0000000000000001     0.0000000000000000       -0.0345991990513551     0.0000000000000000        0.0192106617419125     0.0000000000000000
    -0.0000000000000000     0.0000000000000000        0.0213014850810471     0.0000000000000000       -0.0863076440222172     0.0000000000000000
    9    2
     0.0076790167855859     0.0000000000000000        0.0000000000000000     0.0000000000000000        0.0000000000000000     0.0000000000000000
     0.0000000000000000     0.0000000000000000       -0.0200675881280733     0.0000000000000000       -0.0089228856285533     0.0000000000000000
     0.0000000000000000     0.0000000000000000       -0.0099119224186227     0.0000000000000000        0.0033600441024446     0.0000000000000000
    9    3
    -0.0136609082279665     0.0000000000000000       -0.0000000000000000     0.0000000000000000       -0.0000000000000000     0.0000000000000000
    -0.0000000000000000     0.0000000000000000       -0.0000950889052392     0.0000000000000000        0.0043971964846615     0.0000000000000000
    -0.0000000000000000     0.0000000000000000        0.0047241309967022     0.0000000000000000       -0.0126704650757627     0.0000000000000000
    9    4
     0.0071852931591653     0.0000000000000000        0.0000000000000000     0.0000000000000000        0.0000000000000000     0.0000000000000000
     0.0000000000000000     0.0000000000000000       -0.0144519924034477     0.0000000000000000       -0.0262561930997160     0.0000000000000000
     0.0000000000000000     0.0000000000000000       -0.0202928983174049     0.0000000000000000       -0.0309053406382248     0.0000000000000000
    9    5
     0.0069950291850408     0.0000000000000000        0.0000000000000000     0.0000000000000000       -0.0000000000000000     0.0000000000000000
     0.0000000000000000     0.0000000000000000       -0.0041503753676554     0.0000000000000000        0.0171942664591814     0.0000000000000000
    -0.0000000000000000     0.0000000000000000        0.0059882060655752     0.0000000000000000        0.0040591606171786     0.0000000000000000
    9    6
    -0.0014610669467093     0.0000000000000000        0.0029808138829999     0.0000000000000000        0.0060242997222647     0.0000000000000000
     0.0112482357302351     0.0000000000000000        0.0067540786778047     0.0000000000000000       -0.0070538020733516     0.0000000000000000
     0.0091209216499221     0.0000000000000000       -0.0016902955628171     0.0000000000000000        0.0002870004665432     0.0000000000000000
    9    7
    -0.0057974029414203     0.0000000000000000       -0.0000000000000000     0.0000000000000000       -0.0000000000000000     0.0000000000000000
    -0.0000000000000000     0.0000000000000000       -0.0018142639734736     0.0000000000000000        0.0008554089490554     0.0000000000000000
    -0.0000000000000000     0.0000000000000000        0.0008554089490554     0.0000000000000000       -0.0044509538599444     0.0000000000000000
    9    8
    -0.0014610669467093     0.0000000000000000       -0.0029808138829999     0.0000000000000000       -0.0060242997222647     0.0000000000000000
    -0.0112482357302351     0.0000000000000000        0.0067540786778047     0.0000000000000000       -0.0070538020733516     0.0000000000000000
    -0.0091209216499221     0.0000000000000000       -0.0016902955628171     0.0000000000000000        0.0002870004665432     0.0000000000000000
    9    9
     0.1125605164097815     0.0000000000000000        0.0000000000000000     0.0000000000000000        0.0000000000000000     0.0000000000000000
    -0.0000000000000000     0.0000000000000000        0.1310498450842189     0.0000000000000000        0.0064981017001037     0.0000000000000000
     0.0000000000000000     0.0000000000000000        0.0064981017001038     0.0000000000000000        0.1156893808266219     0.0000000000000000
    9   10
    -0.0094235890882238     0.0000000000000000        0.0202661619234691     0.0000000000000000       -0.0030116883049836     0.0000000000000000
     0.0234961078205654     0.0000000000000000       -0.0346897473052919     0.0000000000000000        0.0005655237700290     0.0000000000000000
    -0.0010160862012027     0.0000000000000000       -0.0028909604654110     0.0000000000000000        0.0053259085584087     0.0000000000000000
    9   11
    -0.0094235890882237     0.0000000000000000       -0.0202661619234690     0.0000000000000000        0.0030116883049836     0.0000000000000000
    -0.0234961078205654     0.0000000000000000       -0.0346897473052920     0.0000000000000000        0.0005655237700290     0.0000000000000000
     0.0010160862012027     0.0000000000000000       -0.0028909604654110     0.0000000000000000        0.0053259085584087     0.0000000000000000
   10    1
    -0.0492474573635953     0.0000000000000000       -0.0253715276391964     0.0000000000000000        0.0166369210920055     0.0000000000000000
    -0.0253715276391964     0.0000000000000000       -0.0785439739880820     0.0000000000000000       -0.0096053308709561     0.0000000000000000
     0.0184476272185215     0.0000000000000000       -0.0106507425405234     0.0000000000000000       -0.0863076440222173     0.0000000000000000
   10    2
    -0.0131309368996579     0.0000000000000000        0.0120146323619994     0.0000000000000000       -0.0077274456293901     0.0000000000000000
     0.0120146323619994     0.0000000000000000        0.0007423655571713     0.0000000000000000        0.0044614428142766     0.0000000000000000
    -0.0085839766148675     0.0000000000000000        0.0049559612093113     0.0000000000000000        0.0033600441024446     0.0000000000000000
   10    3
    -0.0034865437359210     0.0000000000000000       -0.0058741720783160     0.0000000000000000        0.0038080838611483     0.0000000000000000
    -0.0058741720783160     0.0000000000000000       -0.0102694533972851     0.0000000000000000       -0.0021985982423307     0.0000000000000000
     0.0040912174539495     0.0000000000000000       -0.0023620654983511     0.0000000000000000       -0.0126704650757627     0.0000000000000000
   10    4
    -0.0090426710127941     0.0000000000000000        0.0093692194830806     0.0000000000000000       -0.0227385302310233     0.0000000000000000
     0.0093692194830806     0.0000000000000000        0.0017759717685122     0.0000000000000000        0.0131280965498580     0.0000000000000000
    -0.0175741654592868     0.0000000000000000        0.0101464491587025     0.0000000000000000       -0.0309053406382247     0.0000000000000000
   10    5
    -0.0013640242294812     0.0000000000000000        0.0048261017390448     0.0000000000000000        0.0148906715530895     0.0000000000000000
     0.0048261017390448     0.0000000000000000        0.0042086780468670     0.0000000000000000       -0.0085971332295907     0.0000000000000000
     0.0051859385758841     0.0000000000000000       -0.0029941030327876     0.0000000000000000        0.0040591606171786     0.0000000000000000
   10    6
     0.0108616514900612     0.0000000000000000        0.0041337109236176     0.0000000000000000       -0.0030966219276574     0.0000000000000000
    -0.0041337109236176     0.0000000000000000       -0.0055686397589663     0.0000000000000000        0.0087440976361687     0.0000000000000000
     0.0030966219276574     0.0000000000000000        0.0087440976361687     0.0000000000000000        0.0002870004665433     0.0000000000000000
   10    7
    -0.0014610669467093     0.0000000000000000       -0.0112482357302351     0.0000000000000000       -0.0091209216499221     0.0000000000000000
    -0.0029808138829999     0.0000000000000000        0.0067540786778047     0.0000000000000000       -0.0016902955628171     0.0000000000000000
    -0.0060242997222647     0.0000000000000000       -0.0070538020733516     0.0000000000000000        0.0002870004665432     0.0000000000000000
   10    8
    -0.0028100487154602     0.0000000000000000       -0.0017247497665229     0.0000000000000000        0.0007408058805065     0.0000000000000000
    -0.0017247497665229     0.0000000000000000       -0.0048016181994338     0.0000000000000000       -0.0004277044745277     0.0000000000000000
     0.0007408058805065     0.0000000000000000       -0.0004277044745277     0.0000000000000000       -0.0044509538599444     0.0000000000000000
   10    9
    -0.0094235890882238     0.0000000000000000        0.0234961078205654     0.0000000000000000       -0.0010160862012027     0.0000000000000000
     0.0202661619234691     0.0000000000000000       -0.0346897473052919     0.0000000000000000       -0.0028909604654110     0.0000000000000000
    -0.0030116883049836     0.0000000000000000        0.0005655237700290     0.0000000000000000        0.0053259085584087     0.0000000000000000
   10   10
     0.1264275129156056     0.0000000000000000       -0.0080061141654893     0.0000000000000000        0.0056275211486647     0.0000000000000000
    -0.0080061141654893     0.0000000000000000        0.1171828485783943     0.0000000000000000       -0.0032490508500520     0.0000000000000000
     0.0056275211486647     0.0000000000000000       -0.0032490508500520     0.0000000000000000        0.1156893808266219     0.0000000000000000
   10   11
    -0.0473228264138240     0.0000000000000000       -0.0016149729485482     0.0000000000000000        0.0019956021037809     0.0000000000000000
     0.0016149729485481     0.0000000000000000        0.0032094900203098     0.0000000000000000        0.0023254366953818     0.0000000000000000
    -0.0019956021037810     0.0000000000000000        0.0023254366953818     0.0000000000000000        0.0053259085584087     0.0000000000000000
   11    1
    -0.0492474573635954     0.0000000000000000        0.0253715276391964     0.0000000000000000       -0.0166369210920056     0.0000000000000000
     0.0253715276391964     0.0000000000000000       -0.0785439739880819     0.0000000000000000       -0.0096053308709561     0.0000000000000000
    -0.0184476272185215     0.0000000000000000       -0.0106507425405234     0.0000000000000000       -0.0863076440222173     0.0000000000000000
   11    2
    -0.0131309368996579     0.0000000000000000       -0.0120146323619994     0.0000000000000000        0.0077274456293901     0.0000000000000000
    -0.0120146323619994     0.0000000000000000        0.0007423655571713     0.0000000000000000        0.0044614428142766     0.0000000000000000
     0.0085839766148675     0.0000000000000000        0.0049559612093113     0.0000000000000000        0.0033600441024446     0.0000000000000000
   11    3
    -0.0034865437359210     0.0000000000000000        0.0058741720783160     0.0000000000000000       -0.0038080838611483     0.0000000000000000
     0.0058741720783160     0.0000000000000000       -0.0102694533972851     0.0000000000000000       -0.0021985982423307     0.0000000000000000
    -0.0040912174539495     0.0000000000000000       -0.0023620654983511     0.0000000000000000       -0.0126704650757627     0.0000000000000000
   11    4
    -0.0090426710127941     0.0000000000000000       -0.0093692194830806     0.0000000000000000        0.0227385302310233     0.0000000000000000
    -0.0093692194830806     0.0000000000000000        0.0017759717685122     0.0000000000000000        0.0131280965498581     0.0000000000000000
     0.0175741654592868     0.0000000000000000        0.0101464491587025     0.0000000000000000       -0.0309053406382247     0.0000000000000000
   11    5
    -0.0013640242294812     0.0000000000000000       -0.0048261017390448     0.0000000000000000       -0.0148906715530895     0.0000000000000000
    -0.0048261017390448     0.0000000000000000        0.0042086780468670     0.0000000000000000       -0.0085971332295907     0.0000000000000000
    -0.0051859385758841     0.0000000000000000       -0.0029941030327876     0.0000000000000000        0.0040591606171786     0.0000000000000000
   11    6
    -0.0028100487154602     0.0000000000000000        0.0017247497665229     0.0000000000000000       -0.0007408058805065     0.0000000000000000
     0.0017247497665229     0.0000000000000000       -0.0048016181994338     0.0000000000000000       -0.0004277044745277     0.0000000000000000
    -0.0007408058805065     0.0000000000000000       -0.0004277044745277     0.0000000000000000       -0.0044509538599444     0.0000000000000000
   11    7
    -0.0014610669467093     0.0000000000000000        0.0112482357302351     0.0000000000000000        0.0091209216499221     0.0000000000000000
     0.0029808138829999     0.0000000000000000        0.0067540786778047     0.0000000000000000       -0.0016902955628170     0.0000000000000000
     0.0060242997222647     0.0000000000000000       -0.0070538020733516     0.0000000000000000        0.0002870004665432     0.0000000000000000
   11    8
     0.0108616514900612     0.0000000000000000       -0.0041337109236176     0.0000000000000000        0.0030966219276574     0.0000000000000000
     0.0041337109236176     0.0000000000000000       -0.0055686397589663     0.0000000000000000        0.0087440976361687     0.0000000000000000
    -0.0030966219276574     0.0000000000000000        0.0087440976361687     0.0000000000000000        0.0002870004665433     0.0000000000000000
   11    9
    -0.0094235890882237     0.0000000000000000       -0.0234961078205654     0.0000000000000000        0.0010160862012027     0.0000000000000000
    -0.0202661619234690     0.0000000000000000       -0.0346897473052920     0.0000000000000000       -0.0028909604654110     0.0000000000000000
     0.0030116883049836     0.0000000000000000        0.0005655237700290     0.0000000000000000        0.0053259085584087     0.0000000000000000
   11   10
    -0.0473228264138239     0.0000000000000000        0.0016149729485481     0.0000000000000000       -0.0019956021037810     0.0000000000000000
    -0.0016149729485482     0.0000000000000000        0.0032094900203098     0.0000000000000000        0.0023254366953818     0.0000000000000000
     0.0019956021037809     0.0000000000000000        0.0023254366953818     0.0000000000000000        0.0053259085584087     0.0000000000000000
   11   11
     0.1264275129156056     0.0000000000000000        0.0080061141654894     0.0000000000000000       -0.0056275211486646     0.0000000000000000
     0.0080061141654893     0.0000000000000000        0.1171828485783943     0.0000000000000000       -0.0032490508500520     0.0000000000000000
    -0.0056275211486646     0.0000000000000000       -0.0032490508500520     0.0000000000000000        0.1156893808266219     0.0000000000000000

     Diagonalizing the dynamical matrix

     q = (     0.000000000000     0.000000000000     0.000000000000 )

***************************************************************************
   freq (    1) =    -0.00000103 [THz] =    -0.00003444 [cm-1]
(   0.000000  0.000000   0.244739  0.000000  -0.176102  0.000000 )
(   0.000000  0.000000   0.244739  0.000000  -0.176102  0.000000 )
(   0.000000  0.000000   0.244739  0.000000  -0.176102  0.000000 )
(   0.000000  0.000000   0.244739  0.000000  -0.176102  0.000000 )
(   0.000000  0.000000   0.244739  0.000000  -0.176102  0.000000 )
(   0.000000  0.000000   0.244739  0.000000  -0.176102  0.000000 )
(   0.000000  0.000000   0.244739  0.000000  -0.176102  0.000000 )
(   0.000000  0.000000   0.244739  0.000000  -0.176102  0.000000 )
(   0.000000  0.000000   0.244739  0.000000  -0.176102  0.000000 )
(   0.000000  0.000000   0.244739  0.000000  -0.176102  0.000000 )
(   0.000000  0.000000   0.244739  0.000000  -0.176102  0.000000 )
   freq (    2) =    -0.00000088 [THz] =    -0.00002945 [cm-1]
(   0.000000  0.000000  -0.176102  0.000000  -0.244739  0.000000 )
(   0.000000  0.000000  -0.176102  0.000000  -0.244739  0.000000 )
(  -0.000000  0.000000  -0.176102  0.000000  -0.244739  0.000000 )
(   0.000000  0.000000  -0.176102  0.000000  -0.244739  0.000000 )
(   0.000000  0.000000  -0.176102  0.000000  -0.244739  0.000000 )
(  -0.000000  0.000000  -0.176102  0.000000  -0.244739  0.000000 )
(   0.000000  0.000000  -0.176102  0.000000  -0.244739  0.000000 )
(   0.000000  0.000000  -0.176102  0.000000  -0.244739  0.000000 )
(  -0.000000  0.000000  -0.176102  0.000000  -0.244739  0.000000 )
(  -0.000000  0.000000  -0.176102  0.000000  -0.244739  0.000000 )
(  -0.000000  0.000000  -0.176102  0.000000  -0.244739  0.000000 )
   freq (    3) =    -0.00000008 [THz] =    -0.00000265 [cm-1]
(   0.301511  0.000000  -0.000000  0.000000   0.000000  0.000000 )
(   0.301511  0.000000  -0.000000  0.000000   0.000000  0.000000 )
(   0.301511  0.000000  -0.000000  0.000000   0.000000  0.000000 )
(   0.301511  0.000000  -0.000000  0.000000   0.000000  0.000000 )
(   0.301511  0.000000  -0.000000  0.000000   0.000000  0.000000 )
(   0.301511  0.000000  -0.000000  0.000000   0.000000  0.000000 )
(   0.301511  0.000000  -0.000000  0.000000   0.000000  0.000000 )
(   0.301511  0.000000  -0.000000  0.000000   0.000000  0.000000 )
(   0.301511  0.000000  -0.000000  0.000000   0.000000  0.000000 )
(   0.301511  0.000000  -0.000000  0.000000   0.000000  0.000000 )
(   0.301511  0.000000  -0.000000  0.000000   0.000000  0.000000 )
   freq (    4) =    25.45526002 [THz] =   849.09595616 [cm-1]
(  -0.020749  0.000000   0.000000  0.000000   0.000000  0.000000 )
(   0.499498  0.000000  -0.000000  0.000000  -0.000000  0.000000 )
(   0.499498  0.000000  -0.000000  0.000000  -0.000000  0.000000 )
(   0.168937  0.000000  -0.000000  0.000000  -0.000000  0.000000 )
(   0.168937  0.000000  -0.000000  0.000000  -0.000000  0.000000 )
(   0.296421  0.000000   0.073920  0.000000  -0.058022  0.000000 )
(   0.168388  0.000000  -0.000000  0.000000  -0.000000  0.000000 )
(   0.296421  0.000000  -0.073920  0.000000   0.058022  0.000000 )
(   0.168388  0.000000  -0.000000  0.000000  -0.000000  0.000000 )
(   0.296421  0.000000  -0.073920  0.000000   0.058022  0.000000 )
(   0.296421  0.000000   0.073920  0.000000  -0.058022  0.000000 )
   freq (    5) =    25.45526002 [THz] =   849.09595616 [cm-1]
(   0.000000  0.000000   0.020749  0.000000  -0.000000  0.000000 )
(  -0.000000  0.000000  -0.499498  0.000000   0.000000  0.000000 )
(  -0.000000  0.000000  -0.499498  0.000000   0.000000  0.000000 )
(  -0.000000  0.000000  -0.168937  0.000000   0.000000  0.000000 )
(  -0.000000  0.000000  -0.168937  0.000000   0.000000  0.000000 )
(  -0.073920  0.000000  -0.211066  0.000000   0.033499  0.000000 )
(  -0.000000  0.000000  -0.339099  0.000000  -0.066998  0.000000 )
(   0.073920  0.000000  -0.211066  0.000000   0.033499  0.000000 )
(  -0.000000  0.000000  -0.339099  0.000000  -0.066998  0.000000 )
(   0.073920  0.000000  -0.211066  0.000000   0.033499  0.000000 )
(  -0.073920  0.000000  -0.211066  0.000000   0.033499  0.000000 )
   freq (    6) =    25.48109553 [THz] =   849.95773594 [cm-1]
(   0.000000  0.000000   0.000000  0.000000   0.020924  0.000000 )
(  -0.000000  0.000000  -0.000000  0.000000  -0.489416  0.000000 )
(  -0.000000  0.000000  -0.000000  0.000000  -0.489416  0.000000 )
(  -0.000000  0.000000  -0.000000  0.000000  -0.371326  0.000000 )
(  -0.000000  0.000000  -0.000000  0.000000  -0.371326  0.000000 )
(   0.049675  0.000000   0.028680  0.000000  -0.193649  0.000000 )
(  -0.000000  0.000000  -0.057360  0.000000  -0.193649  0.000000 )
(  -0.049675  0.000000   0.028680  0.000000  -0.193649  0.000000 )
(  -0.000000  0.000000  -0.057360  0.000000  -0.193649  0.000000 )
(  -0.049675  0.000000   0.028680  0.000000  -0.193649  0.000000 )
(   0.049675  0.000000   0.028680  0.000000  -0.193649  0.000000 )
   freq (    7) =    26.00397534 [THz] =   867.39912655 [cm-1]
(  -0.000000  0.000000  -0.000000  0.000000   0.000000  0.000000 )
(   0.000000  0.000000   0.000000  0.000000  -0.343999  0.000000 )
(  -0.000000  0.000000  -0.000000  0.000000   0.343999  0.000000 )
(   0.000000  0.000000   0.000000  0.000000  -0.520124  0.000000 )
(  -0.000000  0.000000  -0.000000  0.000000   0.520124  0.000000 )
(  -0.119190  0.000000  -0.068814  0.000000   0.134550  0.000000 )
(  -0.000000  0.000000   0.137629  0.000000   0.134550  0.000000 )
(   0.119190  0.000000  -0.068814  0.000000   0.134550  0.000000 )
(   0.000000  0.000000  -0.137629  0.000000  -0.134550  0.000000 )
(  -0.119190  0.000000   0.068814  0.000000  -0.134550  0.000000 )
(   0.119190  0.000000   0.068814  0.000000  -0.134550  0.000000 )
   freq (    8) =    26.12028801 [THz] =   871.27889901 [cm-1]
(  -0.000000  0.000000  -0.000000  0.000000  -0.000000  0.000000 )
(  -0.371578  0.000000   0.008987  0.000000  -0.000000  0.000000 )
(   0.371578  0.000000  -0.008987  0.000000   0.000000  0.000000 )
(  -0.082044  0.000000   0.001984  0.000000  -0.000000  0.000000 )
(   0.082044  0.000000  -0.001984  0.000000   0.000000  0.000000 )
(   0.359714  0.000000   0.160327  0.000000  -0.120813  0.000000 )
(   0.078722  0.000000  -0.011093  0.000000  -0.003422  0.000000 )
(   0.367673  0.000000  -0.168730  0.000000   0.124234  0.000000 )
(  -0.078722  0.000000   0.011093  0.000000   0.003422  0.000000 )
(  -0.367673  0.000000   0.168730  0.000000  -0.124234  0.000000 )
(  -0.359714  0.000000  -0.160327  0.000000   0.120813  0.000000 )
   freq (    9) =    26.12028801 [THz] =   871.27889901 [cm-1]
(  -0.000000  0.000000   0.000000  0.000000  -0.000000  0.000000 )
(   0.008987  0.000000   0.371578  0.000000   0.000000  0.000000 )
(  -0.008987  0.000000  -0.371578  0.000000  -0.000000  0.000000 )
(   0.001984  0.000000   0.082044  0.000000   0.000000  0.000000 )
(  -0.001984  0.000000  -0.082044  0.000000  -0.000000  0.000000 )
(  -0.173324  0.000000  -0.177691  0.000000   0.073702  0.000000 )
(  -0.001904  0.000000  -0.458684  0.000000  -0.141478  0.000000 )
(   0.155733  0.000000  -0.169733  0.000000   0.067776  0.000000 )
(   0.001904  0.000000   0.458684  0.000000   0.141478  0.000000 )
(  -0.155733  0.000000   0.169733  0.000000  -0.067776  0.000000 )
(   0.173324  0.000000   0.177691  0.000000  -0.073702  0.000000 )
   freq (   10) =    29.02911829 [THz] =   968.30701910 [cm-1]
(  -0.000000  0.000000   0.000000  0.000000  -0.000000  0.000000 )
(  -0.000000  0.000000   0.000000  0.000000   0.522265  0.000000 )
(   0.000000  0.000000  -0.000000  0.000000  -0.522265  0.000000 )
(   0.000000  0.000000  -0.000000  0.000000  -0.171035  0.000000 )
(  -0.000000  0.000000   0.000000  0.000000   0.171035  0.000000 )
(   0.025793  0.000000   0.014891  0.000000   0.255163  0.000000 )
(  -0.000000  0.000000  -0.029783  0.000000   0.255163  0.000000 )
(  -0.025793  0.000000   0.014891  0.000000   0.255163  0.000000 )
(   0.000000  0.000000   0.029783  0.000000  -0.255163  0.000000 )
(   0.025793  0.000000  -0.014891  0.000000  -0.255163  0.000000 )
(  -0.025793  0.000000  -0.014891  0.000000  -0.255163  0.000000 )
   freq (   11) =    29.40991382 [THz] =   981.00898884 [cm-1]
(  -0.000000  0.000000  -0.000000  0.000000   0.000000  0.000000 )
(  -0.499082  0.000000   0.003054  0.000000  -0.000000  0.000000 )
(   0.499082  0.000000  -0.003054  0.000000   0.000000  0.000000 )
(   0.265397  0.000000  -0.001624  0.000000   0.000000  0.000000 )
(  -0.265397  0.000000   0.001624  0.000000  -0.000000  0.000000 )
(  -0.220547  0.000000   0.036856  0.000000  -0.029043  0.000000 )
(  -0.281401  0.000000   0.001224  0.000000  -0.000206  0.000000 )
(  -0.220115  0.000000  -0.033661  0.000000   0.029249  0.000000 )
(   0.281401  0.000000  -0.001224  0.000000   0.000206  0.000000 )
(   0.220115  0.000000   0.033661  0.000000  -0.029249  0.000000 )
(   0.220547  0.000000  -0.036856  0.000000   0.029043  0.000000 )
   freq (   12) =    29.40991382 [THz] =   981.00898884 [cm-1]
(  -0.000000  0.000000   0.000000  0.000000   0.000000  0.000000 )
(   0.003054  0.000000   0.499082  0.000000  -0.000000  0.000000 )
(  -0.003054  0.000000  -0.499082  0.000000   0.000000  0.000000 )
(  -0.001624  0.000000  -0.265397  0.000000   0.000000  0.000000 )
(   0.001624  0.000000   0.265397  0.000000  -0.000000  0.000000 )
(  -0.033910  0.000000   0.260828  0.000000   0.017006  0.000000 )
(   0.001722  0.000000   0.199974  0.000000  -0.033655  0.000000 )
(   0.036607  0.000000   0.261260  0.000000   0.016649  0.000000 )
(  -0.001722  0.000000  -0.199974  0.000000   0.033655  0.000000 )
(  -0.036607  0.000000  -0.261260  0.000000  -0.016649  0.000000 )
(   0.033910  0.000000  -0.260828  0.000000  -0.017006  0.000000 )
   freq (   13) =    31.83972146 [THz] =  1062.05863618 [cm-1]
(   0.000000  0.000000  -0.000000  0.000000   0.000000  0.000000 )
(  -0.000000  0.000000  -0.000000  0.000000   0.000000  0.000000 )
(   0.000000  0.000000   0.000000  0.000000  -0.000000  0.000000 )
(   0.000000  0.000000   0.000000  0.000000  -0.000000  0.000000 )
(  -0.000000  0.000000  -0.000000  0.000000   0.000000  0.000000 )
(  -0.204124  0.000000   0.353553  0.000000   0.000000  0.000000 )
(   0.408248  0.000000   0.000000  0.000000  -0.000000  0.000000 )
(  -0.204124  0.000000  -0.353553  0.000000   0.000000  0.000000 )
(  -0.408248  0.000000  -0.000000  0.000000   0.000000  0.000000 )
(   0.204124  0.000000   0.353553  0.000000  -0.000000  0.000000 )
(   0.204124  0.000000  -0.353553  0.000000  -0.000000  0.000000 )
   freq (   14) =    31.88782374 [THz] =  1063.66315506 [cm-1]
(   0.000000  0.000000  -0.000000  0.000000  -0.000000  0.000000 )
(   0.013382  0.000000  -0.000054  0.000000  -0.000000  0.000000 )
(  -0.013382  0.000000   0.000054  0.000000   0.000000  0.000000 )
(  -0.436830  0.000000   0.001765  0.000000  -0.000000  0.000000 )
(   0.436830  0.000000  -0.001765  0.000000   0.000000  0.000000 )
(  -0.144433  0.000000  -0.003431  0.000000  -0.351538  0.000000 )
(  -0.137528  0.000000   0.000593  0.000000  -0.001644  0.000000 )
(  -0.144465  0.000000   0.004560  0.000000   0.353182  0.000000 )
(   0.137528  0.000000  -0.000593  0.000000   0.001644  0.000000 )
(   0.144465  0.000000  -0.004560  0.000000  -0.353182  0.000000 )
(   0.144433  0.000000   0.003431  0.000000   0.351538  0.000000 )
   freq (   15) =    31.88782374 [THz] =  1063.66315506 [cm-1]
(   0.000000  0.000000  -0.000000  0.000000   0.000000  0.000000 )
(  -0.000054  0.000000  -0.013382  0.000000  -0.000000  0.000000 )
(   0.000054  0.000000   0.013382  0.000000   0.000000  0.000000 )
(   0.001765  0.000000   0.436830  0.000000  -0.000000  0.000000 )
(  -0.001765  0.000000  -0.436830  0.000000   0.000000  0.000000 )
(   0.004579  0.000000   0.139851  0.000000   0.204859  0.000000 )
(   0.000556  0.000000   0.146756  0.000000  -0.406870  0.000000 )
(  -0.003412  0.000000   0.139819  0.000000   0.202012  0.000000 )
(  -0.000556  0.000000  -0.146756  0.000000   0.406870  0.000000 )
(   0.003412  0.000000  -0.139819  0.000000  -0.202012  0.000000 )
(  -0.004579  0.000000  -0.139851  0.000000  -0.204859  0.000000 )
   freq (   16) =    32.14409530 [THz] =  1072.21145311 [cm-1]
(   0.000000  0.000000   0.000000  0.000000   0.000000  0.000000 )
(  -0.000000  0.000000   0.000000  0.000000   0.000000  0.000000 )
(  -0.000000  0.000000   0.000000  0.000000   0.000000  0.000000 )
(   0.000000  0.000000  -0.000000  0.000000  -0.000000  0.000000 )
(   0.000000  0.000000   0.000000  0.000000  -0.000000  0.000000 )
(   0.204124  0.000000  -0.353553  0.000000  -0.000000  0.000000 )
(  -0.408248  0.000000  -0.000000  0.000000   0.000000  0.000000 )
(   0.204124  0.000000   0.353553  0.000000  -0.000000  0.000000 )
(  -0.408248  0.000000  -0.000000  0.000000  -0.000000  0.000000 )
(   0.204124  0.000000   0.353553  0.000000  -0.000000  0.000000 )
(   0.204124  0.000000  -0.353553  0.000000   0.000000  0.000000 )
   freq (   17) =    32.56850439 [THz] =  1086.36821431 [cm-1]
(  -0.000591  0.000000   0.000000  0.000000   0.000000  0.000000 )
(  -0.029074  0.000000   0.000000  0.000000  -0.000000  0.000000 )
(  -0.029074  0.000000   0.000000  0.000000  -0.000000  0.000000 )
(  -0.459191  0.000000   0.000000  0.000000   0.000000  0.000000 )
(  -0.459191  0.000000   0.000000  0.000000   0.000000  0.000000 )
(   0.162768  0.000000  -0.023493  0.000000   0.310493  0.000000 )
(   0.203458  0.000000  -0.000000  0.000000   0.000000  0.000000 )
(   0.162768  0.000000   0.023493  0.000000  -0.310493  0.000000 )
(   0.203458  0.000000  -0.000000  0.000000   0.000000  0.000000 )
(   0.162768  0.000000   0.023493  0.000000  -0.310493  0.000000 )
(   0.162768  0.000000  -0.023493  0.000000   0.310493  0.000000 )
   freq (   18) =    32.56850439 [THz] =  1086.36821431 [cm-1]
(  -0.000000  0.000000  -0.000591  0.000000  -0.000000  0.000000 )
(  -0.000000  0.000000  -0.029074  0.000000  -0.000000  0.000000 )
(  -0.000000  0.000000  -0.029074  0.000000  -0.000000  0.000000 )
(  -0.000000  0.000000  -0.459191  0.000000  -0.000000  0.000000 )
(  -0.000000  0.000000  -0.459191  0.000000  -0.000000  0.000000 )
(  -0.023493  0.000000   0.189895  0.000000   0.179263  0.000000 )
(   0.000000  0.000000   0.149205  0.000000  -0.358527  0.000000 )
(   0.023493  0.000000   0.189895  0.000000   0.179263  0.000000 )
(   0.000000  0.000000   0.149205  0.000000  -0.358527  0.000000 )
(   0.023493  0.000000   0.189895  0.000000   0.179263  0.000000 )
(  -0.023493  0.000000   0.189895  0.000000   0.179263  0.000000 )
   freq (   19) =    34.06219097 [THz] =  1136.19222845 [cm-1]
(  -0.000542  0.000000  -0.000000  0.000000   0.000000  0.000000 )
(  -0.056946  0.000000  -0.000000  0.000000   0.000000  0.000000 )
(  -0.056946  0.000000  -0.000000  0.000000   0.000000  0.000000 )
(  -0.269999  0.000000  -0.000000  0.000000  -0.000000  0.000000 )
(  -0.269999  0.000000  -0.000000  0.000000  -0.000000  0.000000 )
(   0.007994  0.000000  -0.196495  0.000000  -0.335539  0.000000 )
(   0.348334  0.000000  -0.000000  0.000000   0.000000  0.000000 )
(   0.007994  0.000000   0.196495  0.000000   0.335539  0.000000 )
(   0.348334  0.000000  -0.000000  0.000000   0.000000  0.000000 )
(   0.007994  0.000000   0.196495  0.000000   0.335539  0.000000 )
(   0.007994  0.000000  -0.196495  0.000000  -0.335539  0.000000 )
   freq (   20) =    34.06219097 [THz] =  1136.19222845 [cm-1]
(   0.000000  0.000000  -0.000542  0.000000   0.000000  0.000000 )
(   0.000000  0.000000  -0.056946  0.000000  -0.000000  0.000000 )
(   0.000000  0.000000  -0.056946  0.000000  -0.000000  0.000000 )
(   0.000000  0.000000  -0.269999  0.000000   0.000000  0.000000 )
(   0.000000  0.000000  -0.269999  0.000000  -0.000000  0.000000 )
(  -0.196495  0.000000   0.234887  0.000000  -0.193723  0.000000 )
(  -0.000000  0.000000  -0.105453  0.000000   0.387447  0.000000 )
(   0.196495  0.000000   0.234887  0.000000  -0.193723  0.000000 )
(  -0.000000  0.000000  -0.105453  0.000000   0.387447  0.000000 )
(   0.196495  0.000000   0.234887  0.000000  -0.193723  0.000000 )
(  -0.196495  0.000000   0.234887  0.000000  -0.193723  0.000000 )
   freq (   21) =    35.17734378 [THz] =  1173.38971692 [cm-1]
(   0.006814  0.000000   0.000000  0.000000   0.000000  0.000000 )
(   0.500528  0.000000   0.000000  0.000000   0.000000  0.000000 )
(   0.500528  0.000000   0.000000  0.000000   0.000000  0.000000 )
(  -0.276046  0.000000  -0.000000  0.000000  -0.000000  0.000000 )
(  -0.276046  0.000000  -0.000000  0.000000  -0.000000  0.000000 )
(  -0.263702  0.000000  -0.056089  0.000000   0.008322  0.000000 )
(  -0.166553  0.000000  -0.000000  0.000000  -0.000000  0.000000 )
(  -0.263702  0.000000   0.056089  0.000000  -0.008322  0.000000 )
(  -0.166553  0.000000  -0.000000  0.000000  -0.000000  0.000000 )
(  -0.263702  0.000000   0.056089  0.000000  -0.008322  0.000000 )
(  -0.263702  0.000000  -0.056089  0.000000   0.008322  0.000000 )
   freq (   22) =    35.17734378 [THz] =  1173.38971692 [cm-1]
(  -0.000000  0.000000   0.006814  0.000000   0.000000  0.000000 )
(  -0.000000  0.000000   0.500528  0.000000   0.000000  0.000000 )
(  -0.000000  0.000000   0.500528  0.000000   0.000000  0.000000 )
(   0.000000  0.000000  -0.276046  0.000000  -0.000000  0.000000 )
(   0.000000  0.000000  -0.276046  0.000000  -0.000000  0.000000 )
(  -0.056089  0.000000  -0.198936  0.000000   0.004805  0.000000 )
(   0.000000  0.000000  -0.296085  0.000000  -0.009609  0.000000 )
(   0.056089  0.000000  -0.198936  0.000000   0.004805  0.000000 )
(   0.000000  0.000000  -0.296085  0.000000  -0.009609  0.000000 )
(   0.056089  0.000000  -0.198936  0.000000   0.004805  0.000000 )
(  -0.056089  0.000000  -0.198936  0.000000   0.004805  0.000000 )
   freq (   23) =    35.45465991 [THz] =  1182.63998605 [cm-1]
(  -0.000000  0.000000  -0.000000  0.000000   0.006222  0.000000 )
(  -0.000000  0.000000  -0.000000  0.000000   0.516028  0.000000 )
(  -0.000000  0.000000  -0.000000  0.000000   0.516028  0.000000 )
(   0.000000  0.000000   0.000000  0.000000  -0.316536  0.000000 )
(   0.000000  0.000000   0.000000  0.000000  -0.316536  0.000000 )
(   0.022110  0.000000   0.012765  0.000000  -0.209400  0.000000 )
(   0.000000  0.000000  -0.025531  0.000000  -0.209400  0.000000 )
(  -0.022110  0.000000   0.012765  0.000000  -0.209400  0.000000 )
(   0.000000  0.000000  -0.025531  0.000000  -0.209400  0.000000 )
(  -0.022110  0.000000   0.012765  0.000000  -0.209400  0.000000 )
(   0.022110  0.000000   0.012765  0.000000  -0.209400  0.000000 )
   freq (   24) =    42.02328474 [THz] =  1401.74569472 [cm-1]
(  -0.000000  0.000000   0.000000  0.000000   0.000000  0.000000 )
(   0.004554  0.000000  -0.000208  0.000000  -0.000000  0.000000 )
(  -0.004554  0.000000   0.000208  0.000000   0.000000  0.000000 )
(   0.362805  0.000000  -0.016569  0.000000   0.000000  0.000000 )
(  -0.362805  0.000000   0.016569  0.000000   0.000000  0.000000 )
(   0.008019  0.000000  -0.210724  0.000000  -0.281894  0.000000 )
(   0.345661  0.000000   0.005330  0.000000  -0.015268  0.000000 )
(  -0.010269  0.000000   0.189710  0.000000   0.297162  0.000000 )
(  -0.345661  0.000000  -0.005330  0.000000   0.015268  0.000000 )
(   0.010269  0.000000  -0.189710  0.000000  -0.297162  0.000000 )
(  -0.008019  0.000000   0.210724  0.000000   0.281894  0.000000 )
   freq (   25) =    42.02328474 [THz] =  1401.74569472 [cm-1]
(   0.000000  0.000000   0.000000  0.000000  -0.000000  0.000000 )
(  -0.000208  0.000000  -0.004554  0.000000  -0.000000  0.000000 )
(   0.000208  0.000000   0.004554  0.000000   0.000000  0.000000 )
(  -0.016569  0.000000  -0.362805  0.000000   0.000000  0.000000 )
(   0.016569  0.000000   0.362805  0.000000  -0.000000  0.000000 )
(   0.200268  0.000000  -0.220922  0.000000   0.180382  0.000000 )
(  -0.015786  0.000000   0.116720  0.000000  -0.334319  0.000000 )
(  -0.200166  0.000000  -0.239209  0.000000   0.153937  0.000000 )
(   0.015786  0.000000  -0.116720  0.000000   0.334319  0.000000 )
(   0.200166  0.000000   0.239209  0.000000  -0.153937  0.000000 )
(  -0.200268  0.000000   0.220922  0.000000  -0.180382  0.000000 )
   freq (   26) =    44.56558712 [THz] =  1486.54776185 [cm-1]
(  -0.000000  0.000000   0.000000  0.000000  -0.006290  0.000000 )
(  -0.000000  0.000000  -0.000000  0.000000   0.047221  0.000000 )
(   0.000000  0.000000  -0.000000  0.000000   0.047221  0.000000 )
(  -0.000000  0.000000  -0.000000  0.000000  -0.413062  0.000000 )
(   0.000000  0.000000  -0.000000  0.000000  -0.413062  0.000000 )
(   0.168965  0.000000   0.097552  0.000000   0.266417  0.000000 )
(   0.000000  0.000000  -0.195104  0.000000   0.266417  0.000000 )
(  -0.168965  0.000000   0.097552  0.000000   0.266417  0.000000 )
(   0.000000  0.000000  -0.195104  0.000000   0.266417  0.000000 )
(  -0.168965  0.000000   0.097552  0.000000   0.266417  0.000000 )
(   0.168965  0.000000   0.097552  0.000000   0.266417  0.000000 )
   freq (   27) =    44.78624103 [THz] =  1493.90798291 [cm-1]
(   0.000000  0.000000  -0.000000  0.000000  -0.000000  0.000000 )
(   0.000000  0.000000  -0.000000  0.000000   0.329958  0.000000 )
(  -0.000000  0.000000   0.000000  0.000000  -0.329958  0.000000 )
(   0.000000  0.000000  -0.000000  0.000000  -0.265445  0.000000 )
(  -0.000000  0.000000   0.000000  0.000000   0.265445  0.000000 )
(  -0.169909  0.000000  -0.098097  0.000000  -0.261527  0.000000 )
(  -0.000000  0.000000   0.196195  0.000000  -0.261527  0.000000 )
(   0.169909  0.000000  -0.098097  0.000000  -0.261527  0.000000 )
(   0.000000  0.000000  -0.196195  0.000000   0.261527  0.000000 )
(  -0.169909  0.000000   0.098097  0.000000   0.261527  0.000000 )
(   0.169909  0.000000   0.098097  0.000000   0.261527  0.000000 )
   freq (   28) =    44.87504768 [THz] =  1496.87025332 [cm-1]
(   0.006148  0.000000   0.000000  0.000000  -0.000000  0.000000 )
(  -0.067843  0.000000   0.000000  0.000000   0.000000  0.000000 )
(  -0.067843  0.000000  -0.000000  0.000000   0.000000  0.000000 )
(  -0.327675  0.000000   0.000000  0.000000  -0.000000  0.000000 )
(  -0.327675  0.000000  -0.000000  0.000000  -0.000000  0.000000 )
(   0.151830  0.000000   0.279202  0.000000  -0.194844  0.000000 )
(  -0.331763  0.000000  -0.000000  0.000000   0.000000  0.000000 )
(   0.151830  0.000000  -0.279202  0.000000   0.194844  0.000000 )
(  -0.331763  0.000000  -0.000000  0.000000   0.000000  0.000000 )
(   0.151830  0.000000  -0.279202  0.000000   0.194844  0.000000 )
(   0.151830  0.000000   0.279202  0.000000  -0.194844  0.000000 )
   freq (   29) =    44.87504768 [THz] =  1496.87025332 [cm-1]
(   0.000000  0.000000   0.006148  0.000000   0.000000  0.000000 )
(   0.000000  0.000000  -0.067843  0.000000  -0.000000  0.000000 )
(  -0.000000  0.000000  -0.067843  0.000000  -0.000000  0.000000 )
(   0.000000  0.000000  -0.327675  0.000000   0.000000  0.000000 )
(  -0.000000  0.000000  -0.327675  0.000000   0.000000  0.000000 )
(   0.279202  0.000000  -0.170566  0.000000  -0.112493  0.000000 )
(  -0.000000  0.000000   0.313027  0.000000   0.224986  0.000000 )
(  -0.279202  0.000000  -0.170566  0.000000  -0.112493  0.000000 )
(   0.000000  0.000000   0.313027  0.000000   0.224986  0.000000 )
(  -0.279202  0.000000  -0.170566  0.000000  -0.112493  0.000000 )
(   0.279202  0.000000  -0.170566  0.000000  -0.112493  0.000000 )
   freq (   30) =    45.35085203 [THz] =  1512.74137592 [cm-1]
(   0.000000  0.000000  -0.000000  0.000000  -0.000000  0.000000 )
(   0.335456  0.000000   0.005110  0.000000  -0.000000  0.000000 )
(  -0.335456  0.000000  -0.005110  0.000000   0.000000  0.000000 )
(   0.316351  0.000000   0.004819  0.000000  -0.000000  0.000000 )
(  -0.316351  0.000000  -0.004819  0.000000  -0.000000  0.000000 )
(   0.084657  0.000000   0.234693  0.000000  -0.162546  0.000000 )
(  -0.330564  0.000000   0.003324  0.000000   0.002834  0.000000 )
(   0.077417  0.000000  -0.240583  0.000000   0.159712  0.000000 )
(   0.330564  0.000000  -0.003324  0.000000  -0.002834  0.000000 )
(  -0.077417  0.000000   0.240583  0.000000  -0.159712  0.000000 )
(  -0.084657  0.000000  -0.234693  0.000000   0.162546  0.000000 )
   freq (   31) =    45.35085203 [THz] =  1512.74137592 [cm-1]
(   0.000000  0.000000   0.000000  0.000000  -0.000000  0.000000 )
(   0.005110  0.000000  -0.335456  0.000000  -0.000000  0.000000 )
(  -0.005110  0.000000   0.335456  0.000000   0.000000  0.000000 )
(   0.004819  0.000000  -0.316351  0.000000   0.000000  0.000000 )
(  -0.004819  0.000000   0.316351  0.000000  -0.000000  0.000000 )
(  -0.236404  0.000000   0.196984  0.000000   0.090573  0.000000 )
(  -0.005035  0.000000  -0.218237  0.000000  -0.186055  0.000000 )
(   0.238872  0.000000   0.189744  0.000000   0.095482  0.000000 )
(   0.005035  0.000000   0.218237  0.000000   0.186055  0.000000 )
(  -0.238872  0.000000  -0.189744  0.000000  -0.095482  0.000000 )
(   0.236404  0.000000  -0.196984  0.000000  -0.090573  0.000000 )
   freq (   32) =    46.65617738 [THz] =  1556.28233664 [cm-1]
(  -0.000000  0.000000  -0.000000  0.000000  -0.000197  0.000000 )
(   0.000000  0.000000   0.000000  0.000000   0.011927  0.000000 )
(  -0.000000  0.000000   0.000000  0.000000   0.011927  0.000000 )
(   0.000000  0.000000   0.000000  0.000000   0.306228  0.000000 )
(   0.000000  0.000000   0.000000  0.000000   0.306228  0.000000 )
(   0.306252  0.000000   0.176815  0.000000  -0.101522  0.000000 )
(  -0.000000  0.000000  -0.353630  0.000000  -0.101522  0.000000 )
(  -0.306252  0.000000   0.176815  0.000000  -0.101522  0.000000 )
(   0.000000  0.000000  -0.353630  0.000000  -0.101522  0.000000 )
(  -0.306252  0.000000   0.176815  0.000000  -0.101522  0.000000 )
(   0.306252  0.000000   0.176815  0.000000  -0.101522  0.000000 )
   freq (   33) =    58.40853482 [THz] =  1948.29872822 [cm-1]
(   0.000000  0.000000   0.000000  0.000000   0.000000  0.000000 )
(   0.000000  0.000000   0.000000  0.000000  -0.005582  0.000000 )
(  -0.000000  0.000000  -0.000000  0.000000   0.005582  0.000000 )
(   0.000000  0.000000   0.000000  0.000000   0.360218  0.000000 )
(  -0.000000  0.000000  -0.000000  0.000000  -0.360218  0.000000 )
(  -0.285060  0.000000  -0.164579  0.000000   0.122712  0.000000 )
(  -0.000000  0.000000   0.329159  0.000000   0.122712  0.000000 )
(   0.285060  0.000000  -0.164579  0.000000   0.122712  0.000000 )
(   0.000000  0.000000  -0.329159  0.000000  -0.122712  0.000000 )
(  -0.285060  0.000000   0.164579  0.000000  -0.122712  0.000000 )
(   0.285060  0.000000   0.164579  0.000000  -0.122712  0.000000 )
***************************************************************************
