Dynamical matrix file
File generated with the CellConstructor by Lorenzo Monacelli
2 11 0     1.8897259890000000     0.0000000000000000     0.0000000000000000     0.0000000000000000     0.0000000000000000     0.0000000000000000
Basis vectors
    1.8024298584306333    -1.0406333639602767     2.9451628277569313
   -0.0000000000000025     2.0812667279205499     2.9451628277569353
   -1.8024298584306346    -1.0406333639602787     2.9451628277569308
	1  'La '  126604.5951757480361266
	2  'H '    918.7358275894680446
    1     1    -0.0000000000000001     0.0000000000000000     4.4177442857954858
    2     2     0.0000000000000000    -0.0000000000000015     2.2114153328156565
    3     2     0.0000000000000000     0.0000000000000015    -2.2114153328156565
    4     2    -0.0000000000000002    -0.0000000000000003     1.0600922854246893
    5     2     0.0000000000000002     0.0000000000000003    -1.0600922854246893
    6     2     0.9380984292658816     0.5416113800942748     6.2435187361498512
    7     2     0.0000000000000011    -1.0832227601885609     6.2435187361498485
    8     2    -0.9380984292658848     0.5416113800942737     6.2435187361498503
    9     2    -0.0000000000000013     1.0832227601885585     2.5919698317611197
   10     2     0.9380984292658854    -0.5416113800942794     2.5919698317611202
   11     2    -0.9380984292658832    -0.5416113800942803     2.5919698317611202

     Dynamical Matrix in cartesian axes

     q = (     0.000000000000     0.000000000000     0.000000000000 )

    1    1
     0.6259168515264731     0.0000000000000000        0.0000000000000003     0.0000000000000000       -0.0000000000000002     0.0000000000000000
     0.0000000000000001     0.0000000000000000        0.6259168515265574     0.0000000000000000       -0.0000000000000005     0.0000000000000000
    -0.0000000000000001     0.0000000000000000       -0.0000000000000005     0.0000000000000000        0.6287935047800474     0.0000000000000000
    1    2
    -0.0315544754338412     0.0000000000000000       -0.0000000000000000     0.0000000000000000        0.0000000000000000     0.0000000000000000
    -0.0000000000000000     0.0000000000000000       -0.0315544754338455     0.0000000000000000        0.0000000000000000     0.0000000000000000
     0.0000000000000000     0.0000000000000000        0.0000000000000000     0.0000000000000000       -0.0347699210040549     0.0000000000000000
    1    3
    -0.0315544754338412     0.0000000000000000       -0.0000000000000000     0.0000000000000000        0.0000000000000000     0.0000000000000000
    -0.0000000000000000     0.0000000000000000       -0.0315544754338455     0.0000000000000000        0.0000000000000000     0.0000000000000000
     0.0000000000000000     0.0000000000000000        0.0000000000000000     0.0000000000000000       -0.0347699210040549     0.0000000000000000
    1    4
    -0.0947278324083530     0.0000000000000000       -0.0000000000000000     0.0000000000000000       -0.0000000000000000     0.0000000000000000
    -0.0000000000000000     0.0000000000000000       -0.0947278324083657     0.0000000000000000       -0.0000000000000000     0.0000000000000000
    -0.0000000000000000     0.0000000000000000       -0.0000000000000000     0.0000000000000000       -0.0227963384654446     0.0000000000000000
    1    5
    -0.0947278324083530     0.0000000000000000       -0.0000000000000000     0.0000000000000000       -0.0000000000000000     0.0000000000000000
    -0.0000000000000000     0.0000000000000000       -0.0947278324083657     0.0000000000000000       -0.0000000000000000     0.0000000000000000
    -0.0000000000000000     0.0000000000000000       -0.0000000000000000     0.0000000000000000       -0.0227963384654445     0.0000000000000000
    1    6
    -0.0468081229804690     0.0000000000000000        0.0267034597238856     0.0000000000000000       -0.0182145334152037     0.0000000000000000
     0.0267034597238856     0.0000000000000000       -0.0776426223002366     0.0000000000000000       -0.0105161657704319     0.0000000000000000
    -0.0184348592769529     0.0000000000000000       -0.0106433709660223     0.0000000000000000       -0.0856101643068415     0.0000000000000000
    1    7
    -0.0930598719601049     0.0000000000000000       -0.0000000000000001     0.0000000000000000       -0.0000000000000000     0.0000000000000000
    -0.0000000000000001     0.0000000000000000       -0.0313908733205946     0.0000000000000000        0.0210323315408641     0.0000000000000000
    -0.0000000000000000     0.0000000000000000        0.0212867419320449     0.0000000000000000       -0.0856101643068414     0.0000000000000000
    1    8
    -0.0468081229804689     0.0000000000000000       -0.0267034597238856     0.0000000000000000        0.0182145334152037     0.0000000000000000
    -0.0267034597238856     0.0000000000000000       -0.0776426223002367     0.0000000000000000       -0.0105161657704319     0.0000000000000000
     0.0184348592769530     0.0000000000000000       -0.0106433709660223     0.0000000000000000       -0.0856101643068415     0.0000000000000000
    1    9
    -0.0930598719601049     0.0000000000000000       -0.0000000000000001     0.0000000000000000       -0.0000000000000000     0.0000000000000000
    -0.0000000000000001     0.0000000000000000       -0.0313908733205946     0.0000000000000000        0.0210323315408641     0.0000000000000000
    -0.0000000000000000     0.0000000000000000        0.0212867419320449     0.0000000000000000       -0.0856101643068414     0.0000000000000000
    1   10
    -0.0468081229804689     0.0000000000000000       -0.0267034597238856     0.0000000000000000        0.0182145334152037     0.0000000000000000
    -0.0267034597238856     0.0000000000000000       -0.0776426223002367     0.0000000000000000       -0.0105161657704319     0.0000000000000000
     0.0184348592769530     0.0000000000000000       -0.0106433709660223     0.0000000000000000       -0.0856101643068415     0.0000000000000000
    1   11
    -0.0468081229804690     0.0000000000000000        0.0267034597238856     0.0000000000000000       -0.0182145334152037     0.0000000000000000
     0.0267034597238856     0.0000000000000000       -0.0776426223002366     0.0000000000000000       -0.0105161657704319     0.0000000000000000
    -0.0184348592769529     0.0000000000000000       -0.0106433709660223     0.0000000000000000       -0.0856101643068415     0.0000000000000000
    2    1
    -0.0315544754338412     0.0000000000000000       -0.0000000000000000     0.0000000000000000        0.0000000000000000     0.0000000000000000
    -0.0000000000000000     0.0000000000000000       -0.0315544754338455     0.0000000000000000        0.0000000000000000     0.0000000000000000
     0.0000000000000000     0.0000000000000000        0.0000000000000000     0.0000000000000000       -0.0347699210040549     0.0000000000000000
    2    2
     0.0808173798779206     0.0000000000000000        0.0000000000000000     0.0000000000000000        0.0000000000000000     0.0000000000000000
     0.0000000000000000     0.0000000000000000        0.0808173798779314     0.0000000000000000       -0.0000000000000001     0.0000000000000000
     0.0000000000000000     0.0000000000000000       -0.0000000000000001     0.0000000000000000        0.0811556578402270     0.0000000000000000
    2    3
    -0.0024327849249981     0.0000000000000000       -0.0000000000000000     0.0000000000000000       -0.0000000000000000     0.0000000000000000
    -0.0000000000000000     0.0000000000000000       -0.0024327849249985     0.0000000000000000        0.0000000000000000     0.0000000000000000
     0.0000000000000000     0.0000000000000000        0.0000000000000000     0.0000000000000000       -0.0036370654422406     0.0000000000000000
    2    4
     0.0072982683790193     0.0000000000000000       -0.0000000000000000     0.0000000000000000        0.0000000000000000     0.0000000000000000
    -0.0000000000000000     0.0000000000000000        0.0072982683790203     0.0000000000000000        0.0000000000000000     0.0000000000000000
     0.0000000000000000     0.0000000000000000        0.0000000000000000     0.0000000000000000       -0.0189895235033791     0.0000000000000000
    2    5
    -0.0145170132029902     0.0000000000000000       -0.0000000000000000     0.0000000000000000       -0.0000000000000000     0.0000000000000000
    -0.0000000000000000     0.0000000000000000       -0.0145170132029921     0.0000000000000000       -0.0000000000000000     0.0000000000000000
    -0.0000000000000000     0.0000000000000000       -0.0000000000000000     0.0000000000000000        0.0032352012853955     0.0000000000000000
    2    6
    -0.0039452022750681     0.0000000000000000        0.0061705039977589     0.0000000000000000       -0.0036196624158038     0.0000000000000000
     0.0061705039977589     0.0000000000000000       -0.0110702865633525     0.0000000000000000       -0.0020898130701400     0.0000000000000000
    -0.0041593910358889     0.0000000000000000       -0.0024014255342356     0.0000000000000000       -0.0130540592800165     0.0000000000000000
    2    7
    -0.0146328287074925     0.0000000000000000       -0.0000000000000000     0.0000000000000000       -0.0000000000000000     0.0000000000000000
    -0.0000000000000000     0.0000000000000000       -0.0003826601309266     0.0000000000000000        0.0041796261402801     0.0000000000000000
    -0.0000000000000000     0.0000000000000000        0.0048028510684711     0.0000000000000000       -0.0130540592800165     0.0000000000000000
    2    8
    -0.0039452022750681     0.0000000000000000       -0.0061705039977588     0.0000000000000000        0.0036196624158038     0.0000000000000000
    -0.0061705039977588     0.0000000000000000       -0.0110702865633525     0.0000000000000000       -0.0020898130701400     0.0000000000000000
     0.0041593910358890     0.0000000000000000       -0.0024014255342355     0.0000000000000000       -0.0130540592800165     0.0000000000000000
    2    9
     0.0068556473179370     0.0000000000000000        0.0000000000000000     0.0000000000000000        0.0000000000000000     0.0000000000000000
     0.0000000000000000     0.0000000000000000       -0.0182477416095938     0.0000000000000000       -0.0086328906922487     0.0000000000000000
     0.0000000000000000     0.0000000000000000       -0.0098109296717930     0.0000000000000000        0.0040559428880339     0.0000000000000000
    2   10
    -0.0119718943777093     0.0000000000000000        0.0108700862661610     0.0000000000000000       -0.0074763026475811     0.0000000000000000
     0.0108700862661610     0.0000000000000000        0.0005798000860550     0.0000000000000000        0.0043164453461243     0.0000000000000000
    -0.0084965143305147     0.0000000000000000        0.0049054648358965     0.0000000000000000        0.0040559428880339     0.0000000000000000
    2   11
    -0.0119718943777093     0.0000000000000000       -0.0108700862661610     0.0000000000000000        0.0074763026475811     0.0000000000000000
    -0.0108700862661610     0.0000000000000000        0.0005798000860549     0.0000000000000000        0.0043164453461243     0.0000000000000000
     0.0084965143305147     0.0000000000000000        0.0049054648358965     0.0000000000000000        0.0040559428880339     0.0000000000000000
    3    1
    -0.0315544754338412     0.0000000000000000       -0.0000000000000000     0.0000000000000000        0.0000000000000000     0.0000000000000000
    -0.0000000000000000     0.0000000000000000       -0.0315544754338455     0.0000000000000000        0.0000000000000000     0.0000000000000000
     0.0000000000000000     0.0000000000000000        0.0000000000000000     0.0000000000000000       -0.0347699210040549     0.0000000000000000
    3    2
    -0.0024327849249981     0.0000000000000000       -0.0000000000000000     0.0000000000000000       -0.0000000000000000     0.0000000000000000
    -0.0000000000000000     0.0000000000000000       -0.0024327849249985     0.0000000000000000        0.0000000000000000     0.0000000000000000
     0.0000000000000000     0.0000000000000000        0.0000000000000000     0.0000000000000000       -0.0036370654422406     0.0000000000000000
    3    3
     0.0808173798779206     0.0000000000000000        0.0000000000000000     0.0000000000000000        0.0000000000000000     0.0000000000000000
     0.0000000000000000     0.0000000000000000        0.0808173798779314     0.0000000000000000       -0.0000000000000001     0.0000000000000000
     0.0000000000000000     0.0000000000000000       -0.0000000000000001     0.0000000000000000        0.0811556578402270     0.0000000000000000
    3    4
    -0.0145170132029902     0.0000000000000000       -0.0000000000000000     0.0000000000000000       -0.0000000000000000     0.0000000000000000
    -0.0000000000000000     0.0000000000000000       -0.0145170132029921     0.0000000000000000       -0.0000000000000000     0.0000000000000000
    -0.0000000000000000     0.0000000000000000       -0.0000000000000000     0.0000000000000000        0.0032352012853955     0.0000000000000000
    3    5
     0.0072982683790193     0.0000000000000000       -0.0000000000000000     0.0000000000000000        0.0000000000000000     0.0000000000000000
    -0.0000000000000000     0.0000000000000000        0.0072982683790203     0.0000000000000000        0.0000000000000000     0.0000000000000000
     0.0000000000000000     0.0000000000000000        0.0000000000000000     0.0000000000000000       -0.0189895235033791     0.0000000000000000
    3    6
    -0.0119718943777093     0.0000000000000000       -0.0108700862661610     0.0000000000000000        0.0074763026475811     0.0000000000000000
    -0.0108700862661610     0.0000000000000000        0.0005798000860549     0.0000000000000000        0.0043164453461243     0.0000000000000000
     0.0084965143305147     0.0000000000000000        0.0049054648358965     0.0000000000000000        0.0040559428880339     0.0000000000000000
    3    7
     0.0068556473179370     0.0000000000000000        0.0000000000000000     0.0000000000000000        0.0000000000000000     0.0000000000000000
     0.0000000000000000     0.0000000000000000       -0.0182477416095938     0.0000000000000000       -0.0086328906922487     0.0000000000000000
     0.0000000000000000     0.0000000000000000       -0.0098109296717930     0.0000000000000000        0.0040559428880339     0.0000000000000000
    3    8
    -0.0119718943777093     0.0000000000000000        0.0108700862661610     0.0000000000000000       -0.0074763026475811     0.0000000000000000
     0.0108700862661610     0.0000000000000000        0.0005798000860550     0.0000000000000000        0.0043164453461243     0.0000000000000000
    -0.0084965143305147     0.0000000000000000        0.0049054648358965     0.0000000000000000        0.0040559428880339     0.0000000000000000
    3    9
    -0.0146328287074925     0.0000000000000000       -0.0000000000000000     0.0000000000000000       -0.0000000000000000     0.0000000000000000
    -0.0000000000000000     0.0000000000000000       -0.0003826601309266     0.0000000000000000        0.0041796261402801     0.0000000000000000
    -0.0000000000000000     0.0000000000000000        0.0048028510684711     0.0000000000000000       -0.0130540592800165     0.0000000000000000
    3   10
    -0.0039452022750681     0.0000000000000000       -0.0061705039977588     0.0000000000000000        0.0036196624158038     0.0000000000000000
    -0.0061705039977588     0.0000000000000000       -0.0110702865633525     0.0000000000000000       -0.0020898130701400     0.0000000000000000
     0.0041593910358890     0.0000000000000000       -0.0024014255342355     0.0000000000000000       -0.0130540592800165     0.0000000000000000
    3   11
    -0.0039452022750681     0.0000000000000000        0.0061705039977589     0.0000000000000000       -0.0036196624158038     0.0000000000000000
     0.0061705039977589     0.0000000000000000       -0.0110702865633525     0.0000000000000000       -0.0020898130701400     0.0000000000000000
    -0.0041593910358889     0.0000000000000000       -0.0024014255342356     0.0000000000000000       -0.0130540592800165     0.0000000000000000
    4    1
    -0.0947278324083530     0.0000000000000000       -0.0000000000000000     0.0000000000000000       -0.0000000000000000     0.0000000000000000
    -0.0000000000000000     0.0000000000000000       -0.0947278324083657     0.0000000000000000       -0.0000000000000000     0.0000000000000000
    -0.0000000000000000     0.0000000000000000       -0.0000000000000000     0.0000000000000000       -0.0227963384654446     0.0000000000000000
    4    2
     0.0072982683790193     0.0000000000000000       -0.0000000000000000     0.0000000000000000        0.0000000000000000     0.0000000000000000
    -0.0000000000000000     0.0000000000000000        0.0072982683790203     0.0000000000000000        0.0000000000000000     0.0000000000000000
     0.0000000000000000     0.0000000000000000        0.0000000000000000     0.0000000000000000       -0.0189895235033791     0.0000000000000000
    4    3
    -0.0145170132029902     0.0000000000000000       -0.0000000000000000     0.0000000000000000       -0.0000000000000000     0.0000000000000000
    -0.0000000000000000     0.0000000000000000       -0.0145170132029921     0.0000000000000000       -0.0000000000000000     0.0000000000000000
    -0.0000000000000000     0.0000000000000000       -0.0000000000000000     0.0000000000000000        0.0032352012853955     0.0000000000000000
    4    4
     0.1156401204351545     0.0000000000000000        0.0000000000000000     0.0000000000000000        0.0000000000000000     0.0000000000000000
     0.0000000000000000     0.0000000000000000        0.1156401204351700     0.0000000000000000       -0.0000000000000001     0.0000000000000000
     0.0000000000000000     0.0000000000000000       -0.0000000000000001     0.0000000000000000        0.1289768141419882     0.0000000000000000
    4    5
    -0.0057166831948770     0.0000000000000000       -0.0000000000000000     0.0000000000000000       -0.0000000000000000     0.0000000000000000
    -0.0000000000000000     0.0000000000000000       -0.0057166831948777     0.0000000000000000        0.0000000000000000     0.0000000000000000
    -0.0000000000000000     0.0000000000000000        0.0000000000000000     0.0000000000000000       -0.0037398821224650     0.0000000000000000
    4    6
    -0.0020888482670376     0.0000000000000000       -0.0060312084984527     0.0000000000000000       -0.0057295875329697     0.0000000000000000
    -0.0060312084984527     0.0000000000000000        0.0048753914332035     0.0000000000000000       -0.0033079789045058     0.0000000000000000
    -0.0160128092749769     0.0000000000000000       -0.0092449997453907     0.0000000000000000        0.0034307441163561     0.0000000000000000
    4    7
     0.0083575112833231     0.0000000000000000       -0.0000000000000000     0.0000000000000000       -0.0000000000000000     0.0000000000000000
     0.0000000000000000     0.0000000000000000       -0.0055709681171586     0.0000000000000000        0.0066159578090116     0.0000000000000000
    -0.0000000000000000     0.0000000000000000        0.0184899994907813     0.0000000000000000        0.0034307441163561     0.0000000000000000
    4    8
    -0.0020888482670376     0.0000000000000000        0.0060312084984527     0.0000000000000000        0.0057295875329697     0.0000000000000000
     0.0060312084984527     0.0000000000000000        0.0048753914332035     0.0000000000000000       -0.0033079789045058     0.0000000000000000
     0.0160128092749769     0.0000000000000000       -0.0092449997453906     0.0000000000000000        0.0034307441163561     0.0000000000000000
    4    9
     0.0063111693880278     0.0000000000000000        0.0000000000000000     0.0000000000000000        0.0000000000000000     0.0000000000000000
     0.0000000000000000     0.0000000000000000       -0.0144156192261640     0.0000000000000000       -0.0211848451323662     0.0000000000000000
     0.0000000000000000     0.0000000000000000       -0.0260627715119853     0.0000000000000000       -0.0323261678950545     0.0000000000000000
    4   10
    -0.0092339220726147     0.0000000000000000        0.0089749627393799     0.0000000000000000       -0.0183466140598670     0.0000000000000000
     0.0089749627393799     0.0000000000000000        0.0011294722344804     0.0000000000000000        0.0105924225661831     0.0000000000000000
    -0.0225710222224071     0.0000000000000000        0.0130313857559927     0.0000000000000000       -0.0323261678950545     0.0000000000000000
    4   11
    -0.0092339220726147     0.0000000000000000       -0.0089749627393799     0.0000000000000000        0.0183466140598670     0.0000000000000000
    -0.0089749627393799     0.0000000000000000        0.0011294722344804     0.0000000000000000        0.0105924225661832     0.0000000000000000
     0.0225710222224071     0.0000000000000000        0.0130313857559927     0.0000000000000000       -0.0323261678950545     0.0000000000000000
    5    1
    -0.0947278324083530     0.0000000000000000       -0.0000000000000000     0.0000000000000000       -0.0000000000000000     0.0000000000000000
    -0.0000000000000000     0.0000000000000000       -0.0947278324083657     0.0000000000000000       -0.0000000000000000     0.0000000000000000
    -0.0000000000000000     0.0000000000000000       -0.0000000000000000     0.0000000000000000       -0.0227963384654445     0.0000000000000000
    5    2
    -0.0145170132029902     0.0000000000000000       -0.0000000000000000     0.0000000000000000       -0.0000000000000000     0.0000000000000000
    -0.0000000000000000     0.0000000000000000       -0.0145170132029921     0.0000000000000000       -0.0000000000000000     0.0000000000000000
    -0.0000000000000000     0.0000000000000000       -0.0000000000000000     0.0000000000000000        0.0032352012853955     0.0000000000000000
    5    3
     0.0072982683790193     0.0000000000000000       -0.0000000000000000     0.0000000000000000        0.0000000000000000     0.0000000000000000
    -0.0000000000000000     0.0000000000000000        0.0072982683790203     0.0000000000000000        0.0000000000000000     0.0000000000000000
     0.0000000000000000     0.0000000000000000        0.0000000000000000     0.0000000000000000       -0.0189895235033791     0.0000000000000000
    5    4
    -0.0057166831948770     0.0000000000000000       -0.0000000000000000     0.0000000000000000       -0.0000000000000000     0.0000000000000000
    -0.0000000000000000     0.0000000000000000       -0.0057166831948777     0.0000000000000000        0.0000000000000000     0.0000000000000000
    -0.0000000000000000     0.0000000000000000        0.0000000000000000     0.0000000000000000       -0.0037398821224650     0.0000000000000000
    5    5
     0.1156401204351545     0.0000000000000000        0.0000000000000000     0.0000000000000000        0.0000000000000000     0.0000000000000000
     0.0000000000000000     0.0000000000000000        0.1156401204351700     0.0000000000000000       -0.0000000000000001     0.0000000000000000
     0.0000000000000000     0.0000000000000000       -0.0000000000000001     0.0000000000000000        0.1289768141419882     0.0000000000000000
    5    6
    -0.0092339220726147     0.0000000000000000       -0.0089749627393799     0.0000000000000000        0.0183466140598670     0.0000000000000000
    -0.0089749627393799     0.0000000000000000        0.0011294722344804     0.0000000000000000        0.0105924225661832     0.0000000000000000
     0.0225710222224071     0.0000000000000000        0.0130313857559927     0.0000000000000000       -0.0323261678950545     0.0000000000000000
    5    7
     0.0063111693880278     0.0000000000000000        0.0000000000000000     0.0000000000000000        0.0000000000000000     0.0000000000000000
     0.0000000000000000     0.0000000000000000       -0.0144156192261640     0.0000000000000000       -0.0211848451323662     0.0000000000000000
     0.0000000000000000     0.0000000000000000       -0.0260627715119853     0.0000000000000000       -0.0323261678950545     0.0000000000000000
    5    8
    -0.0092339220726147     0.0000000000000000        0.0089749627393799     0.0000000000000000       -0.0183466140598670     0.0000000000000000
     0.0089749627393799     0.0000000000000000        0.0011294722344804     0.0000000000000000        0.0105924225661831     0.0000000000000000
    -0.0225710222224071     0.0000000000000000        0.0130313857559927     0.0000000000000000       -0.0323261678950545     0.0000000000000000
    5    9
     0.0083575112833231     0.0000000000000000       -0.0000000000000000     0.0000000000000000       -0.0000000000000000     0.0000000000000000
     0.0000000000000000     0.0000000000000000       -0.0055709681171586     0.0000000000000000        0.0066159578090116     0.0000000000000000
    -0.0000000000000000     0.0000000000000000        0.0184899994907813     0.0000000000000000        0.0034307441163561     0.0000000000000000
    5   10
    -0.0020888482670376     0.0000000000000000        0.0060312084984527     0.0000000000000000        0.0057295875329697     0.0000000000000000
     0.0060312084984527     0.0000000000000000        0.0048753914332035     0.0000000000000000       -0.0033079789045058     0.0000000000000000
     0.0160128092749769     0.0000000000000000       -0.0092449997453906     0.0000000000000000        0.0034307441163561     0.0000000000000000
    5   11
    -0.0020888482670376     0.0000000000000000       -0.0060312084984527     0.0000000000000000       -0.0057295875329697     0.0000000000000000
    -0.0060312084984527     0.0000000000000000        0.0048753914332035     0.0000000000000000       -0.0033079789045058     0.0000000000000000
    -0.0160128092749769     0.0000000000000000       -0.0092449997453907     0.0000000000000000        0.0034307441163561     0.0000000000000000
    6    1
    -0.0468081229804690     0.0000000000000000        0.0267034597238856     0.0000000000000000       -0.0184348592769529     0.0000000000000000
     0.0267034597238856     0.0000000000000000       -0.0776426223002366     0.0000000000000000       -0.0106433709660223     0.0000000000000000
    -0.0182145334152037     0.0000000000000000       -0.0105161657704319     0.0000000000000000       -0.0856101643068415     0.0000000000000000
    6    2
    -0.0039452022750681     0.0000000000000000        0.0061705039977589     0.0000000000000000       -0.0041593910358889     0.0000000000000000
     0.0061705039977589     0.0000000000000000       -0.0110702865633525     0.0000000000000000       -0.0024014255342355     0.0000000000000000
    -0.0036196624158038     0.0000000000000000       -0.0020898130701400     0.0000000000000000       -0.0130540592800165     0.0000000000000000
    6    3
    -0.0119718943777093     0.0000000000000000       -0.0108700862661610     0.0000000000000000        0.0084965143305147     0.0000000000000000
    -0.0108700862661610     0.0000000000000000        0.0005798000860549     0.0000000000000000        0.0049054648358965     0.0000000000000000
     0.0074763026475811     0.0000000000000000        0.0043164453461243     0.0000000000000000        0.0040559428880339     0.0000000000000000
    6    4
    -0.0020888482670376     0.0000000000000000       -0.0060312084984527     0.0000000000000000       -0.0160128092749769     0.0000000000000000
    -0.0060312084984527     0.0000000000000000        0.0048753914332035     0.0000000000000000       -0.0092449997453907     0.0000000000000000
    -0.0057295875329697     0.0000000000000000       -0.0033079789045058     0.0000000000000000        0.0034307441163561     0.0000000000000000
    6    5
    -0.0092339220726147     0.0000000000000000       -0.0089749627393799     0.0000000000000000        0.0225710222224071     0.0000000000000000
    -0.0089749627393799     0.0000000000000000        0.0011294722344804     0.0000000000000000        0.0130313857559927     0.0000000000000000
     0.0183466140598670     0.0000000000000000        0.0105924225661832     0.0000000000000000       -0.0323261678950545     0.0000000000000000
    6    6
     0.1252077026183913     0.0000000000000000        0.0060737044029027     0.0000000000000000       -0.0045854093000506     0.0000000000000000
     0.0060737044029027     0.0000000000000000        0.1181943928744196     0.0000000000000000       -0.0026473872937291     0.0000000000000000
    -0.0045854093000506     0.0000000000000000       -0.0026473872937291     0.0000000000000000        0.1163567755598817     0.0000000000000000
    6    7
    -0.0098532463584460     0.0000000000000000       -0.0238335821601074     0.0000000000000000        0.0006683420796000     0.0000000000000000
    -0.0204548195316766     0.0000000000000000       -0.0354231669971789     0.0000000000000000       -0.0026758393095611     0.0000000000000000
     0.0026515158583247     0.0000000000000000        0.0007591184354288     0.0000000000000000        0.0053888370128015     0.0000000000000000
    6    8
    -0.0482081273165382     0.0000000000000000        0.0016893813142154     0.0000000000000000       -0.0019831737787248     0.0000000000000000
    -0.0016893813142154     0.0000000000000000        0.0029317139609184     0.0000000000000000        0.0019167208741323     0.0000000000000000
     0.0019831737787247     0.0000000000000000        0.0019167208741323     0.0000000000000000        0.0053888370128015     0.0000000000000000
    6    9
    -0.0017766027479011     0.0000000000000000        0.0136455875728852     0.0000000000000000        0.0102688806776184     0.0000000000000000
     0.0030779614733915     0.0000000000000000        0.0078787427957731     0.0000000000000000       -0.0014068653128470     0.0000000000000000
     0.0063528214394378     0.0000000000000000       -0.0081896788788258     0.0000000000000000        0.0005930487343742     0.0000000000000000
    6   10
     0.0127064155676086     0.0000000000000000       -0.0052838130497468     0.0000000000000000        0.0039160592381807     0.0000000000000000
     0.0052838130497468     0.0000000000000000       -0.0066042755197386     0.0000000000000000        0.0095965441916728     0.0000000000000000
    -0.0039160592381807     0.0000000000000000        0.0095965441916728     0.0000000000000000        0.0005930487343742     0.0000000000000000
    6   11
    -0.0040281517902160     0.0000000000000000        0.0007110157022003     0.0000000000000000       -0.0007451758817268     0.0000000000000000
     0.0007110157022003     0.0000000000000000       -0.0048491620043434     0.0000000000000000       -0.0004302274959086     0.0000000000000000
    -0.0007451758817268     0.0000000000000000       -0.0004302274959086     0.0000000000000000       -0.0048168425767105     0.0000000000000000
    7    1
    -0.0930598719601049     0.0000000000000000       -0.0000000000000001     0.0000000000000000       -0.0000000000000000     0.0000000000000000
    -0.0000000000000001     0.0000000000000000       -0.0313908733205946     0.0000000000000000        0.0212867419320449     0.0000000000000000
    -0.0000000000000000     0.0000000000000000        0.0210323315408641     0.0000000000000000       -0.0856101643068414     0.0000000000000000
    7    2
    -0.0146328287074925     0.0000000000000000       -0.0000000000000000     0.0000000000000000       -0.0000000000000000     0.0000000000000000
    -0.0000000000000000     0.0000000000000000       -0.0003826601309266     0.0000000000000000        0.0048028510684711     0.0000000000000000
    -0.0000000000000000     0.0000000000000000        0.0041796261402801     0.0000000000000000       -0.0130540592800165     0.0000000000000000
    7    3
     0.0068556473179370     0.0000000000000000        0.0000000000000000     0.0000000000000000        0.0000000000000000     0.0000000000000000
     0.0000000000000000     0.0000000000000000       -0.0182477416095938     0.0000000000000000       -0.0098109296717930     0.0000000000000000
     0.0000000000000000     0.0000000000000000       -0.0086328906922487     0.0000000000000000        0.0040559428880339     0.0000000000000000
    7    4
     0.0083575112833231     0.0000000000000000        0.0000000000000000     0.0000000000000000       -0.0000000000000000     0.0000000000000000
    -0.0000000000000000     0.0000000000000000       -0.0055709681171586     0.0000000000000000        0.0184899994907813     0.0000000000000000
    -0.0000000000000000     0.0000000000000000        0.0066159578090116     0.0000000000000000        0.0034307441163561     0.0000000000000000
    7    5
     0.0063111693880278     0.0000000000000000        0.0000000000000000     0.0000000000000000        0.0000000000000000     0.0000000000000000
     0.0000000000000000     0.0000000000000000       -0.0144156192261641     0.0000000000000000       -0.0260627715119853     0.0000000000000000
     0.0000000000000000     0.0000000000000000       -0.0211848451323662     0.0000000000000000       -0.0323261678950545     0.0000000000000000
    7    6
    -0.0098532463584460     0.0000000000000000       -0.0204548195316766     0.0000000000000000        0.0026515158583247     0.0000000000000000
    -0.0238335821601074     0.0000000000000000       -0.0354231669971789     0.0000000000000000        0.0007591184354288     0.0000000000000000
     0.0006683420796000     0.0000000000000000       -0.0026758393095611     0.0000000000000000        0.0053888370128015     0.0000000000000000
    7    7
     0.1146877380024099     0.0000000000000000        0.0000000000000000     0.0000000000000000       -0.0000000000000000     0.0000000000000000
     0.0000000000000000     0.0000000000000000        0.1287143574904025     0.0000000000000000        0.0052947745874580     0.0000000000000000
     0.0000000000000000     0.0000000000000000        0.0052947745874580     0.0000000000000000        0.1163567755598817     0.0000000000000000
    7    8
    -0.0098532463584461     0.0000000000000000        0.0204548195316767     0.0000000000000000       -0.0026515158583247     0.0000000000000000
     0.0238335821601075     0.0000000000000000       -0.0354231669971789     0.0000000000000000        0.0007591184354288     0.0000000000000000
    -0.0006683420796000     0.0000000000000000       -0.0026758393095611     0.0000000000000000        0.0053888370128015     0.0000000000000000
    7    9
    -0.0052596671114061     0.0000000000000000       -0.0000000000000000     0.0000000000000000       -0.0000000000000000     0.0000000000000000
    -0.0000000000000000     0.0000000000000000       -0.0036176466831531     0.0000000000000000        0.0008604549918172     0.0000000000000000
     0.0000000000000000     0.0000000000000000        0.0008604549918172     0.0000000000000000       -0.0048168425767105     0.0000000000000000
    7   10
    -0.0017766027479011     0.0000000000000000       -0.0030779614733915     0.0000000000000000       -0.0063528214394377     0.0000000000000000
    -0.0136455875728852     0.0000000000000000        0.0078787427957731     0.0000000000000000       -0.0081896788788258     0.0000000000000000
    -0.0102688806776184     0.0000000000000000       -0.0014068653128470     0.0000000000000000        0.0005930487343742     0.0000000000000000
    7   11
    -0.0017766027479011     0.0000000000000000        0.0030779614733915     0.0000000000000000        0.0063528214394378     0.0000000000000000
     0.0136455875728852     0.0000000000000000        0.0078787427957731     0.0000000000000000       -0.0081896788788258     0.0000000000000000
     0.0102688806776184     0.0000000000000000       -0.0014068653128470     0.0000000000000000        0.0005930487343742     0.0000000000000000
    8    1
    -0.0468081229804689     0.0000000000000000       -0.0267034597238856     0.0000000000000000        0.0184348592769530     0.0000000000000000
    -0.0267034597238856     0.0000000000000000       -0.0776426223002366     0.0000000000000000       -0.0106433709660223     0.0000000000000000
     0.0182145334152037     0.0000000000000000       -0.0105161657704319     0.0000000000000000       -0.0856101643068415     0.0000000000000000
    8    2
    -0.0039452022750681     0.0000000000000000       -0.0061705039977588     0.0000000000000000        0.0041593910358889     0.0000000000000000
    -0.0061705039977588     0.0000000000000000       -0.0110702865633525     0.0000000000000000       -0.0024014255342356     0.0000000000000000
     0.0036196624158038     0.0000000000000000       -0.0020898130701400     0.0000000000000000       -0.0130540592800165     0.0000000000000000
    8    3
    -0.0119718943777093     0.0000000000000000        0.0108700862661610     0.0000000000000000       -0.0084965143305147     0.0000000000000000
     0.0108700862661610     0.0000000000000000        0.0005798000860550     0.0000000000000000        0.0049054648358965     0.0000000000000000
    -0.0074763026475811     0.0000000000000000        0.0043164453461243     0.0000000000000000        0.0040559428880339     0.0000000000000000
    8    4
    -0.0020888482670376     0.0000000000000000        0.0060312084984527     0.0000000000000000        0.0160128092749769     0.0000000000000000
     0.0060312084984527     0.0000000000000000        0.0048753914332035     0.0000000000000000       -0.0092449997453906     0.0000000000000000
     0.0057295875329697     0.0000000000000000       -0.0033079789045058     0.0000000000000000        0.0034307441163561     0.0000000000000000
    8    5
    -0.0092339220726147     0.0000000000000000        0.0089749627393799     0.0000000000000000       -0.0225710222224071     0.0000000000000000
     0.0089749627393799     0.0000000000000000        0.0011294722344804     0.0000000000000000        0.0130313857559927     0.0000000000000000
    -0.0183466140598670     0.0000000000000000        0.0105924225661831     0.0000000000000000       -0.0323261678950545     0.0000000000000000
    8    6
    -0.0482081273165382     0.0000000000000000       -0.0016893813142154     0.0000000000000000        0.0019831737787247     0.0000000000000000
     0.0016893813142154     0.0000000000000000        0.0029317139609184     0.0000000000000000        0.0019167208741323     0.0000000000000000
    -0.0019831737787248     0.0000000000000000        0.0019167208741323     0.0000000000000000        0.0053888370128015     0.0000000000000000
    8    7
    -0.0098532463584461     0.0000000000000000        0.0238335821601075     0.0000000000000000       -0.0006683420796000     0.0000000000000000
     0.0204548195316767     0.0000000000000000       -0.0354231669971789     0.0000000000000000       -0.0026758393095611     0.0000000000000000
    -0.0026515158583247     0.0000000000000000        0.0007591184354288     0.0000000000000000        0.0053888370128015     0.0000000000000000
    8    8
     0.1252077026183914     0.0000000000000000       -0.0060737044029026     0.0000000000000000        0.0045854093000507     0.0000000000000000
    -0.0060737044029026     0.0000000000000000        0.1181943928744196     0.0000000000000000       -0.0026473872937291     0.0000000000000000
     0.0045854093000507     0.0000000000000000       -0.0026473872937291     0.0000000000000000        0.1163567755598817     0.0000000000000000
    8    9
    -0.0017766027479011     0.0000000000000000       -0.0136455875728852     0.0000000000000000       -0.0102688806776184     0.0000000000000000
    -0.0030779614733915     0.0000000000000000        0.0078787427957731     0.0000000000000000       -0.0014068653128470     0.0000000000000000
    -0.0063528214394377     0.0000000000000000       -0.0081896788788258     0.0000000000000000        0.0005930487343742     0.0000000000000000
    8   10
    -0.0040281517902160     0.0000000000000000       -0.0007110157022003     0.0000000000000000        0.0007451758817268     0.0000000000000000
    -0.0007110157022003     0.0000000000000000       -0.0048491620043434     0.0000000000000000       -0.0004302274959086     0.0000000000000000
     0.0007451758817268     0.0000000000000000       -0.0004302274959086     0.0000000000000000       -0.0048168425767105     0.0000000000000000
    8   11
     0.0127064155676086     0.0000000000000000        0.0052838130497468     0.0000000000000000       -0.0039160592381807     0.0000000000000000
    -0.0052838130497468     0.0000000000000000       -0.0066042755197386     0.0000000000000000        0.0095965441916728     0.0000000000000000
     0.0039160592381807     0.0000000000000000        0.0095965441916728     0.0000000000000000        0.0005930487343742     0.0000000000000000
    9    1
    -0.0930598719601049     0.0000000000000000       -0.0000000000000001     0.0000000000000000       -0.0000000000000000     0.0000000000000000
    -0.0000000000000001     0.0000000000000000       -0.0313908733205946     0.0000000000000000        0.0212867419320449     0.0000000000000000
    -0.0000000000000000     0.0000000000000000        0.0210323315408641     0.0000000000000000       -0.0856101643068414     0.0000000000000000
    9    2
     0.0068556473179370     0.0000000000000000        0.0000000000000000     0.0000000000000000        0.0000000000000000     0.0000000000000000
     0.0000000000000000     0.0000000000000000       -0.0182477416095938     0.0000000000000000       -0.0098109296717930     0.0000000000000000
     0.0000000000000000     0.0000000000000000       -0.0086328906922487     0.0000000000000000        0.0040559428880339     0.0000000000000000
    9    3
    -0.0146328287074925     0.0000000000000000       -0.0000000000000000     0.0000000000000000       -0.0000000000000000     0.0000000000000000
    -0.0000000000000000     0.0000000000000000       -0.0003826601309266     0.0000000000000000        0.0048028510684711     0.0000000000000000
    -0.0000000000000000     0.0000000000000000        0.0041796261402801     0.0000000000000000       -0.0130540592800165     0.0000000000000000
    9    4
     0.0063111693880278     0.0000000000000000        0.0000000000000000     0.0000000000000000        0.0000000000000000     0.0000000000000000
     0.0000000000000000     0.0000000000000000       -0.0144156192261641     0.0000000000000000       -0.0260627715119853     0.0000000000000000
     0.0000000000000000     0.0000000000000000       -0.0211848451323662     0.0000000000000000       -0.0323261678950545     0.0000000000000000
    9    5
     0.0083575112833231     0.0000000000000000        0.0000000000000000     0.0000000000000000       -0.0000000000000000     0.0000000000000000
    -0.0000000000000000     0.0000000000000000       -0.0055709681171586     0.0000000000000000        0.0184899994907813     0.0000000000000000
    -0.0000000000000000     0.0000000000000000        0.0066159578090116     0.0000000000000000        0.0034307441163561     0.0000000000000000
    9    6
    -0.0017766027479011     0.0000000000000000        0.0030779614733915     0.0000000000000000        0.0063528214394378     0.0000000000000000
     0.0136455875728852     0.0000000000000000        0.0078787427957731     0.0000000000000000       -0.0081896788788258     0.0000000000000000
     0.0102688806776184     0.0000000000000000       -0.0014068653128470     0.0000000000000000        0.0005930487343742     0.0000000000000000
    9    7
    -0.0052596671114061     0.0000000000000000       -0.0000000000000000     0.0000000000000000        0.0000000000000000     0.0000000000000000
    -0.0000000000000000     0.0000000000000000       -0.0036176466831531     0.0000000000000000        0.0008604549918172     0.0000000000000000
    -0.0000000000000000     0.0000000000000000        0.0008604549918172     0.0000000000000000       -0.0048168425767105     0.0000000000000000
    9    8
    -0.0017766027479011     0.0000000000000000       -0.0030779614733915     0.0000000000000000       -0.0063528214394377     0.0000000000000000
    -0.0136455875728852     0.0000000000000000        0.0078787427957731     0.0000000000000000       -0.0081896788788258     0.0000000000000000
    -0.0102688806776184     0.0000000000000000       -0.0014068653128470     0.0000000000000000        0.0005930487343742     0.0000000000000000
    9    9
     0.1146877380024099     0.0000000000000000        0.0000000000000000     0.0000000000000000       -0.0000000000000000     0.0000000000000000
     0.0000000000000000     0.0000000000000000        0.1287143574904025     0.0000000000000000        0.0052947745874580     0.0000000000000000
     0.0000000000000000     0.0000000000000000        0.0052947745874580     0.0000000000000000        0.1163567755598817     0.0000000000000000
    9   10
    -0.0098532463584461     0.0000000000000000        0.0204548195316767     0.0000000000000000       -0.0026515158583247     0.0000000000000000
     0.0238335821601075     0.0000000000000000       -0.0354231669971789     0.0000000000000000        0.0007591184354288     0.0000000000000000
    -0.0006683420796000     0.0000000000000000       -0.0026758393095611     0.0000000000000000        0.0053888370128015     0.0000000000000000
    9   11
    -0.0098532463584460     0.0000000000000000       -0.0204548195316766     0.0000000000000000        0.0026515158583247     0.0000000000000000
    -0.0238335821601074     0.0000000000000000       -0.0354231669971789     0.0000000000000000        0.0007591184354288     0.0000000000000000
     0.0006683420796000     0.0000000000000000       -0.0026758393095611     0.0000000000000000        0.0053888370128015     0.0000000000000000
   10    1
    -0.0468081229804689     0.0000000000000000       -0.0267034597238856     0.0000000000000000        0.0184348592769530     0.0000000000000000
    -0.0267034597238856     0.0000000000000000       -0.0776426223002367     0.0000000000000000       -0.0106433709660223     0.0000000000000000
     0.0182145334152037     0.0000000000000000       -0.0105161657704319     0.0000000000000000       -0.0856101643068415     0.0000000000000000
   10    2
    -0.0119718943777093     0.0000000000000000        0.0108700862661610     0.0000000000000000       -0.0084965143305147     0.0000000000000000
     0.0108700862661610     0.0000000000000000        0.0005798000860550     0.0000000000000000        0.0049054648358965     0.0000000000000000
    -0.0074763026475811     0.0000000000000000        0.0043164453461243     0.0000000000000000        0.0040559428880339     0.0000000000000000
   10    3
    -0.0039452022750681     0.0000000000000000       -0.0061705039977588     0.0000000000000000        0.0041593910358889     0.0000000000000000
    -0.0061705039977588     0.0000000000000000       -0.0110702865633525     0.0000000000000000       -0.0024014255342356     0.0000000000000000
     0.0036196624158038     0.0000000000000000       -0.0020898130701400     0.0000000000000000       -0.0130540592800165     0.0000000000000000
   10    4
    -0.0092339220726147     0.0000000000000000        0.0089749627393799     0.0000000000000000       -0.0225710222224071     0.0000000000000000
     0.0089749627393799     0.0000000000000000        0.0011294722344804     0.0000000000000000        0.0130313857559927     0.0000000000000000
    -0.0183466140598670     0.0000000000000000        0.0105924225661831     0.0000000000000000       -0.0323261678950545     0.0000000000000000
   10    5
    -0.0020888482670376     0.0000000000000000        0.0060312084984527     0.0000000000000000        0.0160128092749769     0.0000000000000000
     0.0060312084984527     0.0000000000000000        0.0048753914332035     0.0000000000000000       -0.0092449997453906     0.0000000000000000
     0.0057295875329697     0.0000000000000000       -0.0033079789045058     0.0000000000000000        0.0034307441163561     0.0000000000000000
   10    6
     0.0127064155676086     0.0000000000000000        0.0052838130497468     0.0000000000000000       -0.0039160592381807     0.0000000000000000
    -0.0052838130497468     0.0000000000000000       -0.0066042755197386     0.0000000000000000        0.0095965441916728     0.0000000000000000
     0.0039160592381807     0.0000000000000000        0.0095965441916728     0.0000000000000000        0.0005930487343742     0.0000000000000000
   10    7
    -0.0017766027479011     0.0000000000000000       -0.0136455875728852     0.0000000000000000       -0.0102688806776184     0.0000000000000000
    -0.0030779614733915     0.0000000000000000        0.0078787427957731     0.0000000000000000       -0.0014068653128470     0.0000000000000000
    -0.0063528214394377     0.0000000000000000       -0.0081896788788258     0.0000000000000000        0.0005930487343742     0.0000000000000000
   10    8
    -0.0040281517902160     0.0000000000000000       -0.0007110157022003     0.0000000000000000        0.0007451758817268     0.0000000000000000
    -0.0007110157022003     0.0000000000000000       -0.0048491620043434     0.0000000000000000       -0.0004302274959086     0.0000000000000000
     0.0007451758817268     0.0000000000000000       -0.0004302274959086     0.0000000000000000       -0.0048168425767105     0.0000000000000000
   10    9
    -0.0098532463584461     0.0000000000000000        0.0238335821601075     0.0000000000000000       -0.0006683420796000     0.0000000000000000
     0.0204548195316767     0.0000000000000000       -0.0354231669971789     0.0000000000000000       -0.0026758393095611     0.0000000000000000
    -0.0026515158583247     0.0000000000000000        0.0007591184354288     0.0000000000000000        0.0053888370128015     0.0000000000000000
   10   10
     0.1252077026183913     0.0000000000000000       -0.0060737044029026     0.0000000000000000        0.0045854093000507     0.0000000000000000
    -0.0060737044029026     0.0000000000000000        0.1181943928744195     0.0000000000000000       -0.0026473872937291     0.0000000000000000
     0.0045854093000507     0.0000000000000000       -0.0026473872937291     0.0000000000000000        0.1163567755598817     0.0000000000000000
   10   11
    -0.0482081273165382     0.0000000000000000       -0.0016893813142154     0.0000000000000000        0.0019831737787247     0.0000000000000000
     0.0016893813142154     0.0000000000000000        0.0029317139609184     0.0000000000000000        0.0019167208741323     0.0000000000000000
    -0.0019831737787248     0.0000000000000000        0.0019167208741323     0.0000000000000000        0.0053888370128015     0.0000000000000000
   11    1
    -0.0468081229804690     0.0000000000000000        0.0267034597238856     0.0000000000000000       -0.0184348592769529     0.0000000000000000
     0.0267034597238856     0.0000000000000000       -0.0776426223002366     0.0000000000000000       -0.0106433709660223     0.0000000000000000
    -0.0182145334152037     0.0000000000000000       -0.0105161657704319     0.0000000000000000       -0.0856101643068415     0.0000000000000000
   11    2
    -0.0119718943777093     0.0000000000000000       -0.0108700862661610     0.0000000000000000        0.0084965143305147     0.0000000000000000
    -0.0108700862661610     0.0000000000000000        0.0005798000860549     0.0000000000000000        0.0049054648358965     0.0000000000000000
     0.0074763026475811     0.0000000000000000        0.0043164453461243     0.0000000000000000        0.0040559428880339     0.0000000000000000
   11    3
    -0.0039452022750681     0.0000000000000000        0.0061705039977589     0.0000000000000000       -0.0041593910358889     0.0000000000000000
     0.0061705039977589     0.0000000000000000       -0.0110702865633525     0.0000000000000000       -0.0024014255342355     0.0000000000000000
    -0.0036196624158038     0.0000000000000000       -0.0020898130701400     0.0000000000000000       -0.0130540592800165     0.0000000000000000
   11    4
    -0.0092339220726147     0.0000000000000000       -0.0089749627393799     0.0000000000000000        0.0225710222224071     0.0000000000000000
    -0.0089749627393799     0.0000000000000000        0.0011294722344804     0.0000000000000000        0.0130313857559927     0.0000000000000000
     0.0183466140598670     0.0000000000000000        0.0105924225661832     0.0000000000000000       -0.0323261678950545     0.0000000000000000
   11    5
    -0.0020888482670376     0.0000000000000000       -0.0060312084984527     0.0000000000000000       -0.0160128092749769     0.0000000000000000
    -0.0060312084984527     0.0000000000000000        0.0048753914332035     0.0000000000000000       -0.0092449997453907     0.0000000000000000
    -0.0057295875329697     0.0000000000000000       -0.0033079789045058     0.0000000000000000        0.0034307441163561     0.0000000000000000
   11    6
    -0.0040281517902160     0.0000000000000000        0.0007110157022003     0.0000000000000000       -0.0007451758817268     0.0000000000000000
     0.0007110157022003     0.0000000000000000       -0.0048491620043434     0.0000000000000000       -0.0004302274959086     0.0000000000000000
    -0.0007451758817268     0.0000000000000000       -0.0004302274959086     0.0000000000000000       -0.0048168425767105     0.0000000000000000
   11    7
    -0.0017766027479011     0.0000000000000000        0.0136455875728852     0.0000000000000000        0.0102688806776184     0.0000000000000000
     0.0030779614733915     0.0000000000000000        0.0078787427957731     0.0000000000000000       -0.0014068653128470     0.0000000000000000
     0.0063528214394378     0.0000000000000000       -0.0081896788788258     0.0000000000000000        0.0005930487343742     0.0000000000000000
   11    8
     0.0127064155676086     0.0000000000000000       -0.0052838130497468     0.0000000000000000        0.0039160592381807     0.0000000000000000
     0.0052838130497468     0.0000000000000000       -0.0066042755197386     0.0000000000000000        0.0095965441916728     0.0000000000000000
    -0.0039160592381807     0.0000000000000000        0.0095965441916728     0.0000000000000000        0.0005930487343742     0.0000000000000000
   11    9
    -0.0098532463584460     0.0000000000000000       -0.0238335821601074     0.0000000000000000        0.0006683420796000     0.0000000000000000
    -0.0204548195316766     0.0000000000000000       -0.0354231669971789     0.0000000000000000       -0.0026758393095611     0.0000000000000000
     0.0026515158583247     0.0000000000000000        0.0007591184354288     0.0000000000000000        0.0053888370128015     0.0000000000000000
   11   10
    -0.0482081273165382     0.0000000000000000        0.0016893813142154     0.0000000000000000       -0.0019831737787248     0.0000000000000000
    -0.0016893813142154     0.0000000000000000        0.0029317139609184     0.0000000000000000        0.0019167208741323     0.0000000000000000
     0.0019831737787247     0.0000000000000000        0.0019167208741323     0.0000000000000000        0.0053888370128015     0.0000000000000000
   11   11
     0.1252077026183913     0.0000000000000000        0.0060737044029027     0.0000000000000000       -0.0045854093000506     0.0000000000000000
     0.0060737044029027     0.0000000000000000        0.1181943928744196     0.0000000000000000       -0.0026473872937291     0.0000000000000000
    -0.0045854093000506     0.0000000000000000       -0.0026473872937291     0.0000000000000000        0.1163567755598817     0.0000000000000000

     Diagonalizing the dynamical matrix

     q = (     0.000000000000     0.000000000000     0.000000000000 )

***************************************************************************
   freq (    1) =    -0.00000028 [THz] =    -0.00000950 [cm-1]
(   0.000000  0.000000  -0.294642  0.000000   0.063993  0.000000 )
(   0.000000  0.000000  -0.294642  0.000000   0.063993  0.000000 )
(   0.000000  0.000000  -0.294642  0.000000   0.063993  0.000000 )
(   0.000000  0.000000  -0.294642  0.000000   0.063993  0.000000 )
(   0.000000  0.000000  -0.294642  0.000000   0.063993  0.000000 )
(   0.000000  0.000000  -0.294642  0.000000   0.063993  0.000000 )
(   0.000000  0.000000  -0.294642  0.000000   0.063993  0.000000 )
(   0.000000  0.000000  -0.294642  0.000000   0.063993  0.000000 )
(   0.000000  0.000000  -0.294642  0.000000   0.063993  0.000000 )
(   0.000000  0.000000  -0.294642  0.000000   0.063993  0.000000 )
(   0.000000  0.000000  -0.294642  0.000000   0.063993  0.000000 )
   freq (    2) =    -0.00000027 [THz] =    -0.00000903 [cm-1]
(   0.301511  0.000000   0.000000  0.000000  -0.000000  0.000000 )
(   0.301511  0.000000   0.000000  0.000000  -0.000000  0.000000 )
(   0.301511  0.000000   0.000000  0.000000  -0.000000  0.000000 )
(   0.301511  0.000000   0.000000  0.000000  -0.000000  0.000000 )
(   0.301511  0.000000   0.000000  0.000000  -0.000000  0.000000 )
(   0.301511  0.000000   0.000000  0.000000  -0.000000  0.000000 )
(   0.301511  0.000000   0.000000  0.000000  -0.000000  0.000000 )
(   0.301511  0.000000   0.000000  0.000000  -0.000000  0.000000 )
(   0.301511  0.000000   0.000000  0.000000  -0.000000  0.000000 )
(   0.301511  0.000000   0.000000  0.000000  -0.000000  0.000000 )
(   0.301511  0.000000   0.000000  0.000000  -0.000000  0.000000 )
   freq (    3) =     0.00000056 [THz] =     0.00001854 [cm-1]
(   0.000000  0.000000  -0.063993  0.000000  -0.294642  0.000000 )
(   0.000000  0.000000  -0.063993  0.000000  -0.294642  0.000000 )
(  -0.000000  0.000000  -0.063993  0.000000  -0.294642  0.000000 )
(   0.000000  0.000000  -0.063993  0.000000  -0.294642  0.000000 )
(  -0.000000  0.000000  -0.063993  0.000000  -0.294642  0.000000 )
(   0.000000  0.000000  -0.063993  0.000000  -0.294642  0.000000 )
(  -0.000000  0.000000  -0.063993  0.000000  -0.294642  0.000000 )
(  -0.000000  0.000000  -0.063993  0.000000  -0.294642  0.000000 )
(   0.000000  0.000000  -0.063993  0.000000  -0.294642  0.000000 )
(  -0.000000  0.000000  -0.063993  0.000000  -0.294642  0.000000 )
(  -0.000000  0.000000  -0.063993  0.000000  -0.294642  0.000000 )
   freq (    4) =    25.04207765 [THz] =   835.31367778 [cm-1]
(  -0.020838  0.000000  -0.000000  0.000000   0.000000  0.000000 )
(   0.496980  0.000000   0.000000  0.000000  -0.000000  0.000000 )
(   0.496980  0.000000   0.000000  0.000000  -0.000000  0.000000 )
(   0.163388  0.000000   0.000000  0.000000  -0.000000  0.000000 )
(   0.163388  0.000000   0.000000  0.000000  -0.000000  0.000000 )
(   0.299530  0.000000   0.071133  0.000000  -0.052209  0.000000 )
(   0.176325  0.000000   0.000000  0.000000   0.000000  0.000000 )
(   0.299530  0.000000  -0.071133  0.000000   0.052209  0.000000 )
(   0.176325  0.000000   0.000000  0.000000   0.000000  0.000000 )
(   0.299530  0.000000  -0.071133  0.000000   0.052209  0.000000 )
(   0.299530  0.000000   0.071133  0.000000  -0.052209  0.000000 )
   freq (    5) =    25.04207765 [THz] =   835.31367778 [cm-1]
(  -0.000000  0.000000   0.020838  0.000000  -0.000000  0.000000 )
(   0.000000  0.000000  -0.496980  0.000000   0.000000  0.000000 )
(   0.000000  0.000000  -0.496980  0.000000   0.000000  0.000000 )
(   0.000000  0.000000  -0.163388  0.000000   0.000000  0.000000 )
(   0.000000  0.000000  -0.163388  0.000000   0.000000  0.000000 )
(  -0.071133  0.000000  -0.217393  0.000000   0.030143  0.000000 )
(   0.000000  0.000000  -0.340599  0.000000  -0.060286  0.000000 )
(   0.071133  0.000000  -0.217393  0.000000   0.030143  0.000000 )
(   0.000000  0.000000  -0.340599  0.000000  -0.060286  0.000000 )
(   0.071133  0.000000  -0.217393  0.000000   0.030143  0.000000 )
(  -0.071133  0.000000  -0.217393  0.000000   0.030143  0.000000 )
   freq (    6) =    25.30884514 [THz] =   844.21208233 [cm-1]
(  -0.000000  0.000000  -0.000000  0.000000  -0.020968  0.000000 )
(   0.000000  0.000000   0.000000  0.000000   0.487933  0.000000 )
(   0.000000  0.000000   0.000000  0.000000   0.487933  0.000000 )
(   0.000000  0.000000   0.000000  0.000000   0.363872  0.000000 )
(   0.000000  0.000000   0.000000  0.000000   0.363872  0.000000 )
(  -0.055034  0.000000  -0.031774  0.000000   0.197639  0.000000 )
(   0.000000  0.000000   0.063548  0.000000   0.197639  0.000000 )
(   0.055034  0.000000  -0.031774  0.000000   0.197639  0.000000 )
(   0.000000  0.000000   0.063548  0.000000   0.197639  0.000000 )
(   0.055034  0.000000  -0.031774  0.000000   0.197639  0.000000 )
(  -0.055034  0.000000  -0.031774  0.000000   0.197639  0.000000 )
   freq (    7) =    25.48412596 [THz] =   850.05882023 [cm-1]
(  -0.000000  0.000000   0.000000  0.000000  -0.000000  0.000000 )
(  -0.417310  0.000000   0.001048  0.000000   0.000000  0.000000 )
(   0.417310  0.000000  -0.001048  0.000000  -0.000000  0.000000 )
(  -0.035913  0.000000   0.000090  0.000000   0.000000  0.000000 )
(   0.035913  0.000000  -0.000090  0.000000  -0.000000  0.000000 )
(   0.346077  0.000000   0.166502  0.000000  -0.112616  0.000000 )
(   0.057437  0.000000  -0.001112  0.000000  -0.000327  0.000000 )
(   0.346915  0.000000  -0.167274  0.000000   0.112943  0.000000 )
(  -0.057437  0.000000   0.001112  0.000000   0.000327  0.000000 )
(  -0.346915  0.000000   0.167274  0.000000  -0.112943  0.000000 )
(  -0.346077  0.000000  -0.166502  0.000000   0.112616  0.000000 )
   freq (    8) =    25.48412596 [THz] =   850.05882023 [cm-1]
(  -0.000000  0.000000  -0.000000  0.000000   0.000000  0.000000 )
(  -0.001048  0.000000  -0.417310  0.000000   0.000000  0.000000 )
(   0.001048  0.000000   0.417310  0.000000  -0.000000  0.000000 )
(  -0.000090  0.000000  -0.035913  0.000000   0.000000  0.000000 )
(   0.000090  0.000000   0.035913  0.000000  -0.000000  0.000000 )
(   0.167758  0.000000   0.154209  0.000000  -0.065396  0.000000 )
(   0.000144  0.000000   0.442849  0.000000   0.130226  0.000000 )
(  -0.166018  0.000000   0.153371  0.000000  -0.064830  0.000000 )
(  -0.000144  0.000000  -0.442849  0.000000  -0.130226  0.000000 )
(   0.166018  0.000000  -0.153371  0.000000   0.064830  0.000000 )
(  -0.167758  0.000000  -0.154209  0.000000   0.065396  0.000000 )
   freq (    9) =    25.50842676 [THz] =   850.86940754 [cm-1]
(  -0.000000  0.000000  -0.000000  0.000000  -0.000000  0.000000 )
(   0.000000  0.000000   0.000000  0.000000   0.399533  0.000000 )
(  -0.000000  0.000000  -0.000000  0.000000  -0.399533  0.000000 )
(   0.000000  0.000000   0.000000  0.000000   0.499464  0.000000 )
(  -0.000000  0.000000  -0.000000  0.000000  -0.499464  0.000000 )
(   0.120334  0.000000   0.069475  0.000000  -0.104861  0.000000 )
(  -0.000000  0.000000  -0.138949  0.000000  -0.104861  0.000000 )
(  -0.120334  0.000000   0.069475  0.000000  -0.104861  0.000000 )
(   0.000000  0.000000   0.138949  0.000000   0.104861  0.000000 )
(   0.120334  0.000000  -0.069475  0.000000   0.104861  0.000000 )
(  -0.120334  0.000000  -0.069475  0.000000   0.104861  0.000000 )
   freq (   10) =    27.94682103 [THz] =   932.20547382 [cm-1]
(  -0.000000  0.000000  -0.000000  0.000000  -0.000000  0.000000 )
(   0.000000  0.000000   0.000000  0.000000   0.485400  0.000000 )
(  -0.000000  0.000000  -0.000000  0.000000  -0.485400  0.000000 )
(  -0.000000  0.000000  -0.000000  0.000000  -0.234299  0.000000 )
(   0.000000  0.000000   0.000000  0.000000   0.234299  0.000000 )
(   0.012659  0.000000   0.007309  0.000000   0.263849  0.000000 )
(   0.000000  0.000000  -0.014617  0.000000   0.263849  0.000000 )
(  -0.012659  0.000000   0.007309  0.000000   0.263849  0.000000 )
(  -0.000000  0.000000   0.014617  0.000000  -0.263849  0.000000 )
(   0.012659  0.000000  -0.007309  0.000000  -0.263849  0.000000 )
(  -0.012659  0.000000  -0.007309  0.000000  -0.263849  0.000000 )
   freq (   11) =    28.05816614 [THz] =   935.91954637 [cm-1]
(  -0.000000  0.000000  -0.000000  0.000000  -0.000000  0.000000 )
(  -0.475128  0.000000   0.001143  0.000000   0.000000  0.000000 )
(   0.475128  0.000000  -0.001143  0.000000  -0.000000  0.000000 )
(   0.281191  0.000000  -0.000676  0.000000  -0.000000  0.000000 )
(  -0.281191  0.000000   0.000676  0.000000   0.000000  0.000000 )
(  -0.248221  0.000000   0.011169  0.000000   0.019453  0.000000 )
(  -0.266456  0.000000   0.000582  0.000000   0.000054  0.000000 )
(  -0.248171  0.000000  -0.009916  0.000000  -0.019507  0.000000 )
(   0.266456  0.000000  -0.000582  0.000000  -0.000054  0.000000 )
(   0.248171  0.000000   0.009916  0.000000   0.019507  0.000000 )
(   0.248221  0.000000  -0.011169  0.000000  -0.019453  0.000000 )
   freq (   12) =    28.05816614 [THz] =   935.91954637 [cm-1]
(  -0.000000  0.000000   0.000000  0.000000  -0.000000  0.000000 )
(   0.001143  0.000000   0.475128  0.000000  -0.000000  0.000000 )
(  -0.001143  0.000000  -0.475128  0.000000   0.000000  0.000000 )
(  -0.000676  0.000000  -0.281191  0.000000   0.000000  0.000000 )
(   0.000676  0.000000   0.281191  0.000000  -0.000000  0.000000 )
(  -0.009945  0.000000   0.260344  0.000000  -0.011293  0.000000 )
(   0.000641  0.000000   0.242109  0.000000   0.022493  0.000000 )
(   0.011139  0.000000   0.260395  0.000000  -0.011200  0.000000 )
(  -0.000641  0.000000  -0.242109  0.000000  -0.022493  0.000000 )
(  -0.011139  0.000000  -0.260395  0.000000   0.011200  0.000000 )
(   0.009945  0.000000  -0.260344  0.000000   0.011293  0.000000 )
   freq (   13) =    32.01748875 [THz] =  1067.98831365 [cm-1]
(  -0.000000  0.000000   0.000000  0.000000  -0.000000  0.000000 )
(  -0.035332  0.000000  -0.000020  0.000000  -0.000000  0.000000 )
(   0.035332  0.000000   0.000020  0.000000  -0.000000  0.000000 )
(  -0.413711  0.000000  -0.000236  0.000000  -0.000000  0.000000 )
(   0.413711  0.000000   0.000236  0.000000   0.000000  0.000000 )
(  -0.148342  0.000000   0.000864  0.000000  -0.361427  0.000000 )
(  -0.149986  0.000000  -0.000084  0.000000   0.000238  0.000000 )
(  -0.148343  0.000000  -0.001035  0.000000   0.361188  0.000000 )
(   0.149986  0.000000   0.000084  0.000000  -0.000238  0.000000 )
(   0.148343  0.000000   0.001035  0.000000  -0.361188  0.000000 )
(   0.148342  0.000000  -0.000864  0.000000   0.361427  0.000000 )
   freq (   14) =    32.01748875 [THz] =  1067.98831365 [cm-1]
(  -0.000000  0.000000  -0.000000  0.000000   0.000000  0.000000 )
(  -0.000020  0.000000   0.035332  0.000000   0.000000  0.000000 )
(   0.000020  0.000000  -0.035332  0.000000   0.000000  0.000000 )
(  -0.000236  0.000000   0.413711  0.000000   0.000000  0.000000 )
(   0.000236  0.000000  -0.413711  0.000000  -0.000000  0.000000 )
(  -0.001034  0.000000   0.149439  0.000000   0.208395  0.000000 )
(  -0.000086  0.000000   0.147794  0.000000  -0.417202  0.000000 )
(   0.000865  0.000000   0.149438  0.000000   0.208807  0.000000 )
(   0.000086  0.000000  -0.147794  0.000000   0.417202  0.000000 )
(  -0.000865  0.000000  -0.149438  0.000000  -0.208807  0.000000 )
(   0.001034  0.000000  -0.149439  0.000000  -0.208395  0.000000 )
   freq (   15) =    32.06252317 [THz] =  1069.49049995 [cm-1]
(  -0.000000  0.000000  -0.000000  0.000000   0.000000  0.000000 )
(  -0.000000  0.000000   0.000000  0.000000   0.000000  0.000000 )
(   0.000000  0.000000  -0.000000  0.000000   0.000000  0.000000 )
(  -0.000000  0.000000   0.000000  0.000000  -0.000000  0.000000 )
(   0.000000  0.000000  -0.000000  0.000000  -0.000000  0.000000 )
(  -0.204124  0.000000   0.353553  0.000000  -0.000000  0.000000 )
(   0.408248  0.000000   0.000000  0.000000  -0.000000  0.000000 )
(  -0.204124  0.000000  -0.353553  0.000000   0.000000  0.000000 )
(  -0.408248  0.000000  -0.000000  0.000000   0.000000  0.000000 )
(   0.204124  0.000000   0.353553  0.000000  -0.000000  0.000000 )
(   0.204124  0.000000  -0.353553  0.000000   0.000000  0.000000 )
   freq (   16) =    32.73317556 [THz] =  1091.86105254 [cm-1]
(  -0.000250  0.000000   0.000000  0.000000  -0.000000  0.000000 )
(  -0.030832  0.000000   0.000000  0.000000  -0.000000  0.000000 )
(  -0.030832  0.000000   0.000000  0.000000  -0.000000  0.000000 )
(  -0.432093  0.000000   0.000000  0.000000   0.000000  0.000000 )
(  -0.432093  0.000000  -0.000000  0.000000   0.000000  0.000000 )
(   0.154509  0.000000  -0.009581  0.000000   0.342884  0.000000 )
(   0.171104  0.000000   0.000000  0.000000  -0.000000  0.000000 )
(   0.154509  0.000000   0.009581  0.000000  -0.342884  0.000000 )
(   0.171104  0.000000  -0.000000  0.000000   0.000000  0.000000 )
(   0.154509  0.000000   0.009581  0.000000  -0.342884  0.000000 )
(   0.154509  0.000000  -0.009581  0.000000   0.342884  0.000000 )
   freq (   17) =    32.73317556 [THz] =  1091.86105254 [cm-1]
(  -0.000000  0.000000  -0.000250  0.000000   0.000000  0.000000 )
(   0.000000  0.000000  -0.030832  0.000000  -0.000000  0.000000 )
(   0.000000  0.000000  -0.030832  0.000000  -0.000000  0.000000 )
(   0.000000  0.000000  -0.432093  0.000000  -0.000000  0.000000 )
(   0.000000  0.000000  -0.432093  0.000000  -0.000000  0.000000 )
(  -0.009581  0.000000   0.165572  0.000000   0.197964  0.000000 )
(   0.000000  0.000000   0.148977  0.000000  -0.395928  0.000000 )
(   0.009581  0.000000   0.165572  0.000000   0.197964  0.000000 )
(   0.000000  0.000000   0.148977  0.000000  -0.395928  0.000000 )
(   0.009581  0.000000   0.165572  0.000000   0.197964  0.000000 )
(  -0.009581  0.000000   0.165572  0.000000   0.197964  0.000000 )
   freq (   18) =    32.73451686 [THz] =  1091.90579345 [cm-1]
(  -0.000000  0.000000   0.000000  0.000000  -0.000000  0.000000 )
(  -0.000000  0.000000  -0.000000  0.000000   0.000000  0.000000 )
(  -0.000000  0.000000  -0.000000  0.000000   0.000000  0.000000 )
(  -0.000000  0.000000  -0.000000  0.000000  -0.000000  0.000000 )
(  -0.000000  0.000000  -0.000000  0.000000  -0.000000  0.000000 )
(   0.204124  0.000000  -0.353553  0.000000   0.000000  0.000000 )
(  -0.408248  0.000000   0.000000  0.000000  -0.000000  0.000000 )
(   0.204124  0.000000   0.353553  0.000000  -0.000000  0.000000 )
(  -0.408248  0.000000   0.000000  0.000000  -0.000000  0.000000 )
(   0.204124  0.000000   0.353553  0.000000  -0.000000  0.000000 )
(   0.204124  0.000000  -0.353553  0.000000   0.000000  0.000000 )
   freq (   19) =    34.04006515 [THz] =  1135.45419083 [cm-1]
(   0.000000  0.000000   0.000000  0.000000  -0.005905  0.000000 )
(   0.000000  0.000000   0.000000  0.000000  -0.517965  0.000000 )
(   0.000000  0.000000   0.000000  0.000000  -0.517965  0.000000 )
(   0.000000  0.000000  -0.000000  0.000000   0.340661  0.000000 )
(   0.000000  0.000000  -0.000000  0.000000   0.340661  0.000000 )
(  -0.021753  0.000000  -0.012559  0.000000   0.194724  0.000000 )
(  -0.000000  0.000000   0.025118  0.000000   0.194724  0.000000 )
(   0.021753  0.000000  -0.012559  0.000000   0.194724  0.000000 )
(  -0.000000  0.000000   0.025118  0.000000   0.194724  0.000000 )
(   0.021753  0.000000  -0.012559  0.000000   0.194724  0.000000 )
(  -0.021753  0.000000  -0.012559  0.000000   0.194724  0.000000 )
   freq (   20) =    34.24322705 [THz] =  1142.23094129 [cm-1]
(  -0.001463  0.000000  -0.000000  0.000000   0.000000  0.000000 )
(  -0.089443  0.000000  -0.000000  0.000000   0.000000  0.000000 )
(  -0.089443  0.000000  -0.000000  0.000000   0.000000  0.000000 )
(   0.376522  0.000000   0.000000  0.000000  -0.000000  0.000000 )
(   0.376522  0.000000   0.000000  0.000000  -0.000000  0.000000 )
(   0.057787  0.000000   0.207647  0.000000   0.288264  0.000000 )
(  -0.301868  0.000000   0.000000  0.000000  -0.000000  0.000000 )
(   0.057787  0.000000  -0.207647  0.000000  -0.288264  0.000000 )
(  -0.301868  0.000000   0.000000  0.000000  -0.000000  0.000000 )
(   0.057787  0.000000  -0.207647  0.000000  -0.288264  0.000000 )
(   0.057787  0.000000   0.207647  0.000000   0.288264  0.000000 )
   freq (   21) =    34.24322705 [THz] =  1142.23094129 [cm-1]
(   0.000000  0.000000  -0.001463  0.000000  -0.000000  0.000000 )
(   0.000000  0.000000  -0.089443  0.000000  -0.000000  0.000000 )
(   0.000000  0.000000  -0.089443  0.000000  -0.000000  0.000000 )
(  -0.000000  0.000000   0.376522  0.000000   0.000000  0.000000 )
(  -0.000000  0.000000   0.376522  0.000000   0.000000  0.000000 )
(   0.207647  0.000000  -0.181983  0.000000   0.166429  0.000000 )
(   0.000000  0.000000   0.177672  0.000000  -0.332859  0.000000 )
(  -0.207647  0.000000  -0.181983  0.000000   0.166429  0.000000 )
(   0.000000  0.000000   0.177672  0.000000  -0.332859  0.000000 )
(  -0.207647  0.000000  -0.181983  0.000000   0.166429  0.000000 )
(   0.207647  0.000000  -0.181983  0.000000   0.166429  0.000000 )
   freq (   22) =    34.78377197 [THz] =  1160.26157657 [cm-1]
(   0.006251  0.000000   0.000000  0.000000   0.000000  0.000000 )
(   0.500990  0.000000   0.000000  0.000000   0.000000  0.000000 )
(   0.500990  0.000000   0.000000  0.000000   0.000000  0.000000 )
(  -0.152980  0.000000  -0.000000  0.000000  -0.000000  0.000000 )
(  -0.152980  0.000000  -0.000000  0.000000  -0.000000  0.000000 )
(  -0.264667  0.000000  -0.008808  0.000000   0.107537  0.000000 )
(  -0.249412  0.000000  -0.000000  0.000000  -0.000000  0.000000 )
(  -0.264667  0.000000   0.008808  0.000000  -0.107537  0.000000 )
(  -0.249412  0.000000  -0.000000  0.000000  -0.000000  0.000000 )
(  -0.264667  0.000000   0.008808  0.000000  -0.107537  0.000000 )
(  -0.264667  0.000000  -0.008808  0.000000   0.107537  0.000000 )
   freq (   23) =    34.78377197 [THz] =  1160.26157657 [cm-1]
(  -0.000000  0.000000   0.006251  0.000000  -0.000000  0.000000 )
(  -0.000000  0.000000   0.500990  0.000000  -0.000000  0.000000 )
(  -0.000000  0.000000   0.500990  0.000000  -0.000000  0.000000 )
(   0.000000  0.000000  -0.152980  0.000000   0.000000  0.000000 )
(   0.000000  0.000000  -0.152980  0.000000   0.000000  0.000000 )
(  -0.008808  0.000000  -0.254497  0.000000   0.062086  0.000000 )
(   0.000000  0.000000  -0.269752  0.000000  -0.124173  0.000000 )
(   0.008808  0.000000  -0.254497  0.000000   0.062086  0.000000 )
(   0.000000  0.000000  -0.269752  0.000000  -0.124173  0.000000 )
(   0.008808  0.000000  -0.254497  0.000000   0.062086  0.000000 )
(  -0.008808  0.000000  -0.254497  0.000000   0.062086  0.000000 )
   freq (   24) =    42.90609620 [THz] =  1431.19311100 [cm-1]
(  -0.000000  0.000000   0.000000  0.000000   0.000000  0.000000 )
(   0.006277  0.000000   0.000036  0.000000   0.000000  0.000000 )
(  -0.006277  0.000000  -0.000036  0.000000  -0.000000  0.000000 )
(  -0.366245  0.000000  -0.002130  0.000000  -0.000000  0.000000 )
(   0.366245  0.000000   0.002130  0.000000   0.000000  0.000000 )
(   0.007068  0.000000   0.204864  0.000000   0.281366  0.000000 )
(  -0.351304  0.000000   0.000726  0.000000  -0.001883  0.000000 )
(   0.004670  0.000000  -0.207565  0.000000  -0.279483  0.000000 )
(   0.351304  0.000000  -0.000726  0.000000   0.001883  0.000000 )
(  -0.004670  0.000000   0.207565  0.000000   0.279483  0.000000 )
(  -0.007068  0.000000  -0.204864  0.000000  -0.281366  0.000000 )
   freq (   25) =    42.90609620 [THz] =  1431.19311100 [cm-1]
(  -0.000000  0.000000  -0.000000  0.000000   0.000000  0.000000 )
(  -0.000036  0.000000   0.006277  0.000000  -0.000000  0.000000 )
(   0.000036  0.000000  -0.006277  0.000000   0.000000  0.000000 )
(   0.002130  0.000000  -0.366245  0.000000   0.000000  0.000000 )
(  -0.002130  0.000000   0.366245  0.000000  -0.000000  0.000000 )
(   0.206180  0.000000  -0.233446  0.000000   0.160273  0.000000 )
(   0.002043  0.000000   0.124927  0.000000  -0.323806  0.000000 )
(  -0.206248  0.000000  -0.231047  0.000000   0.163534  0.000000 )
(  -0.002043  0.000000  -0.124927  0.000000   0.323806  0.000000 )
(   0.206248  0.000000   0.231047  0.000000  -0.163534  0.000000 )
(  -0.206180  0.000000   0.233446  0.000000  -0.160273  0.000000 )
   freq (   26) =    44.78406879 [THz] =  1493.83552494 [cm-1]
(  -0.000000  0.000000  -0.000000  0.000000  -0.000000  0.000000 )
(   0.314350  0.000000   0.000017  0.000000   0.000000  0.000000 )
(  -0.314350  0.000000  -0.000017  0.000000  -0.000000  0.000000 )
(   0.338149  0.000000   0.000018  0.000000  -0.000000  0.000000 )
(  -0.338149  0.000000  -0.000018  0.000000  -0.000000  0.000000 )
(   0.068069  0.000000   0.233464  0.000000  -0.166491  0.000000 )
(  -0.336333  0.000000   0.000011  0.000000   0.000010  0.000000 )
(   0.068044  0.000000  -0.233485  0.000000   0.166481  0.000000 )
(   0.336333  0.000000  -0.000011  0.000000  -0.000010  0.000000 )
(  -0.068044  0.000000   0.233485  0.000000  -0.166481  0.000000 )
(  -0.068069  0.000000  -0.233464  0.000000   0.166491  0.000000 )
   freq (   27) =    44.78406879 [THz] =  1493.83552494 [cm-1]
(  -0.000000  0.000000  -0.000000  0.000000   0.000000  0.000000 )
(  -0.000017  0.000000   0.314350  0.000000  -0.000000  0.000000 )
(   0.000017  0.000000  -0.314350  0.000000   0.000000  0.000000 )
(  -0.000018  0.000000   0.338149  0.000000   0.000000  0.000000 )
(   0.000018  0.000000  -0.338149  0.000000  -0.000000  0.000000 )
(   0.233471  0.000000  -0.201549  0.000000  -0.096112  0.000000 )
(   0.000018  0.000000   0.202853  0.000000   0.192241  0.000000 )
(  -0.233478  0.000000  -0.201524  0.000000  -0.096129  0.000000 )
(  -0.000018  0.000000  -0.202853  0.000000  -0.192241  0.000000 )
(   0.233478  0.000000   0.201524  0.000000   0.096129  0.000000 )
(  -0.233471  0.000000   0.201549  0.000000   0.096112  0.000000 )
   freq (   28) =    44.91875035 [THz] =  1498.32801757 [cm-1]
(   0.000000  0.000000  -0.000000  0.000000   0.006023  0.000000 )
(   0.000000  0.000000   0.000000  0.000000  -0.034804  0.000000 )
(  -0.000000  0.000000   0.000000  0.000000  -0.034804  0.000000 )
(  -0.000000  0.000000   0.000000  0.000000   0.231840  0.000000 )
(  -0.000000  0.000000   0.000000  0.000000   0.231840  0.000000 )
(  -0.282917  0.000000  -0.163342  0.000000  -0.204003  0.000000 )
(  -0.000000  0.000000   0.326685  0.000000  -0.204003  0.000000 )
(   0.282917  0.000000  -0.163342  0.000000  -0.204003  0.000000 )
(  -0.000000  0.000000   0.326685  0.000000  -0.204003  0.000000 )
(   0.282917  0.000000  -0.163342  0.000000  -0.204003  0.000000 )
(  -0.282917  0.000000  -0.163342  0.000000  -0.204003  0.000000 )
   freq (   29) =    44.93749502 [THz] =  1498.95327211 [cm-1]
(   0.000000  0.000000  -0.000000  0.000000  -0.000000  0.000000 )
(   0.000000  0.000000  -0.000000  0.000000  -0.323655  0.000000 )
(  -0.000000  0.000000   0.000000  0.000000   0.323655  0.000000 )
(   0.000000  0.000000  -0.000000  0.000000   0.268085  0.000000 )
(  -0.000000  0.000000   0.000000  0.000000  -0.268085  0.000000 )
(   0.165142  0.000000   0.095345  0.000000   0.267264  0.000000 )
(  -0.000000  0.000000  -0.190690  0.000000   0.267264  0.000000 )
(  -0.165142  0.000000   0.095345  0.000000   0.267264  0.000000 )
(   0.000000  0.000000   0.190690  0.000000  -0.267264  0.000000 )
(   0.165142  0.000000  -0.095345  0.000000  -0.267264  0.000000 )
(  -0.165142  0.000000  -0.095345  0.000000  -0.267264  0.000000 )
   freq (   30) =    45.16285162 [THz] =  1506.47035818 [cm-1]
(   0.006345  0.000000   0.000000  0.000000  -0.000000  0.000000 )
(  -0.038709  0.000000   0.000000  0.000000   0.000000  0.000000 )
(  -0.038709  0.000000  -0.000000  0.000000   0.000000  0.000000 )
(  -0.342005  0.000000  -0.000000  0.000000  -0.000000  0.000000 )
(  -0.342005  0.000000  -0.000000  0.000000  -0.000000  0.000000 )
(   0.141784  0.000000   0.278162  0.000000  -0.188357  0.000000 )
(  -0.340006  0.000000  -0.000000  0.000000   0.000000  0.000000 )
(   0.141784  0.000000  -0.278162  0.000000   0.188357  0.000000 )
(  -0.340006  0.000000  -0.000000  0.000000   0.000000  0.000000 )
(   0.141784  0.000000  -0.278162  0.000000   0.188357  0.000000 )
(   0.141784  0.000000   0.278162  0.000000  -0.188357  0.000000 )
   freq (   31) =    45.16285162 [THz] =  1506.47035818 [cm-1]
(  -0.000000  0.000000   0.006345  0.000000   0.000000  0.000000 )
(   0.000000  0.000000  -0.038709  0.000000  -0.000000  0.000000 )
(  -0.000000  0.000000  -0.038709  0.000000  -0.000000  0.000000 )
(   0.000000  0.000000  -0.342005  0.000000   0.000000  0.000000 )
(   0.000000  0.000000  -0.342005  0.000000   0.000000  0.000000 )
(   0.278162  0.000000  -0.179410  0.000000  -0.108748  0.000000 )
(   0.000000  0.000000   0.302381  0.000000   0.217496  0.000000 )
(  -0.278162  0.000000  -0.179410  0.000000  -0.108748  0.000000 )
(   0.000000  0.000000   0.302381  0.000000   0.217496  0.000000 )
(  -0.278162  0.000000  -0.179410  0.000000  -0.108748  0.000000 )
(   0.278162  0.000000  -0.179410  0.000000  -0.108748  0.000000 )
   freq (   32) =    45.67614622 [THz] =  1523.59202072 [cm-1]
(  -0.000000  0.000000   0.000000  0.000000  -0.002338  0.000000 )
(  -0.000000  0.000000  -0.000000  0.000000  -0.021069  0.000000 )
(   0.000000  0.000000  -0.000000  0.000000  -0.021069  0.000000 )
(   0.000000  0.000000  -0.000000  0.000000  -0.446664  0.000000 )
(   0.000000  0.000000  -0.000000  0.000000  -0.446664  0.000000 )
(  -0.205077  0.000000  -0.118401  0.000000   0.209617  0.000000 )
(   0.000000  0.000000   0.236803  0.000000   0.209617  0.000000 )
(   0.205077  0.000000  -0.118401  0.000000   0.209617  0.000000 )
(   0.000000  0.000000   0.236803  0.000000   0.209617  0.000000 )
(   0.205077  0.000000  -0.118401  0.000000   0.209617  0.000000 )
(  -0.205077  0.000000  -0.118401  0.000000   0.209617  0.000000 )
   freq (   33) =    59.03813237 [THz] =  1969.29983878 [cm-1]
(   0.000000  0.000000  -0.000000  0.000000  -0.000000  0.000000 )
(  -0.000000  0.000000  -0.000000  0.000000  -0.002681  0.000000 )
(  -0.000000  0.000000   0.000000  0.000000   0.002681  0.000000 )
(   0.000000  0.000000  -0.000000  0.000000  -0.351809  0.000000 )
(  -0.000000  0.000000   0.000000  0.000000   0.351809  0.000000 )
(   0.288249  0.000000   0.166421  0.000000  -0.120931  0.000000 )
(  -0.000000  0.000000  -0.332841  0.000000  -0.120931  0.000000 )
(  -0.288249  0.000000   0.166421  0.000000  -0.120931  0.000000 )
(   0.000000  0.000000   0.332841  0.000000   0.120931  0.000000 )
(   0.288249  0.000000  -0.166421  0.000000   0.120931  0.000000 )
(  -0.288249  0.000000  -0.166421  0.000000   0.120931  0.000000 )
***************************************************************************
