Dynamical matrix file
File generated with the CellConstructor by Lorenzo Monacelli
2 11 0     1.8897259890000000     0.0000000000000000     0.0000000000000000     0.0000000000000000     0.0000000000000000     0.0000000000000000
Basis vectors
    1.8038032809158608    -1.0414263098015131     2.9478665615177753
   -0.0000000000000025     2.0828526196030253     2.9478665615177762
   -1.8038032809158646    -1.0414263098015142     2.9478665615177722
	1  'La '  126604.5951757480361266
	2  'H '    918.7358275894680446
    1     1    -0.0000000000000009     0.0000000000000004     4.4217998864772898
    2     2    -0.0000000000000009    -0.0000000000000004     2.2073534698317792
    3     2     0.0000000000000009     0.0000000000000004    -2.2073534698317792
    4     2    -0.0000000000000001     0.0000000000000001     1.0670155636276824
    5     2     0.0000000000000001    -0.0000000000000001    -1.0670155636276824
    6     2     0.9362938023252224     0.5405694782437003     6.2458080969795926
    7     2    -0.0000000000000018    -1.0811389564874041     6.2458080969795891
    8     2    -0.9362938023252236     0.5405694782436997     6.2458080969795899
    9     2    -0.0000000000000009     1.0811389564874045     2.5977916722916059
   10     2     0.9362938023252234    -0.5405694782437023     2.5977916722916072
   11     2    -0.9362938023252242    -0.5405694782437021     2.5977916722916055

     Dynamical Matrix in cartesian axes

     q = (     0.000000000000     0.000000000000     0.000000000000 )

    1    1
     0.5987772239382781     0.0000000000000000        0.0000000000000000     0.0000000000000000       -0.0000000000000004     0.0000000000000000
     0.0000000000000001     0.0000000000000000        0.5987772239387272     0.0000000000000000       -0.0000000000000002     0.0000000000000000
    -0.0000000000000003     0.0000000000000000       -0.0000000000000002     0.0000000000000000        0.6084572855130382     0.0000000000000000
    1    2
    -0.0301034403144999     0.0000000000000000       -0.0000000000000000     0.0000000000000000        0.0000000000000000     0.0000000000000000
     0.0000000000000000     0.0000000000000000       -0.0301034403145225     0.0000000000000000        0.0000000000000000     0.0000000000000000
     0.0000000000000000     0.0000000000000000        0.0000000000000000     0.0000000000000000       -0.0246685777905612     0.0000000000000000
    1    3
    -0.0301034403144999     0.0000000000000000       -0.0000000000000000     0.0000000000000000        0.0000000000000000     0.0000000000000000
    -0.0000000000000000     0.0000000000000000       -0.0301034403145225     0.0000000000000000        0.0000000000000000     0.0000000000000000
     0.0000000000000000     0.0000000000000000        0.0000000000000000     0.0000000000000000       -0.0246685777905612     0.0000000000000000
    1    4
    -0.0891728878785913     0.0000000000000000       -0.0000000000000000     0.0000000000000000       -0.0000000000000000     0.0000000000000000
    -0.0000000000000000     0.0000000000000000       -0.0891728878786581     0.0000000000000000        0.0000000000000000     0.0000000000000000
    -0.0000000000000000     0.0000000000000000       -0.0000000000000000     0.0000000000000000       -0.0324832820058945     0.0000000000000000
    1    5
    -0.0891728878785913     0.0000000000000000       -0.0000000000000000     0.0000000000000000       -0.0000000000000000     0.0000000000000000
    -0.0000000000000000     0.0000000000000000       -0.0891728878786581     0.0000000000000000        0.0000000000000000     0.0000000000000000
    -0.0000000000000000     0.0000000000000000       -0.0000000000000000     0.0000000000000000       -0.0324832820058945     0.0000000000000000
    1    6
    -0.0473173366985025     0.0000000000000000        0.0220318442818180     0.0000000000000000       -0.0167925091468841     0.0000000000000000
     0.0220318442818180     0.0000000000000000       -0.0727575191522505     0.0000000000000000       -0.0096951596763264     0.0000000000000000
    -0.0163177018439345     0.0000000000000000       -0.0094210295521552     0.0000000000000000       -0.0823589276533546     0.0000000000000000
    1    7
    -0.0854776103790427     0.0000000000000000       -0.0000000000000000     0.0000000000000000        0.0000000000000000     0.0000000000000000
    -0.0000000000000000     0.0000000000000000       -0.0345972454716817     0.0000000000000000        0.0193903193526530     0.0000000000000000
     0.0000000000000000     0.0000000000000000        0.0188420591043105     0.0000000000000000       -0.0823589276533545     0.0000000000000000
    1    8
    -0.0473173366985025     0.0000000000000000       -0.0220318442818180     0.0000000000000000        0.0167925091468842     0.0000000000000000
    -0.0220318442818180     0.0000000000000000       -0.0727575191522505     0.0000000000000000       -0.0096951596763264     0.0000000000000000
     0.0163177018439346     0.0000000000000000       -0.0094210295521552     0.0000000000000000       -0.0823589276533545     0.0000000000000000
    1    9
    -0.0854776103790427     0.0000000000000000       -0.0000000000000000     0.0000000000000000        0.0000000000000000     0.0000000000000000
    -0.0000000000000001     0.0000000000000000       -0.0345972454716817     0.0000000000000000        0.0193903193526530     0.0000000000000000
     0.0000000000000000     0.0000000000000000        0.0188420591043105     0.0000000000000000       -0.0823589276533545     0.0000000000000000
    1   10
    -0.0473173366985025     0.0000000000000000       -0.0220318442818179     0.0000000000000000        0.0167925091468842     0.0000000000000000
    -0.0220318442818179     0.0000000000000000       -0.0727575191522506     0.0000000000000000       -0.0096951596763264     0.0000000000000000
     0.0163177018439346     0.0000000000000000       -0.0094210295521552     0.0000000000000000       -0.0823589276533545     0.0000000000000000
    1   11
    -0.0473173366985025     0.0000000000000000        0.0220318442818180     0.0000000000000000       -0.0167925091468841     0.0000000000000000
     0.0220318442818180     0.0000000000000000       -0.0727575191522505     0.0000000000000000       -0.0096951596763264     0.0000000000000000
    -0.0163177018439345     0.0000000000000000       -0.0094210295521552     0.0000000000000000       -0.0823589276533546     0.0000000000000000
    2    1
    -0.0301034403144999     0.0000000000000000        0.0000000000000000     0.0000000000000000        0.0000000000000000     0.0000000000000000
    -0.0000000000000000     0.0000000000000000       -0.0301034403145225     0.0000000000000000        0.0000000000000000     0.0000000000000000
     0.0000000000000000     0.0000000000000000        0.0000000000000000     0.0000000000000000       -0.0246685777905612     0.0000000000000000
    2    2
     0.0760587286533698     0.0000000000000000        0.0000000000000000     0.0000000000000000       -0.0000000000000000     0.0000000000000000
     0.0000000000000000     0.0000000000000000        0.0760587286534268     0.0000000000000000       -0.0000000000000000     0.0000000000000000
    -0.0000000000000000     0.0000000000000000       -0.0000000000000000     0.0000000000000000        0.0739787572222439     0.0000000000000000
    2    3
    -0.0055147951035933     0.0000000000000000       -0.0000000000000000     0.0000000000000000        0.0000000000000000     0.0000000000000000
    -0.0000000000000000     0.0000000000000000       -0.0055147951035974     0.0000000000000000        0.0000000000000000     0.0000000000000000
     0.0000000000000000     0.0000000000000000        0.0000000000000000     0.0000000000000000       -0.0074500185137576     0.0000000000000000
    2    4
     0.0075314518417471     0.0000000000000000        0.0000000000000000     0.0000000000000000        0.0000000000000000     0.0000000000000000
    -0.0000000000000000     0.0000000000000000        0.0075314518417527     0.0000000000000000        0.0000000000000000     0.0000000000000000
     0.0000000000000000     0.0000000000000000        0.0000000000000000     0.0000000000000000       -0.0183706506472435     0.0000000000000000
    2    5
    -0.0132478100760800     0.0000000000000000       -0.0000000000000000     0.0000000000000000       -0.0000000000000000     0.0000000000000000
    -0.0000000000000000     0.0000000000000000       -0.0132478100760899     0.0000000000000000       -0.0000000000000000     0.0000000000000000
    -0.0000000000000000     0.0000000000000000       -0.0000000000000000     0.0000000000000000        0.0030389931146846     0.0000000000000000
    2    6
    -0.0033159675427190     0.0000000000000000        0.0061842730330515     0.0000000000000000       -0.0040877742217283     0.0000000000000000
     0.0061842730330515     0.0000000000000000       -0.0104569509434731     0.0000000000000000       -0.0023600775473022     0.0000000000000000
    -0.0051937103515003     0.0000000000000000       -0.0029985900695328     0.0000000000000000       -0.0123087601929376     0.0000000000000000
    2    7
    -0.0140274426438384     0.0000000000000000       -0.0000000000000000     0.0000000000000000        0.0000000000000000     0.0000000000000000
    -0.0000000000000000     0.0000000000000000        0.0002545241576542     0.0000000000000000        0.0047201550946043     0.0000000000000000
     0.0000000000000000     0.0000000000000000        0.0059971801390656     0.0000000000000000       -0.0123087601929376     0.0000000000000000
    2    8
    -0.0033159675427191     0.0000000000000000       -0.0061842730330515     0.0000000000000000        0.0040877742217284     0.0000000000000000
    -0.0061842730330515     0.0000000000000000       -0.0104569509434731     0.0000000000000000       -0.0023600775473022     0.0000000000000000
     0.0051937103515003     0.0000000000000000       -0.0029985900695328     0.0000000000000000       -0.0123087601929376     0.0000000000000000
    2    9
     0.0064025118552990     0.0000000000000000        0.0000000000000000     0.0000000000000000        0.0000000000000000     0.0000000000000000
     0.0000000000000000     0.0000000000000000       -0.0157790167030890     0.0000000000000000       -0.0083336248048416     0.0000000000000000
     0.0000000000000000     0.0000000000000000       -0.0079813465910084     0.0000000000000000        0.0034659257311489     0.0000000000000000
    2   10
    -0.0102336345634831     0.0000000000000000        0.0096048836131655     0.0000000000000000       -0.0072171307865983     0.0000000000000000
     0.0096048836131655     0.0000000000000000        0.0008571297157056     0.0000000000000000        0.0041668124024208     0.0000000000000000
    -0.0069120489042191     0.0000000000000000        0.0039906732955042     0.0000000000000000        0.0034659257311489     0.0000000000000000
    2   11
    -0.0102336345634831     0.0000000000000000       -0.0096048836131655     0.0000000000000000        0.0072171307865982     0.0000000000000000
    -0.0096048836131655     0.0000000000000000        0.0008571297157056     0.0000000000000000        0.0041668124024208     0.0000000000000000
     0.0069120489042190     0.0000000000000000        0.0039906732955042     0.0000000000000000        0.0034659257311489     0.0000000000000000
    3    1
    -0.0301034403144999     0.0000000000000000       -0.0000000000000000     0.0000000000000000        0.0000000000000000     0.0000000000000000
     0.0000000000000000     0.0000000000000000       -0.0301034403145225     0.0000000000000000        0.0000000000000000     0.0000000000000000
     0.0000000000000000     0.0000000000000000        0.0000000000000000     0.0000000000000000       -0.0246685777905612     0.0000000000000000
    3    2
    -0.0055147951035933     0.0000000000000000       -0.0000000000000000     0.0000000000000000        0.0000000000000000     0.0000000000000000
    -0.0000000000000000     0.0000000000000000       -0.0055147951035974     0.0000000000000000        0.0000000000000000     0.0000000000000000
     0.0000000000000000     0.0000000000000000        0.0000000000000000     0.0000000000000000       -0.0074500185137576     0.0000000000000000
    3    3
     0.0760587286533698     0.0000000000000000        0.0000000000000000     0.0000000000000000       -0.0000000000000000     0.0000000000000000
    -0.0000000000000000     0.0000000000000000        0.0760587286534268     0.0000000000000000       -0.0000000000000000     0.0000000000000000
    -0.0000000000000000     0.0000000000000000       -0.0000000000000000     0.0000000000000000        0.0739787572222439     0.0000000000000000
    3    4
    -0.0132478100760800     0.0000000000000000       -0.0000000000000000     0.0000000000000000       -0.0000000000000000     0.0000000000000000
    -0.0000000000000000     0.0000000000000000       -0.0132478100760899     0.0000000000000000       -0.0000000000000000     0.0000000000000000
    -0.0000000000000000     0.0000000000000000       -0.0000000000000000     0.0000000000000000        0.0030389931146846     0.0000000000000000
    3    5
     0.0075314518417471     0.0000000000000000        0.0000000000000000     0.0000000000000000        0.0000000000000000     0.0000000000000000
     0.0000000000000000     0.0000000000000000        0.0075314518417527     0.0000000000000000        0.0000000000000000     0.0000000000000000
     0.0000000000000000     0.0000000000000000        0.0000000000000000     0.0000000000000000       -0.0183706506472435     0.0000000000000000
    3    6
    -0.0102336345634831     0.0000000000000000       -0.0096048836131655     0.0000000000000000        0.0072171307865982     0.0000000000000000
    -0.0096048836131655     0.0000000000000000        0.0008571297157056     0.0000000000000000        0.0041668124024208     0.0000000000000000
     0.0069120489042190     0.0000000000000000        0.0039906732955042     0.0000000000000000        0.0034659257311489     0.0000000000000000
    3    7
     0.0064025118552990     0.0000000000000000        0.0000000000000000     0.0000000000000000        0.0000000000000000     0.0000000000000000
     0.0000000000000000     0.0000000000000000       -0.0157790167030890     0.0000000000000000       -0.0083336248048416     0.0000000000000000
     0.0000000000000000     0.0000000000000000       -0.0079813465910084     0.0000000000000000        0.0034659257311489     0.0000000000000000
    3    8
    -0.0102336345634831     0.0000000000000000        0.0096048836131655     0.0000000000000000       -0.0072171307865983     0.0000000000000000
     0.0096048836131655     0.0000000000000000        0.0008571297157056     0.0000000000000000        0.0041668124024208     0.0000000000000000
    -0.0069120489042191     0.0000000000000000        0.0039906732955042     0.0000000000000000        0.0034659257311489     0.0000000000000000
    3    9
    -0.0140274426438384     0.0000000000000000       -0.0000000000000000     0.0000000000000000        0.0000000000000000     0.0000000000000000
    -0.0000000000000000     0.0000000000000000        0.0002545241576542     0.0000000000000000        0.0047201550946043     0.0000000000000000
     0.0000000000000000     0.0000000000000000        0.0059971801390656     0.0000000000000000       -0.0123087601929376     0.0000000000000000
    3   10
    -0.0033159675427191     0.0000000000000000       -0.0061842730330515     0.0000000000000000        0.0040877742217284     0.0000000000000000
    -0.0061842730330515     0.0000000000000000       -0.0104569509434731     0.0000000000000000       -0.0023600775473022     0.0000000000000000
     0.0051937103515003     0.0000000000000000       -0.0029985900695328     0.0000000000000000       -0.0123087601929376     0.0000000000000000
    3   11
    -0.0033159675427190     0.0000000000000000        0.0061842730330515     0.0000000000000000       -0.0040877742217283     0.0000000000000000
     0.0061842730330515     0.0000000000000000       -0.0104569509434731     0.0000000000000000       -0.0023600775473022     0.0000000000000000
    -0.0051937103515003     0.0000000000000000       -0.0029985900695328     0.0000000000000000       -0.0123087601929376     0.0000000000000000
    4    1
    -0.0891728878785913     0.0000000000000000       -0.0000000000000000     0.0000000000000000       -0.0000000000000000     0.0000000000000000
    -0.0000000000000000     0.0000000000000000       -0.0891728878786581     0.0000000000000000        0.0000000000000000     0.0000000000000000
    -0.0000000000000000     0.0000000000000000       -0.0000000000000000     0.0000000000000000       -0.0324832820058945     0.0000000000000000
    4    2
     0.0075314518417471     0.0000000000000000        0.0000000000000000     0.0000000000000000        0.0000000000000000     0.0000000000000000
     0.0000000000000000     0.0000000000000000        0.0075314518417527     0.0000000000000000        0.0000000000000000     0.0000000000000000
     0.0000000000000000     0.0000000000000000        0.0000000000000000     0.0000000000000000       -0.0183706506472435     0.0000000000000000
    4    3
    -0.0132478100760800     0.0000000000000000       -0.0000000000000000     0.0000000000000000       -0.0000000000000000     0.0000000000000000
    -0.0000000000000000     0.0000000000000000       -0.0132478100760899     0.0000000000000000       -0.0000000000000000     0.0000000000000000
    -0.0000000000000000     0.0000000000000000       -0.0000000000000000     0.0000000000000000        0.0030389931146846     0.0000000000000000
    4    4
     0.1116386515600216     0.0000000000000000        0.0000000000000000     0.0000000000000000       -0.0000000000000001     0.0000000000000000
     0.0000000000000000     0.0000000000000000        0.1116386515601053     0.0000000000000000       -0.0000000000000001     0.0000000000000000
    -0.0000000000000001     0.0000000000000000       -0.0000000000000000     0.0000000000000000        0.1265331656566225     0.0000000000000000
    4    5
    -0.0066744304374773     0.0000000000000000       -0.0000000000000000     0.0000000000000000       -0.0000000000000000     0.0000000000000000
    -0.0000000000000000     0.0000000000000000       -0.0066744304374824     0.0000000000000000       -0.0000000000000000     0.0000000000000000
    -0.0000000000000000     0.0000000000000000       -0.0000000000000000     0.0000000000000000       -0.0006679828514824     0.0000000000000000
    4    6
    -0.0015488587629064     0.0000000000000000       -0.0043095723493864     0.0000000000000000       -0.0054172695024798     0.0000000000000000
    -0.0043095723493863     0.0000000000000000        0.0034274067491151     0.0000000000000000       -0.0031276620055307     0.0000000000000000
    -0.0133841340879735     0.0000000000000000       -0.0077273334185645     0.0000000000000000        0.0042066138930480     0.0000000000000000
    4    7
     0.0059155395051220     0.0000000000000000       -0.0000000000000000     0.0000000000000000       -0.0000000000000000     0.0000000000000000
    -0.0000000000000000     0.0000000000000000       -0.0040369915189189     0.0000000000000000        0.0062553240110613     0.0000000000000000
    -0.0000000000000000     0.0000000000000000        0.0154546668371289     0.0000000000000000        0.0042066138930480     0.0000000000000000
    4    8
    -0.0015488587629064     0.0000000000000000        0.0043095723493864     0.0000000000000000        0.0054172695024798     0.0000000000000000
     0.0043095723493864     0.0000000000000000        0.0034274067491151     0.0000000000000000       -0.0031276620055306     0.0000000000000000
     0.0133841340879735     0.0000000000000000       -0.0077273334185645     0.0000000000000000        0.0042066138930480     0.0000000000000000
    4    9
     0.0056685849636187     0.0000000000000000        0.0000000000000000     0.0000000000000000        0.0000000000000000     0.0000000000000000
     0.0000000000000000     0.0000000000000000       -0.0142637829562488     0.0000000000000000       -0.0191689837911406     0.0000000000000000
     0.0000000000000000     0.0000000000000000       -0.0238717833660016     0.0000000000000000       -0.0302233616486103     0.0000000000000000
    4   10
    -0.0092806909762739     0.0000000000000000        0.0086309684880903     0.0000000000000000       -0.0166008269278536     0.0000000000000000
     0.0086309684880903     0.0000000000000000        0.0006854929836550     0.0000000000000000        0.0095844918955703     0.0000000000000000
    -0.0206735708285884     0.0000000000000000        0.0119358916830008     0.0000000000000000       -0.0302233616486103     0.0000000000000000
    4   11
    -0.0092806909762740     0.0000000000000000       -0.0086309684880903     0.0000000000000000        0.0166008269278537     0.0000000000000000
    -0.0086309684880903     0.0000000000000000        0.0006854929836550     0.0000000000000000        0.0095844918955703     0.0000000000000000
     0.0206735708285885     0.0000000000000000        0.0119358916830008     0.0000000000000000       -0.0302233616486102     0.0000000000000000
    5    1
    -0.0891728878785913     0.0000000000000000       -0.0000000000000000     0.0000000000000000       -0.0000000000000000     0.0000000000000000
    -0.0000000000000000     0.0000000000000000       -0.0891728878786581     0.0000000000000000        0.0000000000000000     0.0000000000000000
    -0.0000000000000000     0.0000000000000000       -0.0000000000000000     0.0000000000000000       -0.0324832820058945     0.0000000000000000
    5    2
    -0.0132478100760800     0.0000000000000000       -0.0000000000000000     0.0000000000000000       -0.0000000000000000     0.0000000000000000
    -0.0000000000000000     0.0000000000000000       -0.0132478100760899     0.0000000000000000       -0.0000000000000000     0.0000000000000000
    -0.0000000000000000     0.0000000000000000       -0.0000000000000000     0.0000000000000000        0.0030389931146846     0.0000000000000000
    5    3
     0.0075314518417471     0.0000000000000000        0.0000000000000000     0.0000000000000000        0.0000000000000000     0.0000000000000000
     0.0000000000000000     0.0000000000000000        0.0075314518417527     0.0000000000000000        0.0000000000000000     0.0000000000000000
     0.0000000000000000     0.0000000000000000        0.0000000000000000     0.0000000000000000       -0.0183706506472435     0.0000000000000000
    5    4
    -0.0066744304374773     0.0000000000000000       -0.0000000000000000     0.0000000000000000       -0.0000000000000000     0.0000000000000000
    -0.0000000000000000     0.0000000000000000       -0.0066744304374824     0.0000000000000000       -0.0000000000000000     0.0000000000000000
    -0.0000000000000000     0.0000000000000000       -0.0000000000000000     0.0000000000000000       -0.0006679828514824     0.0000000000000000
    5    5
     0.1116386515600216     0.0000000000000000       -0.0000000000000000     0.0000000000000000       -0.0000000000000001     0.0000000000000000
     0.0000000000000000     0.0000000000000000        0.1116386515601053     0.0000000000000000       -0.0000000000000001     0.0000000000000000
    -0.0000000000000001     0.0000000000000000       -0.0000000000000001     0.0000000000000000        0.1265331656566225     0.0000000000000000
    5    6
    -0.0092806909762740     0.0000000000000000       -0.0086309684880903     0.0000000000000000        0.0166008269278537     0.0000000000000000
    -0.0086309684880903     0.0000000000000000        0.0006854929836550     0.0000000000000000        0.0095844918955703     0.0000000000000000
     0.0206735708285885     0.0000000000000000        0.0119358916830008     0.0000000000000000       -0.0302233616486102     0.0000000000000000
    5    7
     0.0056685849636187     0.0000000000000000        0.0000000000000000     0.0000000000000000        0.0000000000000000     0.0000000000000000
     0.0000000000000000     0.0000000000000000       -0.0142637829562488     0.0000000000000000       -0.0191689837911406     0.0000000000000000
     0.0000000000000001     0.0000000000000000       -0.0238717833660016     0.0000000000000000       -0.0302233616486103     0.0000000000000000
    5    8
    -0.0092806909762739     0.0000000000000000        0.0086309684880903     0.0000000000000000       -0.0166008269278536     0.0000000000000000
     0.0086309684880903     0.0000000000000000        0.0006854929836550     0.0000000000000000        0.0095844918955703     0.0000000000000000
    -0.0206735708285884     0.0000000000000000        0.0119358916830008     0.0000000000000000       -0.0302233616486103     0.0000000000000000
    5    9
     0.0059155395051220     0.0000000000000000       -0.0000000000000000     0.0000000000000000       -0.0000000000000000     0.0000000000000000
    -0.0000000000000000     0.0000000000000000       -0.0040369915189189     0.0000000000000000        0.0062553240110613     0.0000000000000000
    -0.0000000000000000     0.0000000000000000        0.0154546668371289     0.0000000000000000        0.0042066138930480     0.0000000000000000
    5   10
    -0.0015488587629064     0.0000000000000000        0.0043095723493864     0.0000000000000000        0.0054172695024798     0.0000000000000000
     0.0043095723493864     0.0000000000000000        0.0034274067491151     0.0000000000000000       -0.0031276620055306     0.0000000000000000
     0.0133841340879735     0.0000000000000000       -0.0077273334185645     0.0000000000000000        0.0042066138930480     0.0000000000000000
    5   11
    -0.0015488587629064     0.0000000000000000       -0.0043095723493864     0.0000000000000000       -0.0054172695024798     0.0000000000000000
    -0.0043095723493864     0.0000000000000000        0.0034274067491151     0.0000000000000000       -0.0031276620055307     0.0000000000000000
    -0.0133841340879735     0.0000000000000000       -0.0077273334185645     0.0000000000000000        0.0042066138930480     0.0000000000000000
    6    1
    -0.0473173366985024     0.0000000000000000        0.0220318442818180     0.0000000000000000       -0.0163177018439345     0.0000000000000000
     0.0220318442818179     0.0000000000000000       -0.0727575191522506     0.0000000000000000       -0.0094210295521552     0.0000000000000000
    -0.0167925091468841     0.0000000000000000       -0.0096951596763264     0.0000000000000000       -0.0823589276533546     0.0000000000000000
    6    2
    -0.0033159675427190     0.0000000000000000        0.0061842730330515     0.0000000000000000       -0.0051937103515003     0.0000000000000000
     0.0061842730330515     0.0000000000000000       -0.0104569509434731     0.0000000000000000       -0.0029985900695328     0.0000000000000000
    -0.0040877742217283     0.0000000000000000       -0.0023600775473022     0.0000000000000000       -0.0123087601929376     0.0000000000000000
    6    3
    -0.0102336345634831     0.0000000000000000       -0.0096048836131655     0.0000000000000000        0.0069120489042190     0.0000000000000000
    -0.0096048836131655     0.0000000000000000        0.0008571297157056     0.0000000000000000        0.0039906732955042     0.0000000000000000
     0.0072171307865982     0.0000000000000000        0.0041668124024208     0.0000000000000000        0.0034659257311489     0.0000000000000000
    6    4
    -0.0015488587629064     0.0000000000000000       -0.0043095723493864     0.0000000000000000       -0.0133841340879735     0.0000000000000000
    -0.0043095723493864     0.0000000000000000        0.0034274067491151     0.0000000000000000       -0.0077273334185645     0.0000000000000000
    -0.0054172695024798     0.0000000000000000       -0.0031276620055307     0.0000000000000000        0.0042066138930480     0.0000000000000000
    6    5
    -0.0092806909762740     0.0000000000000000       -0.0086309684880903     0.0000000000000000        0.0206735708285885     0.0000000000000000
    -0.0086309684880903     0.0000000000000000        0.0006854929836550     0.0000000000000000        0.0119358916830008     0.0000000000000000
     0.0166008269278537     0.0000000000000000        0.0095844918955703     0.0000000000000000       -0.0302233616486102     0.0000000000000000
    6    6
     0.1189231715381218     0.0000000000000000        0.0055425161577129     0.0000000000000000       -0.0036592485596032     0.0000000000000000
     0.0055425161577130     0.0000000000000000        0.1125232251469217     0.0000000000000000       -0.0021126681409195     0.0000000000000000
    -0.0036592485596032     0.0000000000000000       -0.0021126681409195     0.0000000000000000        0.1131508289441124     0.0000000000000000
    6    7
    -0.0088941237935971     0.0000000000000000       -0.0227338250841964     0.0000000000000000        0.0009345298997267     0.0000000000000000
    -0.0187533980789808     0.0000000000000000       -0.0328467832548032     0.0000000000000000       -0.0024431413291662     0.0000000000000000
     0.0025830874059561     0.0000000000000000        0.0004122440308233     0.0000000000000000        0.0045273528921882     0.0000000000000000
    6    8
    -0.0448231129853693     0.0000000000000000        0.0019902135026078     0.0000000000000000       -0.0016485575062294     0.0000000000000000
    -0.0019902135026079     0.0000000000000000        0.0030822059369960     0.0000000000000000        0.0020308972983428     0.0000000000000000
     0.0016485575062294     0.0000000000000000        0.0020308972983428     0.0000000000000000        0.0045273528921882     0.0000000000000000
    6    9
    -0.0015004124447051     0.0000000000000000        0.0128825431489002     0.0000000000000000        0.0089561720934307     0.0000000000000000
     0.0031751551265592     0.0000000000000000        0.0077705039771995     0.0000000000000000       -0.0014080627086737     0.0000000000000000
     0.0056975041225478     0.0000000000000000       -0.0070522411992423     0.0000000000000000       -0.0001558685993177     0.0000000000000000
    6   10
     0.0124059621881431     0.0000000000000000       -0.0048536940111705     0.0000000000000000        0.0032586679708829     0.0000000000000000
     0.0048536940111705     0.0000000000000000       -0.0061358706556591     0.0000000000000000        0.0084603039079160     0.0000000000000000
    -0.0032586679708829     0.0000000000000000        0.0084603039079160     0.0000000000000000       -0.0001558685993177     0.0000000000000000
    6   11
    -0.0044149959587085     0.0000000000000000        0.0015015534219185     0.0000000000000000       -0.0005316373476069     0.0000000000000000
     0.0015015534219185     0.0000000000000000       -0.0061488405034070     0.0000000000000000       -0.0003069409657522     0.0000000000000000
    -0.0005316373476069     0.0000000000000000       -0.0003069409657522     0.0000000000000000       -0.0046752876591479     0.0000000000000000
    7    1
    -0.0854776103790427     0.0000000000000000       -0.0000000000000000     0.0000000000000000        0.0000000000000000     0.0000000000000000
    -0.0000000000000000     0.0000000000000000       -0.0345972454716817     0.0000000000000000        0.0188420591043105     0.0000000000000000
     0.0000000000000000     0.0000000000000000        0.0193903193526530     0.0000000000000000       -0.0823589276533545     0.0000000000000000
    7    2
    -0.0140274426438384     0.0000000000000000       -0.0000000000000000     0.0000000000000000        0.0000000000000000     0.0000000000000000
    -0.0000000000000000     0.0000000000000000        0.0002545241576542     0.0000000000000000        0.0059971801390656     0.0000000000000000
     0.0000000000000000     0.0000000000000000        0.0047201550946043     0.0000000000000000       -0.0123087601929376     0.0000000000000000
    7    3
     0.0064025118552990     0.0000000000000000        0.0000000000000000     0.0000000000000000        0.0000000000000000     0.0000000000000000
     0.0000000000000000     0.0000000000000000       -0.0157790167030890     0.0000000000000000       -0.0079813465910084     0.0000000000000000
     0.0000000000000000     0.0000000000000000       -0.0083336248048416     0.0000000000000000        0.0034659257311489     0.0000000000000000
    7    4
     0.0059155395051220     0.0000000000000000       -0.0000000000000000     0.0000000000000000       -0.0000000000000000     0.0000000000000000
    -0.0000000000000000     0.0000000000000000       -0.0040369915189189     0.0000000000000000        0.0154546668371289     0.0000000000000000
    -0.0000000000000000     0.0000000000000000        0.0062553240110613     0.0000000000000000        0.0042066138930480     0.0000000000000000
    7    5
     0.0056685849636187     0.0000000000000000        0.0000000000000000     0.0000000000000000        0.0000000000000000     0.0000000000000000
     0.0000000000000000     0.0000000000000000       -0.0142637829562488     0.0000000000000000       -0.0238717833660016     0.0000000000000000
     0.0000000000000000     0.0000000000000000       -0.0191689837911406     0.0000000000000000       -0.0302233616486103     0.0000000000000000
    7    6
    -0.0088941237935971     0.0000000000000000       -0.0187533980789808     0.0000000000000000        0.0025830874059561     0.0000000000000000
    -0.0227338250841964     0.0000000000000000       -0.0328467832548032     0.0000000000000000        0.0004122440308233     0.0000000000000000
     0.0009345298997267     0.0000000000000000       -0.0024431413291662     0.0000000000000000        0.0045273528921882     0.0000000000000000
    7    7
     0.1093232519511951     0.0000000000000000        0.0000000000000000     0.0000000000000000       -0.0000000000000001     0.0000000000000000
     0.0000000000000000     0.0000000000000000        0.1221231447338556     0.0000000000000000        0.0042253362818388     0.0000000000000000
    -0.0000000000000001     0.0000000000000000        0.0042253362818388     0.0000000000000000        0.1131508289441124     0.0000000000000000
    7    8
    -0.0088941237935971     0.0000000000000000        0.0187533980789808     0.0000000000000000       -0.0025830874059561     0.0000000000000000
     0.0227338250841964     0.0000000000000000       -0.0328467832548032     0.0000000000000000        0.0004122440308233     0.0000000000000000
    -0.0009345298997267     0.0000000000000000       -0.0024431413291661     0.0000000000000000        0.0045273528921882     0.0000000000000000
    7    9
    -0.0070157627757493     0.0000000000000000       -0.0000000000000000     0.0000000000000000        0.0000000000000000     0.0000000000000000
    -0.0000000000000000     0.0000000000000000       -0.0035480736863642     0.0000000000000000        0.0006138819315044     0.0000000000000000
     0.0000000000000000     0.0000000000000000        0.0006138819315044     0.0000000000000000       -0.0046752876591479     0.0000000000000000
    7   10
    -0.0015004124447051     0.0000000000000000       -0.0031751551265592     0.0000000000000000       -0.0056975041225478     0.0000000000000000
    -0.0128825431489002     0.0000000000000000        0.0077705039771995     0.0000000000000000       -0.0070522411992423     0.0000000000000000
    -0.0089561720934307     0.0000000000000000       -0.0014080627086737     0.0000000000000000       -0.0001558685993177     0.0000000000000000
    7   11
    -0.0015004124447051     0.0000000000000000        0.0031751551265592     0.0000000000000000        0.0056975041225478     0.0000000000000000
     0.0128825431489002     0.0000000000000000        0.0077705039771995     0.0000000000000000       -0.0070522411992423     0.0000000000000000
     0.0089561720934307     0.0000000000000000       -0.0014080627086737     0.0000000000000000       -0.0001558685993177     0.0000000000000000
    8    1
    -0.0473173366985025     0.0000000000000000       -0.0220318442818180     0.0000000000000000        0.0163177018439346     0.0000000000000000
    -0.0220318442818180     0.0000000000000000       -0.0727575191522505     0.0000000000000000       -0.0094210295521552     0.0000000000000000
     0.0167925091468842     0.0000000000000000       -0.0096951596763264     0.0000000000000000       -0.0823589276533545     0.0000000000000000
    8    2
    -0.0033159675427191     0.0000000000000000       -0.0061842730330515     0.0000000000000000        0.0051937103515003     0.0000000000000000
    -0.0061842730330515     0.0000000000000000       -0.0104569509434731     0.0000000000000000       -0.0029985900695328     0.0000000000000000
     0.0040877742217284     0.0000000000000000       -0.0023600775473022     0.0000000000000000       -0.0123087601929376     0.0000000000000000
    8    3
    -0.0102336345634831     0.0000000000000000        0.0096048836131655     0.0000000000000000       -0.0069120489042191     0.0000000000000000
     0.0096048836131655     0.0000000000000000        0.0008571297157056     0.0000000000000000        0.0039906732955042     0.0000000000000000
    -0.0072171307865983     0.0000000000000000        0.0041668124024208     0.0000000000000000        0.0034659257311489     0.0000000000000000
    8    4
    -0.0015488587629064     0.0000000000000000        0.0043095723493864     0.0000000000000000        0.0133841340879735     0.0000000000000000
     0.0043095723493864     0.0000000000000000        0.0034274067491151     0.0000000000000000       -0.0077273334185645     0.0000000000000000
     0.0054172695024798     0.0000000000000000       -0.0031276620055306     0.0000000000000000        0.0042066138930480     0.0000000000000000
    8    5
    -0.0092806909762739     0.0000000000000000        0.0086309684880903     0.0000000000000000       -0.0206735708285884     0.0000000000000000
     0.0086309684880903     0.0000000000000000        0.0006854929836550     0.0000000000000000        0.0119358916830008     0.0000000000000000
    -0.0166008269278536     0.0000000000000000        0.0095844918955703     0.0000000000000000       -0.0302233616486103     0.0000000000000000
    8    6
    -0.0448231129853693     0.0000000000000000       -0.0019902135026079     0.0000000000000000        0.0016485575062293     0.0000000000000000
     0.0019902135026078     0.0000000000000000        0.0030822059369960     0.0000000000000000        0.0020308972983428     0.0000000000000000
    -0.0016485575062294     0.0000000000000000        0.0020308972983428     0.0000000000000000        0.0045273528921882     0.0000000000000000
    8    7
    -0.0088941237935971     0.0000000000000000        0.0227338250841964     0.0000000000000000       -0.0009345298997267     0.0000000000000000
     0.0187533980789808     0.0000000000000000       -0.0328467832548032     0.0000000000000000       -0.0024431413291661     0.0000000000000000
    -0.0025830874059561     0.0000000000000000        0.0004122440308233     0.0000000000000000        0.0045273528921882     0.0000000000000000
    8    8
     0.1189231715381218     0.0000000000000000       -0.0055425161577130     0.0000000000000000        0.0036592485596031     0.0000000000000000
    -0.0055425161577130     0.0000000000000000        0.1125232251469218     0.0000000000000000       -0.0021126681409195     0.0000000000000000
     0.0036592485596031     0.0000000000000000       -0.0021126681409195     0.0000000000000000        0.1131508289441124     0.0000000000000000
    8    9
    -0.0015004124447051     0.0000000000000000       -0.0128825431489002     0.0000000000000000       -0.0089561720934307     0.0000000000000000
    -0.0031751551265592     0.0000000000000000        0.0077705039771995     0.0000000000000000       -0.0014080627086737     0.0000000000000000
    -0.0056975041225478     0.0000000000000000       -0.0070522411992423     0.0000000000000000       -0.0001558685993177     0.0000000000000000
    8   10
    -0.0044149959587085     0.0000000000000000       -0.0015015534219185     0.0000000000000000        0.0005316373476069     0.0000000000000000
    -0.0015015534219185     0.0000000000000000       -0.0061488405034070     0.0000000000000000       -0.0003069409657522     0.0000000000000000
     0.0005316373476069     0.0000000000000000       -0.0003069409657522     0.0000000000000000       -0.0046752876591479     0.0000000000000000
    8   11
     0.0124059621881431     0.0000000000000000        0.0048536940111705     0.0000000000000000       -0.0032586679708829     0.0000000000000000
    -0.0048536940111705     0.0000000000000000       -0.0061358706556591     0.0000000000000000        0.0084603039079160     0.0000000000000000
     0.0032586679708829     0.0000000000000000        0.0084603039079160     0.0000000000000000       -0.0001558685993177     0.0000000000000000
    9    1
    -0.0854776103790427     0.0000000000000000       -0.0000000000000000     0.0000000000000000        0.0000000000000000     0.0000000000000000
    -0.0000000000000001     0.0000000000000000       -0.0345972454716818     0.0000000000000000        0.0188420591043105     0.0000000000000000
     0.0000000000000000     0.0000000000000000        0.0193903193526530     0.0000000000000000       -0.0823589276533545     0.0000000000000000
    9    2
     0.0064025118552990     0.0000000000000000        0.0000000000000000     0.0000000000000000        0.0000000000000000     0.0000000000000000
     0.0000000000000000     0.0000000000000000       -0.0157790167030890     0.0000000000000000       -0.0079813465910084     0.0000000000000000
     0.0000000000000000     0.0000000000000000       -0.0083336248048416     0.0000000000000000        0.0034659257311489     0.0000000000000000
    9    3
    -0.0140274426438384     0.0000000000000000       -0.0000000000000000     0.0000000000000000        0.0000000000000000     0.0000000000000000
    -0.0000000000000000     0.0000000000000000        0.0002545241576542     0.0000000000000000        0.0059971801390656     0.0000000000000000
     0.0000000000000000     0.0000000000000000        0.0047201550946043     0.0000000000000000       -0.0123087601929376     0.0000000000000000
    9    4
     0.0056685849636187     0.0000000000000000        0.0000000000000000     0.0000000000000000        0.0000000000000000     0.0000000000000000
     0.0000000000000000     0.0000000000000000       -0.0142637829562488     0.0000000000000000       -0.0238717833660016     0.0000000000000000
     0.0000000000000000     0.0000000000000000       -0.0191689837911406     0.0000000000000000       -0.0302233616486103     0.0000000000000000
    9    5
     0.0059155395051220     0.0000000000000000       -0.0000000000000000     0.0000000000000000       -0.0000000000000000     0.0000000000000000
    -0.0000000000000000     0.0000000000000000       -0.0040369915189189     0.0000000000000000        0.0154546668371289     0.0000000000000000
    -0.0000000000000000     0.0000000000000000        0.0062553240110613     0.0000000000000000        0.0042066138930480     0.0000000000000000
    9    6
    -0.0015004124447051     0.0000000000000000        0.0031751551265592     0.0000000000000000        0.0056975041225478     0.0000000000000000
     0.0128825431489002     0.0000000000000000        0.0077705039771995     0.0000000000000000       -0.0070522411992423     0.0000000000000000
     0.0089561720934307     0.0000000000000000       -0.0014080627086737     0.0000000000000000       -0.0001558685993177     0.0000000000000000
    9    7
    -0.0070157627757493     0.0000000000000000       -0.0000000000000000     0.0000000000000000        0.0000000000000000     0.0000000000000000
    -0.0000000000000000     0.0000000000000000       -0.0035480736863642     0.0000000000000000        0.0006138819315044     0.0000000000000000
     0.0000000000000000     0.0000000000000000        0.0006138819315044     0.0000000000000000       -0.0046752876591479     0.0000000000000000
    9    8
    -0.0015004124447051     0.0000000000000000       -0.0031751551265592     0.0000000000000000       -0.0056975041225478     0.0000000000000000
    -0.0128825431489002     0.0000000000000000        0.0077705039771995     0.0000000000000000       -0.0070522411992423     0.0000000000000000
    -0.0089561720934307     0.0000000000000000       -0.0014080627086737     0.0000000000000000       -0.0001558685993177     0.0000000000000000
    9    9
     0.1093232519511951     0.0000000000000000       -0.0000000000000000     0.0000000000000000       -0.0000000000000001     0.0000000000000000
     0.0000000000000000     0.0000000000000000        0.1221231447338556     0.0000000000000000        0.0042253362818388     0.0000000000000000
    -0.0000000000000001     0.0000000000000000        0.0042253362818388     0.0000000000000000        0.1131508289441124     0.0000000000000000
    9   10
    -0.0088941237935971     0.0000000000000000        0.0187533980789808     0.0000000000000000       -0.0025830874059561     0.0000000000000000
     0.0227338250841964     0.0000000000000000       -0.0328467832548032     0.0000000000000000        0.0004122440308233     0.0000000000000000
    -0.0009345298997267     0.0000000000000000       -0.0024431413291661     0.0000000000000000        0.0045273528921882     0.0000000000000000
    9   11
    -0.0088941237935971     0.0000000000000000       -0.0187533980789808     0.0000000000000000        0.0025830874059561     0.0000000000000000
    -0.0227338250841964     0.0000000000000000       -0.0328467832548032     0.0000000000000000        0.0004122440308233     0.0000000000000000
     0.0009345298997267     0.0000000000000000       -0.0024431413291662     0.0000000000000000        0.0045273528921882     0.0000000000000000
   10    1
    -0.0473173366985025     0.0000000000000000       -0.0220318442818179     0.0000000000000000        0.0163177018439346     0.0000000000000000
    -0.0220318442818179     0.0000000000000000       -0.0727575191522506     0.0000000000000000       -0.0094210295521552     0.0000000000000000
     0.0167925091468842     0.0000000000000000       -0.0096951596763264     0.0000000000000000       -0.0823589276533545     0.0000000000000000
   10    2
    -0.0102336345634831     0.0000000000000000        0.0096048836131655     0.0000000000000000       -0.0069120489042191     0.0000000000000000
     0.0096048836131655     0.0000000000000000        0.0008571297157056     0.0000000000000000        0.0039906732955042     0.0000000000000000
    -0.0072171307865983     0.0000000000000000        0.0041668124024208     0.0000000000000000        0.0034659257311489     0.0000000000000000
   10    3
    -0.0033159675427191     0.0000000000000000       -0.0061842730330515     0.0000000000000000        0.0051937103515003     0.0000000000000000
    -0.0061842730330515     0.0000000000000000       -0.0104569509434731     0.0000000000000000       -0.0029985900695328     0.0000000000000000
     0.0040877742217284     0.0000000000000000       -0.0023600775473022     0.0000000000000000       -0.0123087601929376     0.0000000000000000
   10    4
    -0.0092806909762739     0.0000000000000000        0.0086309684880903     0.0000000000000000       -0.0206735708285884     0.0000000000000000
     0.0086309684880903     0.0000000000000000        0.0006854929836550     0.0000000000000000        0.0119358916830008     0.0000000000000000
    -0.0166008269278536     0.0000000000000000        0.0095844918955703     0.0000000000000000       -0.0302233616486103     0.0000000000000000
   10    5
    -0.0015488587629064     0.0000000000000000        0.0043095723493864     0.0000000000000000        0.0133841340879735     0.0000000000000000
     0.0043095723493864     0.0000000000000000        0.0034274067491151     0.0000000000000000       -0.0077273334185645     0.0000000000000000
     0.0054172695024798     0.0000000000000000       -0.0031276620055306     0.0000000000000000        0.0042066138930480     0.0000000000000000
   10    6
     0.0124059621881431     0.0000000000000000        0.0048536940111705     0.0000000000000000       -0.0032586679708829     0.0000000000000000
    -0.0048536940111705     0.0000000000000000       -0.0061358706556591     0.0000000000000000        0.0084603039079160     0.0000000000000000
     0.0032586679708829     0.0000000000000000        0.0084603039079160     0.0000000000000000       -0.0001558685993177     0.0000000000000000
   10    7
    -0.0015004124447051     0.0000000000000000       -0.0128825431489002     0.0000000000000000       -0.0089561720934307     0.0000000000000000
    -0.0031751551265592     0.0000000000000000        0.0077705039771995     0.0000000000000000       -0.0014080627086737     0.0000000000000000
    -0.0056975041225478     0.0000000000000000       -0.0070522411992423     0.0000000000000000       -0.0001558685993177     0.0000000000000000
   10    8
    -0.0044149959587085     0.0000000000000000       -0.0015015534219185     0.0000000000000000        0.0005316373476069     0.0000000000000000
    -0.0015015534219185     0.0000000000000000       -0.0061488405034070     0.0000000000000000       -0.0003069409657522     0.0000000000000000
     0.0005316373476069     0.0000000000000000       -0.0003069409657522     0.0000000000000000       -0.0046752876591479     0.0000000000000000
   10    9
    -0.0088941237935971     0.0000000000000000        0.0227338250841964     0.0000000000000000       -0.0009345298997267     0.0000000000000000
     0.0187533980789808     0.0000000000000000       -0.0328467832548032     0.0000000000000000       -0.0024431413291661     0.0000000000000000
    -0.0025830874059561     0.0000000000000000        0.0004122440308233     0.0000000000000000        0.0045273528921882     0.0000000000000000
   10   10
     0.1189231715381218     0.0000000000000000       -0.0055425161577130     0.0000000000000000        0.0036592485596031     0.0000000000000000
    -0.0055425161577130     0.0000000000000000        0.1125232251469216     0.0000000000000000       -0.0021126681409195     0.0000000000000000
     0.0036592485596031     0.0000000000000000       -0.0021126681409195     0.0000000000000000        0.1131508289441124     0.0000000000000000
   10   11
    -0.0448231129853693     0.0000000000000000       -0.0019902135026079     0.0000000000000000        0.0016485575062293     0.0000000000000000
     0.0019902135026078     0.0000000000000000        0.0030822059369960     0.0000000000000000        0.0020308972983428     0.0000000000000000
    -0.0016485575062294     0.0000000000000000        0.0020308972983428     0.0000000000000000        0.0045273528921882     0.0000000000000000
   11    1
    -0.0473173366985025     0.0000000000000000        0.0220318442818180     0.0000000000000000       -0.0163177018439345     0.0000000000000000
     0.0220318442818180     0.0000000000000000       -0.0727575191522505     0.0000000000000000       -0.0094210295521552     0.0000000000000000
    -0.0167925091468841     0.0000000000000000       -0.0096951596763264     0.0000000000000000       -0.0823589276533546     0.0000000000000000
   11    2
    -0.0102336345634831     0.0000000000000000       -0.0096048836131655     0.0000000000000000        0.0069120489042190     0.0000000000000000
    -0.0096048836131655     0.0000000000000000        0.0008571297157056     0.0000000000000000        0.0039906732955042     0.0000000000000000
     0.0072171307865982     0.0000000000000000        0.0041668124024208     0.0000000000000000        0.0034659257311489     0.0000000000000000
   11    3
    -0.0033159675427190     0.0000000000000000        0.0061842730330515     0.0000000000000000       -0.0051937103515003     0.0000000000000000
     0.0061842730330515     0.0000000000000000       -0.0104569509434731     0.0000000000000000       -0.0029985900695328     0.0000000000000000
    -0.0040877742217283     0.0000000000000000       -0.0023600775473022     0.0000000000000000       -0.0123087601929376     0.0000000000000000
   11    4
    -0.0092806909762740     0.0000000000000000       -0.0086309684880903     0.0000000000000000        0.0206735708285885     0.0000000000000000
    -0.0086309684880903     0.0000000000000000        0.0006854929836550     0.0000000000000000        0.0119358916830008     0.0000000000000000
     0.0166008269278537     0.0000000000000000        0.0095844918955703     0.0000000000000000       -0.0302233616486102     0.0000000000000000
   11    5
    -0.0015488587629064     0.0000000000000000       -0.0043095723493864     0.0000000000000000       -0.0133841340879735     0.0000000000000000
    -0.0043095723493864     0.0000000000000000        0.0034274067491151     0.0000000000000000       -0.0077273334185645     0.0000000000000000
    -0.0054172695024798     0.0000000000000000       -0.0031276620055307     0.0000000000000000        0.0042066138930480     0.0000000000000000
   11    6
    -0.0044149959587085     0.0000000000000000        0.0015015534219185     0.0000000000000000       -0.0005316373476069     0.0000000000000000
     0.0015015534219185     0.0000000000000000       -0.0061488405034070     0.0000000000000000       -0.0003069409657522     0.0000000000000000
    -0.0005316373476069     0.0000000000000000       -0.0003069409657522     0.0000000000000000       -0.0046752876591479     0.0000000000000000
   11    7
    -0.0015004124447051     0.0000000000000000        0.0128825431489002     0.0000000000000000        0.0089561720934307     0.0000000000000000
     0.0031751551265592     0.0000000000000000        0.0077705039771995     0.0000000000000000       -0.0014080627086737     0.0000000000000000
     0.0056975041225478     0.0000000000000000       -0.0070522411992423     0.0000000000000000       -0.0001558685993177     0.0000000000000000
   11    8
     0.0124059621881431     0.0000000000000000       -0.0048536940111705     0.0000000000000000        0.0032586679708829     0.0000000000000000
     0.0048536940111705     0.0000000000000000       -0.0061358706556591     0.0000000000000000        0.0084603039079160     0.0000000000000000
    -0.0032586679708829     0.0000000000000000        0.0084603039079160     0.0000000000000000       -0.0001558685993177     0.0000000000000000
   11    9
    -0.0088941237935971     0.0000000000000000       -0.0227338250841964     0.0000000000000000        0.0009345298997267     0.0000000000000000
    -0.0187533980789808     0.0000000000000000       -0.0328467832548032     0.0000000000000000       -0.0024431413291662     0.0000000000000000
     0.0025830874059561     0.0000000000000000        0.0004122440308233     0.0000000000000000        0.0045273528921882     0.0000000000000000
   11   10
    -0.0448231129853693     0.0000000000000000        0.0019902135026078     0.0000000000000000       -0.0016485575062294     0.0000000000000000
    -0.0019902135026079     0.0000000000000000        0.0030822059369960     0.0000000000000000        0.0020308972983428     0.0000000000000000
     0.0016485575062294     0.0000000000000000        0.0020308972983428     0.0000000000000000        0.0045273528921882     0.0000000000000000
   11   11
     0.1189231715381218     0.0000000000000000        0.0055425161577130     0.0000000000000000       -0.0036592485596032     0.0000000000000000
     0.0055425161577130     0.0000000000000000        0.1125232251469218     0.0000000000000000       -0.0021126681409195     0.0000000000000000
    -0.0036592485596032     0.0000000000000000       -0.0021126681409195     0.0000000000000000        0.1131508289441124     0.0000000000000000

     Diagonalizing the dynamical matrix

     q = (     0.000000000000     0.000000000000     0.000000000000 )

***************************************************************************
   freq (    1) =    -0.00000055 [THz] =    -0.00001820 [cm-1]
(   0.000000  0.000000  -0.231054  0.000000   0.193709  0.000000 )
(   0.000000  0.000000  -0.231054  0.000000   0.193709  0.000000 )
(   0.000000  0.000000  -0.231054  0.000000   0.193709  0.000000 )
(   0.000000  0.000000  -0.231054  0.000000   0.193709  0.000000 )
(   0.000000  0.000000  -0.231054  0.000000   0.193709  0.000000 )
(   0.000000  0.000000  -0.231054  0.000000   0.193709  0.000000 )
(   0.000000  0.000000  -0.231054  0.000000   0.193709  0.000000 )
(   0.000000  0.000000  -0.231054  0.000000   0.193709  0.000000 )
(   0.000000  0.000000  -0.231054  0.000000   0.193709  0.000000 )
(   0.000000  0.000000  -0.231054  0.000000   0.193709  0.000000 )
(   0.000000  0.000000  -0.231054  0.000000   0.193709  0.000000 )
   freq (    2) =     0.00000007 [THz] =     0.00000219 [cm-1]
(  -0.301511  0.000000  -0.000000  0.000000   0.000000  0.000000 )
(  -0.301511  0.000000  -0.000000  0.000000   0.000000  0.000000 )
(  -0.301511  0.000000  -0.000000  0.000000   0.000000  0.000000 )
(  -0.301511  0.000000  -0.000000  0.000000   0.000000  0.000000 )
(  -0.301511  0.000000  -0.000000  0.000000   0.000000  0.000000 )
(  -0.301511  0.000000  -0.000000  0.000000   0.000000  0.000000 )
(  -0.301511  0.000000  -0.000000  0.000000   0.000000  0.000000 )
(  -0.301511  0.000000  -0.000000  0.000000   0.000000  0.000000 )
(  -0.301511  0.000000  -0.000000  0.000000   0.000000  0.000000 )
(  -0.301511  0.000000  -0.000000  0.000000   0.000000  0.000000 )
(  -0.301511  0.000000  -0.000000  0.000000   0.000000  0.000000 )
   freq (    3) =     0.00000034 [THz] =     0.00001127 [cm-1]
(  -0.000000  0.000000   0.193709  0.000000   0.231054  0.000000 )
(   0.000000  0.000000   0.193709  0.000000   0.231054  0.000000 )
(   0.000000  0.000000   0.193709  0.000000   0.231054  0.000000 )
(   0.000000  0.000000   0.193709  0.000000   0.231054  0.000000 )
(   0.000000  0.000000   0.193709  0.000000   0.231054  0.000000 )
(  -0.000000  0.000000   0.193709  0.000000   0.231054  0.000000 )
(   0.000000  0.000000   0.193709  0.000000   0.231054  0.000000 )
(   0.000000  0.000000   0.193709  0.000000   0.231054  0.000000 )
(  -0.000000  0.000000   0.193709  0.000000   0.231054  0.000000 )
(   0.000000  0.000000   0.193709  0.000000   0.231054  0.000000 )
(   0.000000  0.000000   0.193709  0.000000   0.231054  0.000000 )
   freq (    4) =    24.37854577 [THz] =   813.18063991 [cm-1]
(   0.000000  0.000000  -0.000000  0.000000   0.019996  0.000000 )
(  -0.000000  0.000000   0.000000  0.000000  -0.559142  0.000000 )
(  -0.000000  0.000000   0.000000  0.000000  -0.559142  0.000000 )
(  -0.000000  0.000000   0.000000  0.000000  -0.300440  0.000000 )
(  -0.000000  0.000000   0.000000  0.000000  -0.300440  0.000000 )
(   0.042985  0.000000   0.024818  0.000000  -0.172729  0.000000 )
(  -0.000000  0.000000  -0.049635  0.000000  -0.172729  0.000000 )
(  -0.042985  0.000000   0.024818  0.000000  -0.172729  0.000000 )
(  -0.000000  0.000000  -0.049635  0.000000  -0.172729  0.000000 )
(  -0.042985  0.000000   0.024818  0.000000  -0.172729  0.000000 )
(   0.042985  0.000000   0.024818  0.000000  -0.172729  0.000000 )
   freq (    5) =    24.61264400 [THz] =   820.98931524 [cm-1]
(   0.020546  0.000000   0.000000  0.000000  -0.000000  0.000000 )
(  -0.522660  0.000000   0.000000  0.000000   0.000000  0.000000 )
(  -0.522660  0.000000  -0.000000  0.000000   0.000000  0.000000 )
(  -0.147705  0.000000  -0.000000  0.000000   0.000000  0.000000 )
(  -0.147705  0.000000   0.000000  0.000000   0.000000  0.000000 )
(  -0.283053  0.000000  -0.059952  0.000000   0.051260  0.000000 )
(  -0.179213  0.000000   0.000000  0.000000   0.000000  0.000000 )
(  -0.283053  0.000000   0.059952  0.000000  -0.051260  0.000000 )
(  -0.179213  0.000000   0.000000  0.000000   0.000000  0.000000 )
(  -0.283053  0.000000   0.059952  0.000000  -0.051260  0.000000 )
(  -0.283053  0.000000  -0.059952  0.000000   0.051260  0.000000 )
   freq (    6) =    24.61264400 [THz] =   820.98931524 [cm-1]
(  -0.000000  0.000000   0.020546  0.000000   0.000000  0.000000 )
(  -0.000000  0.000000  -0.522660  0.000000  -0.000000  0.000000 )
(   0.000000  0.000000  -0.522660  0.000000  -0.000000  0.000000 )
(   0.000000  0.000000  -0.147705  0.000000  -0.000000  0.000000 )
(  -0.000000  0.000000  -0.147705  0.000000  -0.000000  0.000000 )
(  -0.059952  0.000000  -0.213826  0.000000   0.029595  0.000000 )
(  -0.000000  0.000000  -0.317666  0.000000  -0.059190  0.000000 )
(   0.059952  0.000000  -0.213826  0.000000   0.029595  0.000000 )
(   0.000000  0.000000  -0.317666  0.000000  -0.059190  0.000000 )
(   0.059952  0.000000  -0.213826  0.000000   0.029595  0.000000 )
(  -0.059952  0.000000  -0.213826  0.000000   0.029595  0.000000 )
   freq (    7) =    25.28163279 [THz] =   843.30437606 [cm-1]
(  -0.000000  0.000000   0.000000  0.000000   0.000000  0.000000 )
(   0.367419  0.000000  -0.000237  0.000000   0.000000  0.000000 )
(  -0.367419  0.000000   0.000237  0.000000  -0.000000  0.000000 )
(   0.073930  0.000000  -0.000048  0.000000   0.000000  0.000000 )
(  -0.073930  0.000000   0.000048  0.000000  -0.000000  0.000000 )
(  -0.366540  0.000000  -0.168778  0.000000   0.118556  0.000000 )
(  -0.074126  0.000000   0.000300  0.000000   0.000088  0.000000 )
(  -0.366759  0.000000   0.169000  0.000000  -0.118645  0.000000 )
(   0.074126  0.000000  -0.000300  0.000000  -0.000088  0.000000 )
(   0.366759  0.000000  -0.169000  0.000000   0.118645  0.000000 )
(   0.366540  0.000000   0.168778  0.000000  -0.118556  0.000000 )
   freq (    8) =    25.28163279 [THz] =   843.30437606 [cm-1]
(  -0.000000  0.000000  -0.000000  0.000000  -0.000000  0.000000 )
(  -0.000237  0.000000  -0.367419  0.000000   0.000000  0.000000 )
(   0.000237  0.000000   0.367419  0.000000  -0.000000  0.000000 )
(  -0.000048  0.000000  -0.073930  0.000000   0.000000  0.000000 )
(   0.000048  0.000000   0.073930  0.000000  -0.000000  0.000000 )
(   0.169126  0.000000   0.171743  0.000000  -0.068551  0.000000 )
(   0.000048  0.000000   0.464157  0.000000   0.136948  0.000000 )
(  -0.168652  0.000000   0.171525  0.000000  -0.068397  0.000000 )
(  -0.000048  0.000000  -0.464157  0.000000  -0.136948  0.000000 )
(   0.168652  0.000000  -0.171525  0.000000   0.068397  0.000000 )
(  -0.169126  0.000000  -0.171743  0.000000   0.068551  0.000000 )
   freq (    9) =    25.35369885 [THz] =   845.70824078 [cm-1]
(   0.000000  0.000000  -0.000000  0.000000   0.000000  0.000000 )
(  -0.000000  0.000000   0.000000  0.000000   0.401788  0.000000 )
(   0.000000  0.000000  -0.000000  0.000000  -0.401788  0.000000 )
(  -0.000000  0.000000   0.000000  0.000000   0.496525  0.000000 )
(   0.000000  0.000000  -0.000000  0.000000  -0.496525  0.000000 )
(   0.114989  0.000000   0.066389  0.000000  -0.114221  0.000000 )
(   0.000000  0.000000  -0.132778  0.000000  -0.114221  0.000000 )
(  -0.114989  0.000000   0.066389  0.000000  -0.114221  0.000000 )
(  -0.000000  0.000000   0.132778  0.000000   0.114221  0.000000 )
(   0.114989  0.000000  -0.066389  0.000000   0.114221  0.000000 )
(  -0.114989  0.000000  -0.066389  0.000000   0.114221  0.000000 )
   freq (   10) =    27.72902160 [THz] =   924.94046772 [cm-1]
(  -0.000000  0.000000  -0.000000  0.000000   0.000000  0.000000 )
(   0.000000  0.000000  -0.000000  0.000000   0.493039  0.000000 )
(  -0.000000  0.000000   0.000000  0.000000  -0.493039  0.000000 )
(  -0.000000  0.000000   0.000000  0.000000  -0.232467  0.000000 )
(   0.000000  0.000000  -0.000000  0.000000   0.232467  0.000000 )
(   0.013638  0.000000   0.007874  0.000000   0.259569  0.000000 )
(   0.000000  0.000000  -0.015748  0.000000   0.259569  0.000000 )
(  -0.013638  0.000000   0.007874  0.000000   0.259569  0.000000 )
(  -0.000000  0.000000   0.015748  0.000000  -0.259569  0.000000 )
(   0.013638  0.000000  -0.007874  0.000000  -0.259569  0.000000 )
(  -0.013638  0.000000  -0.007874  0.000000  -0.259569  0.000000 )
   freq (   11) =    27.73282446 [THz] =   925.06731754 [cm-1]
(  -0.000000  0.000000   0.000000  0.000000  -0.000000  0.000000 )
(   0.518555  0.000000   0.000136  0.000000  -0.000000  0.000000 )
(  -0.518555  0.000000  -0.000136  0.000000   0.000000  0.000000 )
(  -0.252095  0.000000  -0.000066  0.000000   0.000000  0.000000 )
(   0.252095  0.000000   0.000066  0.000000  -0.000000  0.000000 )
(   0.223100  0.000000  -0.020129  0.000000   0.016963  0.000000 )
(   0.258081  0.000000   0.000055  0.000000  -0.000005  0.000000 )
(   0.223111  0.000000   0.020258  0.000000  -0.016958  0.000000 )
(  -0.258081  0.000000  -0.000055  0.000000   0.000005  0.000000 )
(  -0.223111  0.000000  -0.020258  0.000000   0.016958  0.000000 )
(  -0.223100  0.000000   0.020129  0.000000  -0.016963  0.000000 )
   freq (   12) =    27.73282446 [THz] =   925.06731754 [cm-1]
(  -0.000000  0.000000   0.000000  0.000000   0.000000  0.000000 )
(  -0.000136  0.000000   0.518555  0.000000   0.000000  0.000000 )
(   0.000136  0.000000  -0.518555  0.000000  -0.000000  0.000000 )
(   0.000066  0.000000  -0.252095  0.000000  -0.000000  0.000000 )
(  -0.000066  0.000000   0.252095  0.000000   0.000000  0.000000 )
(  -0.020252  0.000000   0.246428  0.000000   0.009788  0.000000 )
(  -0.000068  0.000000   0.211447  0.000000  -0.019584  0.000000 )
(   0.020135  0.000000   0.246417  0.000000   0.009797  0.000000 )
(   0.000068  0.000000  -0.211447  0.000000   0.019584  0.000000 )
(  -0.020135  0.000000  -0.246417  0.000000  -0.009797  0.000000 )
(   0.020252  0.000000  -0.246428  0.000000  -0.009788  0.000000 )
   freq (   13) =    31.77754282 [THz] =  1059.98458032 [cm-1]
(   0.000000  0.000000  -0.000000  0.000000   0.000000  0.000000 )
(   0.000000  0.000000   0.000000  0.000000   0.000000  0.000000 )
(   0.000000  0.000000   0.000000  0.000000   0.000000  0.000000 )
(  -0.000000  0.000000   0.000000  0.000000  -0.000000  0.000000 )
(  -0.000000  0.000000  -0.000000  0.000000  -0.000000  0.000000 )
(  -0.204124  0.000000   0.353553  0.000000  -0.000000  0.000000 )
(   0.408248  0.000000   0.000000  0.000000  -0.000000  0.000000 )
(  -0.204124  0.000000  -0.353553  0.000000   0.000000  0.000000 )
(   0.408248  0.000000  -0.000000  0.000000   0.000000  0.000000 )
(  -0.204124  0.000000  -0.353553  0.000000   0.000000  0.000000 )
(  -0.204124  0.000000   0.353553  0.000000  -0.000000  0.000000 )
   freq (   14) =    31.78340711 [THz] =  1060.18019178 [cm-1]
(   0.000000  0.000000   0.000000  0.000000   0.000000  0.000000 )
(   0.000000  0.000000   0.000000  0.000000  -0.000000  0.000000 )
(  -0.000000  0.000000   0.000000  0.000000   0.000000  0.000000 )
(   0.000000  0.000000   0.000000  0.000000   0.000000  0.000000 )
(  -0.000000  0.000000  -0.000000  0.000000   0.000000  0.000000 )
(   0.204124  0.000000  -0.353553  0.000000   0.000000  0.000000 )
(  -0.408248  0.000000   0.000000  0.000000  -0.000000  0.000000 )
(   0.204124  0.000000   0.353553  0.000000  -0.000000  0.000000 )
(   0.408248  0.000000  -0.000000  0.000000   0.000000  0.000000 )
(  -0.204124  0.000000  -0.353553  0.000000   0.000000  0.000000 )
(  -0.204124  0.000000   0.353553  0.000000  -0.000000  0.000000 )
   freq (   15) =    31.91601224 [THz] =  1064.60342204 [cm-1]
(   0.000000  0.000000   0.000000  0.000000   0.000000  0.000000 )
(  -0.005823  0.000000   0.000007  0.000000   0.000000  0.000000 )
(   0.005823  0.000000  -0.000007  0.000000   0.000000  0.000000 )
(   0.428933  0.000000  -0.000552  0.000000  -0.000000  0.000000 )
(  -0.428933  0.000000   0.000552  0.000000  -0.000000  0.000000 )
(   0.141495  0.000000   0.001161  0.000000   0.357900  0.000000 )
(   0.139175  0.000000  -0.000183  0.000000   0.000532  0.000000 )
(   0.141499  0.000000  -0.001521  0.000000  -0.358432  0.000000 )
(  -0.139175  0.000000   0.000183  0.000000  -0.000532  0.000000 )
(  -0.141499  0.000000   0.001521  0.000000   0.358432  0.000000 )
(  -0.141495  0.000000  -0.001161  0.000000  -0.357900  0.000000 )
   freq (   16) =    31.91601224 [THz] =  1064.60342204 [cm-1]
(   0.000000  0.000000  -0.000000  0.000000   0.000000  0.000000 )
(  -0.000007  0.000000  -0.005823  0.000000  -0.000000  0.000000 )
(   0.000007  0.000000   0.005823  0.000000   0.000000  0.000000 )
(   0.000552  0.000000   0.428933  0.000000  -0.000000  0.000000 )
(  -0.000552  0.000000  -0.428933  0.000000  -0.000000  0.000000 )
(   0.001523  0.000000   0.139951  0.000000   0.207248  0.000000 )
(   0.000179  0.000000   0.142271  0.000000  -0.413574  0.000000 )
(  -0.001159  0.000000   0.139947  0.000000   0.206327  0.000000 )
(  -0.000179  0.000000  -0.142271  0.000000   0.413574  0.000000 )
(   0.001159  0.000000  -0.139947  0.000000  -0.206327  0.000000 )
(  -0.001523  0.000000  -0.139951  0.000000  -0.207248  0.000000 )
   freq (   17) =    32.64319374 [THz] =  1088.85958266 [cm-1]
(  -0.000917  0.000000   0.000000  0.000000  -0.000000  0.000000 )
(  -0.026880  0.000000   0.000000  0.000000  -0.000000  0.000000 )
(  -0.026880  0.000000   0.000000  0.000000  -0.000000  0.000000 )
(   0.500386  0.000000  -0.000000  0.000000   0.000000  0.000000 )
(   0.500386  0.000000  -0.000000  0.000000   0.000000  0.000000 )
(  -0.113977  0.000000   0.039477  0.000000  -0.305402  0.000000 )
(  -0.182352  0.000000   0.000000  0.000000  -0.000000  0.000000 )
(  -0.113977  0.000000  -0.039477  0.000000   0.305402  0.000000 )
(  -0.182352  0.000000   0.000000  0.000000  -0.000000  0.000000 )
(  -0.113977  0.000000  -0.039477  0.000000   0.305402  0.000000 )
(  -0.113977  0.000000   0.039477  0.000000  -0.305402  0.000000 )
   freq (   18) =    32.64319374 [THz] =  1088.85958266 [cm-1]
(  -0.000000  0.000000  -0.000917  0.000000   0.000000  0.000000 )
(  -0.000000  0.000000  -0.026880  0.000000   0.000000  0.000000 )
(  -0.000000  0.000000  -0.026880  0.000000   0.000000  0.000000 )
(   0.000000  0.000000   0.500386  0.000000  -0.000000  0.000000 )
(   0.000000  0.000000   0.500386  0.000000  -0.000000  0.000000 )
(   0.039477  0.000000  -0.159560  0.000000  -0.176324  0.000000 )
(  -0.000000  0.000000  -0.091185  0.000000   0.352648  0.000000 )
(  -0.039477  0.000000  -0.159560  0.000000  -0.176324  0.000000 )
(  -0.000000  0.000000  -0.091185  0.000000   0.352648  0.000000 )
(  -0.039477  0.000000  -0.159560  0.000000  -0.176324  0.000000 )
(   0.039477  0.000000  -0.159560  0.000000  -0.176324  0.000000 )
   freq (   19) =    33.10204969 [THz] =  1104.16536731 [cm-1]
(  -0.000000  0.000000   0.000000  0.000000  -0.008718  0.000000 )
(  -0.000000  0.000000   0.000000  0.000000  -0.445876  0.000000 )
(  -0.000000  0.000000   0.000000  0.000000  -0.445876  0.000000 )
(   0.000000  0.000000  -0.000000  0.000000   0.368765  0.000000 )
(   0.000000  0.000000  -0.000000  0.000000   0.368765  0.000000 )
(  -0.054884  0.000000  -0.031687  0.000000   0.225920  0.000000 )
(   0.000000  0.000000   0.063374  0.000000   0.225920  0.000000 )
(   0.054884  0.000000  -0.031687  0.000000   0.225920  0.000000 )
(   0.000000  0.000000   0.063374  0.000000   0.225920  0.000000 )
(   0.054884  0.000000  -0.031687  0.000000   0.225920  0.000000 )
(  -0.054884  0.000000  -0.031687  0.000000   0.225920  0.000000 )
   freq (   20) =    33.13174381 [THz] =  1105.15585651 [cm-1]
(  -0.007356  0.000000  -0.000000  0.000000   0.000000  0.000000 )
(  -0.474766  0.000000  -0.000000  0.000000   0.000000  0.000000 )
(  -0.474766  0.000000  -0.000000  0.000000   0.000000  0.000000 )
(   0.213403  0.000000   0.000000  0.000000  -0.000000  0.000000 )
(   0.213403  0.000000   0.000000  0.000000  -0.000000  0.000000 )
(   0.304427  0.000000   0.083775  0.000000   0.046129  0.000000 )
(   0.159326  0.000000   0.000000  0.000000  -0.000000  0.000000 )
(   0.304427  0.000000  -0.083775  0.000000  -0.046129  0.000000 )
(   0.159326  0.000000   0.000000  0.000000  -0.000000  0.000000 )
(   0.304427  0.000000  -0.083775  0.000000  -0.046129  0.000000 )
(   0.304427  0.000000   0.083775  0.000000   0.046129  0.000000 )
   freq (   21) =    33.13174381 [THz] =  1105.15585651 [cm-1]
(   0.000000  0.000000  -0.007356  0.000000  -0.000000  0.000000 )
(   0.000000  0.000000  -0.474766  0.000000  -0.000000  0.000000 )
(   0.000000  0.000000  -0.474766  0.000000  -0.000000  0.000000 )
(  -0.000000  0.000000   0.213403  0.000000   0.000000  0.000000 )
(  -0.000000  0.000000   0.213403  0.000000   0.000000  0.000000 )
(   0.083775  0.000000   0.207693  0.000000   0.026633  0.000000 )
(  -0.000000  0.000000   0.352795  0.000000  -0.053266  0.000000 )
(  -0.083775  0.000000   0.207693  0.000000   0.026633  0.000000 )
(  -0.000000  0.000000   0.352795  0.000000  -0.053266  0.000000 )
(  -0.083775  0.000000   0.207693  0.000000   0.026633  0.000000 )
(   0.083775  0.000000   0.207693  0.000000   0.026633  0.000000 )
   freq (   22) =    33.81714730 [THz] =  1128.01845290 [cm-1]
(   0.000799  0.000000   0.000000  0.000000  -0.000000  0.000000 )
(   0.097964  0.000000   0.000000  0.000000  -0.000000  0.000000 )
(   0.097964  0.000000   0.000000  0.000000  -0.000000  0.000000 )
(   0.244316  0.000000   0.000000  0.000000   0.000000  0.000000 )
(   0.244316  0.000000   0.000000  0.000000   0.000000  0.000000 )
(  -0.019451  0.000000   0.195710  0.000000   0.335320  0.000000 )
(  -0.358430  0.000000   0.000000  0.000000  -0.000000  0.000000 )
(  -0.019451  0.000000  -0.195710  0.000000  -0.335320  0.000000 )
(  -0.358430  0.000000   0.000000  0.000000  -0.000000  0.000000 )
(  -0.019451  0.000000  -0.195710  0.000000  -0.335320  0.000000 )
(  -0.019451  0.000000   0.195710  0.000000   0.335320  0.000000 )
   freq (   23) =    33.81714730 [THz] =  1128.01845290 [cm-1]
(  -0.000000  0.000000   0.000799  0.000000  -0.000000  0.000000 )
(  -0.000000  0.000000   0.097964  0.000000  -0.000000  0.000000 )
(  -0.000000  0.000000   0.097964  0.000000  -0.000000  0.000000 )
(  -0.000000  0.000000   0.244316  0.000000   0.000000  0.000000 )
(  -0.000000  0.000000   0.244316  0.000000   0.000000  0.000000 )
(   0.195710  0.000000  -0.245437  0.000000   0.193597  0.000000 )
(   0.000000  0.000000   0.093542  0.000000  -0.387194  0.000000 )
(  -0.195710  0.000000  -0.245437  0.000000   0.193597  0.000000 )
(   0.000000  0.000000   0.093542  0.000000  -0.387194  0.000000 )
(  -0.195710  0.000000  -0.245437  0.000000   0.193597  0.000000 )
(   0.195710  0.000000  -0.245437  0.000000   0.193597  0.000000 )
   freq (   24) =    41.69481958 [THz] =  1390.78927777 [cm-1]
(  -0.000000  0.000000  -0.000000  0.000000  -0.000000  0.000000 )
(   0.016819  0.000000   0.000024  0.000000  -0.000000  0.000000 )
(  -0.016819  0.000000  -0.000024  0.000000  -0.000000  0.000000 )
(  -0.341333  0.000000  -0.000495  0.000000  -0.000000  0.000000 )
(   0.341333  0.000000   0.000495  0.000000   0.000000  0.000000 )
(   0.001714  0.000000   0.215278  0.000000   0.275687  0.000000 )
(  -0.372093  0.000000   0.000183  0.000000  -0.000461  0.000000 )
(   0.001089  0.000000  -0.215996  0.000000  -0.275226  0.000000 )
(   0.372093  0.000000  -0.000183  0.000000   0.000461  0.000000 )
(  -0.001089  0.000000   0.215996  0.000000   0.275226  0.000000 )
(  -0.001714  0.000000  -0.215278  0.000000  -0.275687  0.000000 )
   freq (   25) =    41.69481958 [THz] =  1390.78927777 [cm-1]
(  -0.000000  0.000000  -0.000000  0.000000   0.000000  0.000000 )
(  -0.000024  0.000000   0.016819  0.000000  -0.000000  0.000000 )
(   0.000024  0.000000  -0.016819  0.000000   0.000000  0.000000 )
(   0.000495  0.000000  -0.341333  0.000000   0.000000  0.000000 )
(  -0.000495  0.000000   0.341333  0.000000  -0.000000  0.000000 )
(   0.215635  0.000000  -0.247908  0.000000   0.158635  0.000000 )
(   0.000539  0.000000   0.125900  0.000000  -0.318069  0.000000 )
(  -0.215639  0.000000  -0.247282  0.000000   0.159434  0.000000 )
(  -0.000539  0.000000  -0.125900  0.000000   0.318069  0.000000 )
(   0.215639  0.000000   0.247282  0.000000  -0.159434  0.000000 )
(  -0.215635  0.000000   0.247908  0.000000  -0.158635  0.000000 )
   freq (   26) =    43.40552118 [THz] =  1447.85213291 [cm-1]
(   0.006071  0.000000  -0.000000  0.000000  -0.000000  0.000000 )
(  -0.030254  0.000000  -0.000000  0.000000  -0.000000  0.000000 )
(  -0.030254  0.000000   0.000000  0.000000   0.000000  0.000000 )
(  -0.343441  0.000000   0.000000  0.000000  -0.000000  0.000000 )
(  -0.343441  0.000000   0.000000  0.000000  -0.000000  0.000000 )
(   0.143400  0.000000   0.274145  0.000000  -0.199786  0.000000 )
(  -0.331432  0.000000  -0.000000  0.000000   0.000000  0.000000 )
(   0.143400  0.000000  -0.274145  0.000000   0.199786  0.000000 )
(  -0.331432  0.000000   0.000000  0.000000   0.000000  0.000000 )
(   0.143400  0.000000  -0.274145  0.000000   0.199786  0.000000 )
(   0.143400  0.000000   0.274145  0.000000  -0.199786  0.000000 )
   freq (   27) =    43.40552118 [THz] =  1447.85213291 [cm-1]
(  -0.000000  0.000000  -0.006071  0.000000   0.000000  0.000000 )
(  -0.000000  0.000000   0.030254  0.000000   0.000000  0.000000 )
(   0.000000  0.000000   0.030254  0.000000   0.000000  0.000000 )
(   0.000000  0.000000   0.343441  0.000000   0.000000  0.000000 )
(   0.000000  0.000000   0.343441  0.000000   0.000000  0.000000 )
(  -0.274145  0.000000   0.173155  0.000000   0.115347  0.000000 )
(   0.000000  0.000000  -0.301677  0.000000  -0.230693  0.000000 )
(   0.274145  0.000000   0.173155  0.000000   0.115347  0.000000 )
(   0.000000  0.000000  -0.301677  0.000000  -0.230693  0.000000 )
(   0.274145  0.000000   0.173155  0.000000   0.115347  0.000000 )
(  -0.274145  0.000000   0.173155  0.000000   0.115347  0.000000 )
   freq (   28) =    43.50866733 [THz] =  1451.29271744 [cm-1]
(  -0.000000  0.000000  -0.000000  0.000000  -0.005808  0.000000 )
(   0.000000  0.000000   0.000000  0.000000  -0.000078  0.000000 )
(  -0.000000  0.000000   0.000000  0.000000  -0.000078  0.000000 )
(   0.000000  0.000000   0.000000  0.000000  -0.221842  0.000000 )
(  -0.000000  0.000000   0.000000  0.000000  -0.221842  0.000000 )
(   0.283620  0.000000   0.163748  0.000000   0.207372  0.000000 )
(  -0.000000  0.000000  -0.327496  0.000000   0.207372  0.000000 )
(  -0.283620  0.000000   0.163748  0.000000   0.207372  0.000000 )
(   0.000000  0.000000  -0.327496  0.000000   0.207372  0.000000 )
(  -0.283620  0.000000   0.163748  0.000000   0.207372  0.000000 )
(   0.283620  0.000000   0.163748  0.000000   0.207372  0.000000 )
   freq (   29) =    44.16773233 [THz] =  1473.27675626 [cm-1]
(  -0.000000  0.000000   0.000000  0.000000   0.000000  0.000000 )
(   0.309495  0.000000   0.000039  0.000000  -0.000000  0.000000 )
(  -0.309495  0.000000  -0.000039  0.000000   0.000000  0.000000 )
(   0.361235  0.000000   0.000045  0.000000   0.000000  0.000000 )
(  -0.361235  0.000000  -0.000045  0.000000  -0.000000  0.000000 )
(   0.064074  0.000000   0.222614  0.000000  -0.177459  0.000000 )
(  -0.321574  0.000000   0.000024  0.000000   0.000026  0.000000 )
(   0.064018  0.000000  -0.222662  0.000000   0.177433  0.000000 )
(   0.321574  0.000000  -0.000024  0.000000  -0.000026  0.000000 )
(  -0.064018  0.000000   0.222662  0.000000  -0.177433  0.000000 )
(  -0.064074  0.000000  -0.222614  0.000000   0.177459  0.000000 )
   freq (   30) =    44.16773233 [THz] =  1473.27675626 [cm-1]
(  -0.000000  0.000000  -0.000000  0.000000  -0.000000  0.000000 )
(  -0.000039  0.000000   0.309495  0.000000  -0.000000  0.000000 )
(   0.000039  0.000000  -0.309495  0.000000   0.000000  0.000000 )
(  -0.000045  0.000000   0.361235  0.000000   0.000000  0.000000 )
(   0.000045  0.000000  -0.361235  0.000000  -0.000000  0.000000 )
(   0.222630  0.000000  -0.193061  0.000000  -0.102426  0.000000 )
(   0.000040  0.000000   0.192586  0.000000   0.204897  0.000000 )
(  -0.222646  0.000000  -0.193006  0.000000  -0.102471  0.000000 )
(  -0.000040  0.000000  -0.192586  0.000000  -0.204897  0.000000 )
(   0.222646  0.000000   0.193006  0.000000   0.102471  0.000000 )
(  -0.222630  0.000000   0.193061  0.000000   0.102426  0.000000 )
   freq (   31) =    44.48342196 [THz] =  1483.80702749 [cm-1]
(  -0.000000  0.000000   0.000000  0.000000   0.000000  0.000000 )
(  -0.000000  0.000000  -0.000000  0.000000  -0.308971  0.000000 )
(   0.000000  0.000000   0.000000  0.000000   0.308971  0.000000 )
(  -0.000000  0.000000  -0.000000  0.000000   0.279165  0.000000 )
(   0.000000  0.000000   0.000000  0.000000  -0.279165  0.000000 )
(   0.167617  0.000000   0.096774  0.000000   0.267222  0.000000 )
(   0.000000  0.000000  -0.193547  0.000000   0.267222  0.000000 )
(  -0.167617  0.000000   0.096774  0.000000   0.267222  0.000000 )
(   0.000000  0.000000   0.193547  0.000000  -0.267222  0.000000 )
(   0.167617  0.000000  -0.096774  0.000000  -0.267222  0.000000 )
(  -0.167617  0.000000  -0.096774  0.000000  -0.267222  0.000000 )
   freq (   32) =    44.82841595 [THz] =  1495.31478661 [cm-1]
(   0.000000  0.000000  -0.000000  0.000000   0.001752  0.000000 )
(   0.000000  0.000000   0.000000  0.000000  -0.007031  0.000000 )
(  -0.000000  0.000000   0.000000  0.000000  -0.007031  0.000000 )
(  -0.000000  0.000000   0.000000  0.000000   0.473466  0.000000 )
(  -0.000000  0.000000   0.000000  0.000000   0.473466  0.000000 )
(   0.200532  0.000000   0.115777  0.000000  -0.195726  0.000000 )
(  -0.000000  0.000000  -0.231555  0.000000  -0.195726  0.000000 )
(  -0.200532  0.000000   0.115777  0.000000  -0.195726  0.000000 )
(  -0.000000  0.000000  -0.231555  0.000000  -0.195726  0.000000 )
(  -0.200532  0.000000   0.115777  0.000000  -0.195726  0.000000 )
(   0.200532  0.000000   0.115777  0.000000  -0.195726  0.000000 )
   freq (   33) =    57.02024167 [THz] =  1901.99026000 [cm-1]
(  -0.000000  0.000000   0.000000  0.000000  -0.000000  0.000000 )
(  -0.000000  0.000000  -0.000000  0.000000  -0.003934  0.000000 )
(   0.000000  0.000000   0.000000  0.000000   0.003934  0.000000 )
(   0.000000  0.000000  -0.000000  0.000000  -0.348554  0.000000 )
(  -0.000000  0.000000   0.000000  0.000000   0.348554  0.000000 )
(   0.288957  0.000000   0.166829  0.000000  -0.121806  0.000000 )
(   0.000000  0.000000  -0.333659  0.000000  -0.121806  0.000000 )
(  -0.288957  0.000000   0.166829  0.000000  -0.121806  0.000000 )
(  -0.000000  0.000000   0.333659  0.000000   0.121806  0.000000 )
(   0.288957  0.000000  -0.166829  0.000000   0.121806  0.000000 )
(  -0.288957  0.000000  -0.166829  0.000000   0.121806  0.000000 )
***************************************************************************
