Dynamical matrix file
File generated with the CellConstructor by Lorenzo Monacelli
2 11 0     1.8897259890000000     0.0000000000000000     0.0000000000000000     0.0000000000000000     0.0000000000000000     0.0000000000000000
Basis vectors
    1.8008265847544265    -1.0397077134717077     2.9431368848994293
   -0.0000000000000025     2.0794154269434109     2.9431368848994319
   -1.8008265847544287    -1.0397077134717090     2.9431368848994275
	1  'La '  126604.5951757480361266
	2  'H '    918.7358275894680446
    1     1     0.0000000000000000    -0.0000000000000008     4.4147053714788527
    2     2    -0.0000000000000003    -0.0000000000000015     2.2106458340277504
    3     2     0.0000000000000003     0.0000000000000015    -2.2106458340277504
    4     2    -0.0000000000000002    -0.0000000000000003     1.0638066889060440
    5     2     0.0000000000000002     0.0000000000000003    -1.0638066889060440
    6     2     0.9345783495699650     0.5395790611347617     6.2404617176351556
    7     2    -0.0000000000000009    -1.0791581222695306     6.2404617176351511
    8     2    -0.9345783495699668     0.5395790611347601     6.2404617176351529
    9     2    -0.0000000000000011     1.0791581222695275     2.5889490216450843
   10     2     0.9345783495699679    -0.5395790611347651     2.5889490216450857
   11     2    -0.9345783495699665    -0.5395790611347654     2.5889490216450839

     Dynamical Matrix in cartesian axes

     q = (     0.000000000000     0.000000000000     0.000000000000 )

    1    1
     0.6489831600367256     0.0000000000000000       -0.0000000000000002     0.0000000000000000       -0.0000000000000002     0.0000000000000000
    -0.0000000000000002     0.0000000000000000        0.6489831600368465     0.0000000000000000        0.0000000000000000     0.0000000000000000
    -0.0000000000000001     0.0000000000000000        0.0000000000000000     0.0000000000000000        0.6460027846965216     0.0000000000000000
    1    2
    -0.0337578375700365     0.0000000000000000       -0.0000000000000000     0.0000000000000000        0.0000000000000000     0.0000000000000000
     0.0000000000000000     0.0000000000000000       -0.0337578375700428     0.0000000000000000       -0.0000000000000000     0.0000000000000000
     0.0000000000000000     0.0000000000000000       -0.0000000000000000     0.0000000000000000       -0.0337453436249904     0.0000000000000000
    1    3
    -0.0337578375700365     0.0000000000000000        0.0000000000000000     0.0000000000000000        0.0000000000000000     0.0000000000000000
     0.0000000000000000     0.0000000000000000       -0.0337578375700428     0.0000000000000000       -0.0000000000000000     0.0000000000000000
     0.0000000000000000     0.0000000000000000        0.0000000000000000     0.0000000000000000       -0.0337453436249904     0.0000000000000000
    1    4
    -0.0954932405833590     0.0000000000000000        0.0000000000000000     0.0000000000000000       -0.0000000000000000     0.0000000000000000
     0.0000000000000000     0.0000000000000000       -0.0954932405833768     0.0000000000000000       -0.0000000000000000     0.0000000000000000
    -0.0000000000000000     0.0000000000000000       -0.0000000000000000     0.0000000000000000       -0.0264826053499310     0.0000000000000000
    1    5
    -0.0954932405833590     0.0000000000000000        0.0000000000000000     0.0000000000000000       -0.0000000000000000     0.0000000000000000
     0.0000000000000000     0.0000000000000000       -0.0954932405833768     0.0000000000000000       -0.0000000000000000     0.0000000000000000
    -0.0000000000000000     0.0000000000000000       -0.0000000000000000     0.0000000000000000       -0.0264826053499310     0.0000000000000000
    1    6
    -0.0497923099090036     0.0000000000000000        0.0264793457198495     0.0000000000000000       -0.0180372779037017     0.0000000000000000
     0.0264793457198495     0.0000000000000000       -0.0803680246676562     0.0000000000000000       -0.0104138272531512     0.0000000000000000
    -0.0172533771686008     0.0000000000000000       -0.0099612419527227     0.0000000000000000       -0.0875911477911132     0.0000000000000000
    1    7
    -0.0956558820469600     0.0000000000000000       -0.0000000000000000     0.0000000000000000        0.0000000000000000     0.0000000000000000
    -0.0000000000000000     0.0000000000000000       -0.0345044525296912     0.0000000000000000        0.0208276545063025     0.0000000000000000
     0.0000000000000000     0.0000000000000000        0.0199224839054455     0.0000000000000000       -0.0875911477911132     0.0000000000000000
    1    8
    -0.0497923099090036     0.0000000000000000       -0.0264793457198494     0.0000000000000000        0.0180372779037018     0.0000000000000000
    -0.0264793457198494     0.0000000000000000       -0.0803680246676562     0.0000000000000000       -0.0104138272531513     0.0000000000000000
     0.0172533771686008     0.0000000000000000       -0.0099612419527227     0.0000000000000000       -0.0875911477911132     0.0000000000000000
    1    9
    -0.0956558820469600     0.0000000000000000       -0.0000000000000000     0.0000000000000000        0.0000000000000000     0.0000000000000000
    -0.0000000000000000     0.0000000000000000       -0.0345044525296912     0.0000000000000000        0.0208276545063025     0.0000000000000000
     0.0000000000000000     0.0000000000000000        0.0199224839054455     0.0000000000000000       -0.0875911477911132     0.0000000000000000
    1   10
    -0.0497923099090036     0.0000000000000000       -0.0264793457198494     0.0000000000000000        0.0180372779037018     0.0000000000000000
    -0.0264793457198494     0.0000000000000000       -0.0803680246676562     0.0000000000000000       -0.0104138272531513     0.0000000000000000
     0.0172533771686008     0.0000000000000000       -0.0099612419527227     0.0000000000000000       -0.0875911477911132     0.0000000000000000
    1   11
    -0.0497923099090036     0.0000000000000000        0.0264793457198495     0.0000000000000000       -0.0180372779037017     0.0000000000000000
     0.0264793457198495     0.0000000000000000       -0.0803680246676562     0.0000000000000000       -0.0104138272531512     0.0000000000000000
    -0.0172533771686008     0.0000000000000000       -0.0099612419527227     0.0000000000000000       -0.0875911477911132     0.0000000000000000
    2    1
    -0.0337578375700365     0.0000000000000000        0.0000000000000000     0.0000000000000000        0.0000000000000000     0.0000000000000000
     0.0000000000000000     0.0000000000000000       -0.0337578375700428     0.0000000000000000       -0.0000000000000000     0.0000000000000000
     0.0000000000000000     0.0000000000000000        0.0000000000000000     0.0000000000000000       -0.0337453436249904     0.0000000000000000
    2    2
     0.0868863570206971     0.0000000000000000       -0.0000000000000000     0.0000000000000000       -0.0000000000000000     0.0000000000000000
    -0.0000000000000000     0.0000000000000000        0.0868863570207132     0.0000000000000000       -0.0000000000000000     0.0000000000000000
     0.0000000000000000     0.0000000000000000       -0.0000000000000000     0.0000000000000000        0.0860082650899996     0.0000000000000000
    2    3
    -0.0035448039747843     0.0000000000000000        0.0000000000000000     0.0000000000000000       -0.0000000000000000     0.0000000000000000
     0.0000000000000000     0.0000000000000000       -0.0035448039747850     0.0000000000000000        0.0000000000000000     0.0000000000000000
     0.0000000000000000     0.0000000000000000        0.0000000000000000     0.0000000000000000       -0.0038471424940543     0.0000000000000000
    2    4
     0.0071999297794959     0.0000000000000000        0.0000000000000000     0.0000000000000000        0.0000000000000000     0.0000000000000000
     0.0000000000000000     0.0000000000000000        0.0071999297794972     0.0000000000000000        0.0000000000000000     0.0000000000000000
     0.0000000000000000     0.0000000000000000        0.0000000000000000     0.0000000000000000       -0.0228868723188407     0.0000000000000000
    2    5
    -0.0138178999506928     0.0000000000000000        0.0000000000000000     0.0000000000000000       -0.0000000000000000     0.0000000000000000
     0.0000000000000000     0.0000000000000000       -0.0138178999506954     0.0000000000000000       -0.0000000000000000     0.0000000000000000
    -0.0000000000000000     0.0000000000000000       -0.0000000000000000     0.0000000000000000        0.0008740246685758     0.0000000000000000
    2    6
    -0.0041569162822148     0.0000000000000000        0.0058842858243805     0.0000000000000000       -0.0036633933593629     0.0000000000000000
     0.0058842858243805     0.0000000000000000       -0.0109515042916057     0.0000000000000000       -0.0021150611421758     0.0000000000000000
    -0.0047605860211758     0.0000000000000000       -0.0027485256208265     0.0000000000000000       -0.0123296326752479     0.0000000000000000
    2    7
    -0.0143487982962981     0.0000000000000000       -0.0000000000000000     0.0000000000000000       -0.0000000000000000     0.0000000000000000
    -0.0000000000000000     0.0000000000000000       -0.0007596222775205     0.0000000000000000        0.0042301222843517     0.0000000000000000
    -0.0000000000000000     0.0000000000000000        0.0054970512416530     0.0000000000000000       -0.0123296326752479     0.0000000000000000
    2    8
    -0.0041569162822148     0.0000000000000000       -0.0058842858243805     0.0000000000000000        0.0036633933593629     0.0000000000000000
    -0.0058842858243805     0.0000000000000000       -0.0109515042916057     0.0000000000000000       -0.0021150611421758     0.0000000000000000
     0.0047605860211758     0.0000000000000000       -0.0027485256208265     0.0000000000000000       -0.0123296326752479     0.0000000000000000
    2    9
     0.0067199368300921     0.0000000000000000        0.0000000000000000     0.0000000000000000        0.0000000000000000     0.0000000000000000
     0.0000000000000000     0.0000000000000000       -0.0202553464593970     0.0000000000000000       -0.0092046837293522     0.0000000000000000
     0.0000000000000000     0.0000000000000000       -0.0099046401879069     0.0000000000000000        0.0035286555683513     0.0000000000000000
    2   10
    -0.0135115256370219     0.0000000000000000        0.0116806403014892     0.0000000000000000       -0.0079714899434195     0.0000000000000000
     0.0116806403014892     0.0000000000000000       -0.0000238839922792     0.0000000000000000        0.0046023418646761     0.0000000000000000
    -0.0085776700180708     0.0000000000000000        0.0049523200939534     0.0000000000000000        0.0035286555683513     0.0000000000000000
    2   11
    -0.0135115256370219     0.0000000000000000       -0.0116806403014892     0.0000000000000000        0.0079714899434195     0.0000000000000000
    -0.0116806403014892     0.0000000000000000       -0.0000238839922792     0.0000000000000000        0.0046023418646761     0.0000000000000000
     0.0085776700180708     0.0000000000000000        0.0049523200939534     0.0000000000000000        0.0035286555683513     0.0000000000000000
    3    1
    -0.0337578375700365     0.0000000000000000        0.0000000000000000     0.0000000000000000        0.0000000000000000     0.0000000000000000
     0.0000000000000000     0.0000000000000000       -0.0337578375700428     0.0000000000000000       -0.0000000000000000     0.0000000000000000
     0.0000000000000000     0.0000000000000000        0.0000000000000000     0.0000000000000000       -0.0337453436249904     0.0000000000000000
    3    2
    -0.0035448039747843     0.0000000000000000        0.0000000000000000     0.0000000000000000       -0.0000000000000000     0.0000000000000000
     0.0000000000000000     0.0000000000000000       -0.0035448039747850     0.0000000000000000        0.0000000000000000     0.0000000000000000
     0.0000000000000000     0.0000000000000000        0.0000000000000000     0.0000000000000000       -0.0038471424940543     0.0000000000000000
    3    3
     0.0868863570206971     0.0000000000000000       -0.0000000000000000     0.0000000000000000       -0.0000000000000000     0.0000000000000000
    -0.0000000000000000     0.0000000000000000        0.0868863570207133     0.0000000000000000        0.0000000000000000     0.0000000000000000
    -0.0000000000000000     0.0000000000000000        0.0000000000000000     0.0000000000000000        0.0860082650899996     0.0000000000000000
    3    4
    -0.0138178999506928     0.0000000000000000        0.0000000000000000     0.0000000000000000       -0.0000000000000000     0.0000000000000000
     0.0000000000000000     0.0000000000000000       -0.0138178999506954     0.0000000000000000       -0.0000000000000000     0.0000000000000000
    -0.0000000000000000     0.0000000000000000       -0.0000000000000000     0.0000000000000000        0.0008740246685758     0.0000000000000000
    3    5
     0.0071999297794959     0.0000000000000000       -0.0000000000000000     0.0000000000000000        0.0000000000000000     0.0000000000000000
     0.0000000000000000     0.0000000000000000        0.0071999297794972     0.0000000000000000        0.0000000000000000     0.0000000000000000
     0.0000000000000000     0.0000000000000000        0.0000000000000000     0.0000000000000000       -0.0228868723188407     0.0000000000000000
    3    6
    -0.0135115256370219     0.0000000000000000       -0.0116806403014892     0.0000000000000000        0.0079714899434195     0.0000000000000000
    -0.0116806403014892     0.0000000000000000       -0.0000238839922792     0.0000000000000000        0.0046023418646761     0.0000000000000000
     0.0085776700180708     0.0000000000000000        0.0049523200939534     0.0000000000000000        0.0035286555683513     0.0000000000000000
    3    7
     0.0067199368300921     0.0000000000000000        0.0000000000000000     0.0000000000000000        0.0000000000000000     0.0000000000000000
     0.0000000000000000     0.0000000000000000       -0.0202553464593970     0.0000000000000000       -0.0092046837293522     0.0000000000000000
     0.0000000000000000     0.0000000000000000       -0.0099046401879069     0.0000000000000000        0.0035286555683513     0.0000000000000000
    3    8
    -0.0135115256370219     0.0000000000000000        0.0116806403014892     0.0000000000000000       -0.0079714899434195     0.0000000000000000
     0.0116806403014892     0.0000000000000000       -0.0000238839922792     0.0000000000000000        0.0046023418646761     0.0000000000000000
    -0.0085776700180708     0.0000000000000000        0.0049523200939534     0.0000000000000000        0.0035286555683513     0.0000000000000000
    3    9
    -0.0143487982962981     0.0000000000000000       -0.0000000000000000     0.0000000000000000       -0.0000000000000000     0.0000000000000000
    -0.0000000000000000     0.0000000000000000       -0.0007596222775205     0.0000000000000000        0.0042301222843517     0.0000000000000000
    -0.0000000000000000     0.0000000000000000        0.0054970512416530     0.0000000000000000       -0.0123296326752479     0.0000000000000000
    3   10
    -0.0041569162822148     0.0000000000000000       -0.0058842858243805     0.0000000000000000        0.0036633933593629     0.0000000000000000
    -0.0058842858243805     0.0000000000000000       -0.0109515042916057     0.0000000000000000       -0.0021150611421758     0.0000000000000000
     0.0047605860211758     0.0000000000000000       -0.0027485256208265     0.0000000000000000       -0.0123296326752479     0.0000000000000000
    3   11
    -0.0041569162822148     0.0000000000000000        0.0058842858243805     0.0000000000000000       -0.0036633933593629     0.0000000000000000
     0.0058842858243805     0.0000000000000000       -0.0109515042916057     0.0000000000000000       -0.0021150611421758     0.0000000000000000
    -0.0047605860211758     0.0000000000000000       -0.0027485256208265     0.0000000000000000       -0.0123296326752479     0.0000000000000000
    4    1
    -0.0954932405833590     0.0000000000000000        0.0000000000000000     0.0000000000000000       -0.0000000000000000     0.0000000000000000
     0.0000000000000000     0.0000000000000000       -0.0954932405833768     0.0000000000000000       -0.0000000000000000     0.0000000000000000
    -0.0000000000000000     0.0000000000000000       -0.0000000000000000     0.0000000000000000       -0.0264826053499310     0.0000000000000000
    4    2
     0.0071999297794959     0.0000000000000000       -0.0000000000000000     0.0000000000000000        0.0000000000000000     0.0000000000000000
     0.0000000000000000     0.0000000000000000        0.0071999297794972     0.0000000000000000        0.0000000000000000     0.0000000000000000
     0.0000000000000000     0.0000000000000000        0.0000000000000000     0.0000000000000000       -0.0228868723188407     0.0000000000000000
    4    3
    -0.0138178999506928     0.0000000000000000        0.0000000000000000     0.0000000000000000       -0.0000000000000000     0.0000000000000000
     0.0000000000000000     0.0000000000000000       -0.0138178999506954     0.0000000000000000       -0.0000000000000000     0.0000000000000000
    -0.0000000000000000     0.0000000000000000       -0.0000000000000000     0.0000000000000000        0.0008740246685758     0.0000000000000000
    4    4
     0.1165217047090313     0.0000000000000000       -0.0000000000000000     0.0000000000000000        0.0000000000000000     0.0000000000000000
    -0.0000000000000000     0.0000000000000000        0.1165217047090530     0.0000000000000000       -0.0000000000000000     0.0000000000000000
    -0.0000000000000000     0.0000000000000000       -0.0000000000000000     0.0000000000000000        0.1306945514236385     0.0000000000000000
    4    5
    -0.0050804767290969     0.0000000000000000        0.0000000000000000     0.0000000000000000       -0.0000000000000000     0.0000000000000000
     0.0000000000000000     0.0000000000000000       -0.0050804767290979     0.0000000000000000       -0.0000000000000000     0.0000000000000000
    -0.0000000000000000     0.0000000000000000       -0.0000000000000000     0.0000000000000000       -0.0021594165316985     0.0000000000000000
    4    6
    -0.0017508873459327     0.0000000000000000       -0.0053920179587506     0.0000000000000000       -0.0055010256140474     0.0000000000000000
    -0.0053920179587506     0.0000000000000000        0.0044752786939875     0.0000000000000000       -0.0031760186190896     0.0000000000000000
    -0.0144224554157714     0.0000000000000000       -0.0083268085166718     0.0000000000000000        0.0038303827963909     0.0000000000000000
    4    7
     0.0075883617139463     0.0000000000000000       -0.0000000000000000     0.0000000000000000       -0.0000000000000000     0.0000000000000000
     0.0000000000000000     0.0000000000000000       -0.0048639703658934     0.0000000000000000        0.0063520372381791     0.0000000000000000
    -0.0000000000000000     0.0000000000000000        0.0166536170333436     0.0000000000000000        0.0038303827963910     0.0000000000000000
    4    8
    -0.0017508873459328     0.0000000000000000        0.0053920179587506     0.0000000000000000        0.0055010256140474     0.0000000000000000
     0.0053920179587506     0.0000000000000000        0.0044752786939875     0.0000000000000000       -0.0031760186190896     0.0000000000000000
     0.0144224554157714     0.0000000000000000       -0.0083268085166718     0.0000000000000000        0.0038303827963909     0.0000000000000000
    4    9
     0.0058910123761011     0.0000000000000000        0.0000000000000000     0.0000000000000000        0.0000000000000000     0.0000000000000000
     0.0000000000000000     0.0000000000000000       -0.0148354152077433     0.0000000000000000       -0.0208541942711934     0.0000000000000000
     0.0000000000000000     0.0000000000000000       -0.0248897975114706     0.0000000000000000       -0.0305102767603056     0.0000000000000000
    4   10
    -0.0096538083117801     0.0000000000000000        0.0089748064086535     0.0000000000000000       -0.0180602620143077     0.0000000000000000
     0.0089748064086535     0.0000000000000000        0.0007094054801408     0.0000000000000000        0.0104270971355967     0.0000000000000000
    -0.0215551969399823     0.0000000000000000        0.0124448987557353     0.0000000000000000       -0.0305102767603056     0.0000000000000000
    4   11
    -0.0096538083117801     0.0000000000000000       -0.0089748064086535     0.0000000000000000        0.0180602620143077     0.0000000000000000
    -0.0089748064086535     0.0000000000000000        0.0007094054801408     0.0000000000000000        0.0104270971355967     0.0000000000000000
     0.0215551969399823     0.0000000000000000        0.0124448987557353     0.0000000000000000       -0.0305102767603056     0.0000000000000000
    5    1
    -0.0954932405833590     0.0000000000000000        0.0000000000000000     0.0000000000000000       -0.0000000000000000     0.0000000000000000
     0.0000000000000000     0.0000000000000000       -0.0954932405833768     0.0000000000000000       -0.0000000000000000     0.0000000000000000
    -0.0000000000000000     0.0000000000000000       -0.0000000000000000     0.0000000000000000       -0.0264826053499310     0.0000000000000000
    5    2
    -0.0138178999506928     0.0000000000000000        0.0000000000000000     0.0000000000000000       -0.0000000000000000     0.0000000000000000
     0.0000000000000000     0.0000000000000000       -0.0138178999506954     0.0000000000000000       -0.0000000000000000     0.0000000000000000
    -0.0000000000000000     0.0000000000000000       -0.0000000000000000     0.0000000000000000        0.0008740246685758     0.0000000000000000
    5    3
     0.0071999297794959     0.0000000000000000        0.0000000000000000     0.0000000000000000        0.0000000000000000     0.0000000000000000
    -0.0000000000000000     0.0000000000000000        0.0071999297794972     0.0000000000000000        0.0000000000000000     0.0000000000000000
     0.0000000000000000     0.0000000000000000        0.0000000000000000     0.0000000000000000       -0.0228868723188407     0.0000000000000000
    5    4
    -0.0050804767290969     0.0000000000000000        0.0000000000000000     0.0000000000000000       -0.0000000000000000     0.0000000000000000
     0.0000000000000000     0.0000000000000000       -0.0050804767290979     0.0000000000000000       -0.0000000000000000     0.0000000000000000
    -0.0000000000000000     0.0000000000000000       -0.0000000000000000     0.0000000000000000       -0.0021594165316985     0.0000000000000000
    5    5
     0.1165217047090312     0.0000000000000000       -0.0000000000000000     0.0000000000000000        0.0000000000000000     0.0000000000000000
    -0.0000000000000000     0.0000000000000000        0.1165217047090529     0.0000000000000000       -0.0000000000000000     0.0000000000000000
    -0.0000000000000000     0.0000000000000000       -0.0000000000000000     0.0000000000000000        0.1306945514236385     0.0000000000000000
    5    6
    -0.0096538083117801     0.0000000000000000       -0.0089748064086535     0.0000000000000000        0.0180602620143077     0.0000000000000000
    -0.0089748064086535     0.0000000000000000        0.0007094054801408     0.0000000000000000        0.0104270971355967     0.0000000000000000
     0.0215551969399823     0.0000000000000000        0.0124448987557353     0.0000000000000000       -0.0305102767603056     0.0000000000000000
    5    7
     0.0058910123761011     0.0000000000000000        0.0000000000000000     0.0000000000000000        0.0000000000000000     0.0000000000000000
     0.0000000000000000     0.0000000000000000       -0.0148354152077433     0.0000000000000000       -0.0208541942711934     0.0000000000000000
     0.0000000000000000     0.0000000000000000       -0.0248897975114706     0.0000000000000000       -0.0305102767603056     0.0000000000000000
    5    8
    -0.0096538083117801     0.0000000000000000        0.0089748064086535     0.0000000000000000       -0.0180602620143077     0.0000000000000000
     0.0089748064086535     0.0000000000000000        0.0007094054801408     0.0000000000000000        0.0104270971355967     0.0000000000000000
    -0.0215551969399823     0.0000000000000000        0.0124448987557353     0.0000000000000000       -0.0305102767603056     0.0000000000000000
    5    9
     0.0075883617139463     0.0000000000000000       -0.0000000000000000     0.0000000000000000       -0.0000000000000000     0.0000000000000000
     0.0000000000000000     0.0000000000000000       -0.0048639703658934     0.0000000000000000        0.0063520372381791     0.0000000000000000
    -0.0000000000000000     0.0000000000000000        0.0166536170333436     0.0000000000000000        0.0038303827963910     0.0000000000000000
    5   10
    -0.0017508873459328     0.0000000000000000        0.0053920179587506     0.0000000000000000        0.0055010256140474     0.0000000000000000
     0.0053920179587506     0.0000000000000000        0.0044752786939875     0.0000000000000000       -0.0031760186190896     0.0000000000000000
     0.0144224554157714     0.0000000000000000       -0.0083268085166718     0.0000000000000000        0.0038303827963909     0.0000000000000000
    5   11
    -0.0017508873459327     0.0000000000000000       -0.0053920179587506     0.0000000000000000       -0.0055010256140474     0.0000000000000000
    -0.0053920179587506     0.0000000000000000        0.0044752786939875     0.0000000000000000       -0.0031760186190896     0.0000000000000000
    -0.0144224554157714     0.0000000000000000       -0.0083268085166718     0.0000000000000000        0.0038303827963909     0.0000000000000000
    6    1
    -0.0497923099090036     0.0000000000000000        0.0264793457198495     0.0000000000000000       -0.0172533771686008     0.0000000000000000
     0.0264793457198495     0.0000000000000000       -0.0803680246676562     0.0000000000000000       -0.0099612419527227     0.0000000000000000
    -0.0180372779037017     0.0000000000000000       -0.0104138272531512     0.0000000000000000       -0.0875911477911133     0.0000000000000000
    6    2
    -0.0041569162822148     0.0000000000000000        0.0058842858243805     0.0000000000000000       -0.0047605860211758     0.0000000000000000
     0.0058842858243805     0.0000000000000000       -0.0109515042916057     0.0000000000000000       -0.0027485256208265     0.0000000000000000
    -0.0036633933593629     0.0000000000000000       -0.0021150611421758     0.0000000000000000       -0.0123296326752479     0.0000000000000000
    6    3
    -0.0135115256370219     0.0000000000000000       -0.0116806403014892     0.0000000000000000        0.0085776700180708     0.0000000000000000
    -0.0116806403014892     0.0000000000000000       -0.0000238839922792     0.0000000000000000        0.0049523200939534     0.0000000000000000
     0.0079714899434195     0.0000000000000000        0.0046023418646761     0.0000000000000000        0.0035286555683513     0.0000000000000000
    6    4
    -0.0017508873459327     0.0000000000000000       -0.0053920179587506     0.0000000000000000       -0.0144224554157714     0.0000000000000000
    -0.0053920179587506     0.0000000000000000        0.0044752786939875     0.0000000000000000       -0.0083268085166718     0.0000000000000000
    -0.0055010256140474     0.0000000000000000       -0.0031760186190896     0.0000000000000000        0.0038303827963909     0.0000000000000000
    6    5
    -0.0096538083117802     0.0000000000000000       -0.0089748064086535     0.0000000000000000        0.0215551969399823     0.0000000000000000
    -0.0089748064086535     0.0000000000000000        0.0007094054801408     0.0000000000000000        0.0124448987557354     0.0000000000000000
     0.0180602620143077     0.0000000000000000        0.0104270971355967     0.0000000000000000       -0.0305102767603056     0.0000000000000000
    6    6
     0.1277261941148931     0.0000000000000000        0.0061684048011275     0.0000000000000000       -0.0046740626516182     0.0000000000000000
     0.0061684048011275     0.0000000000000000        0.1206035337701132     0.0000000000000000       -0.0026985713301212     0.0000000000000000
    -0.0046740626516181     0.0000000000000000       -0.0026985713301212     0.0000000000000000        0.1175069536462970     0.0000000000000000
    6    7
    -0.0094553738709542     0.0000000000000000       -0.0240871664001331     0.0000000000000000        0.0013119139895852     0.0000000000000000
    -0.0199712154664873     0.0000000000000000       -0.0348924925017110     0.0000000000000000       -0.0021467298132871     0.0000000000000000
     0.0025150795481604     0.0000000000000000       -0.0000627859359176     0.0000000000000000        0.0046804754063002     0.0000000000000000
    6    8
    -0.0476110518170796     0.0000000000000000        0.0020579754668229     0.0000000000000000       -0.0012031655585753     0.0000000000000000
    -0.0020579754668229     0.0000000000000000        0.0032631854444216     0.0000000000000000        0.0022095157492046     0.0000000000000000
     0.0012031655585752     0.0000000000000000        0.0022095157492046     0.0000000000000000        0.0046804754063002     0.0000000000000000
    6    9
    -0.0014101623682707     0.0000000000000000        0.0121394932115831     0.0000000000000000        0.0096486364000893     0.0000000000000000
     0.0039045160867363     0.0000000000000000        0.0078528507189955     0.0000000000000000       -0.0022054207537330     0.0000000000000000
     0.0067342685988107     0.0000000000000000       -0.0072532538574909     0.0000000000000000        0.0002005372731863     0.0000000000000000
    6   10
     0.0124843572626264     0.0000000000000000       -0.0041174885624234     0.0000000000000000        0.0029143678012787     0.0000000000000000
     0.0041174885624234     0.0000000000000000       -0.0060416689119042     0.0000000000000000        0.0094586746112239     0.0000000000000000
    -0.0029143678012787     0.0000000000000000        0.0094586746112239     0.0000000000000000        0.0002005372731863     0.0000000000000000
    6   11
    -0.0028685158352618     0.0000000000000000        0.0015226146076865     0.0000000000000000       -0.0016941383332648     0.0000000000000000
     0.0015226146076865     0.0000000000000000       -0.0046266797425022     0.0000000000000000       -0.0009781112227550     0.0000000000000000
    -0.0016941383332648     0.0000000000000000       -0.0009781112227550     0.0000000000000000       -0.0041969601433454     0.0000000000000000
    7    1
    -0.0956558820469600     0.0000000000000000       -0.0000000000000000     0.0000000000000000        0.0000000000000000     0.0000000000000000
    -0.0000000000000000     0.0000000000000000       -0.0345044525296912     0.0000000000000000        0.0199224839054455     0.0000000000000000
     0.0000000000000000     0.0000000000000000        0.0208276545063026     0.0000000000000000       -0.0875911477911132     0.0000000000000000
    7    2
    -0.0143487982962981     0.0000000000000000       -0.0000000000000000     0.0000000000000000       -0.0000000000000000     0.0000000000000000
    -0.0000000000000000     0.0000000000000000       -0.0007596222775205     0.0000000000000000        0.0054970512416530     0.0000000000000000
    -0.0000000000000000     0.0000000000000000        0.0042301222843517     0.0000000000000000       -0.0123296326752479     0.0000000000000000
    7    3
     0.0067199368300921     0.0000000000000000        0.0000000000000000     0.0000000000000000        0.0000000000000000     0.0000000000000000
     0.0000000000000000     0.0000000000000000       -0.0202553464593970     0.0000000000000000       -0.0099046401879069     0.0000000000000000
     0.0000000000000000     0.0000000000000000       -0.0092046837293522     0.0000000000000000        0.0035286555683513     0.0000000000000000
    7    4
     0.0075883617139463     0.0000000000000000       -0.0000000000000000     0.0000000000000000       -0.0000000000000000     0.0000000000000000
    -0.0000000000000000     0.0000000000000000       -0.0048639703658934     0.0000000000000000        0.0166536170333436     0.0000000000000000
    -0.0000000000000000     0.0000000000000000        0.0063520372381791     0.0000000000000000        0.0038303827963910     0.0000000000000000
    7    5
     0.0058910123761011     0.0000000000000000        0.0000000000000000     0.0000000000000000        0.0000000000000000     0.0000000000000000
     0.0000000000000000     0.0000000000000000       -0.0148354152077433     0.0000000000000000       -0.0248897975114706     0.0000000000000000
     0.0000000000000000     0.0000000000000000       -0.0208541942711934     0.0000000000000000       -0.0305102767603056     0.0000000000000000
    7    6
    -0.0094553738709542     0.0000000000000000       -0.0199712154664873     0.0000000000000000        0.0025150795481604     0.0000000000000000
    -0.0240871664001331     0.0000000000000000       -0.0348924925017110     0.0000000000000000       -0.0000627859359176     0.0000000000000000
     0.0013119139895852     0.0000000000000000       -0.0021467298132871     0.0000000000000000        0.0046804754063002     0.0000000000000000
    7    7
     0.1170422035976895     0.0000000000000000       -0.0000000000000000     0.0000000000000000       -0.0000000000000000     0.0000000000000000
    -0.0000000000000000     0.0000000000000000        0.1312875242873187     0.0000000000000000        0.0053971426602424     0.0000000000000000
     0.0000000000000000     0.0000000000000000        0.0053971426602424     0.0000000000000000        0.1175069536462970     0.0000000000000000
    7    8
    -0.0094553738709542     0.0000000000000000        0.0199712154664873     0.0000000000000000       -0.0025150795481605     0.0000000000000000
     0.0240871664001332     0.0000000000000000       -0.0348924925017109     0.0000000000000000       -0.0000627859359175     0.0000000000000000
    -0.0013119139895852     0.0000000000000000       -0.0021467298132871     0.0000000000000000        0.0046804754063002     0.0000000000000000
    7    9
    -0.0055057616961211     0.0000000000000000       -0.0000000000000000     0.0000000000000000        0.0000000000000000     0.0000000000000000
    -0.0000000000000000     0.0000000000000000       -0.0019894338816424     0.0000000000000000        0.0019562224455100     0.0000000000000000
    -0.0000000000000000     0.0000000000000000        0.0019562224455100     0.0000000000000000       -0.0041969601433453     0.0000000000000000
    7   10
    -0.0014101623682707     0.0000000000000000       -0.0039045160867363     0.0000000000000000       -0.0067342685988107     0.0000000000000000
    -0.0121394932115831     0.0000000000000000        0.0078528507189955     0.0000000000000000       -0.0072532538574909     0.0000000000000000
    -0.0096486364000893     0.0000000000000000       -0.0022054207537330     0.0000000000000000        0.0002005372731862     0.0000000000000000
    7   11
    -0.0014101623682707     0.0000000000000000        0.0039045160867363     0.0000000000000000        0.0067342685988107     0.0000000000000000
     0.0121394932115831     0.0000000000000000        0.0078528507189955     0.0000000000000000       -0.0072532538574909     0.0000000000000000
     0.0096486364000893     0.0000000000000000       -0.0022054207537330     0.0000000000000000        0.0002005372731863     0.0000000000000000
    8    1
    -0.0497923099090036     0.0000000000000000       -0.0264793457198494     0.0000000000000000        0.0172533771686008     0.0000000000000000
    -0.0264793457198494     0.0000000000000000       -0.0803680246676562     0.0000000000000000       -0.0099612419527228     0.0000000000000000
     0.0180372779037017     0.0000000000000000       -0.0104138272531513     0.0000000000000000       -0.0875911477911132     0.0000000000000000
    8    2
    -0.0041569162822148     0.0000000000000000       -0.0058842858243805     0.0000000000000000        0.0047605860211758     0.0000000000000000
    -0.0058842858243805     0.0000000000000000       -0.0109515042916057     0.0000000000000000       -0.0027485256208265     0.0000000000000000
     0.0036633933593629     0.0000000000000000       -0.0021150611421758     0.0000000000000000       -0.0123296326752479     0.0000000000000000
    8    3
    -0.0135115256370219     0.0000000000000000        0.0116806403014892     0.0000000000000000       -0.0085776700180708     0.0000000000000000
     0.0116806403014892     0.0000000000000000       -0.0000238839922792     0.0000000000000000        0.0049523200939534     0.0000000000000000
    -0.0079714899434195     0.0000000000000000        0.0046023418646761     0.0000000000000000        0.0035286555683513     0.0000000000000000
    8    4
    -0.0017508873459328     0.0000000000000000        0.0053920179587506     0.0000000000000000        0.0144224554157714     0.0000000000000000
     0.0053920179587506     0.0000000000000000        0.0044752786939875     0.0000000000000000       -0.0083268085166718     0.0000000000000000
     0.0055010256140474     0.0000000000000000       -0.0031760186190896     0.0000000000000000        0.0038303827963909     0.0000000000000000
    8    5
    -0.0096538083117801     0.0000000000000000        0.0089748064086535     0.0000000000000000       -0.0215551969399823     0.0000000000000000
     0.0089748064086535     0.0000000000000000        0.0007094054801408     0.0000000000000000        0.0124448987557353     0.0000000000000000
    -0.0180602620143077     0.0000000000000000        0.0104270971355967     0.0000000000000000       -0.0305102767603056     0.0000000000000000
    8    6
    -0.0476110518170796     0.0000000000000000       -0.0020579754668230     0.0000000000000000        0.0012031655585753     0.0000000000000000
     0.0020579754668229     0.0000000000000000        0.0032631854444216     0.0000000000000000        0.0022095157492046     0.0000000000000000
    -0.0012031655585753     0.0000000000000000        0.0022095157492046     0.0000000000000000        0.0046804754063002     0.0000000000000000
    8    7
    -0.0094553738709542     0.0000000000000000        0.0240871664001332     0.0000000000000000       -0.0013119139895852     0.0000000000000000
     0.0199712154664873     0.0000000000000000       -0.0348924925017109     0.0000000000000000       -0.0021467298132871     0.0000000000000000
    -0.0025150795481605     0.0000000000000000       -0.0000627859359175     0.0000000000000000        0.0046804754063002     0.0000000000000000
    8    8
     0.1277261941148931     0.0000000000000000       -0.0061684048011275     0.0000000000000000        0.0046740626516182     0.0000000000000000
    -0.0061684048011275     0.0000000000000000        0.1206035337701132     0.0000000000000000       -0.0026985713301212     0.0000000000000000
     0.0046740626516182     0.0000000000000000       -0.0026985713301212     0.0000000000000000        0.1175069536462970     0.0000000000000000
    8    9
    -0.0014101623682707     0.0000000000000000       -0.0121394932115831     0.0000000000000000       -0.0096486364000893     0.0000000000000000
    -0.0039045160867363     0.0000000000000000        0.0078528507189955     0.0000000000000000       -0.0022054207537330     0.0000000000000000
    -0.0067342685988107     0.0000000000000000       -0.0072532538574909     0.0000000000000000        0.0002005372731862     0.0000000000000000
    8   10
    -0.0028685158352618     0.0000000000000000       -0.0015226146076865     0.0000000000000000        0.0016941383332648     0.0000000000000000
    -0.0015226146076865     0.0000000000000000       -0.0046266797425022     0.0000000000000000       -0.0009781112227550     0.0000000000000000
     0.0016941383332648     0.0000000000000000       -0.0009781112227550     0.0000000000000000       -0.0041969601433454     0.0000000000000000
    8   11
     0.0124843572626264     0.0000000000000000        0.0041174885624234     0.0000000000000000       -0.0029143678012787     0.0000000000000000
    -0.0041174885624234     0.0000000000000000       -0.0060416689119042     0.0000000000000000        0.0094586746112239     0.0000000000000000
     0.0029143678012787     0.0000000000000000        0.0094586746112239     0.0000000000000000        0.0002005372731863     0.0000000000000000
    9    1
    -0.0956558820469600     0.0000000000000000       -0.0000000000000000     0.0000000000000000        0.0000000000000000     0.0000000000000000
    -0.0000000000000000     0.0000000000000000       -0.0345044525296912     0.0000000000000000        0.0199224839054455     0.0000000000000000
     0.0000000000000000     0.0000000000000000        0.0208276545063026     0.0000000000000000       -0.0875911477911132     0.0000000000000000
    9    2
     0.0067199368300921     0.0000000000000000        0.0000000000000000     0.0000000000000000        0.0000000000000000     0.0000000000000000
     0.0000000000000000     0.0000000000000000       -0.0202553464593970     0.0000000000000000       -0.0099046401879069     0.0000000000000000
     0.0000000000000000     0.0000000000000000       -0.0092046837293522     0.0000000000000000        0.0035286555683513     0.0000000000000000
    9    3
    -0.0143487982962981     0.0000000000000000       -0.0000000000000000     0.0000000000000000       -0.0000000000000000     0.0000000000000000
    -0.0000000000000000     0.0000000000000000       -0.0007596222775205     0.0000000000000000        0.0054970512416530     0.0000000000000000
    -0.0000000000000000     0.0000000000000000        0.0042301222843517     0.0000000000000000       -0.0123296326752479     0.0000000000000000
    9    4
     0.0058910123761011     0.0000000000000000        0.0000000000000000     0.0000000000000000        0.0000000000000000     0.0000000000000000
     0.0000000000000000     0.0000000000000000       -0.0148354152077433     0.0000000000000000       -0.0248897975114706     0.0000000000000000
     0.0000000000000000     0.0000000000000000       -0.0208541942711934     0.0000000000000000       -0.0305102767603056     0.0000000000000000
    9    5
     0.0075883617139463     0.0000000000000000       -0.0000000000000000     0.0000000000000000       -0.0000000000000000     0.0000000000000000
    -0.0000000000000000     0.0000000000000000       -0.0048639703658934     0.0000000000000000        0.0166536170333436     0.0000000000000000
    -0.0000000000000000     0.0000000000000000        0.0063520372381791     0.0000000000000000        0.0038303827963910     0.0000000000000000
    9    6
    -0.0014101623682707     0.0000000000000000        0.0039045160867363     0.0000000000000000        0.0067342685988107     0.0000000000000000
     0.0121394932115831     0.0000000000000000        0.0078528507189955     0.0000000000000000       -0.0072532538574909     0.0000000000000000
     0.0096486364000893     0.0000000000000000       -0.0022054207537330     0.0000000000000000        0.0002005372731863     0.0000000000000000
    9    7
    -0.0055057616961211     0.0000000000000000       -0.0000000000000000     0.0000000000000000        0.0000000000000000     0.0000000000000000
    -0.0000000000000000     0.0000000000000000       -0.0019894338816424     0.0000000000000000        0.0019562224455100     0.0000000000000000
    -0.0000000000000000     0.0000000000000000        0.0019562224455100     0.0000000000000000       -0.0041969601433453     0.0000000000000000
    9    8
    -0.0014101623682707     0.0000000000000000       -0.0039045160867363     0.0000000000000000       -0.0067342685988107     0.0000000000000000
    -0.0121394932115831     0.0000000000000000        0.0078528507189955     0.0000000000000000       -0.0072532538574909     0.0000000000000000
    -0.0096486364000893     0.0000000000000000       -0.0022054207537330     0.0000000000000000        0.0002005372731862     0.0000000000000000
    9    9
     0.1170422035976895     0.0000000000000000       -0.0000000000000000     0.0000000000000000       -0.0000000000000000     0.0000000000000000
    -0.0000000000000000     0.0000000000000000        0.1312875242873187     0.0000000000000000        0.0053971426602424     0.0000000000000000
     0.0000000000000000     0.0000000000000000        0.0053971426602424     0.0000000000000000        0.1175069536462970     0.0000000000000000
    9   10
    -0.0094553738709542     0.0000000000000000        0.0199712154664873     0.0000000000000000       -0.0025150795481605     0.0000000000000000
     0.0240871664001332     0.0000000000000000       -0.0348924925017109     0.0000000000000000       -0.0000627859359175     0.0000000000000000
    -0.0013119139895852     0.0000000000000000       -0.0021467298132871     0.0000000000000000        0.0046804754063002     0.0000000000000000
    9   11
    -0.0094553738709542     0.0000000000000000       -0.0199712154664873     0.0000000000000000        0.0025150795481604     0.0000000000000000
    -0.0240871664001331     0.0000000000000000       -0.0348924925017110     0.0000000000000000       -0.0000627859359176     0.0000000000000000
     0.0013119139895852     0.0000000000000000       -0.0021467298132871     0.0000000000000000        0.0046804754063002     0.0000000000000000
   10    1
    -0.0497923099090036     0.0000000000000000       -0.0264793457198494     0.0000000000000000        0.0172533771686008     0.0000000000000000
    -0.0264793457198494     0.0000000000000000       -0.0803680246676562     0.0000000000000000       -0.0099612419527228     0.0000000000000000
     0.0180372779037017     0.0000000000000000       -0.0104138272531513     0.0000000000000000       -0.0875911477911132     0.0000000000000000
   10    2
    -0.0135115256370219     0.0000000000000000        0.0116806403014892     0.0000000000000000       -0.0085776700180708     0.0000000000000000
     0.0116806403014892     0.0000000000000000       -0.0000238839922792     0.0000000000000000        0.0049523200939534     0.0000000000000000
    -0.0079714899434195     0.0000000000000000        0.0046023418646761     0.0000000000000000        0.0035286555683513     0.0000000000000000
   10    3
    -0.0041569162822148     0.0000000000000000       -0.0058842858243805     0.0000000000000000        0.0047605860211758     0.0000000000000000
    -0.0058842858243805     0.0000000000000000       -0.0109515042916057     0.0000000000000000       -0.0027485256208265     0.0000000000000000
     0.0036633933593629     0.0000000000000000       -0.0021150611421758     0.0000000000000000       -0.0123296326752479     0.0000000000000000
   10    4
    -0.0096538083117801     0.0000000000000000        0.0089748064086535     0.0000000000000000       -0.0215551969399823     0.0000000000000000
     0.0089748064086535     0.0000000000000000        0.0007094054801408     0.0000000000000000        0.0124448987557353     0.0000000000000000
    -0.0180602620143077     0.0000000000000000        0.0104270971355967     0.0000000000000000       -0.0305102767603056     0.0000000000000000
   10    5
    -0.0017508873459328     0.0000000000000000        0.0053920179587506     0.0000000000000000        0.0144224554157714     0.0000000000000000
     0.0053920179587506     0.0000000000000000        0.0044752786939875     0.0000000000000000       -0.0083268085166718     0.0000000000000000
     0.0055010256140474     0.0000000000000000       -0.0031760186190896     0.0000000000000000        0.0038303827963909     0.0000000000000000
   10    6
     0.0124843572626264     0.0000000000000000        0.0041174885624234     0.0000000000000000       -0.0029143678012787     0.0000000000000000
    -0.0041174885624234     0.0000000000000000       -0.0060416689119042     0.0000000000000000        0.0094586746112239     0.0000000000000000
     0.0029143678012787     0.0000000000000000        0.0094586746112239     0.0000000000000000        0.0002005372731863     0.0000000000000000
   10    7
    -0.0014101623682707     0.0000000000000000       -0.0121394932115831     0.0000000000000000       -0.0096486364000893     0.0000000000000000
    -0.0039045160867363     0.0000000000000000        0.0078528507189955     0.0000000000000000       -0.0022054207537330     0.0000000000000000
    -0.0067342685988107     0.0000000000000000       -0.0072532538574909     0.0000000000000000        0.0002005372731862     0.0000000000000000
   10    8
    -0.0028685158352618     0.0000000000000000       -0.0015226146076865     0.0000000000000000        0.0016941383332648     0.0000000000000000
    -0.0015226146076865     0.0000000000000000       -0.0046266797425022     0.0000000000000000       -0.0009781112227550     0.0000000000000000
     0.0016941383332648     0.0000000000000000       -0.0009781112227550     0.0000000000000000       -0.0041969601433454     0.0000000000000000
   10    9
    -0.0094553738709542     0.0000000000000000        0.0240871664001332     0.0000000000000000       -0.0013119139895852     0.0000000000000000
     0.0199712154664873     0.0000000000000000       -0.0348924925017109     0.0000000000000000       -0.0021467298132871     0.0000000000000000
    -0.0025150795481605     0.0000000000000000       -0.0000627859359175     0.0000000000000000        0.0046804754063002     0.0000000000000000
   10   10
     0.1277261941148931     0.0000000000000000       -0.0061684048011275     0.0000000000000000        0.0046740626516182     0.0000000000000000
    -0.0061684048011275     0.0000000000000000        0.1206035337701132     0.0000000000000000       -0.0026985713301212     0.0000000000000000
     0.0046740626516182     0.0000000000000000       -0.0026985713301212     0.0000000000000000        0.1175069536462970     0.0000000000000000
   10   11
    -0.0476110518170796     0.0000000000000000       -0.0020579754668230     0.0000000000000000        0.0012031655585753     0.0000000000000000
     0.0020579754668229     0.0000000000000000        0.0032631854444216     0.0000000000000000        0.0022095157492046     0.0000000000000000
    -0.0012031655585753     0.0000000000000000        0.0022095157492046     0.0000000000000000        0.0046804754063002     0.0000000000000000
   11    1
    -0.0497923099090036     0.0000000000000000        0.0264793457198495     0.0000000000000000       -0.0172533771686008     0.0000000000000000
     0.0264793457198495     0.0000000000000000       -0.0803680246676562     0.0000000000000000       -0.0099612419527227     0.0000000000000000
    -0.0180372779037017     0.0000000000000000       -0.0104138272531512     0.0000000000000000       -0.0875911477911133     0.0000000000000000
   11    2
    -0.0135115256370219     0.0000000000000000       -0.0116806403014892     0.0000000000000000        0.0085776700180708     0.0000000000000000
    -0.0116806403014892     0.0000000000000000       -0.0000238839922792     0.0000000000000000        0.0049523200939534     0.0000000000000000
     0.0079714899434195     0.0000000000000000        0.0046023418646761     0.0000000000000000        0.0035286555683513     0.0000000000000000
   11    3
    -0.0041569162822148     0.0000000000000000        0.0058842858243805     0.0000000000000000       -0.0047605860211758     0.0000000000000000
     0.0058842858243805     0.0000000000000000       -0.0109515042916057     0.0000000000000000       -0.0027485256208265     0.0000000000000000
    -0.0036633933593629     0.0000000000000000       -0.0021150611421758     0.0000000000000000       -0.0123296326752479     0.0000000000000000
   11    4
    -0.0096538083117802     0.0000000000000000       -0.0089748064086535     0.0000000000000000        0.0215551969399823     0.0000000000000000
    -0.0089748064086535     0.0000000000000000        0.0007094054801408     0.0000000000000000        0.0124448987557354     0.0000000000000000
     0.0180602620143077     0.0000000000000000        0.0104270971355967     0.0000000000000000       -0.0305102767603056     0.0000000000000000
   11    5
    -0.0017508873459327     0.0000000000000000       -0.0053920179587506     0.0000000000000000       -0.0144224554157714     0.0000000000000000
    -0.0053920179587506     0.0000000000000000        0.0044752786939875     0.0000000000000000       -0.0083268085166718     0.0000000000000000
    -0.0055010256140474     0.0000000000000000       -0.0031760186190896     0.0000000000000000        0.0038303827963909     0.0000000000000000
   11    6
    -0.0028685158352618     0.0000000000000000        0.0015226146076865     0.0000000000000000       -0.0016941383332648     0.0000000000000000
     0.0015226146076865     0.0000000000000000       -0.0046266797425022     0.0000000000000000       -0.0009781112227550     0.0000000000000000
    -0.0016941383332648     0.0000000000000000       -0.0009781112227550     0.0000000000000000       -0.0041969601433454     0.0000000000000000
   11    7
    -0.0014101623682707     0.0000000000000000        0.0121394932115831     0.0000000000000000        0.0096486364000893     0.0000000000000000
     0.0039045160867363     0.0000000000000000        0.0078528507189955     0.0000000000000000       -0.0022054207537330     0.0000000000000000
     0.0067342685988107     0.0000000000000000       -0.0072532538574909     0.0000000000000000        0.0002005372731863     0.0000000000000000
   11    8
     0.0124843572626264     0.0000000000000000       -0.0041174885624234     0.0000000000000000        0.0029143678012787     0.0000000000000000
     0.0041174885624234     0.0000000000000000       -0.0060416689119042     0.0000000000000000        0.0094586746112239     0.0000000000000000
    -0.0029143678012787     0.0000000000000000        0.0094586746112239     0.0000000000000000        0.0002005372731863     0.0000000000000000
   11    9
    -0.0094553738709542     0.0000000000000000       -0.0240871664001331     0.0000000000000000        0.0013119139895852     0.0000000000000000
    -0.0199712154664873     0.0000000000000000       -0.0348924925017110     0.0000000000000000       -0.0021467298132871     0.0000000000000000
     0.0025150795481604     0.0000000000000000       -0.0000627859359176     0.0000000000000000        0.0046804754063002     0.0000000000000000
   11   10
    -0.0476110518170796     0.0000000000000000        0.0020579754668229     0.0000000000000000       -0.0012031655585753     0.0000000000000000
    -0.0020579754668229     0.0000000000000000        0.0032631854444216     0.0000000000000000        0.0022095157492046     0.0000000000000000
     0.0012031655585752     0.0000000000000000        0.0022095157492046     0.0000000000000000        0.0046804754063002     0.0000000000000000
   11   11
     0.1277261941148931     0.0000000000000000        0.0061684048011275     0.0000000000000000       -0.0046740626516181     0.0000000000000000
     0.0061684048011274     0.0000000000000000        0.1206035337701132     0.0000000000000000       -0.0026985713301212     0.0000000000000000
    -0.0046740626516181     0.0000000000000000       -0.0026985713301212     0.0000000000000000        0.1175069536462970     0.0000000000000000

     Diagonalizing the dynamical matrix

     q = (     0.000000000000     0.000000000000     0.000000000000 )

***************************************************************************
   freq (    1) =    -0.00000099 [THz] =    -0.00003310 [cm-1]
(   0.000000  0.000000  -0.274692  0.000000  -0.124311  0.000000 )
(  -0.000000  0.000000  -0.274692  0.000000  -0.124311  0.000000 )
(   0.000000  0.000000  -0.274692  0.000000  -0.124311  0.000000 )
(   0.000000  0.000000  -0.274692  0.000000  -0.124311  0.000000 )
(  -0.000000  0.000000  -0.274692  0.000000  -0.124311  0.000000 )
(   0.000000  0.000000  -0.274692  0.000000  -0.124311  0.000000 )
(   0.000000  0.000000  -0.274692  0.000000  -0.124311  0.000000 )
(   0.000000  0.000000  -0.274692  0.000000  -0.124311  0.000000 )
(   0.000000  0.000000  -0.274692  0.000000  -0.124311  0.000000 )
(  -0.000000  0.000000  -0.274692  0.000000  -0.124311  0.000000 )
(  -0.000000  0.000000  -0.274692  0.000000  -0.124311  0.000000 )
   freq (    2) =    -0.00000072 [THz] =    -0.00002408 [cm-1]
(   0.000000  0.000000  -0.124311  0.000000   0.274692  0.000000 )
(   0.000000  0.000000  -0.124311  0.000000   0.274692  0.000000 )
(   0.000000  0.000000  -0.124311  0.000000   0.274692  0.000000 )
(   0.000000  0.000000  -0.124311  0.000000   0.274692  0.000000 )
(   0.000000  0.000000  -0.124311  0.000000   0.274692  0.000000 )
(   0.000000  0.000000  -0.124311  0.000000   0.274692  0.000000 )
(   0.000000  0.000000  -0.124311  0.000000   0.274692  0.000000 )
(   0.000000  0.000000  -0.124311  0.000000   0.274692  0.000000 )
(   0.000000  0.000000  -0.124311  0.000000   0.274692  0.000000 )
(   0.000000  0.000000  -0.124311  0.000000   0.274692  0.000000 )
(   0.000000  0.000000  -0.124311  0.000000   0.274692  0.000000 )
   freq (    3) =     0.00000016 [THz] =     0.00000539 [cm-1]
(   0.301511  0.000000   0.000000  0.000000  -0.000000  0.000000 )
(   0.301511  0.000000   0.000000  0.000000  -0.000000  0.000000 )
(   0.301511  0.000000   0.000000  0.000000  -0.000000  0.000000 )
(   0.301511  0.000000   0.000000  0.000000  -0.000000  0.000000 )
(   0.301511  0.000000   0.000000  0.000000  -0.000000  0.000000 )
(   0.301511  0.000000   0.000000  0.000000  -0.000000  0.000000 )
(   0.301511  0.000000   0.000000  0.000000  -0.000000  0.000000 )
(   0.301511  0.000000   0.000000  0.000000  -0.000000  0.000000 )
(   0.301511  0.000000   0.000000  0.000000  -0.000000  0.000000 )
(   0.301511  0.000000   0.000000  0.000000  -0.000000  0.000000 )
(   0.301511  0.000000   0.000000  0.000000  -0.000000  0.000000 )
   freq (    4) =    25.57492902 [THz] =   853.08768372 [cm-1]
(   0.000000  0.000000  -0.000000  0.000000   0.020808  0.000000 )
(   0.000000  0.000000   0.000000  0.000000  -0.495463  0.000000 )
(  -0.000000  0.000000   0.000000  0.000000  -0.495463  0.000000 )
(  -0.000000  0.000000   0.000000  0.000000  -0.369293  0.000000 )
(  -0.000000  0.000000   0.000000  0.000000  -0.369293  0.000000 )
(   0.050036  0.000000   0.028888  0.000000  -0.189656  0.000000 )
(  -0.000000  0.000000  -0.057776  0.000000  -0.189656  0.000000 )
(  -0.050036  0.000000   0.028888  0.000000  -0.189656  0.000000 )
(  -0.000000  0.000000  -0.057776  0.000000  -0.189656  0.000000 )
(  -0.050036  0.000000   0.028888  0.000000  -0.189656  0.000000 )
(   0.050036  0.000000   0.028888  0.000000  -0.189656  0.000000 )
   freq (    5) =    25.60632124 [THz] =   854.13481539 [cm-1]
(  -0.020823  0.000000  -0.000000  0.000000   0.000000  0.000000 )
(   0.494115  0.000000   0.000000  0.000000  -0.000000  0.000000 )
(   0.494115  0.000000   0.000000  0.000000  -0.000000  0.000000 )
(   0.166947  0.000000   0.000000  0.000000  -0.000000  0.000000 )
(   0.166947  0.000000   0.000000  0.000000  -0.000000  0.000000 )
(   0.302224  0.000000   0.076794  0.000000  -0.048246  0.000000 )
(   0.169212  0.000000  -0.000000  0.000000  -0.000000  0.000000 )
(   0.302224  0.000000  -0.076794  0.000000   0.048246  0.000000 )
(   0.169212  0.000000   0.000000  0.000000  -0.000000  0.000000 )
(   0.302224  0.000000  -0.076794  0.000000   0.048246  0.000000 )
(   0.302224  0.000000   0.076794  0.000000  -0.048246  0.000000 )
   freq (    6) =    25.60632124 [THz] =   854.13481539 [cm-1]
(   0.000000  0.000000  -0.020823  0.000000  -0.000000  0.000000 )
(   0.000000  0.000000   0.494115  0.000000   0.000000  0.000000 )
(  -0.000000  0.000000   0.494115  0.000000   0.000000  0.000000 )
(   0.000000  0.000000   0.166947  0.000000   0.000000  0.000000 )
(  -0.000000  0.000000   0.166947  0.000000   0.000000  0.000000 )
(   0.076794  0.000000   0.213550  0.000000  -0.027855  0.000000 )
(  -0.000000  0.000000   0.346562  0.000000   0.055709  0.000000 )
(  -0.076794  0.000000   0.213550  0.000000  -0.027855  0.000000 )
(  -0.000000  0.000000   0.346562  0.000000   0.055709  0.000000 )
(  -0.076794  0.000000   0.213550  0.000000  -0.027855  0.000000 )
(   0.076794  0.000000   0.213550  0.000000  -0.027855  0.000000 )
   freq (    7) =    25.88577468 [THz] =   863.45637742 [cm-1]
(  -0.000000  0.000000  -0.000000  0.000000   0.000000  0.000000 )
(   0.000000  0.000000  -0.000000  0.000000   0.380739  0.000000 )
(  -0.000000  0.000000   0.000000  0.000000  -0.380739  0.000000 )
(   0.000000  0.000000  -0.000000  0.000000   0.505821  0.000000 )
(  -0.000000  0.000000   0.000000  0.000000  -0.505821  0.000000 )
(   0.117726  0.000000   0.067969  0.000000  -0.120755  0.000000 )
(  -0.000000  0.000000  -0.135938  0.000000  -0.120755  0.000000 )
(  -0.117726  0.000000   0.067969  0.000000  -0.120755  0.000000 )
(   0.000000  0.000000   0.135938  0.000000   0.120755  0.000000 )
(   0.117726  0.000000  -0.067969  0.000000   0.120755  0.000000 )
(  -0.117726  0.000000  -0.067969  0.000000   0.120755  0.000000 )
   freq (    8) =    25.88719209 [THz] =   863.50365718 [cm-1]
(  -0.000000  0.000000  -0.000000  0.000000   0.000000  0.000000 )
(  -0.359676  0.000000  -0.002769  0.000000   0.000000  0.000000 )
(   0.359676  0.000000   0.002769  0.000000  -0.000000  0.000000 )
(  -0.079300  0.000000  -0.000611  0.000000   0.000000  0.000000 )
(   0.079300  0.000000   0.000611  0.000000  -0.000000  0.000000 )
(   0.372098  0.000000   0.167405  0.000000  -0.117224  0.000000 )
(   0.083253  0.000000   0.003593  0.000000   0.001037  0.000000 )
(   0.369541  0.000000  -0.164647  0.000000   0.116187  0.000000 )
(  -0.083253  0.000000  -0.003593  0.000000  -0.001037  0.000000 )
(  -0.369541  0.000000   0.164647  0.000000  -0.116187  0.000000 )
(  -0.372098  0.000000  -0.167405  0.000000   0.117224  0.000000 )
   freq (    9) =    25.88719209 [THz] =   863.50365718 [cm-1]
(  -0.000000  0.000000  -0.000000  0.000000   0.000000  0.000000 )
(   0.002769  0.000000  -0.359676  0.000000  -0.000000  0.000000 )
(  -0.002769  0.000000   0.359676  0.000000   0.000000  0.000000 )
(   0.000611  0.000000  -0.079300  0.000000  -0.000000  0.000000 )
(  -0.000611  0.000000   0.079300  0.000000   0.000000  0.000000 )
(   0.163172  0.000000   0.177830  0.000000  -0.066481  0.000000 )
(  -0.000641  0.000000   0.466675  0.000000   0.134760  0.000000 )
(  -0.168881  0.000000   0.180387  0.000000  -0.068278  0.000000 )
(   0.000641  0.000000  -0.466675  0.000000  -0.134760  0.000000 )
(   0.168881  0.000000  -0.180387  0.000000   0.068278  0.000000 )
(  -0.163172  0.000000  -0.177830  0.000000   0.066481  0.000000 )
   freq (   10) =    29.19404436 [THz] =   973.80835983 [cm-1]
(   0.000000  0.000000   0.000000  0.000000  -0.000000  0.000000 )
(   0.000000  0.000000   0.000000  0.000000  -0.498280  0.000000 )
(  -0.000000  0.000000  -0.000000  0.000000   0.498280  0.000000 )
(  -0.000000  0.000000  -0.000000  0.000000   0.205096  0.000000 )
(   0.000000  0.000000   0.000000  0.000000  -0.205096  0.000000 )
(  -0.020020  0.000000  -0.011559  0.000000  -0.263344  0.000000 )
(  -0.000000  0.000000   0.023117  0.000000  -0.263344  0.000000 )
(   0.020020  0.000000  -0.011559  0.000000  -0.263344  0.000000 )
(  -0.000000  0.000000  -0.023117  0.000000   0.263344  0.000000 )
(  -0.020020  0.000000   0.011559  0.000000   0.263344  0.000000 )
(   0.020020  0.000000   0.011559  0.000000   0.263344  0.000000 )
   freq (   11) =    29.29487315 [THz] =   977.17164592 [cm-1]
(   0.000000  0.000000  -0.000000  0.000000  -0.000000  0.000000 )
(   0.512553  0.000000   0.000768  0.000000   0.000000  0.000000 )
(  -0.512553  0.000000  -0.000768  0.000000  -0.000000  0.000000 )
(  -0.285377  0.000000  -0.000427  0.000000   0.000000  0.000000 )
(   0.285377  0.000000   0.000427  0.000000   0.000000  0.000000 )
(   0.205449  0.000000  -0.032762  0.000000   0.006724  0.000000 )
(   0.262875  0.000000   0.000279  0.000000  -0.000012  0.000000 )
(   0.205548  0.000000   0.033492  0.000000  -0.006713  0.000000 )
(  -0.262875  0.000000  -0.000279  0.000000   0.000012  0.000000 )
(  -0.205548  0.000000  -0.033492  0.000000   0.006713  0.000000 )
(  -0.205449  0.000000   0.032762  0.000000  -0.006724  0.000000 )
   freq (   12) =    29.29487315 [THz] =   977.17164592 [cm-1]
(   0.000000  0.000000  -0.000000  0.000000   0.000000  0.000000 )
(  -0.000768  0.000000   0.512553  0.000000   0.000000  0.000000 )
(   0.000768  0.000000  -0.512553  0.000000  -0.000000  0.000000 )
(   0.000427  0.000000  -0.285377  0.000000   0.000000  0.000000 )
(  -0.000427  0.000000   0.285377  0.000000  -0.000000  0.000000 )
(  -0.033434  0.000000   0.243799  0.000000   0.003869  0.000000 )
(  -0.000394  0.000000   0.186373  0.000000  -0.007758  0.000000 )
(   0.032819  0.000000   0.243700  0.000000   0.003889  0.000000 )
(   0.000394  0.000000  -0.186373  0.000000   0.007758  0.000000 )
(  -0.032819  0.000000  -0.243700  0.000000  -0.003889  0.000000 )
(   0.033434  0.000000  -0.243799  0.000000  -0.003869  0.000000 )
   freq (   13) =    32.22006782 [THz] =  1074.74562307 [cm-1]
(   0.000000  0.000000   0.000000  0.000000  -0.000000  0.000000 )
(   0.021923  0.000000  -0.000017  0.000000   0.000000  0.000000 )
(  -0.021923  0.000000   0.000017  0.000000   0.000000  0.000000 )
(   0.414005  0.000000  -0.000325  0.000000  -0.000000  0.000000 )
(  -0.414005  0.000000   0.000325  0.000000  -0.000000  0.000000 )
(   0.151300  0.000000  -0.000341  0.000000   0.359925  0.000000 )
(   0.151684  0.000000  -0.000119  0.000000   0.000326  0.000000 )
(   0.151300  0.000000   0.000103  0.000000  -0.360252  0.000000 )
(  -0.151684  0.000000   0.000119  0.000000  -0.000326  0.000000 )
(  -0.151300  0.000000  -0.000103  0.000000   0.360252  0.000000 )
(  -0.151300  0.000000   0.000341  0.000000  -0.359925  0.000000 )
   freq (   14) =    32.22006782 [THz] =  1074.74562307 [cm-1]
(   0.000000  0.000000  -0.000000  0.000000   0.000000  0.000000 )
(  -0.000017  0.000000  -0.021923  0.000000  -0.000000  0.000000 )
(   0.000017  0.000000   0.021923  0.000000   0.000000  0.000000 )
(  -0.000325  0.000000  -0.414005  0.000000  -0.000000  0.000000 )
(   0.000325  0.000000   0.414005  0.000000   0.000000  0.000000 )
(   0.000103  0.000000  -0.151556  0.000000  -0.208180  0.000000 )
(  -0.000119  0.000000  -0.151172  0.000000   0.415794  0.000000 )
(  -0.000341  0.000000  -0.151556  0.000000  -0.207615  0.000000 )
(   0.000119  0.000000   0.151172  0.000000  -0.415794  0.000000 )
(   0.000341  0.000000   0.151556  0.000000   0.207615  0.000000 )
(  -0.000103  0.000000   0.151556  0.000000   0.208180  0.000000 )
   freq (   15) =    32.42334177 [THz] =  1081.52611127 [cm-1]
(   0.000000  0.000000  -0.000000  0.000000   0.000000  0.000000 )
(  -0.000000  0.000000   0.000000  0.000000  -0.000000  0.000000 )
(   0.000000  0.000000   0.000000  0.000000   0.000000  0.000000 )
(   0.000000  0.000000  -0.000000  0.000000   0.000000  0.000000 )
(  -0.000000  0.000000   0.000000  0.000000  -0.000000  0.000000 )
(  -0.204124  0.000000   0.353553  0.000000  -0.000000  0.000000 )
(   0.408248  0.000000  -0.000000  0.000000   0.000000  0.000000 )
(  -0.204124  0.000000  -0.353553  0.000000   0.000000  0.000000 )
(  -0.408248  0.000000   0.000000  0.000000  -0.000000  0.000000 )
(   0.204124  0.000000   0.353553  0.000000  -0.000000  0.000000 )
(   0.204124  0.000000  -0.353553  0.000000   0.000000  0.000000 )
   freq (   16) =    33.22943178 [THz] =  1108.41437593 [cm-1]
(  -0.000290  0.000000   0.000000  0.000000  -0.000000  0.000000 )
(  -0.000359  0.000000   0.000000  0.000000  -0.000000  0.000000 )
(  -0.000359  0.000000   0.000000  0.000000  -0.000000  0.000000 )
(   0.420402  0.000000  -0.000000  0.000000   0.000000  0.000000 )
(   0.420402  0.000000  -0.000000  0.000000   0.000000  0.000000 )
(  -0.138398  0.000000  -0.008755  0.000000  -0.367161  0.000000 )
(  -0.123234  0.000000   0.000000  0.000000  -0.000000  0.000000 )
(  -0.138398  0.000000   0.008755  0.000000   0.367161  0.000000 )
(  -0.123234  0.000000   0.000000  0.000000  -0.000000  0.000000 )
(  -0.138398  0.000000   0.008755  0.000000   0.367161  0.000000 )
(  -0.138398  0.000000  -0.008755  0.000000  -0.367161  0.000000 )
   freq (   17) =    33.22943178 [THz] =  1108.41437593 [cm-1]
(   0.000000  0.000000   0.000290  0.000000  -0.000000  0.000000 )
(   0.000000  0.000000   0.000359  0.000000   0.000000  0.000000 )
(   0.000000  0.000000   0.000359  0.000000   0.000000  0.000000 )
(  -0.000000  0.000000  -0.420402  0.000000   0.000000  0.000000 )
(  -0.000000  0.000000  -0.420402  0.000000   0.000000  0.000000 )
(   0.008755  0.000000   0.128289  0.000000   0.211980  0.000000 )
(   0.000000  0.000000   0.143453  0.000000  -0.423961  0.000000 )
(  -0.008755  0.000000   0.128289  0.000000   0.211980  0.000000 )
(   0.000000  0.000000   0.143453  0.000000  -0.423961  0.000000 )
(  -0.008755  0.000000   0.128289  0.000000   0.211980  0.000000 )
(   0.008755  0.000000   0.128289  0.000000   0.211980  0.000000 )
   freq (   18) =    33.37836020 [THz] =  1113.38209256 [cm-1]
(  -0.000000  0.000000   0.000000  0.000000   0.000000  0.000000 )
(   0.000000  0.000000  -0.000000  0.000000  -0.000000  0.000000 )
(   0.000000  0.000000  -0.000000  0.000000   0.000000  0.000000 )
(  -0.000000  0.000000  -0.000000  0.000000  -0.000000  0.000000 )
(  -0.000000  0.000000  -0.000000  0.000000  -0.000000  0.000000 )
(  -0.204124  0.000000   0.353553  0.000000  -0.000000  0.000000 )
(   0.408248  0.000000   0.000000  0.000000  -0.000000  0.000000 )
(  -0.204124  0.000000  -0.353553  0.000000   0.000000  0.000000 )
(   0.408248  0.000000   0.000000  0.000000  -0.000000  0.000000 )
(  -0.204124  0.000000  -0.353553  0.000000   0.000000  0.000000 )
(  -0.204124  0.000000   0.353553  0.000000  -0.000000  0.000000 )
   freq (   19) =    34.53625320 [THz] =  1152.00524031 [cm-1]
(   0.000752  0.000000   0.000000  0.000000  -0.000000  0.000000 )
(   0.074151  0.000000   0.000000  0.000000  -0.000000  0.000000 )
(   0.074151  0.000000   0.000000  0.000000  -0.000000  0.000000 )
(  -0.393894  0.000000  -0.000000  0.000000   0.000000  0.000000 )
(  -0.393894  0.000000  -0.000000  0.000000   0.000000  0.000000 )
(  -0.031719  0.000000  -0.209638  0.000000  -0.264220  0.000000 )
(   0.331385  0.000000  -0.000000  0.000000   0.000000  0.000000 )
(  -0.031719  0.000000   0.209638  0.000000   0.264220  0.000000 )
(   0.331385  0.000000  -0.000000  0.000000   0.000000  0.000000 )
(  -0.031719  0.000000   0.209638  0.000000   0.264220  0.000000 )
(  -0.031719  0.000000  -0.209638  0.000000  -0.264220  0.000000 )
   freq (   20) =    34.53625320 [THz] =  1152.00524031 [cm-1]
(   0.000000  0.000000  -0.000752  0.000000  -0.000000  0.000000 )
(   0.000000  0.000000  -0.074151  0.000000   0.000000  0.000000 )
(   0.000000  0.000000  -0.074151  0.000000   0.000000  0.000000 )
(  -0.000000  0.000000   0.393894  0.000000  -0.000000  0.000000 )
(  -0.000000  0.000000   0.393894  0.000000  -0.000000  0.000000 )
(   0.209638  0.000000  -0.210350  0.000000   0.152548  0.000000 )
(   0.000000  0.000000   0.152753  0.000000  -0.305095  0.000000 )
(  -0.209638  0.000000  -0.210350  0.000000   0.152548  0.000000 )
(   0.000000  0.000000   0.152753  0.000000  -0.305095  0.000000 )
(  -0.209638  0.000000  -0.210350  0.000000   0.152548  0.000000 )
(   0.209638  0.000000  -0.210350  0.000000   0.152548  0.000000 )
   freq (   21) =    35.52594311 [THz] =  1185.01773753 [cm-1]
(  -0.000000  0.000000  -0.000000  0.000000  -0.006550  0.000000 )
(  -0.000000  0.000000  -0.000000  0.000000  -0.509767  0.000000 )
(  -0.000000  0.000000  -0.000000  0.000000  -0.509767  0.000000 )
(   0.000000  0.000000   0.000000  0.000000   0.311164  0.000000 )
(  -0.000000  0.000000   0.000000  0.000000   0.311164  0.000000 )
(  -0.025067  0.000000  -0.014473  0.000000   0.216625  0.000000 )
(  -0.000000  0.000000   0.028945  0.000000   0.216625  0.000000 )
(   0.025067  0.000000  -0.014473  0.000000   0.216625  0.000000 )
(  -0.000000  0.000000   0.028945  0.000000   0.216625  0.000000 )
(   0.025067  0.000000  -0.014473  0.000000   0.216625  0.000000 )
(  -0.025067  0.000000  -0.014473  0.000000   0.216625  0.000000 )
   freq (   22) =    35.82950463 [THz] =  1195.14345825 [cm-1]
(   0.006532  0.000000  -0.000000  0.000000  -0.000000  0.000000 )
(   0.504829  0.000000  -0.000000  0.000000  -0.000000  0.000000 )
(   0.504829  0.000000  -0.000000  0.000000  -0.000000  0.000000 )
(  -0.151730  0.000000   0.000000  0.000000   0.000000  0.000000 )
(  -0.151730  0.000000   0.000000  0.000000   0.000000  0.000000 )
(  -0.271364  0.000000  -0.006316  0.000000   0.058853  0.000000 )
(  -0.260424  0.000000   0.000000  0.000000   0.000000  0.000000 )
(  -0.271364  0.000000   0.006316  0.000000  -0.058853  0.000000 )
(  -0.260424  0.000000   0.000000  0.000000   0.000000  0.000000 )
(  -0.271364  0.000000   0.006316  0.000000  -0.058853  0.000000 )
(  -0.271364  0.000000  -0.006316  0.000000   0.058853  0.000000 )
   freq (   23) =    35.82950463 [THz] =  1195.14345825 [cm-1]
(  -0.000000  0.000000  -0.006532  0.000000  -0.000000  0.000000 )
(  -0.000000  0.000000  -0.504829  0.000000  -0.000000  0.000000 )
(  -0.000000  0.000000  -0.504829  0.000000  -0.000000  0.000000 )
(   0.000000  0.000000   0.151730  0.000000   0.000000  0.000000 )
(   0.000000  0.000000   0.151730  0.000000   0.000000  0.000000 )
(   0.006316  0.000000   0.264070  0.000000  -0.033979  0.000000 )
(   0.000000  0.000000   0.275011  0.000000   0.067957  0.000000 )
(  -0.006316  0.000000   0.264070  0.000000  -0.033979  0.000000 )
(   0.000000  0.000000   0.275011  0.000000   0.067957  0.000000 )
(  -0.006316  0.000000   0.264070  0.000000  -0.033979  0.000000 )
(   0.006316  0.000000   0.264070  0.000000  -0.033979  0.000000 )
   freq (   24) =    43.03424706 [THz] =  1435.46776309 [cm-1]
(  -0.000000  0.000000  -0.000000  0.000000  -0.000000  0.000000 )
(  -0.024584  0.000000  -0.000012  0.000000  -0.000000  0.000000 )
(   0.024584  0.000000   0.000012  0.000000   0.000000  0.000000 )
(  -0.385714  0.000000  -0.000192  0.000000   0.000000  0.000000 )
(   0.385714  0.000000   0.000192  0.000000  -0.000000  0.000000 )
(  -0.006647  0.000000   0.185658  0.000000   0.294702  0.000000 )
(  -0.328499  0.000000   0.000050  0.000000  -0.000169  0.000000 )
(  -0.006832  0.000000  -0.185878  0.000000  -0.294532  0.000000 )
(   0.328499  0.000000  -0.000050  0.000000   0.000169  0.000000 )
(   0.006832  0.000000   0.185878  0.000000   0.294532  0.000000 )
(   0.006647  0.000000  -0.185658  0.000000  -0.294702  0.000000 )
   freq (   25) =    43.03424706 [THz] =  1435.46776309 [cm-1]
(  -0.000000  0.000000   0.000000  0.000000  -0.000000  0.000000 )
(  -0.000012  0.000000   0.024584  0.000000   0.000000  0.000000 )
(   0.000012  0.000000  -0.024584  0.000000  -0.000000  0.000000 )
(  -0.000192  0.000000   0.385714  0.000000  -0.000000  0.000000 )
(   0.000192  0.000000  -0.385714  0.000000   0.000000  0.000000 )
(  -0.185771  0.000000   0.221339  0.000000  -0.169951  0.000000 )
(  -0.000164  0.000000  -0.100513  0.000000   0.340195  0.000000 )
(   0.185764  0.000000   0.221154  0.000000  -0.170244  0.000000 )
(   0.000164  0.000000   0.100513  0.000000  -0.340195  0.000000 )
(  -0.185764  0.000000  -0.221154  0.000000   0.170244  0.000000 )
(   0.185771  0.000000  -0.221339  0.000000   0.169951  0.000000 )
   freq (   26) =    44.84080506 [THz] =  1495.72804277 [cm-1]
(  -0.000000  0.000000   0.000000  0.000000  -0.006289  0.000000 )
(  -0.000000  0.000000  -0.000000  0.000000   0.055814  0.000000 )
(   0.000000  0.000000  -0.000000  0.000000   0.055814  0.000000 )
(   0.000000  0.000000  -0.000000  0.000000  -0.424010  0.000000 )
(   0.000000  0.000000  -0.000000  0.000000  -0.424010  0.000000 )
(   0.160409  0.000000   0.092612  0.000000   0.267181  0.000000 )
(   0.000000  0.000000  -0.185224  0.000000   0.267181  0.000000 )
(  -0.160409  0.000000   0.092612  0.000000   0.267181  0.000000 )
(   0.000000  0.000000  -0.185224  0.000000   0.267181  0.000000 )
(  -0.160409  0.000000   0.092612  0.000000   0.267181  0.000000 )
(   0.160409  0.000000   0.092612  0.000000   0.267181  0.000000 )
   freq (   27) =    45.24300417 [THz] =  1509.14395912 [cm-1]
(  -0.006229  0.000000  -0.000000  0.000000   0.000000  0.000000 )
(   0.062487  0.000000   0.000000  0.000000  -0.000000  0.000000 )
(   0.062487  0.000000  -0.000000  0.000000   0.000000  0.000000 )
(   0.335789  0.000000   0.000000  0.000000   0.000000  0.000000 )
(   0.335789  0.000000   0.000000  0.000000  -0.000000  0.000000 )
(  -0.148621  0.000000  -0.275267  0.000000   0.199894  0.000000 )
(   0.328156  0.000000  -0.000000  0.000000   0.000000  0.000000 )
(  -0.148621  0.000000   0.275267  0.000000  -0.199894  0.000000 )
(   0.328156  0.000000  -0.000000  0.000000  -0.000000  0.000000 )
(  -0.148621  0.000000   0.275267  0.000000  -0.199894  0.000000 )
(  -0.148621  0.000000  -0.275267  0.000000   0.199894  0.000000 )
   freq (   28) =    45.24300417 [THz] =  1509.14395912 [cm-1]
(  -0.000000  0.000000   0.006229  0.000000   0.000000  0.000000 )
(   0.000000  0.000000  -0.062487  0.000000  -0.000000  0.000000 )
(  -0.000000  0.000000  -0.062487  0.000000  -0.000000  0.000000 )
(   0.000000  0.000000  -0.335789  0.000000   0.000000  0.000000 )
(  -0.000000  0.000000  -0.335789  0.000000   0.000000  0.000000 )
(   0.275267  0.000000  -0.169230  0.000000  -0.115409  0.000000 )
(  -0.000000  0.000000   0.307547  0.000000   0.230818  0.000000 )
(  -0.275267  0.000000  -0.169230  0.000000  -0.115409  0.000000 )
(   0.000000  0.000000   0.307547  0.000000   0.230818  0.000000 )
(  -0.275267  0.000000  -0.169230  0.000000  -0.115409  0.000000 )
(   0.275267  0.000000  -0.169230  0.000000  -0.115409  0.000000 )
   freq (   29) =    45.26492015 [THz] =  1509.87499732 [cm-1]
(  -0.000000  0.000000   0.000000  0.000000   0.000000  0.000000 )
(  -0.326845  0.000000  -0.001093  0.000000   0.000000  0.000000 )
(   0.326845  0.000000   0.001093  0.000000  -0.000000  0.000000 )
(  -0.303471  0.000000  -0.001015  0.000000  -0.000000  0.000000 )
(   0.303471  0.000000   0.001015  0.000000   0.000000  0.000000 )
(  -0.076007  0.000000  -0.247939  0.000000   0.141235  0.000000 )
(   0.355495  0.000000  -0.000732  0.000000  -0.000544  0.000000 )
(  -0.074344  0.000000   0.249357  0.000000  -0.140691  0.000000 )
(  -0.355495  0.000000   0.000732  0.000000   0.000544  0.000000 )
(   0.074344  0.000000  -0.249357  0.000000   0.140691  0.000000 )
(   0.076007  0.000000   0.247939  0.000000  -0.141235  0.000000 )
   freq (   30) =    45.26492015 [THz] =  1509.87499732 [cm-1]
(  -0.000000  0.000000   0.000000  0.000000   0.000000  0.000000 )
(   0.001093  0.000000  -0.326845  0.000000   0.000000  0.000000 )
(  -0.001093  0.000000   0.326845  0.000000  -0.000000  0.000000 )
(   0.001015  0.000000  -0.303471  0.000000  -0.000000  0.000000 )
(  -0.001015  0.000000   0.303471  0.000000   0.000000  0.000000 )
(  -0.248397  0.000000   0.212770  0.000000   0.080914  0.000000 )
(  -0.001189  0.000000  -0.218733  0.000000  -0.162770  0.000000 )
(   0.248899  0.000000   0.211107  0.000000   0.081856  0.000000 )
(   0.001189  0.000000   0.218733  0.000000   0.162770  0.000000 )
(  -0.248899  0.000000  -0.211107  0.000000  -0.081856  0.000000 )
(   0.248397  0.000000  -0.212770  0.000000  -0.080914  0.000000 )
   freq (   31) =    45.43532517 [THz] =  1515.55909614 [cm-1]
(   0.000000  0.000000  -0.000000  0.000000  -0.000000  0.000000 )
(  -0.000000  0.000000  -0.000000  0.000000  -0.326573  0.000000 )
(  -0.000000  0.000000   0.000000  0.000000   0.326573  0.000000 )
(  -0.000000  0.000000  -0.000000  0.000000   0.287644  0.000000 )
(  -0.000000  0.000000   0.000000  0.000000  -0.287644  0.000000 )
(   0.158604  0.000000   0.091570  0.000000   0.264569  0.000000 )
(  -0.000000  0.000000  -0.183140  0.000000   0.264569  0.000000 )
(  -0.158604  0.000000   0.091570  0.000000   0.264569  0.000000 )
(  -0.000000  0.000000   0.183140  0.000000  -0.264569  0.000000 )
(   0.158604  0.000000  -0.091570  0.000000  -0.264569  0.000000 )
(  -0.158604  0.000000  -0.091570  0.000000  -0.264569  0.000000 )
   freq (   32) =    46.32260504 [THz] =  1545.15556263 [cm-1]
(  -0.000000  0.000000  -0.000000  0.000000  -0.000460  0.000000 )
(   0.000000  0.000000   0.000000  0.000000   0.005783  0.000000 )
(  -0.000000  0.000000   0.000000  0.000000   0.005783  0.000000 )
(   0.000000  0.000000   0.000000  0.000000   0.299018  0.000000 )
(  -0.000000  0.000000   0.000000  0.000000   0.299018  0.000000 )
(   0.310519  0.000000   0.179278  0.000000  -0.091044  0.000000 )
(  -0.000000  0.000000  -0.358556  0.000000  -0.091044  0.000000 )
(  -0.310519  0.000000   0.179278  0.000000  -0.091044  0.000000 )
(   0.000000  0.000000  -0.358556  0.000000  -0.091044  0.000000 )
(  -0.310519  0.000000   0.179278  0.000000  -0.091044  0.000000 )
(   0.310519  0.000000   0.179278  0.000000  -0.091044  0.000000 )
   freq (   33) =    58.21453112 [THz] =  1941.82746215 [cm-1]
(   0.000000  0.000000   0.000000  0.000000   0.000000  0.000000 )
(  -0.000000  0.000000  -0.000000  0.000000  -0.010265  0.000000 )
(   0.000000  0.000000   0.000000  0.000000   0.010265  0.000000 )
(  -0.000000  0.000000  -0.000000  0.000000  -0.345458  0.000000 )
(   0.000000  0.000000   0.000000  0.000000   0.345458  0.000000 )
(   0.292549  0.000000   0.168903  0.000000  -0.112863  0.000000 )
(   0.000000  0.000000  -0.337806  0.000000  -0.112863  0.000000 )
(  -0.292549  0.000000   0.168903  0.000000  -0.112863  0.000000 )
(  -0.000000  0.000000   0.337806  0.000000   0.112863  0.000000 )
(   0.292549  0.000000  -0.168903  0.000000   0.112863  0.000000 )
(  -0.292549  0.000000  -0.168903  0.000000   0.112863  0.000000 )
***************************************************************************
