Dynamical matrix file
File generated with the CellConstructor by Lorenzo Monacelli
2 11 0     1.8897259890000000     0.0000000000000000     0.0000000000000000     0.0000000000000000     0.0000000000000000     0.0000000000000000
Basis vectors
    1.8010710001174204    -1.0398488267471848     2.9436817996605953
   -0.0000000000000029     2.0796976534943674     2.9436817996605975
   -1.8010710001174237    -1.0398488267471859     2.9436817996605935
	1  'La '  126604.5951757480361266
	2  'H '    918.7358275894680446
    1     1    -0.0000000000000009    -0.0000000000000001     4.4155227436287730
    2     2    -0.0000000000000009    -0.0000000000000012     2.2077853959365843
    3     2     0.0000000000000009     0.0000000000000012    -2.2077853959365843
    4     2    -0.0000000000000004    -0.0000000000000001     1.0605462631828075
    5     2     0.0000000000000004     0.0000000000000001    -1.0605462631828075
    6     2     0.9341084725569571     0.5393077775146657     6.2422274317863158
    7     2    -0.0000000000000018    -1.0786155550293355     6.2422274317863131
    8     2    -0.9341084725569591     0.5393077775146645     6.2422274317863131
    9     2    -0.0000000000000017     1.0786155550293337     2.5888180517930803
   10     2     0.9341084725569584    -0.5393077775146677     2.5888180517930812
   11     2    -0.9341084725569587    -0.5393077775146676     2.5888180517930803

     Dynamical Matrix in cartesian axes

     q = (     0.000000000000     0.000000000000     0.000000000000 )

    1    1
     0.6337349260398180     0.0000000000000000        0.0000000000000002     0.0000000000000000        0.0000000000000003     0.0000000000000000
     0.0000000000000002     0.0000000000000000        0.6337349260401079     0.0000000000000000       -0.0000000000000005     0.0000000000000000
     0.0000000000000002     0.0000000000000000       -0.0000000000000005     0.0000000000000000        0.6330953588083390     0.0000000000000000
    1    2
    -0.0313265918667013     0.0000000000000000       -0.0000000000000000     0.0000000000000000       -0.0000000000000000     0.0000000000000000
    -0.0000000000000000     0.0000000000000000       -0.0313265918667156     0.0000000000000000        0.0000000000000000     0.0000000000000000
    -0.0000000000000000     0.0000000000000000        0.0000000000000000     0.0000000000000000       -0.0303785885642195     0.0000000000000000
    1    3
    -0.0313265918667013     0.0000000000000000       -0.0000000000000000     0.0000000000000000       -0.0000000000000000     0.0000000000000000
    -0.0000000000000000     0.0000000000000000       -0.0313265918667156     0.0000000000000000        0.0000000000000000     0.0000000000000000
    -0.0000000000000000     0.0000000000000000        0.0000000000000000     0.0000000000000000       -0.0303785885642195     0.0000000000000000
    1    4
    -0.0935738727249910     0.0000000000000000       -0.0000000000000000     0.0000000000000000       -0.0000000000000001     0.0000000000000000
    -0.0000000000000000     0.0000000000000000       -0.0935738727250338     0.0000000000000000       -0.0000000000000000     0.0000000000000000
    -0.0000000000000001     0.0000000000000000       -0.0000000000000000     0.0000000000000000       -0.0272738215408045     0.0000000000000000
    1    5
    -0.0935738727249910     0.0000000000000000       -0.0000000000000000     0.0000000000000000       -0.0000000000000001     0.0000000000000000
    -0.0000000000000000     0.0000000000000000       -0.0935738727250338     0.0000000000000000       -0.0000000000000000     0.0000000000000000
    -0.0000000000000001     0.0000000000000000       -0.0000000000000000     0.0000000000000000       -0.0272738215408045     0.0000000000000000
    1    6
    -0.0493469338522292     0.0000000000000000        0.0253608015882597     0.0000000000000000       -0.0169625698001458     0.0000000000000000
     0.0253608015882597     0.0000000000000000       -0.0786310650999512     0.0000000000000000       -0.0097933442402641     0.0000000000000000
    -0.0182457906079259     0.0000000000000000       -0.0105342121190659     0.0000000000000000       -0.0862984230997153     0.0000000000000000
    1    7
    -0.0932731307237583     0.0000000000000000       -0.0000000000000001     0.0000000000000000       -0.0000000000000001     0.0000000000000000
    -0.0000000000000001     0.0000000000000000       -0.0347048682284020     0.0000000000000000        0.0195866884805285     0.0000000000000000
    -0.0000000000000000     0.0000000000000000        0.0210684242381321     0.0000000000000000       -0.0862984230997152     0.0000000000000000
    1    8
    -0.0493469338522292     0.0000000000000000       -0.0253608015882597     0.0000000000000000        0.0169625698001458     0.0000000000000000
    -0.0253608015882597     0.0000000000000000       -0.0786310650999512     0.0000000000000000       -0.0097933442402642     0.0000000000000000
     0.0182457906079259     0.0000000000000000       -0.0105342121190659     0.0000000000000000       -0.0862984230997152     0.0000000000000000
    1    9
    -0.0932731307237583     0.0000000000000000       -0.0000000000000000     0.0000000000000000       -0.0000000000000000     0.0000000000000000
    -0.0000000000000000     0.0000000000000000       -0.0347048682284020     0.0000000000000000        0.0195866884805285     0.0000000000000000
    -0.0000000000000001     0.0000000000000000        0.0210684242381321     0.0000000000000000       -0.0862984230997152     0.0000000000000000
    1   10
    -0.0493469338522292     0.0000000000000000       -0.0253608015882597     0.0000000000000000        0.0169625698001458     0.0000000000000000
    -0.0253608015882597     0.0000000000000000       -0.0786310650999512     0.0000000000000000       -0.0097933442402642     0.0000000000000000
     0.0182457906079259     0.0000000000000000       -0.0105342121190659     0.0000000000000000       -0.0862984230997152     0.0000000000000000
    1   11
    -0.0493469338522292     0.0000000000000000        0.0253608015882596     0.0000000000000000       -0.0169625698001458     0.0000000000000000
     0.0253608015882597     0.0000000000000000       -0.0786310650999511     0.0000000000000000       -0.0097933442402642     0.0000000000000000
    -0.0182457906079259     0.0000000000000000       -0.0105342121190659     0.0000000000000000       -0.0862984230997153     0.0000000000000000
    2    1
    -0.0313265918667013     0.0000000000000000       -0.0000000000000000     0.0000000000000000       -0.0000000000000000     0.0000000000000000
    -0.0000000000000000     0.0000000000000000       -0.0313265918667156     0.0000000000000000        0.0000000000000000     0.0000000000000000
    -0.0000000000000000     0.0000000000000000        0.0000000000000000     0.0000000000000000       -0.0303785885642195     0.0000000000000000
    2    2
     0.0867024599388475     0.0000000000000000        0.0000000000000000     0.0000000000000000        0.0000000000000000     0.0000000000000000
     0.0000000000000000     0.0000000000000000        0.0867024599388872     0.0000000000000000       -0.0000000000000001     0.0000000000000000
     0.0000000000000000     0.0000000000000000       -0.0000000000000001     0.0000000000000000        0.0864228222099779     0.0000000000000000
    2    3
    -0.0051224996049115     0.0000000000000000       -0.0000000000000000     0.0000000000000000       -0.0000000000000000     0.0000000000000000
    -0.0000000000000000     0.0000000000000000       -0.0051224996049139     0.0000000000000000        0.0000000000000000     0.0000000000000000
    -0.0000000000000000     0.0000000000000000        0.0000000000000000     0.0000000000000000       -0.0061895780023439     0.0000000000000000
    2    4
     0.0070879193512675     0.0000000000000000        0.0000000000000000     0.0000000000000000        0.0000000000000000     0.0000000000000000
     0.0000000000000000     0.0000000000000000        0.0070879193512707     0.0000000000000000        0.0000000000000000     0.0000000000000000
     0.0000000000000000     0.0000000000000000        0.0000000000000000     0.0000000000000000       -0.0244391004008964     0.0000000000000000
    2    5
    -0.0150724789958523     0.0000000000000000       -0.0000000000000000     0.0000000000000000       -0.0000000000000000     0.0000000000000000
    -0.0000000000000000     0.0000000000000000       -0.0150724789958592     0.0000000000000000       -0.0000000000000000     0.0000000000000000
    -0.0000000000000000     0.0000000000000000       -0.0000000000000000     0.0000000000000000        0.0022223794677253     0.0000000000000000
    2    6
    -0.0040968533174190     0.0000000000000000        0.0063249269030033     0.0000000000000000       -0.0052578589353820     0.0000000000000000
     0.0063249269030033     0.0000000000000000       -0.0114002498175299     0.0000000000000000       -0.0030356262717045     0.0000000000000000
    -0.0046418749005071     0.0000000000000000       -0.0026799877233530     0.0000000000000000       -0.0130850698080678     0.0000000000000000
    2    7
    -0.0150519480675776     0.0000000000000000       -0.0000000000000000     0.0000000000000000       -0.0000000000000000     0.0000000000000000
    -0.0000000000000000     0.0000000000000000       -0.0004451550673664     0.0000000000000000        0.0060712525434091     0.0000000000000000
    -0.0000000000000000     0.0000000000000000        0.0053599754467059     0.0000000000000000       -0.0130850698080678     0.0000000000000000
    2    8
    -0.0040968533174190     0.0000000000000000       -0.0063249269030033     0.0000000000000000        0.0052578589353820     0.0000000000000000
    -0.0063249269030033     0.0000000000000000       -0.0114002498175299     0.0000000000000000       -0.0030356262717045     0.0000000000000000
     0.0046418749005071     0.0000000000000000       -0.0026799877233530     0.0000000000000000       -0.0130850698080678     0.0000000000000000
    2    9
     0.0065073084114027     0.0000000000000000        0.0000000000000000     0.0000000000000000        0.0000000000000000     0.0000000000000000
     0.0000000000000000     0.0000000000000000       -0.0191894111582343     0.0000000000000000       -0.0086547793256017     0.0000000000000000
     0.0000000000000000     0.0000000000000000       -0.0088335788582288     0.0000000000000000        0.0038724249046534     0.0000000000000000
    2   10
    -0.0127652312658185     0.0000000000000000        0.0111270059706139     0.0000000000000000       -0.0074952587601177     0.0000000000000000
     0.0111270059706139     0.0000000000000000        0.0000831285189957     0.0000000000000000        0.0043273896628009     0.0000000000000000
    -0.0076501036975575     0.0000000000000000        0.0044167894291144     0.0000000000000000        0.0038724249046534     0.0000000000000000
    2   11
    -0.0127652312658184     0.0000000000000000       -0.0111270059706139     0.0000000000000000        0.0074952587601177     0.0000000000000000
    -0.0111270059706139     0.0000000000000000        0.0000831285189957     0.0000000000000000        0.0043273896628009     0.0000000000000000
     0.0076501036975575     0.0000000000000000        0.0044167894291144     0.0000000000000000        0.0038724249046534     0.0000000000000000
    3    1
    -0.0313265918667013     0.0000000000000000       -0.0000000000000000     0.0000000000000000       -0.0000000000000000     0.0000000000000000
    -0.0000000000000000     0.0000000000000000       -0.0313265918667156     0.0000000000000000        0.0000000000000000     0.0000000000000000
    -0.0000000000000000     0.0000000000000000        0.0000000000000000     0.0000000000000000       -0.0303785885642195     0.0000000000000000
    3    2
    -0.0051224996049115     0.0000000000000000       -0.0000000000000000     0.0000000000000000        0.0000000000000000     0.0000000000000000
    -0.0000000000000000     0.0000000000000000       -0.0051224996049139     0.0000000000000000        0.0000000000000000     0.0000000000000000
    -0.0000000000000000     0.0000000000000000        0.0000000000000000     0.0000000000000000       -0.0061895780023439     0.0000000000000000
    3    3
     0.0867024599388475     0.0000000000000000        0.0000000000000000     0.0000000000000000        0.0000000000000000     0.0000000000000000
     0.0000000000000000     0.0000000000000000        0.0867024599388872     0.0000000000000000       -0.0000000000000001     0.0000000000000000
     0.0000000000000000     0.0000000000000000       -0.0000000000000001     0.0000000000000000        0.0864228222099779     0.0000000000000000
    3    4
    -0.0150724789958523     0.0000000000000000       -0.0000000000000000     0.0000000000000000       -0.0000000000000000     0.0000000000000000
    -0.0000000000000000     0.0000000000000000       -0.0150724789958592     0.0000000000000000       -0.0000000000000000     0.0000000000000000
    -0.0000000000000000     0.0000000000000000       -0.0000000000000000     0.0000000000000000        0.0022223794677253     0.0000000000000000
    3    5
     0.0070879193512675     0.0000000000000000        0.0000000000000000     0.0000000000000000        0.0000000000000000     0.0000000000000000
     0.0000000000000000     0.0000000000000000        0.0070879193512707     0.0000000000000000        0.0000000000000000     0.0000000000000000
     0.0000000000000000     0.0000000000000000        0.0000000000000000     0.0000000000000000       -0.0244391004008964     0.0000000000000000
    3    6
    -0.0127652312658184     0.0000000000000000       -0.0111270059706139     0.0000000000000000        0.0074952587601177     0.0000000000000000
    -0.0111270059706139     0.0000000000000000        0.0000831285189957     0.0000000000000000        0.0043273896628009     0.0000000000000000
     0.0076501036975575     0.0000000000000000        0.0044167894291144     0.0000000000000000        0.0038724249046534     0.0000000000000000
    3    7
     0.0065073084114027     0.0000000000000000        0.0000000000000000     0.0000000000000000        0.0000000000000000     0.0000000000000000
     0.0000000000000000     0.0000000000000000       -0.0191894111582343     0.0000000000000000       -0.0086547793256017     0.0000000000000000
     0.0000000000000000     0.0000000000000000       -0.0088335788582288     0.0000000000000000        0.0038724249046534     0.0000000000000000
    3    8
    -0.0127652312658185     0.0000000000000000        0.0111270059706139     0.0000000000000000       -0.0074952587601177     0.0000000000000000
     0.0111270059706139     0.0000000000000000        0.0000831285189957     0.0000000000000000        0.0043273896628009     0.0000000000000000
    -0.0076501036975575     0.0000000000000000        0.0044167894291144     0.0000000000000000        0.0038724249046534     0.0000000000000000
    3    9
    -0.0150519480675776     0.0000000000000000       -0.0000000000000000     0.0000000000000000       -0.0000000000000000     0.0000000000000000
    -0.0000000000000000     0.0000000000000000       -0.0004451550673664     0.0000000000000000        0.0060712525434091     0.0000000000000000
    -0.0000000000000000     0.0000000000000000        0.0053599754467059     0.0000000000000000       -0.0130850698080678     0.0000000000000000
    3   10
    -0.0040968533174190     0.0000000000000000       -0.0063249269030033     0.0000000000000000        0.0052578589353820     0.0000000000000000
    -0.0063249269030033     0.0000000000000000       -0.0114002498175299     0.0000000000000000       -0.0030356262717045     0.0000000000000000
     0.0046418749005071     0.0000000000000000       -0.0026799877233530     0.0000000000000000       -0.0130850698080678     0.0000000000000000
    3   11
    -0.0040968533174190     0.0000000000000000        0.0063249269030033     0.0000000000000000       -0.0052578589353820     0.0000000000000000
     0.0063249269030033     0.0000000000000000       -0.0114002498175299     0.0000000000000000       -0.0030356262717045     0.0000000000000000
    -0.0046418749005071     0.0000000000000000       -0.0026799877233530     0.0000000000000000       -0.0130850698080678     0.0000000000000000
    4    1
    -0.0935738727249910     0.0000000000000000       -0.0000000000000000     0.0000000000000000       -0.0000000000000001     0.0000000000000000
    -0.0000000000000000     0.0000000000000000       -0.0935738727250338     0.0000000000000000       -0.0000000000000000     0.0000000000000000
    -0.0000000000000001     0.0000000000000000       -0.0000000000000000     0.0000000000000000       -0.0272738215408045     0.0000000000000000
    4    2
     0.0070879193512675     0.0000000000000000        0.0000000000000000     0.0000000000000000        0.0000000000000000     0.0000000000000000
     0.0000000000000000     0.0000000000000000        0.0070879193512707     0.0000000000000000        0.0000000000000000     0.0000000000000000
     0.0000000000000000     0.0000000000000000        0.0000000000000000     0.0000000000000000       -0.0244391004008964     0.0000000000000000
    4    3
    -0.0150724789958523     0.0000000000000000       -0.0000000000000000     0.0000000000000000       -0.0000000000000000     0.0000000000000000
    -0.0000000000000000     0.0000000000000000       -0.0150724789958592     0.0000000000000000       -0.0000000000000000     0.0000000000000000
    -0.0000000000000000     0.0000000000000000       -0.0000000000000000     0.0000000000000000        0.0022223794677253     0.0000000000000000
    4    4
     0.1158132013404274     0.0000000000000000        0.0000000000000000     0.0000000000000000        0.0000000000000000     0.0000000000000000
     0.0000000000000000     0.0000000000000000        0.1158132013404803     0.0000000000000000       -0.0000000000000001     0.0000000000000000
     0.0000000000000000     0.0000000000000000       -0.0000000000000001     0.0000000000000000        0.1342975170897258     0.0000000000000000
    4    5
    -0.0062007871580626     0.0000000000000000       -0.0000000000000000     0.0000000000000000       -0.0000000000000000     0.0000000000000000
    -0.0000000000000000     0.0000000000000000       -0.0062007871580654     0.0000000000000000        0.0000000000000000     0.0000000000000000
    -0.0000000000000000     0.0000000000000000        0.0000000000000000     0.0000000000000000       -0.0028070476159572     0.0000000000000000
    4    6
    -0.0008530712183010     0.0000000000000000       -0.0048204334683476     0.0000000000000000       -0.0055358080708740     0.0000000000000000
    -0.0048204334683476     0.0000000000000000        0.0047130859028223     0.0000000000000000       -0.0031961002799019     0.0000000000000000
    -0.0146077699923304     0.0000000000000000       -0.0084337999373340     0.0000000000000000        0.0043817062847340     0.0000000000000000
    4    7
     0.0074961644633807     0.0000000000000000       -0.0000000000000000     0.0000000000000000        0.0000000000000000     0.0000000000000000
     0.0000000000000000     0.0000000000000000       -0.0036361497788632     0.0000000000000000        0.0063922005598038     0.0000000000000000
     0.0000000000000000     0.0000000000000000        0.0168675998746680     0.0000000000000000        0.0043817062847340     0.0000000000000000
    4    8
    -0.0008530712183010     0.0000000000000000        0.0048204334683476     0.0000000000000000        0.0055358080708739     0.0000000000000000
     0.0048204334683476     0.0000000000000000        0.0047130859028223     0.0000000000000000       -0.0031961002799019     0.0000000000000000
     0.0146077699923304     0.0000000000000000       -0.0084337999373340     0.0000000000000000        0.0043817062847340     0.0000000000000000
    4    9
     0.0057261037150395     0.0000000000000000        0.0000000000000000     0.0000000000000000        0.0000000000000000     0.0000000000000000
     0.0000000000000000     0.0000000000000000       -0.0149554396080913     0.0000000000000000       -0.0205191474796507     0.0000000000000000
     0.0000000000000000     0.0000000000000000       -0.0252914212980874     0.0000000000000000       -0.0317150152846650     0.0000000000000000
    4   10
    -0.0097850537773035     0.0000000000000000        0.0089553709536490     0.0000000000000000       -0.0177701029813729     0.0000000000000000
     0.0089553709536490     0.0000000000000000        0.0005557178842587     0.0000000000000000        0.0102595737398254     0.0000000000000000
    -0.0219030133419535     0.0000000000000000        0.0126457106490438     0.0000000000000000       -0.0317150152846651     0.0000000000000000
    4   11
    -0.0097850537773035     0.0000000000000000       -0.0089553709536490     0.0000000000000000        0.0177701029813729     0.0000000000000000
    -0.0089553709536490     0.0000000000000000        0.0005557178842587     0.0000000000000000        0.0102595737398254     0.0000000000000000
     0.0219030133419535     0.0000000000000000        0.0126457106490438     0.0000000000000000       -0.0317150152846650     0.0000000000000000
    5    1
    -0.0935738727249910     0.0000000000000000       -0.0000000000000000     0.0000000000000000       -0.0000000000000001     0.0000000000000000
    -0.0000000000000000     0.0000000000000000       -0.0935738727250338     0.0000000000000000       -0.0000000000000000     0.0000000000000000
    -0.0000000000000001     0.0000000000000000       -0.0000000000000000     0.0000000000000000       -0.0272738215408045     0.0000000000000000
    5    2
    -0.0150724789958523     0.0000000000000000       -0.0000000000000000     0.0000000000000000       -0.0000000000000000     0.0000000000000000
    -0.0000000000000000     0.0000000000000000       -0.0150724789958592     0.0000000000000000       -0.0000000000000000     0.0000000000000000
    -0.0000000000000000     0.0000000000000000       -0.0000000000000000     0.0000000000000000        0.0022223794677253     0.0000000000000000
    5    3
     0.0070879193512675     0.0000000000000000        0.0000000000000000     0.0000000000000000        0.0000000000000000     0.0000000000000000
     0.0000000000000000     0.0000000000000000        0.0070879193512707     0.0000000000000000        0.0000000000000000     0.0000000000000000
     0.0000000000000000     0.0000000000000000        0.0000000000000000     0.0000000000000000       -0.0244391004008964     0.0000000000000000
    5    4
    -0.0062007871580626     0.0000000000000000       -0.0000000000000000     0.0000000000000000       -0.0000000000000000     0.0000000000000000
    -0.0000000000000000     0.0000000000000000       -0.0062007871580654     0.0000000000000000        0.0000000000000000     0.0000000000000000
    -0.0000000000000000     0.0000000000000000        0.0000000000000000     0.0000000000000000       -0.0028070476159572     0.0000000000000000
    5    5
     0.1158132013404274     0.0000000000000000        0.0000000000000000     0.0000000000000000        0.0000000000000000     0.0000000000000000
     0.0000000000000000     0.0000000000000000        0.1158132013404803     0.0000000000000000       -0.0000000000000001     0.0000000000000000
     0.0000000000000000     0.0000000000000000       -0.0000000000000001     0.0000000000000000        0.1342975170897258     0.0000000000000000
    5    6
    -0.0097850537773035     0.0000000000000000       -0.0089553709536490     0.0000000000000000        0.0177701029813729     0.0000000000000000
    -0.0089553709536490     0.0000000000000000        0.0005557178842587     0.0000000000000000        0.0102595737398254     0.0000000000000000
     0.0219030133419535     0.0000000000000000        0.0126457106490438     0.0000000000000000       -0.0317150152846650     0.0000000000000000
    5    7
     0.0057261037150395     0.0000000000000000        0.0000000000000000     0.0000000000000000        0.0000000000000000     0.0000000000000000
     0.0000000000000000     0.0000000000000000       -0.0149554396080913     0.0000000000000000       -0.0205191474796507     0.0000000000000000
     0.0000000000000000     0.0000000000000000       -0.0252914212980874     0.0000000000000000       -0.0317150152846650     0.0000000000000000
    5    8
    -0.0097850537773035     0.0000000000000000        0.0089553709536490     0.0000000000000000       -0.0177701029813729     0.0000000000000000
     0.0089553709536490     0.0000000000000000        0.0005557178842587     0.0000000000000000        0.0102595737398254     0.0000000000000000
    -0.0219030133419535     0.0000000000000000        0.0126457106490438     0.0000000000000000       -0.0317150152846650     0.0000000000000000
    5    9
     0.0074961644633807     0.0000000000000000       -0.0000000000000000     0.0000000000000000        0.0000000000000000     0.0000000000000000
     0.0000000000000000     0.0000000000000000       -0.0036361497788632     0.0000000000000000        0.0063922005598038     0.0000000000000000
    -0.0000000000000000     0.0000000000000000        0.0168675998746680     0.0000000000000000        0.0043817062847340     0.0000000000000000
    5   10
    -0.0008530712183010     0.0000000000000000        0.0048204334683476     0.0000000000000000        0.0055358080708739     0.0000000000000000
     0.0048204334683476     0.0000000000000000        0.0047130859028223     0.0000000000000000       -0.0031961002799019     0.0000000000000000
     0.0146077699923304     0.0000000000000000       -0.0084337999373340     0.0000000000000000        0.0043817062847340     0.0000000000000000
    5   11
    -0.0008530712183010     0.0000000000000000       -0.0048204334683476     0.0000000000000000       -0.0055358080708740     0.0000000000000000
    -0.0048204334683476     0.0000000000000000        0.0047130859028223     0.0000000000000000       -0.0031961002799019     0.0000000000000000
    -0.0146077699923304     0.0000000000000000       -0.0084337999373340     0.0000000000000000        0.0043817062847340     0.0000000000000000
    6    1
    -0.0493469338522291     0.0000000000000000        0.0253608015882597     0.0000000000000000       -0.0182457906079259     0.0000000000000000
     0.0253608015882596     0.0000000000000000       -0.0786310650999511     0.0000000000000000       -0.0105342121190659     0.0000000000000000
    -0.0169625698001458     0.0000000000000000       -0.0097933442402641     0.0000000000000000       -0.0862984230997153     0.0000000000000000
    6    2
    -0.0040968533174190     0.0000000000000000        0.0063249269030033     0.0000000000000000       -0.0046418749005071     0.0000000000000000
     0.0063249269030033     0.0000000000000000       -0.0114002498175299     0.0000000000000000       -0.0026799877233530     0.0000000000000000
    -0.0052578589353820     0.0000000000000000       -0.0030356262717045     0.0000000000000000       -0.0130850698080678     0.0000000000000000
    6    3
    -0.0127652312658184     0.0000000000000000       -0.0111270059706139     0.0000000000000000        0.0076501036975575     0.0000000000000000
    -0.0111270059706139     0.0000000000000000        0.0000831285189957     0.0000000000000000        0.0044167894291144     0.0000000000000000
     0.0074952587601177     0.0000000000000000        0.0043273896628009     0.0000000000000000        0.0038724249046534     0.0000000000000000
    6    4
    -0.0008530712183010     0.0000000000000000       -0.0048204334683476     0.0000000000000000       -0.0146077699923304     0.0000000000000000
    -0.0048204334683476     0.0000000000000000        0.0047130859028223     0.0000000000000000       -0.0084337999373340     0.0000000000000000
    -0.0055358080708740     0.0000000000000000       -0.0031961002799019     0.0000000000000000        0.0043817062847340     0.0000000000000000
    6    5
    -0.0097850537773036     0.0000000000000000       -0.0089553709536490     0.0000000000000000        0.0219030133419535     0.0000000000000000
    -0.0089553709536490     0.0000000000000000        0.0005557178842587     0.0000000000000000        0.0126457106490438     0.0000000000000000
     0.0177701029813729     0.0000000000000000        0.0102595737398254     0.0000000000000000       -0.0317150152846650     0.0000000000000000
    6    6
     0.1260776646259178     0.0000000000000000        0.0050173350309042     0.0000000000000000       -0.0041309553859936     0.0000000000000000
     0.0050173350309042     0.0000000000000000        0.1202841451645601     0.0000000000000000       -0.0023850082041144     0.0000000000000000
    -0.0041309553859936     0.0000000000000000       -0.0023850082041144     0.0000000000000000        0.1180087179853836     0.0000000000000000
    6    7
    -0.0096387829397608     0.0000000000000000       -0.0237161697041745     0.0000000000000000        0.0012602372382576     0.0000000000000000
    -0.0202723281933004     0.0000000000000000       -0.0350355540421255     0.0000000000000000       -0.0019737797393960     0.0000000000000000
     0.0023394620149204     0.0000000000000000       -0.0001045075934285     0.0000000000000000        0.0045265830822137     0.0000000000000000
    6    8
    -0.0477339395932837     0.0000000000000000        0.0017219207554370     0.0000000000000000       -0.0010792247766628     0.0000000000000000
    -0.0017219207554371     0.0000000000000000        0.0030596026114149     0.0000000000000000        0.0020782873328245     0.0000000000000000
     0.0010792247766627     0.0000000000000000        0.0020782873328245     0.0000000000000000        0.0045265830822137     0.0000000000000000
    6    9
    -0.0018839613588546     0.0000000000000000        0.0127045225522458     0.0000000000000000        0.0099309271281331     0.0000000000000000
     0.0040257326925788     0.0000000000000000        0.0077752560103574     0.0000000000000000       -0.0023891804785196     0.0000000000000000
     0.0070345545526899     0.0000000000000000       -0.0074058449368375     0.0000000000000000        0.0002753285303522     0.0000000000000000
    6   10
     0.0126048646949580     0.0000000000000000       -0.0043393949298335     0.0000000000000000        0.0028963725754432     0.0000000000000000
     0.0043393949298335     0.0000000000000000       -0.0067135700434619     0.0000000000000000        0.0097950254153571     0.0000000000000000
    -0.0028963725754432     0.0000000000000000        0.0097950254153571     0.0000000000000000        0.0002753285303522     0.0000000000000000
    6   11
    -0.0025787019979055     0.0000000000000000        0.0018288681967686     0.0000000000000000       -0.0009350383179251     0.0000000000000000
     0.0018288681967686     0.0000000000000000       -0.0046904970893405     0.0000000000000000       -0.0005398446245568     0.0000000000000000
    -0.0009350383179251     0.0000000000000000       -0.0005398446245568     0.0000000000000000       -0.0047681642074547     0.0000000000000000
    7    1
    -0.0932731307237583     0.0000000000000000       -0.0000000000000000     0.0000000000000000       -0.0000000000000001     0.0000000000000000
    -0.0000000000000000     0.0000000000000000       -0.0347048682284020     0.0000000000000000        0.0210684242381321     0.0000000000000000
    -0.0000000000000000     0.0000000000000000        0.0195866884805285     0.0000000000000000       -0.0862984230997152     0.0000000000000000
    7    2
    -0.0150519480675776     0.0000000000000000       -0.0000000000000000     0.0000000000000000       -0.0000000000000000     0.0000000000000000
    -0.0000000000000000     0.0000000000000000       -0.0004451550673664     0.0000000000000000        0.0053599754467059     0.0000000000000000
    -0.0000000000000000     0.0000000000000000        0.0060712525434091     0.0000000000000000       -0.0130850698080678     0.0000000000000000
    7    3
     0.0065073084114027     0.0000000000000000        0.0000000000000000     0.0000000000000000        0.0000000000000000     0.0000000000000000
     0.0000000000000000     0.0000000000000000       -0.0191894111582343     0.0000000000000000       -0.0088335788582288     0.0000000000000000
     0.0000000000000000     0.0000000000000000       -0.0086547793256017     0.0000000000000000        0.0038724249046534     0.0000000000000000
    7    4
     0.0074961644633807     0.0000000000000000        0.0000000000000000     0.0000000000000000       -0.0000000000000000     0.0000000000000000
    -0.0000000000000000     0.0000000000000000       -0.0036361497788632     0.0000000000000000        0.0168675998746680     0.0000000000000000
     0.0000000000000000     0.0000000000000000        0.0063922005598038     0.0000000000000000        0.0043817062847340     0.0000000000000000
    7    5
     0.0057261037150395     0.0000000000000000        0.0000000000000000     0.0000000000000000        0.0000000000000000     0.0000000000000000
     0.0000000000000000     0.0000000000000000       -0.0149554396080913     0.0000000000000000       -0.0252914212980874     0.0000000000000000
     0.0000000000000000     0.0000000000000000       -0.0205191474796507     0.0000000000000000       -0.0317150152846650     0.0000000000000000
    7    6
    -0.0096387829397608     0.0000000000000000       -0.0202723281933004     0.0000000000000000        0.0023394620149204     0.0000000000000000
    -0.0237161697041745     0.0000000000000000       -0.0350355540421255     0.0000000000000000       -0.0001045075934285     0.0000000000000000
     0.0012602372382576     0.0000000000000000       -0.0019737797393960     0.0000000000000000        0.0045265830822137     0.0000000000000000
    7    7
     0.1173873854337986     0.0000000000000000        0.0000000000000000     0.0000000000000000        0.0000000000000000     0.0000000000000000
     0.0000000000000000     0.0000000000000000        0.1289744243566832     0.0000000000000000        0.0047700164082286     0.0000000000000000
     0.0000000000000000     0.0000000000000000        0.0047700164082286     0.0000000000000000        0.1180087179853836     0.0000000000000000
    7    8
    -0.0096387829397608     0.0000000000000000        0.0202723281933004     0.0000000000000000       -0.0023394620149204     0.0000000000000000
     0.0237161697041745     0.0000000000000000       -0.0350355540421254     0.0000000000000000       -0.0001045075934285     0.0000000000000000
    -0.0012602372382576     0.0000000000000000       -0.0019737797393960     0.0000000000000000        0.0045265830822137     0.0000000000000000
    7    9
    -0.0057463946350548     0.0000000000000000       -0.0000000000000000     0.0000000000000000       -0.0000000000000000     0.0000000000000000
    -0.0000000000000000     0.0000000000000000       -0.0015228044521898     0.0000000000000000        0.0010796892491136     0.0000000000000000
    -0.0000000000000000     0.0000000000000000        0.0010796892491136     0.0000000000000000       -0.0047681642074547     0.0000000000000000
    7   10
    -0.0018839613588546     0.0000000000000000       -0.0040257326925788     0.0000000000000000       -0.0070345545526899     0.0000000000000000
    -0.0127045225522458     0.0000000000000000        0.0077752560103574     0.0000000000000000       -0.0074058449368375     0.0000000000000000
    -0.0099309271281331     0.0000000000000000       -0.0023891804785196     0.0000000000000000        0.0002753285303522     0.0000000000000000
    7   11
    -0.0018839613588546     0.0000000000000000        0.0040257326925788     0.0000000000000000        0.0070345545526899     0.0000000000000000
     0.0127045225522458     0.0000000000000000        0.0077752560103574     0.0000000000000000       -0.0074058449368375     0.0000000000000000
     0.0099309271281331     0.0000000000000000       -0.0023891804785196     0.0000000000000000        0.0002753285303522     0.0000000000000000
    8    1
    -0.0493469338522292     0.0000000000000000       -0.0253608015882597     0.0000000000000000        0.0182457906079259     0.0000000000000000
    -0.0253608015882597     0.0000000000000000       -0.0786310650999512     0.0000000000000000       -0.0105342121190659     0.0000000000000000
     0.0169625698001458     0.0000000000000000       -0.0097933442402642     0.0000000000000000       -0.0862984230997152     0.0000000000000000
    8    2
    -0.0040968533174190     0.0000000000000000       -0.0063249269030033     0.0000000000000000        0.0046418749005071     0.0000000000000000
    -0.0063249269030033     0.0000000000000000       -0.0114002498175299     0.0000000000000000       -0.0026799877233530     0.0000000000000000
     0.0052578589353820     0.0000000000000000       -0.0030356262717045     0.0000000000000000       -0.0130850698080678     0.0000000000000000
    8    3
    -0.0127652312658185     0.0000000000000000        0.0111270059706139     0.0000000000000000       -0.0076501036975575     0.0000000000000000
     0.0111270059706139     0.0000000000000000        0.0000831285189957     0.0000000000000000        0.0044167894291144     0.0000000000000000
    -0.0074952587601177     0.0000000000000000        0.0043273896628009     0.0000000000000000        0.0038724249046534     0.0000000000000000
    8    4
    -0.0008530712183010     0.0000000000000000        0.0048204334683476     0.0000000000000000        0.0146077699923304     0.0000000000000000
     0.0048204334683476     0.0000000000000000        0.0047130859028223     0.0000000000000000       -0.0084337999373340     0.0000000000000000
     0.0055358080708739     0.0000000000000000       -0.0031961002799019     0.0000000000000000        0.0043817062847340     0.0000000000000000
    8    5
    -0.0097850537773035     0.0000000000000000        0.0089553709536490     0.0000000000000000       -0.0219030133419536     0.0000000000000000
     0.0089553709536490     0.0000000000000000        0.0005557178842587     0.0000000000000000        0.0126457106490438     0.0000000000000000
    -0.0177701029813729     0.0000000000000000        0.0102595737398254     0.0000000000000000       -0.0317150152846650     0.0000000000000000
    8    6
    -0.0477339395932837     0.0000000000000000       -0.0017219207554371     0.0000000000000000        0.0010792247766627     0.0000000000000000
     0.0017219207554370     0.0000000000000000        0.0030596026114149     0.0000000000000000        0.0020782873328245     0.0000000000000000
    -0.0010792247766628     0.0000000000000000        0.0020782873328245     0.0000000000000000        0.0045265830822137     0.0000000000000000
    8    7
    -0.0096387829397608     0.0000000000000000        0.0237161697041745     0.0000000000000000       -0.0012602372382576     0.0000000000000000
     0.0202723281933004     0.0000000000000000       -0.0350355540421254     0.0000000000000000       -0.0019737797393960     0.0000000000000000
    -0.0023394620149204     0.0000000000000000       -0.0001045075934285     0.0000000000000000        0.0045265830822137     0.0000000000000000
    8    8
     0.1260776646259178     0.0000000000000000       -0.0050173350309041     0.0000000000000000        0.0041309553859937     0.0000000000000000
    -0.0050173350309041     0.0000000000000000        0.1202841451645601     0.0000000000000000       -0.0023850082041144     0.0000000000000000
     0.0041309553859937     0.0000000000000000       -0.0023850082041144     0.0000000000000000        0.1180087179853836     0.0000000000000000
    8    9
    -0.0018839613588546     0.0000000000000000       -0.0127045225522458     0.0000000000000000       -0.0099309271281331     0.0000000000000000
    -0.0040257326925788     0.0000000000000000        0.0077752560103574     0.0000000000000000       -0.0023891804785196     0.0000000000000000
    -0.0070345545526899     0.0000000000000000       -0.0074058449368375     0.0000000000000000        0.0002753285303522     0.0000000000000000
    8   10
    -0.0025787019979055     0.0000000000000000       -0.0018288681967686     0.0000000000000000        0.0009350383179251     0.0000000000000000
    -0.0018288681967686     0.0000000000000000       -0.0046904970893405     0.0000000000000000       -0.0005398446245568     0.0000000000000000
     0.0009350383179251     0.0000000000000000       -0.0005398446245568     0.0000000000000000       -0.0047681642074547     0.0000000000000000
    8   11
     0.0126048646949580     0.0000000000000000        0.0043393949298335     0.0000000000000000       -0.0028963725754432     0.0000000000000000
    -0.0043393949298335     0.0000000000000000       -0.0067135700434619     0.0000000000000000        0.0097950254153571     0.0000000000000000
     0.0028963725754432     0.0000000000000000        0.0097950254153571     0.0000000000000000        0.0002753285303522     0.0000000000000000
    9    1
    -0.0932731307237583     0.0000000000000000       -0.0000000000000000     0.0000000000000000       -0.0000000000000001     0.0000000000000000
    -0.0000000000000000     0.0000000000000000       -0.0347048682284020     0.0000000000000000        0.0210684242381321     0.0000000000000000
    -0.0000000000000000     0.0000000000000000        0.0195866884805285     0.0000000000000000       -0.0862984230997152     0.0000000000000000
    9    2
     0.0065073084114027     0.0000000000000000        0.0000000000000000     0.0000000000000000        0.0000000000000000     0.0000000000000000
     0.0000000000000000     0.0000000000000000       -0.0191894111582343     0.0000000000000000       -0.0088335788582288     0.0000000000000000
     0.0000000000000000     0.0000000000000000       -0.0086547793256017     0.0000000000000000        0.0038724249046534     0.0000000000000000
    9    3
    -0.0150519480675776     0.0000000000000000       -0.0000000000000000     0.0000000000000000       -0.0000000000000000     0.0000000000000000
    -0.0000000000000000     0.0000000000000000       -0.0004451550673664     0.0000000000000000        0.0053599754467059     0.0000000000000000
    -0.0000000000000000     0.0000000000000000        0.0060712525434091     0.0000000000000000       -0.0130850698080678     0.0000000000000000
    9    4
     0.0057261037150395     0.0000000000000000        0.0000000000000000     0.0000000000000000        0.0000000000000000     0.0000000000000000
     0.0000000000000000     0.0000000000000000       -0.0149554396080913     0.0000000000000000       -0.0252914212980874     0.0000000000000000
     0.0000000000000000     0.0000000000000000       -0.0205191474796507     0.0000000000000000       -0.0317150152846650     0.0000000000000000
    9    5
     0.0074961644633807     0.0000000000000000        0.0000000000000000     0.0000000000000000        0.0000000000000000     0.0000000000000000
    -0.0000000000000000     0.0000000000000000       -0.0036361497788632     0.0000000000000000        0.0168675998746680     0.0000000000000000
     0.0000000000000000     0.0000000000000000        0.0063922005598038     0.0000000000000000        0.0043817062847340     0.0000000000000000
    9    6
    -0.0018839613588546     0.0000000000000000        0.0040257326925788     0.0000000000000000        0.0070345545526899     0.0000000000000000
     0.0127045225522458     0.0000000000000000        0.0077752560103574     0.0000000000000000       -0.0074058449368375     0.0000000000000000
     0.0099309271281331     0.0000000000000000       -0.0023891804785196     0.0000000000000000        0.0002753285303522     0.0000000000000000
    9    7
    -0.0057463946350548     0.0000000000000000       -0.0000000000000000     0.0000000000000000       -0.0000000000000000     0.0000000000000000
    -0.0000000000000000     0.0000000000000000       -0.0015228044521898     0.0000000000000000        0.0010796892491136     0.0000000000000000
    -0.0000000000000000     0.0000000000000000        0.0010796892491136     0.0000000000000000       -0.0047681642074547     0.0000000000000000
    9    8
    -0.0018839613588546     0.0000000000000000       -0.0040257326925788     0.0000000000000000       -0.0070345545526899     0.0000000000000000
    -0.0127045225522458     0.0000000000000000        0.0077752560103574     0.0000000000000000       -0.0074058449368375     0.0000000000000000
    -0.0099309271281331     0.0000000000000000       -0.0023891804785196     0.0000000000000000        0.0002753285303522     0.0000000000000000
    9    9
     0.1173873854337986     0.0000000000000000        0.0000000000000000     0.0000000000000000        0.0000000000000000     0.0000000000000000
     0.0000000000000000     0.0000000000000000        0.1289744243566832     0.0000000000000000        0.0047700164082286     0.0000000000000000
     0.0000000000000000     0.0000000000000000        0.0047700164082286     0.0000000000000000        0.1180087179853836     0.0000000000000000
    9   10
    -0.0096387829397608     0.0000000000000000        0.0202723281933004     0.0000000000000000       -0.0023394620149204     0.0000000000000000
     0.0237161697041745     0.0000000000000000       -0.0350355540421254     0.0000000000000000       -0.0001045075934285     0.0000000000000000
    -0.0012602372382576     0.0000000000000000       -0.0019737797393960     0.0000000000000000        0.0045265830822137     0.0000000000000000
    9   11
    -0.0096387829397608     0.0000000000000000       -0.0202723281933004     0.0000000000000000        0.0023394620149204     0.0000000000000000
    -0.0237161697041745     0.0000000000000000       -0.0350355540421255     0.0000000000000000       -0.0001045075934285     0.0000000000000000
     0.0012602372382576     0.0000000000000000       -0.0019737797393960     0.0000000000000000        0.0045265830822137     0.0000000000000000
   10    1
    -0.0493469338522292     0.0000000000000000       -0.0253608015882597     0.0000000000000000        0.0182457906079259     0.0000000000000000
    -0.0253608015882597     0.0000000000000000       -0.0786310650999512     0.0000000000000000       -0.0105342121190659     0.0000000000000000
     0.0169625698001458     0.0000000000000000       -0.0097933442402642     0.0000000000000000       -0.0862984230997152     0.0000000000000000
   10    2
    -0.0127652312658185     0.0000000000000000        0.0111270059706139     0.0000000000000000       -0.0076501036975575     0.0000000000000000
     0.0111270059706139     0.0000000000000000        0.0000831285189957     0.0000000000000000        0.0044167894291144     0.0000000000000000
    -0.0074952587601177     0.0000000000000000        0.0043273896628009     0.0000000000000000        0.0038724249046534     0.0000000000000000
   10    3
    -0.0040968533174190     0.0000000000000000       -0.0063249269030033     0.0000000000000000        0.0046418749005071     0.0000000000000000
    -0.0063249269030033     0.0000000000000000       -0.0114002498175299     0.0000000000000000       -0.0026799877233530     0.0000000000000000
     0.0052578589353820     0.0000000000000000       -0.0030356262717045     0.0000000000000000       -0.0130850698080678     0.0000000000000000
   10    4
    -0.0097850537773035     0.0000000000000000        0.0089553709536490     0.0000000000000000       -0.0219030133419536     0.0000000000000000
     0.0089553709536490     0.0000000000000000        0.0005557178842587     0.0000000000000000        0.0126457106490438     0.0000000000000000
    -0.0177701029813729     0.0000000000000000        0.0102595737398254     0.0000000000000000       -0.0317150152846650     0.0000000000000000
   10    5
    -0.0008530712183010     0.0000000000000000        0.0048204334683476     0.0000000000000000        0.0146077699923304     0.0000000000000000
     0.0048204334683476     0.0000000000000000        0.0047130859028223     0.0000000000000000       -0.0084337999373340     0.0000000000000000
     0.0055358080708739     0.0000000000000000       -0.0031961002799019     0.0000000000000000        0.0043817062847340     0.0000000000000000
   10    6
     0.0126048646949580     0.0000000000000000        0.0043393949298335     0.0000000000000000       -0.0028963725754432     0.0000000000000000
    -0.0043393949298335     0.0000000000000000       -0.0067135700434619     0.0000000000000000        0.0097950254153571     0.0000000000000000
     0.0028963725754432     0.0000000000000000        0.0097950254153571     0.0000000000000000        0.0002753285303522     0.0000000000000000
   10    7
    -0.0018839613588546     0.0000000000000000       -0.0127045225522458     0.0000000000000000       -0.0099309271281331     0.0000000000000000
    -0.0040257326925788     0.0000000000000000        0.0077752560103574     0.0000000000000000       -0.0023891804785196     0.0000000000000000
    -0.0070345545526899     0.0000000000000000       -0.0074058449368375     0.0000000000000000        0.0002753285303522     0.0000000000000000
   10    8
    -0.0025787019979055     0.0000000000000000       -0.0018288681967686     0.0000000000000000        0.0009350383179251     0.0000000000000000
    -0.0018288681967686     0.0000000000000000       -0.0046904970893405     0.0000000000000000       -0.0005398446245568     0.0000000000000000
     0.0009350383179251     0.0000000000000000       -0.0005398446245568     0.0000000000000000       -0.0047681642074547     0.0000000000000000
   10    9
    -0.0096387829397608     0.0000000000000000        0.0237161697041745     0.0000000000000000       -0.0012602372382576     0.0000000000000000
     0.0202723281933004     0.0000000000000000       -0.0350355540421254     0.0000000000000000       -0.0019737797393960     0.0000000000000000
    -0.0023394620149204     0.0000000000000000       -0.0001045075934285     0.0000000000000000        0.0045265830822137     0.0000000000000000
   10   10
     0.1260776646259178     0.0000000000000000       -0.0050173350309041     0.0000000000000000        0.0041309553859937     0.0000000000000000
    -0.0050173350309041     0.0000000000000000        0.1202841451645601     0.0000000000000000       -0.0023850082041144     0.0000000000000000
     0.0041309553859937     0.0000000000000000       -0.0023850082041144     0.0000000000000000        0.1180087179853836     0.0000000000000000
   10   11
    -0.0477339395932837     0.0000000000000000       -0.0017219207554371     0.0000000000000000        0.0010792247766627     0.0000000000000000
     0.0017219207554370     0.0000000000000000        0.0030596026114149     0.0000000000000000        0.0020782873328245     0.0000000000000000
    -0.0010792247766628     0.0000000000000000        0.0020782873328245     0.0000000000000000        0.0045265830822137     0.0000000000000000
   11    1
    -0.0493469338522291     0.0000000000000000        0.0253608015882597     0.0000000000000000       -0.0182457906079259     0.0000000000000000
     0.0253608015882596     0.0000000000000000       -0.0786310650999511     0.0000000000000000       -0.0105342121190659     0.0000000000000000
    -0.0169625698001458     0.0000000000000000       -0.0097933442402641     0.0000000000000000       -0.0862984230997153     0.0000000000000000
   11    2
    -0.0127652312658184     0.0000000000000000       -0.0111270059706139     0.0000000000000000        0.0076501036975575     0.0000000000000000
    -0.0111270059706139     0.0000000000000000        0.0000831285189957     0.0000000000000000        0.0044167894291144     0.0000000000000000
     0.0074952587601177     0.0000000000000000        0.0043273896628009     0.0000000000000000        0.0038724249046534     0.0000000000000000
   11    3
    -0.0040968533174190     0.0000000000000000        0.0063249269030033     0.0000000000000000       -0.0046418749005071     0.0000000000000000
     0.0063249269030033     0.0000000000000000       -0.0114002498175299     0.0000000000000000       -0.0026799877233530     0.0000000000000000
    -0.0052578589353820     0.0000000000000000       -0.0030356262717045     0.0000000000000000       -0.0130850698080678     0.0000000000000000
   11    4
    -0.0097850537773036     0.0000000000000000       -0.0089553709536490     0.0000000000000000        0.0219030133419535     0.0000000000000000
    -0.0089553709536490     0.0000000000000000        0.0005557178842587     0.0000000000000000        0.0126457106490438     0.0000000000000000
     0.0177701029813729     0.0000000000000000        0.0102595737398254     0.0000000000000000       -0.0317150152846650     0.0000000000000000
   11    5
    -0.0008530712183010     0.0000000000000000       -0.0048204334683476     0.0000000000000000       -0.0146077699923304     0.0000000000000000
    -0.0048204334683476     0.0000000000000000        0.0047130859028223     0.0000000000000000       -0.0084337999373340     0.0000000000000000
    -0.0055358080708740     0.0000000000000000       -0.0031961002799019     0.0000000000000000        0.0043817062847340     0.0000000000000000
   11    6
    -0.0025787019979055     0.0000000000000000        0.0018288681967686     0.0000000000000000       -0.0009350383179251     0.0000000000000000
     0.0018288681967686     0.0000000000000000       -0.0046904970893405     0.0000000000000000       -0.0005398446245568     0.0000000000000000
    -0.0009350383179251     0.0000000000000000       -0.0005398446245568     0.0000000000000000       -0.0047681642074547     0.0000000000000000
   11    7
    -0.0018839613588546     0.0000000000000000        0.0127045225522458     0.0000000000000000        0.0099309271281331     0.0000000000000000
     0.0040257326925788     0.0000000000000000        0.0077752560103574     0.0000000000000000       -0.0023891804785196     0.0000000000000000
     0.0070345545526899     0.0000000000000000       -0.0074058449368375     0.0000000000000000        0.0002753285303522     0.0000000000000000
   11    8
     0.0126048646949580     0.0000000000000000       -0.0043393949298335     0.0000000000000000        0.0028963725754432     0.0000000000000000
     0.0043393949298335     0.0000000000000000       -0.0067135700434619     0.0000000000000000        0.0097950254153571     0.0000000000000000
    -0.0028963725754432     0.0000000000000000        0.0097950254153571     0.0000000000000000        0.0002753285303522     0.0000000000000000
   11    9
    -0.0096387829397608     0.0000000000000000       -0.0237161697041745     0.0000000000000000        0.0012602372382576     0.0000000000000000
    -0.0202723281933004     0.0000000000000000       -0.0350355540421255     0.0000000000000000       -0.0019737797393960     0.0000000000000000
     0.0023394620149204     0.0000000000000000       -0.0001045075934285     0.0000000000000000        0.0045265830822137     0.0000000000000000
   11   10
    -0.0477339395932837     0.0000000000000000        0.0017219207554370     0.0000000000000000       -0.0010792247766628     0.0000000000000000
    -0.0017219207554371     0.0000000000000000        0.0030596026114149     0.0000000000000000        0.0020782873328245     0.0000000000000000
     0.0010792247766627     0.0000000000000000        0.0020782873328245     0.0000000000000000        0.0045265830822137     0.0000000000000000
   11   11
     0.1260776646259178     0.0000000000000000        0.0050173350309042     0.0000000000000000       -0.0041309553859936     0.0000000000000000
     0.0050173350309042     0.0000000000000000        0.1202841451645601     0.0000000000000000       -0.0023850082041144     0.0000000000000000
    -0.0041309553859936     0.0000000000000000       -0.0023850082041144     0.0000000000000000        0.1180087179853836     0.0000000000000000

     Diagonalizing the dynamical matrix

     q = (     0.000000000000     0.000000000000     0.000000000000 )

***************************************************************************
   freq (    1) =    -0.00000021 [THz] =    -0.00000704 [cm-1]
(  -0.301511  0.000000  -0.000000  0.000000   0.000000  0.000000 )
(  -0.301511  0.000000  -0.000000  0.000000   0.000000  0.000000 )
(  -0.301511  0.000000  -0.000000  0.000000   0.000000  0.000000 )
(  -0.301511  0.000000  -0.000000  0.000000   0.000000  0.000000 )
(  -0.301511  0.000000  -0.000000  0.000000   0.000000  0.000000 )
(  -0.301511  0.000000  -0.000000  0.000000   0.000000  0.000000 )
(  -0.301511  0.000000  -0.000000  0.000000   0.000000  0.000000 )
(  -0.301511  0.000000  -0.000000  0.000000   0.000000  0.000000 )
(  -0.301511  0.000000  -0.000000  0.000000   0.000000  0.000000 )
(  -0.301511  0.000000  -0.000000  0.000000   0.000000  0.000000 )
(  -0.301511  0.000000  -0.000000  0.000000   0.000000  0.000000 )
   freq (    2) =     0.00000030 [THz] =     0.00000999 [cm-1]
(  -0.000000  0.000000  -0.111847  0.000000  -0.279999  0.000000 )
(   0.000000  0.000000  -0.111847  0.000000  -0.279999  0.000000 )
(   0.000000  0.000000  -0.111847  0.000000  -0.279999  0.000000 )
(   0.000000  0.000000  -0.111847  0.000000  -0.279999  0.000000 )
(   0.000000  0.000000  -0.111847  0.000000  -0.279999  0.000000 )
(   0.000000  0.000000  -0.111847  0.000000  -0.279999  0.000000 )
(   0.000000  0.000000  -0.111847  0.000000  -0.279999  0.000000 )
(   0.000000  0.000000  -0.111847  0.000000  -0.279999  0.000000 )
(  -0.000000  0.000000  -0.111847  0.000000  -0.279999  0.000000 )
(  -0.000000  0.000000  -0.111847  0.000000  -0.279999  0.000000 )
(  -0.000000  0.000000  -0.111847  0.000000  -0.279999  0.000000 )
   freq (    3) =     0.00000112 [THz] =     0.00003720 [cm-1]
(   0.000000  0.000000  -0.279999  0.000000   0.111847  0.000000 )
(  -0.000000  0.000000  -0.279999  0.000000   0.111847  0.000000 )
(  -0.000000  0.000000  -0.279999  0.000000   0.111847  0.000000 )
(   0.000000  0.000000  -0.279999  0.000000   0.111847  0.000000 )
(   0.000000  0.000000  -0.279999  0.000000   0.111847  0.000000 )
(   0.000000  0.000000  -0.279999  0.000000   0.111847  0.000000 )
(   0.000000  0.000000  -0.279999  0.000000   0.111847  0.000000 )
(  -0.000000  0.000000  -0.279999  0.000000   0.111847  0.000000 )
(   0.000000  0.000000  -0.279999  0.000000   0.111847  0.000000 )
(   0.000000  0.000000  -0.279999  0.000000   0.111847  0.000000 )
(   0.000000  0.000000  -0.279999  0.000000   0.111847  0.000000 )
   freq (    4) =    25.21871971 [THz] =   841.20582198 [cm-1]
(  -0.000000  0.000000  -0.000000  0.000000   0.020793  0.000000 )
(   0.000000  0.000000   0.000000  0.000000  -0.502577  0.000000 )
(   0.000000  0.000000   0.000000  0.000000  -0.502577  0.000000 )
(   0.000000  0.000000   0.000000  0.000000  -0.357566  0.000000 )
(   0.000000  0.000000   0.000000  0.000000  -0.357566  0.000000 )
(   0.050214  0.000000   0.028991  0.000000  -0.190841  0.000000 )
(   0.000000  0.000000  -0.057982  0.000000  -0.190841  0.000000 )
(  -0.050214  0.000000   0.028991  0.000000  -0.190841  0.000000 )
(   0.000000  0.000000  -0.057982  0.000000  -0.190841  0.000000 )
(  -0.050214  0.000000   0.028991  0.000000  -0.190841  0.000000 )
(   0.050214  0.000000   0.028991  0.000000  -0.190841  0.000000 )
   freq (    5) =    25.40936461 [THz] =   847.56505030 [cm-1]
(  -0.020931  0.000000  -0.000000  0.000000  -0.000000  0.000000 )
(   0.494670  0.000000   0.000000  0.000000   0.000000  0.000000 )
(   0.494670  0.000000   0.000000  0.000000   0.000000  0.000000 )
(   0.163647  0.000000   0.000000  0.000000   0.000000  0.000000 )
(   0.163647  0.000000   0.000000  0.000000   0.000000  0.000000 )
(   0.302873  0.000000   0.072021  0.000000  -0.036978  0.000000 )
(   0.178129  0.000000   0.000000  0.000000   0.000000  0.000000 )
(   0.302873  0.000000  -0.072021  0.000000   0.036978  0.000000 )
(   0.178129  0.000000   0.000000  0.000000   0.000000  0.000000 )
(   0.302873  0.000000  -0.072021  0.000000   0.036978  0.000000 )
(   0.302873  0.000000   0.072021  0.000000  -0.036978  0.000000 )
   freq (    6) =    25.40936461 [THz] =   847.56505030 [cm-1]
(   0.000000  0.000000  -0.020931  0.000000  -0.000000  0.000000 )
(  -0.000000  0.000000   0.494670  0.000000   0.000000  0.000000 )
(  -0.000000  0.000000   0.494670  0.000000   0.000000  0.000000 )
(  -0.000000  0.000000   0.163647  0.000000   0.000000  0.000000 )
(  -0.000000  0.000000   0.163647  0.000000   0.000000  0.000000 )
(   0.072021  0.000000   0.219710  0.000000  -0.021349  0.000000 )
(  -0.000000  0.000000   0.344454  0.000000   0.042698  0.000000 )
(  -0.072021  0.000000   0.219710  0.000000  -0.021349  0.000000 )
(  -0.000000  0.000000   0.344454  0.000000   0.042698  0.000000 )
(  -0.072021  0.000000   0.219710  0.000000  -0.021349  0.000000 )
(   0.072021  0.000000   0.219710  0.000000  -0.021349  0.000000 )
   freq (    7) =    25.60535587 [THz] =   854.10261399 [cm-1]
(   0.000000  0.000000  -0.000000  0.000000   0.000000  0.000000 )
(  -0.303593  0.000000   0.000372  0.000000  -0.000000  0.000000 )
(   0.303593  0.000000  -0.000372  0.000000  -0.000000  0.000000 )
(  -0.107476  0.000000   0.000132  0.000000  -0.000000  0.000000 )
(   0.107476  0.000000  -0.000132  0.000000  -0.000000  0.000000 )
(   0.389712  0.000000   0.167116  0.000000  -0.114336  0.000000 )
(   0.100046  0.000000  -0.000596  0.000000  -0.000162  0.000000 )
(   0.390122  0.000000  -0.167598  0.000000   0.114498  0.000000 )
(  -0.100046  0.000000   0.000596  0.000000   0.000162  0.000000 )
(  -0.390122  0.000000   0.167598  0.000000  -0.114498  0.000000 )
(  -0.389712  0.000000  -0.167116  0.000000   0.114336  0.000000 )
   freq (    8) =    25.60535587 [THz] =   854.10261399 [cm-1]
(   0.000000  0.000000  -0.000000  0.000000   0.000000  0.000000 )
(  -0.000372  0.000000  -0.303593  0.000000   0.000000  0.000000 )
(   0.000372  0.000000   0.303593  0.000000  -0.000000  0.000000 )
(  -0.000132  0.000000  -0.107476  0.000000   0.000000  0.000000 )
(   0.000132  0.000000   0.107476  0.000000  -0.000000  0.000000 )
(   0.167835  0.000000   0.196874  0.000000  -0.066199  0.000000 )
(   0.000123  0.000000   0.486541  0.000000   0.132118  0.000000 )
(  -0.166880  0.000000   0.196464  0.000000  -0.065919  0.000000 )
(  -0.000123  0.000000  -0.486541  0.000000  -0.132118  0.000000 )
(   0.166880  0.000000  -0.196464  0.000000   0.065919  0.000000 )
(  -0.167835  0.000000  -0.196874  0.000000   0.066199  0.000000 )
   freq (    9) =    25.91509917 [THz] =   864.43453715 [cm-1]
(   0.000000  0.000000   0.000000  0.000000   0.000000  0.000000 )
(  -0.000000  0.000000  -0.000000  0.000000  -0.351661  0.000000 )
(  -0.000000  0.000000   0.000000  0.000000   0.351661  0.000000 )
(  -0.000000  0.000000  -0.000000  0.000000  -0.515245  0.000000 )
(  -0.000000  0.000000   0.000000  0.000000   0.515245  0.000000 )
(  -0.116880  0.000000  -0.067481  0.000000   0.136886  0.000000 )
(  -0.000000  0.000000   0.134961  0.000000   0.136886  0.000000 )
(   0.116880  0.000000  -0.067481  0.000000   0.136886  0.000000 )
(  -0.000000  0.000000  -0.134961  0.000000  -0.136886  0.000000 )
(  -0.116880  0.000000   0.067481  0.000000  -0.136886  0.000000 )
(   0.116880  0.000000   0.067481  0.000000  -0.136886  0.000000 )
   freq (   10) =    29.04652767 [THz] =   968.88773332 [cm-1]
(   0.000000  0.000000   0.000000  0.000000   0.000000  0.000000 )
(   0.544221  0.000000  -0.000191  0.000000  -0.000000  0.000000 )
(  -0.544221  0.000000   0.000191  0.000000   0.000000  0.000000 )
(  -0.259751  0.000000   0.000091  0.000000   0.000000  0.000000 )
(   0.259751  0.000000  -0.000091  0.000000  -0.000000  0.000000 )
(   0.176706  0.000000  -0.045608  0.000000   0.047236  0.000000 )
(   0.255546  0.000000  -0.000053  0.000000   0.000019  0.000000 )
(   0.176674  0.000000   0.045447  0.000000  -0.047256  0.000000 )
(  -0.255546  0.000000   0.000053  0.000000  -0.000019  0.000000 )
(  -0.176674  0.000000  -0.045447  0.000000   0.047256  0.000000 )
(  -0.176706  0.000000   0.045608  0.000000  -0.047236  0.000000 )
   freq (   11) =    29.04652767 [THz] =   968.88773332 [cm-1]
(   0.000000  0.000000   0.000000  0.000000   0.000000  0.000000 )
(   0.000191  0.000000   0.544221  0.000000  -0.000000  0.000000 )
(  -0.000191  0.000000  -0.544221  0.000000   0.000000  0.000000 )
(  -0.000091  0.000000  -0.259751  0.000000   0.000000  0.000000 )
(   0.000091  0.000000   0.259751  0.000000  -0.000000  0.000000 )
(  -0.045465  0.000000   0.229245  0.000000   0.027294  0.000000 )
(   0.000090  0.000000   0.150405  0.000000  -0.054555  0.000000 )
(   0.045589  0.000000   0.229277  0.000000   0.027261  0.000000 )
(  -0.000090  0.000000  -0.150405  0.000000   0.054555  0.000000 )
(  -0.045589  0.000000  -0.229277  0.000000  -0.027261  0.000000 )
(   0.045465  0.000000  -0.229245  0.000000  -0.027294  0.000000 )
   freq (   12) =    29.28597510 [THz] =   976.87483888 [cm-1]
(   0.000000  0.000000   0.000000  0.000000  -0.000000  0.000000 )
(  -0.000000  0.000000  -0.000000  0.000000  -0.513951  0.000000 )
(   0.000000  0.000000   0.000000  0.000000   0.513951  0.000000 )
(   0.000000  0.000000   0.000000  0.000000   0.166600  0.000000 )
(  -0.000000  0.000000  -0.000000  0.000000  -0.166600  0.000000 )
(  -0.026765  0.000000  -0.015453  0.000000  -0.261555  0.000000 )
(  -0.000000  0.000000   0.030906  0.000000  -0.261555  0.000000 )
(   0.026765  0.000000  -0.015453  0.000000  -0.261555  0.000000 )
(   0.000000  0.000000  -0.030906  0.000000   0.261555  0.000000 )
(  -0.026765  0.000000   0.015453  0.000000   0.261555  0.000000 )
(   0.026765  0.000000   0.015453  0.000000   0.261555  0.000000 )
   freq (   13) =    32.34402576 [THz] =  1078.88041430 [cm-1]
(   0.000000  0.000000  -0.000000  0.000000  -0.000000  0.000000 )
(  -0.000000  0.000000  -0.000000  0.000000   0.000000  0.000000 )
(   0.000000  0.000000   0.000000  0.000000   0.000000  0.000000 )
(  -0.000000  0.000000   0.000000  0.000000  -0.000000  0.000000 )
(   0.000000  0.000000  -0.000000  0.000000  -0.000000  0.000000 )
(  -0.204124  0.000000   0.353553  0.000000  -0.000000  0.000000 )
(   0.408248  0.000000   0.000000  0.000000  -0.000000  0.000000 )
(  -0.204124  0.000000  -0.353553  0.000000   0.000000  0.000000 )
(  -0.408248  0.000000  -0.000000  0.000000   0.000000  0.000000 )
(   0.204124  0.000000   0.353553  0.000000  -0.000000  0.000000 )
(   0.204124  0.000000  -0.353553  0.000000   0.000000  0.000000 )
   freq (   14) =    32.43594116 [THz] =  1081.94638165 [cm-1]
(   0.000000  0.000000  -0.000000  0.000000  -0.000000  0.000000 )
(   0.011635  0.000000  -0.000002  0.000000  -0.000000  0.000000 )
(  -0.011635  0.000000   0.000002  0.000000   0.000000  0.000000 )
(  -0.431611  0.000000   0.000089  0.000000  -0.000000  0.000000 )
(   0.431611  0.000000  -0.000089  0.000000   0.000000  0.000000 )
(  -0.141133  0.000000  -0.002279  0.000000  -0.356974  0.000000 )
(  -0.137137  0.000000   0.000029  0.000000  -0.000085  0.000000 )
(  -0.141134  0.000000   0.002336  0.000000   0.357059  0.000000 )
(   0.137137  0.000000  -0.000029  0.000000   0.000085  0.000000 )
(   0.141134  0.000000  -0.002336  0.000000  -0.357059  0.000000 )
(   0.141133  0.000000   0.002279  0.000000   0.356974  0.000000 )
   freq (   15) =    32.43594116 [THz] =  1081.94638165 [cm-1]
(   0.000000  0.000000  -0.000000  0.000000  -0.000000  0.000000 )
(  -0.000002  0.000000  -0.011635  0.000000  -0.000000  0.000000 )
(   0.000002  0.000000   0.011635  0.000000   0.000000  0.000000 )
(   0.000089  0.000000   0.431611  0.000000   0.000000  0.000000 )
(  -0.000089  0.000000  -0.431611  0.000000  -0.000000  0.000000 )
(   0.002336  0.000000   0.138470  0.000000   0.206197  0.000000 )
(   0.000028  0.000000   0.142466  0.000000  -0.412247  0.000000 )
(  -0.002278  0.000000   0.138469  0.000000   0.206050  0.000000 )
(  -0.000028  0.000000  -0.142466  0.000000   0.412247  0.000000 )
(   0.002278  0.000000  -0.138469  0.000000  -0.206050  0.000000 )
(  -0.002336  0.000000  -0.138470  0.000000  -0.206197  0.000000 )
   freq (   16) =    33.16987085 [THz] =  1106.42763757 [cm-1]
(   0.001167  0.000000   0.000000  0.000000   0.000000  0.000000 )
(   0.021300  0.000000   0.000000  0.000000  -0.000000  0.000000 )
(   0.021300  0.000000   0.000000  0.000000  -0.000000  0.000000 )
(  -0.472359  0.000000  -0.000000  0.000000   0.000000  0.000000 )
(  -0.472359  0.000000  -0.000000  0.000000   0.000000  0.000000 )
(   0.116901  0.000000  -0.011523  0.000000   0.339187  0.000000 )
(   0.136860  0.000000   0.000000  0.000000  -0.000000  0.000000 )
(   0.116901  0.000000   0.011523  0.000000  -0.339187  0.000000 )
(   0.136860  0.000000   0.000000  0.000000  -0.000000  0.000000 )
(   0.116901  0.000000   0.011523  0.000000  -0.339187  0.000000 )
(   0.116901  0.000000  -0.011523  0.000000   0.339187  0.000000 )
   freq (   17) =    33.16987085 [THz] =  1106.42763757 [cm-1]
(   0.000000  0.000000  -0.001167  0.000000  -0.000000  0.000000 )
(   0.000000  0.000000  -0.021300  0.000000   0.000000  0.000000 )
(   0.000000  0.000000  -0.021300  0.000000   0.000000  0.000000 )
(  -0.000000  0.000000   0.472359  0.000000   0.000000  0.000000 )
(  -0.000000  0.000000   0.472359  0.000000   0.000000  0.000000 )
(   0.011523  0.000000  -0.130207  0.000000  -0.195830  0.000000 )
(   0.000000  0.000000  -0.110248  0.000000   0.391659  0.000000 )
(  -0.011523  0.000000  -0.130207  0.000000  -0.195830  0.000000 )
(   0.000000  0.000000  -0.110248  0.000000   0.391659  0.000000 )
(  -0.011523  0.000000  -0.130207  0.000000  -0.195830  0.000000 )
(   0.011523  0.000000  -0.130207  0.000000  -0.195830  0.000000 )
   freq (   18) =    33.45770589 [THz] =  1116.02877975 [cm-1]
(  -0.000000  0.000000  -0.000000  0.000000   0.000000  0.000000 )
(   0.000000  0.000000   0.000000  0.000000  -0.000000  0.000000 )
(   0.000000  0.000000   0.000000  0.000000  -0.000000  0.000000 )
(  -0.000000  0.000000   0.000000  0.000000   0.000000  0.000000 )
(  -0.000000  0.000000   0.000000  0.000000   0.000000  0.000000 )
(  -0.204124  0.000000   0.353553  0.000000  -0.000000  0.000000 )
(   0.408248  0.000000  -0.000000  0.000000   0.000000  0.000000 )
(  -0.204124  0.000000  -0.353553  0.000000   0.000000  0.000000 )
(   0.408248  0.000000  -0.000000  0.000000   0.000000  0.000000 )
(  -0.204124  0.000000  -0.353553  0.000000   0.000000  0.000000 )
(  -0.204124  0.000000   0.353553  0.000000  -0.000000  0.000000 )
   freq (   19) =    34.57012835 [THz] =  1153.13519330 [cm-1]
(  -0.000817  0.000000  -0.000000  0.000000   0.000000  0.000000 )
(  -0.057097  0.000000  -0.000000  0.000000   0.000000  0.000000 )
(  -0.057097  0.000000  -0.000000  0.000000   0.000000  0.000000 )
(  -0.312882  0.000000  -0.000000  0.000000  -0.000000  0.000000 )
(  -0.312882  0.000000  -0.000000  0.000000  -0.000000  0.000000 )
(   0.030262  0.000000  -0.193689  0.000000  -0.306770  0.000000 )
(   0.365741  0.000000  -0.000000  0.000000   0.000000  0.000000 )
(   0.030262  0.000000   0.193689  0.000000   0.306770  0.000000 )
(   0.365741  0.000000  -0.000000  0.000000   0.000000  0.000000 )
(   0.030262  0.000000   0.193689  0.000000   0.306770  0.000000 )
(   0.030262  0.000000  -0.193689  0.000000  -0.306770  0.000000 )
   freq (   20) =    34.57012835 [THz] =  1153.13519331 [cm-1]
(   0.000000  0.000000  -0.000817  0.000000  -0.000000  0.000000 )
(   0.000000  0.000000  -0.057097  0.000000  -0.000000  0.000000 )
(   0.000000  0.000000  -0.057097  0.000000  -0.000000  0.000000 )
(   0.000000  0.000000  -0.312882  0.000000   0.000000  0.000000 )
(   0.000000  0.000000  -0.312882  0.000000   0.000000  0.000000 )
(  -0.193689  0.000000   0.253915  0.000000  -0.177114  0.000000 )
(  -0.000000  0.000000  -0.081564  0.000000   0.354228  0.000000 )
(   0.193689  0.000000   0.253915  0.000000  -0.177114  0.000000 )
(  -0.000000  0.000000  -0.081564  0.000000   0.354228  0.000000 )
(   0.193689  0.000000   0.253915  0.000000  -0.177114  0.000000 )
(  -0.193689  0.000000   0.253915  0.000000  -0.177114  0.000000 )
   freq (   21) =    35.40033227 [THz] =  1180.82781138 [cm-1]
(  -0.000000  0.000000  -0.000000  0.000000   0.006720  0.000000 )
(  -0.000000  0.000000  -0.000000  0.000000   0.504194  0.000000 )
(  -0.000000  0.000000  -0.000000  0.000000   0.504194  0.000000 )
(   0.000000  0.000000   0.000000  0.000000  -0.308486  0.000000 )
(   0.000000  0.000000   0.000000  0.000000  -0.308486  0.000000 )
(   0.038578  0.000000   0.022273  0.000000  -0.219582  0.000000 )
(   0.000000  0.000000  -0.044546  0.000000  -0.219582  0.000000 )
(  -0.038578  0.000000   0.022273  0.000000  -0.219582  0.000000 )
(   0.000000  0.000000  -0.044546  0.000000  -0.219582  0.000000 )
(  -0.038578  0.000000   0.022273  0.000000  -0.219582  0.000000 )
(   0.038578  0.000000   0.022273  0.000000  -0.219582  0.000000 )
   freq (   22) =    35.51606934 [THz] =  1184.68838382 [cm-1]
(   0.006184  0.000000   0.000000  0.000000   0.000000  0.000000 )
(   0.508873  0.000000   0.000000  0.000000   0.000000  0.000000 )
(   0.508873  0.000000   0.000000  0.000000   0.000000  0.000000 )
(  -0.200640  0.000000  -0.000000  0.000000  -0.000000  0.000000 )
(  -0.200640  0.000000  -0.000000  0.000000  -0.000000  0.000000 )
(  -0.285114  0.000000  -0.069877  0.000000  -0.027425  0.000000 )
(  -0.164083  0.000000  -0.000000  0.000000  -0.000000  0.000000 )
(  -0.285114  0.000000   0.069877  0.000000   0.027425  0.000000 )
(  -0.164083  0.000000  -0.000000  0.000000  -0.000000  0.000000 )
(  -0.285114  0.000000   0.069877  0.000000   0.027425  0.000000 )
(  -0.285114  0.000000  -0.069877  0.000000  -0.027425  0.000000 )
   freq (   23) =    35.51606934 [THz] =  1184.68838382 [cm-1]
(  -0.000000  0.000000   0.006184  0.000000   0.000000  0.000000 )
(  -0.000000  0.000000   0.508873  0.000000   0.000000  0.000000 )
(  -0.000000  0.000000   0.508873  0.000000   0.000000  0.000000 )
(   0.000000  0.000000  -0.200640  0.000000  -0.000000  0.000000 )
(   0.000000  0.000000  -0.200640  0.000000  -0.000000  0.000000 )
(  -0.069877  0.000000  -0.204427  0.000000  -0.015834  0.000000 )
(   0.000000  0.000000  -0.325458  0.000000   0.031667  0.000000 )
(   0.069877  0.000000  -0.204427  0.000000  -0.015834  0.000000 )
(  -0.000000  0.000000  -0.325458  0.000000   0.031667  0.000000 )
(   0.069877  0.000000  -0.204427  0.000000  -0.015834  0.000000 )
(  -0.069877  0.000000  -0.204427  0.000000  -0.015834  0.000000 )
   freq (   24) =    43.16853928 [THz] =  1439.94726851 [cm-1]
(  -0.000000  0.000000  -0.000000  0.000000  -0.000000  0.000000 )
(   0.019233  0.000000   0.000000  0.000000  -0.000000  0.000000 )
(  -0.019233  0.000000  -0.000000  0.000000   0.000000  0.000000 )
(   0.363508  0.000000   0.000006  0.000000  -0.000000  0.000000 )
(  -0.363508  0.000000  -0.000006  0.000000  -0.000000  0.000000 )
(   0.011499  0.000000  -0.195526  0.000000  -0.289955  0.000000 )
(   0.350170  0.000000  -0.000002  0.000000   0.000006  0.000000 )
(   0.011506  0.000000   0.195534  0.000000   0.289950  0.000000 )
(  -0.350170  0.000000   0.000002  0.000000  -0.000006  0.000000 )
(  -0.011506  0.000000  -0.195534  0.000000  -0.289950  0.000000 )
(  -0.011499  0.000000   0.195526  0.000000   0.289955  0.000000 )
   freq (   25) =    43.16853928 [THz] =  1439.94726851 [cm-1]
(  -0.000000  0.000000  -0.000000  0.000000   0.000000  0.000000 )
(  -0.000000  0.000000   0.019233  0.000000   0.000000  0.000000 )
(   0.000000  0.000000  -0.019233  0.000000  -0.000000  0.000000 )
(  -0.000006  0.000000   0.363508  0.000000  -0.000000  0.000000 )
(   0.000006  0.000000  -0.363508  0.000000   0.000000  0.000000 )
(  -0.195530  0.000000   0.237284  0.000000  -0.167399  0.000000 )
(  -0.000006  0.000000  -0.101387  0.000000   0.334808  0.000000 )
(   0.195530  0.000000   0.237277  0.000000  -0.167409  0.000000 )
(   0.000006  0.000000   0.101387  0.000000  -0.334808  0.000000 )
(  -0.195530  0.000000  -0.237277  0.000000   0.167409  0.000000 )
(   0.195530  0.000000  -0.237284  0.000000   0.167399  0.000000 )
   freq (   26) =    44.97955833 [THz] =  1500.35635310 [cm-1]
(  -0.006145  0.000000  -0.000000  0.000000  -0.000000  0.000000 )
(   0.032575  0.000000  -0.000000  0.000000   0.000000  0.000000 )
(   0.032575  0.000000   0.000000  0.000000   0.000000  0.000000 )
(   0.327882  0.000000   0.000000  0.000000  -0.000000  0.000000 )
(   0.327882  0.000000   0.000000  0.000000  -0.000000  0.000000 )
(  -0.140278  0.000000  -0.279294  0.000000   0.197577  0.000000 )
(   0.343473  0.000000  -0.000000  0.000000   0.000000  0.000000 )
(  -0.140278  0.000000   0.279294  0.000000  -0.197577  0.000000 )
(   0.343473  0.000000  -0.000000  0.000000   0.000000  0.000000 )
(  -0.140278  0.000000   0.279294  0.000000  -0.197577  0.000000 )
(  -0.140278  0.000000  -0.279294  0.000000   0.197577  0.000000 )
   freq (   27) =    44.97955833 [THz] =  1500.35635310 [cm-1]
(  -0.000000  0.000000   0.006145  0.000000  -0.000000  0.000000 )
(   0.000000  0.000000  -0.032575  0.000000   0.000000  0.000000 )
(   0.000000  0.000000  -0.032575  0.000000   0.000000  0.000000 )
(   0.000000  0.000000  -0.327882  0.000000  -0.000000  0.000000 )
(   0.000000  0.000000  -0.327882  0.000000  -0.000000  0.000000 )
(   0.279294  0.000000  -0.182223  0.000000  -0.114071  0.000000 )
(   0.000000  0.000000   0.301529  0.000000   0.228143  0.000000 )
(  -0.279294  0.000000  -0.182223  0.000000  -0.114071  0.000000 )
(   0.000000  0.000000   0.301529  0.000000   0.228143  0.000000 )
(  -0.279294  0.000000  -0.182223  0.000000  -0.114071  0.000000 )
(   0.279294  0.000000  -0.182223  0.000000  -0.114071  0.000000 )
   freq (   28) =    45.04207934 [THz] =  1502.44182908 [cm-1]
(   0.000000  0.000000  -0.000000  0.000000  -0.006150  0.000000 )
(  -0.000000  0.000000   0.000000  0.000000   0.042051  0.000000 )
(  -0.000000  0.000000   0.000000  0.000000   0.042051  0.000000 )
(  -0.000000  0.000000   0.000000  0.000000  -0.344799  0.000000 )
(  -0.000000  0.000000   0.000000  0.000000  -0.344799  0.000000 )
(   0.225506  0.000000   0.130196  0.000000   0.242153  0.000000 )
(  -0.000000  0.000000  -0.260392  0.000000   0.242153  0.000000 )
(  -0.225506  0.000000   0.130196  0.000000   0.242153  0.000000 )
(  -0.000000  0.000000  -0.260392  0.000000   0.242153  0.000000 )
(  -0.225506  0.000000   0.130196  0.000000   0.242153  0.000000 )
(   0.225506  0.000000   0.130196  0.000000   0.242153  0.000000 )
   freq (   29) =    45.46200510 [THz] =  1516.44904287 [cm-1]
(   0.000000  0.000000   0.000000  0.000000   0.000000  0.000000 )
(  -0.333390  0.000000   0.000074  0.000000  -0.000000  0.000000 )
(   0.333390  0.000000  -0.000074  0.000000   0.000000  0.000000 )
(  -0.320238  0.000000   0.000072  0.000000   0.000000  0.000000 )
(   0.320238  0.000000  -0.000072  0.000000  -0.000000  0.000000 )
(  -0.070851  0.000000  -0.238124  0.000000   0.152109  0.000000 )
(   0.341460  0.000000   0.000047  0.000000   0.000039  0.000000 )
(  -0.070958  0.000000   0.238033  0.000000  -0.152148  0.000000 )
(  -0.341460  0.000000  -0.000047  0.000000  -0.000039  0.000000 )
(   0.070958  0.000000  -0.238033  0.000000   0.152148  0.000000 )
(   0.070851  0.000000   0.238124  0.000000  -0.152109  0.000000 )
   freq (   30) =    45.46200510 [THz] =  1516.44904287 [cm-1]
(   0.000000  0.000000   0.000000  0.000000   0.000000  0.000000 )
(  -0.000074  0.000000  -0.333390  0.000000   0.000000  0.000000 )
(   0.000074  0.000000   0.333390  0.000000  -0.000000  0.000000 )
(  -0.000072  0.000000  -0.320238  0.000000  -0.000000  0.000000 )
(   0.000072  0.000000   0.320238  0.000000   0.000000  0.000000 )
(  -0.238095  0.000000   0.203952  0.000000   0.087865  0.000000 )
(   0.000076  0.000000  -0.208359  0.000000  -0.175663  0.000000 )
(   0.238063  0.000000   0.204059  0.000000   0.087797  0.000000 )
(  -0.000076  0.000000   0.208359  0.000000   0.175663  0.000000 )
(  -0.238063  0.000000  -0.204059  0.000000  -0.087797  0.000000 )
(   0.238095  0.000000  -0.203952  0.000000  -0.087865  0.000000 )
   freq (   31) =    45.84430089 [THz] =  1529.20105588 [cm-1]
(   0.000000  0.000000   0.000000  0.000000  -0.000000  0.000000 )
(   0.000000  0.000000  -0.000000  0.000000  -0.334815  0.000000 )
(  -0.000000  0.000000   0.000000  0.000000   0.334815  0.000000 )
(   0.000000  0.000000  -0.000000  0.000000   0.275278  0.000000 )
(  -0.000000  0.000000   0.000000  0.000000  -0.275278  0.000000 )
(   0.171837  0.000000   0.099210  0.000000   0.254302  0.000000 )
(  -0.000000  0.000000  -0.198420  0.000000   0.254302  0.000000 )
(  -0.171837  0.000000   0.099210  0.000000   0.254302  0.000000 )
(   0.000000  0.000000   0.198420  0.000000  -0.254302  0.000000 )
(   0.171837  0.000000  -0.099210  0.000000  -0.254302  0.000000 )
(  -0.171837  0.000000  -0.099210  0.000000  -0.254302  0.000000 )
   freq (   32) =    46.09514046 [THz] =  1537.56816214 [cm-1]
(   0.000000  0.000000  -0.000000  0.000000   0.000513  0.000000 )
(   0.000000  0.000000   0.000000  0.000000  -0.018592  0.000000 )
(  -0.000000  0.000000   0.000000  0.000000  -0.018592  0.000000 )
(   0.000000  0.000000   0.000000  0.000000   0.399591  0.000000 )
(  -0.000000  0.000000   0.000000  0.000000   0.399591  0.000000 )
(   0.265616  0.000000   0.153353  0.000000  -0.138775  0.000000 )
(  -0.000000  0.000000  -0.306706  0.000000  -0.138775  0.000000 )
(  -0.265616  0.000000   0.153353  0.000000  -0.138775  0.000000 )
(   0.000000  0.000000  -0.306706  0.000000  -0.138775  0.000000 )
(  -0.265616  0.000000   0.153353  0.000000  -0.138775  0.000000 )
(   0.265616  0.000000   0.153353  0.000000  -0.138775  0.000000 )
   freq (   33) =    58.36517406 [THz] =  1946.85236921 [cm-1]
(   0.000000  0.000000  -0.000000  0.000000   0.000000  0.000000 )
(   0.000000  0.000000   0.000000  0.000000  -0.009395  0.000000 )
(  -0.000000  0.000000  -0.000000  0.000000   0.009395  0.000000 )
(   0.000000  0.000000   0.000000  0.000000   0.361924  0.000000 )
(   0.000000  0.000000  -0.000000  0.000000  -0.361924  0.000000 )
(  -0.284772  0.000000  -0.164413  0.000000   0.121852  0.000000 )
(   0.000000  0.000000   0.328826  0.000000   0.121852  0.000000 )
(   0.284772  0.000000  -0.164413  0.000000   0.121852  0.000000 )
(  -0.000000  0.000000  -0.328826  0.000000  -0.121852  0.000000 )
(  -0.284772  0.000000   0.164413  0.000000  -0.121852  0.000000 )
(   0.284772  0.000000   0.164413  0.000000  -0.121852  0.000000 )
***************************************************************************
