Dynamical matrix file
File generated with the CellConstructor by Lorenzo Monacelli
2 11 0     1.8897259890000000     0.0000000000000000     0.0000000000000000     0.0000000000000000     0.0000000000000000     0.0000000000000000
Basis vectors
    1.8016046976374431    -1.0401569571542040     2.9439124956999985
   -0.0000000000000024     2.0803139143084035     2.9439124957000020
   -1.8016046976374449    -1.0401569571542055     2.9439124956999976
	1  'La '  126604.5951757480361266
	2  'H '    918.7358275894680446
    1     1    -0.0000000000000001    -0.0000000000000001     4.4158687876913385
    2     2    -0.0000000000000002    -0.0000000000000017     2.2044481278518315
    3     2     0.0000000000000002     0.0000000000000017    -2.2044481278518315
    4     2    -0.0000000000000001    -0.0000000000000003     1.0656106451707208
    5     2     0.0000000000000001     0.0000000000000003    -1.0656106451707208
    6     2     0.9353042849196157     0.5399981801040652     6.2401635925601839
    7     2     0.0000000000000009    -1.0799963602081382     6.2401635925601830
    8     2    -0.9353042849196185     0.5399981801040630     6.2401635925601830
    9     2    -0.0000000000000011     1.0799963602081359     2.5915739791440560
   10     2     0.9353042849196194    -0.5399981801040683     2.5915739791440568
   11     2    -0.9353042849196179    -0.5399981801040693     2.5915739791440555

     Dynamical Matrix in cartesian axes

     q = (     0.000000000000     0.000000000000     0.000000000000 )

    1    1
     0.6412903148864020     0.0000000000000000        0.0000000000000002     0.0000000000000000       -0.0000000000000001     0.0000000000000000
     0.0000000000000001     0.0000000000000000        0.6412903148864890     0.0000000000000000       -0.0000000000000002     0.0000000000000000
     0.0000000000000001     0.0000000000000000       -0.0000000000000002     0.0000000000000000        0.6424426557630720     0.0000000000000000
    1    2
    -0.0330457827833441     0.0000000000000000       -0.0000000000000000     0.0000000000000000        0.0000000000000000     0.0000000000000000
    -0.0000000000000000     0.0000000000000000       -0.0330457827833485     0.0000000000000000        0.0000000000000000     0.0000000000000000
    -0.0000000000000000     0.0000000000000000        0.0000000000000000     0.0000000000000000       -0.0274138554210624     0.0000000000000000
    1    3
    -0.0330457827833441     0.0000000000000000       -0.0000000000000000     0.0000000000000000        0.0000000000000000     0.0000000000000000
    -0.0000000000000000     0.0000000000000000       -0.0330457827833485     0.0000000000000000        0.0000000000000000     0.0000000000000000
    -0.0000000000000000     0.0000000000000000        0.0000000000000000     0.0000000000000000       -0.0274138554210624     0.0000000000000000
    1    4
    -0.0947873442126622     0.0000000000000000       -0.0000000000000000     0.0000000000000000       -0.0000000000000000     0.0000000000000000
    -0.0000000000000000     0.0000000000000000       -0.0947873442126750     0.0000000000000000       -0.0000000000000000     0.0000000000000000
    -0.0000000000000000     0.0000000000000000       -0.0000000000000000     0.0000000000000000       -0.0284472351872376     0.0000000000000000
    1    5
    -0.0947873442126621     0.0000000000000000       -0.0000000000000000     0.0000000000000000       -0.0000000000000000     0.0000000000000000
    -0.0000000000000000     0.0000000000000000       -0.0947873442126749     0.0000000000000000       -0.0000000000000000     0.0000000000000000
    -0.0000000000000000     0.0000000000000000       -0.0000000000000000     0.0000000000000000       -0.0284472351872376     0.0000000000000000
    1    6
    -0.0499660993369505     0.0000000000000000        0.0247762549740563     0.0000000000000000       -0.0180514331813527     0.0000000000000000
     0.0247762549740563     0.0000000000000000       -0.0785752542945234     0.0000000000000000       -0.0104219998065132     0.0000000000000000
    -0.0178085324111501     0.0000000000000000       -0.0102817609814504     0.0000000000000000       -0.0884534124244120     0.0000000000000000
    1    7
    -0.0928798317732941     0.0000000000000000       -0.0000000000000001     0.0000000000000000        0.0000000000000000     0.0000000000000000
    -0.0000000000000000     0.0000000000000000       -0.0356615218581741     0.0000000000000000        0.0208439996130266     0.0000000000000000
    -0.0000000000000000     0.0000000000000000        0.0205635219629009     0.0000000000000000       -0.0884534124244119     0.0000000000000000
    1    8
    -0.0499660993369505     0.0000000000000000       -0.0247762549740563     0.0000000000000000        0.0180514331813528     0.0000000000000000
    -0.0247762549740562     0.0000000000000000       -0.0785752542945235     0.0000000000000000       -0.0104219998065132     0.0000000000000000
     0.0178085324111502     0.0000000000000000       -0.0102817609814504     0.0000000000000000       -0.0884534124244119     0.0000000000000000
    1    9
    -0.0928798317732941     0.0000000000000000       -0.0000000000000000     0.0000000000000000       -0.0000000000000000     0.0000000000000000
    -0.0000000000000000     0.0000000000000000       -0.0356615218581741     0.0000000000000000        0.0208439996130266     0.0000000000000000
     0.0000000000000000     0.0000000000000000        0.0205635219629009     0.0000000000000000       -0.0884534124244119     0.0000000000000000
    1   10
    -0.0499660993369505     0.0000000000000000       -0.0247762549740563     0.0000000000000000        0.0180514331813528     0.0000000000000000
    -0.0247762549740562     0.0000000000000000       -0.0785752542945234     0.0000000000000000       -0.0104219998065132     0.0000000000000000
     0.0178085324111502     0.0000000000000000       -0.0102817609814504     0.0000000000000000       -0.0884534124244119     0.0000000000000000
    1   11
    -0.0499660993369505     0.0000000000000000        0.0247762549740563     0.0000000000000000       -0.0180514331813527     0.0000000000000000
     0.0247762549740563     0.0000000000000000       -0.0785752542945234     0.0000000000000000       -0.0104219998065132     0.0000000000000000
    -0.0178085324111501     0.0000000000000000       -0.0102817609814504     0.0000000000000000       -0.0884534124244120     0.0000000000000000
    2    1
    -0.0330457827833441     0.0000000000000000       -0.0000000000000000     0.0000000000000000        0.0000000000000000     0.0000000000000000
    -0.0000000000000000     0.0000000000000000       -0.0330457827833485     0.0000000000000000        0.0000000000000000     0.0000000000000000
    -0.0000000000000000     0.0000000000000000        0.0000000000000000     0.0000000000000000       -0.0274138554210624     0.0000000000000000
    2    2
     0.0857506244287944     0.0000000000000000        0.0000000000000000     0.0000000000000000        0.0000000000000000     0.0000000000000000
     0.0000000000000000     0.0000000000000000        0.0857506244288060     0.0000000000000000       -0.0000000000000000     0.0000000000000000
     0.0000000000000000     0.0000000000000000       -0.0000000000000000     0.0000000000000000        0.0831474633992816     0.0000000000000000
    2    3
    -0.0038028047816875     0.0000000000000000       -0.0000000000000000     0.0000000000000000        0.0000000000000000     0.0000000000000000
    -0.0000000000000000     0.0000000000000000       -0.0038028047816881     0.0000000000000000        0.0000000000000000     0.0000000000000000
     0.0000000000000000     0.0000000000000000        0.0000000000000000     0.0000000000000000       -0.0051310531723917     0.0000000000000000
    2    4
     0.0068749142680414     0.0000000000000000        0.0000000000000000     0.0000000000000000        0.0000000000000000     0.0000000000000000
     0.0000000000000000     0.0000000000000000        0.0068749142680423     0.0000000000000000        0.0000000000000000     0.0000000000000000
     0.0000000000000000     0.0000000000000000        0.0000000000000000     0.0000000000000000       -0.0232216878926924     0.0000000000000000
    2    5
    -0.0144023071860962     0.0000000000000000       -0.0000000000000000     0.0000000000000000       -0.0000000000000000     0.0000000000000000
    -0.0000000000000000     0.0000000000000000       -0.0144023071860982     0.0000000000000000       -0.0000000000000000     0.0000000000000000
    -0.0000000000000000     0.0000000000000000       -0.0000000000000000     0.0000000000000000        0.0014190046780406     0.0000000000000000
    2    6
    -0.0037644973794702     0.0000000000000000        0.0064320247442936     0.0000000000000000       -0.0047561519928081     0.0000000000000000
     0.0064320247442936     0.0000000000000000       -0.0111915598145757     0.0000000000000000       -0.0027459656333547     0.0000000000000000
    -0.0048237315311262     0.0000000000000000       -0.0027849826979944     0.0000000000000000       -0.0125324773763135     0.0000000000000000
    2    7
    -0.0149050910321262     0.0000000000000000       -0.0000000000000000     0.0000000000000000       -0.0000000000000000     0.0000000000000000
    -0.0000000000000000     0.0000000000000000       -0.0000509661619183     0.0000000000000000        0.0054919312667094     0.0000000000000000
    -0.0000000000000000     0.0000000000000000        0.0055699653959888     0.0000000000000000       -0.0125324773763135     0.0000000000000000
    2    8
    -0.0037644973794702     0.0000000000000000       -0.0064320247442936     0.0000000000000000        0.0047561519928081     0.0000000000000000
    -0.0064320247442936     0.0000000000000000       -0.0111915598145757     0.0000000000000000       -0.0027459656333547     0.0000000000000000
     0.0048237315311262     0.0000000000000000       -0.0027849826979944     0.0000000000000000       -0.0125324773763135     0.0000000000000000
    2    9
     0.0061597391222969     0.0000000000000000        0.0000000000000000     0.0000000000000000        0.0000000000000000     0.0000000000000000
     0.0000000000000000     0.0000000000000000       -0.0187867778920603     0.0000000000000000       -0.0095697727072398     0.0000000000000000
     0.0000000000000000     0.0000000000000000       -0.0090553917062091     0.0000000000000000        0.0029325201792549     0.0000000000000000
    2   10
    -0.0125501486384691     0.0000000000000000        0.0108021587351867     0.0000000000000000       -0.0082876662729121     0.0000000000000000
     0.0108021587351867     0.0000000000000000       -0.0000768901312918     0.0000000000000000        0.0047848863536199     0.0000000000000000
    -0.0078421992587955     0.0000000000000000        0.0045276958531046     0.0000000000000000        0.0029325201792549     0.0000000000000000
    2   11
    -0.0125501486384691     0.0000000000000000       -0.0108021587351867     0.0000000000000000        0.0082876662729120     0.0000000000000000
    -0.0108021587351867     0.0000000000000000       -0.0000768901312918     0.0000000000000000        0.0047848863536199     0.0000000000000000
     0.0078421992587955     0.0000000000000000        0.0045276958531046     0.0000000000000000        0.0029325201792549     0.0000000000000000
    3    1
    -0.0330457827833441     0.0000000000000000       -0.0000000000000000     0.0000000000000000        0.0000000000000000     0.0000000000000000
    -0.0000000000000000     0.0000000000000000       -0.0330457827833485     0.0000000000000000        0.0000000000000000     0.0000000000000000
    -0.0000000000000000     0.0000000000000000        0.0000000000000000     0.0000000000000000       -0.0274138554210624     0.0000000000000000
    3    2
    -0.0038028047816875     0.0000000000000000       -0.0000000000000000     0.0000000000000000        0.0000000000000000     0.0000000000000000
     0.0000000000000000     0.0000000000000000       -0.0038028047816881     0.0000000000000000        0.0000000000000000     0.0000000000000000
     0.0000000000000000     0.0000000000000000        0.0000000000000000     0.0000000000000000       -0.0051310531723917     0.0000000000000000
    3    3
     0.0857506244287944     0.0000000000000000        0.0000000000000000     0.0000000000000000        0.0000000000000000     0.0000000000000000
     0.0000000000000000     0.0000000000000000        0.0857506244288060     0.0000000000000000       -0.0000000000000000     0.0000000000000000
     0.0000000000000000     0.0000000000000000       -0.0000000000000000     0.0000000000000000        0.0831474633992816     0.0000000000000000
    3    4
    -0.0144023071860962     0.0000000000000000       -0.0000000000000000     0.0000000000000000       -0.0000000000000000     0.0000000000000000
    -0.0000000000000000     0.0000000000000000       -0.0144023071860982     0.0000000000000000       -0.0000000000000000     0.0000000000000000
    -0.0000000000000000     0.0000000000000000       -0.0000000000000000     0.0000000000000000        0.0014190046780406     0.0000000000000000
    3    5
     0.0068749142680414     0.0000000000000000        0.0000000000000000     0.0000000000000000        0.0000000000000000     0.0000000000000000
    -0.0000000000000000     0.0000000000000000        0.0068749142680423     0.0000000000000000        0.0000000000000000     0.0000000000000000
     0.0000000000000000     0.0000000000000000        0.0000000000000000     0.0000000000000000       -0.0232216878926924     0.0000000000000000
    3    6
    -0.0125501486384691     0.0000000000000000       -0.0108021587351867     0.0000000000000000        0.0082876662729120     0.0000000000000000
    -0.0108021587351867     0.0000000000000000       -0.0000768901312918     0.0000000000000000        0.0047848863536199     0.0000000000000000
     0.0078421992587955     0.0000000000000000        0.0045276958531046     0.0000000000000000        0.0029325201792549     0.0000000000000000
    3    7
     0.0061597391222969     0.0000000000000000        0.0000000000000000     0.0000000000000000        0.0000000000000000     0.0000000000000000
     0.0000000000000000     0.0000000000000000       -0.0187867778920603     0.0000000000000000       -0.0095697727072398     0.0000000000000000
     0.0000000000000000     0.0000000000000000       -0.0090553917062091     0.0000000000000000        0.0029325201792549     0.0000000000000000
    3    8
    -0.0125501486384691     0.0000000000000000        0.0108021587351867     0.0000000000000000       -0.0082876662729121     0.0000000000000000
     0.0108021587351867     0.0000000000000000       -0.0000768901312918     0.0000000000000000        0.0047848863536199     0.0000000000000000
    -0.0078421992587955     0.0000000000000000        0.0045276958531046     0.0000000000000000        0.0029325201792549     0.0000000000000000
    3    9
    -0.0149050910321262     0.0000000000000000       -0.0000000000000000     0.0000000000000000       -0.0000000000000000     0.0000000000000000
    -0.0000000000000000     0.0000000000000000       -0.0000509661619183     0.0000000000000000        0.0054919312667094     0.0000000000000000
    -0.0000000000000000     0.0000000000000000        0.0055699653959888     0.0000000000000000       -0.0125324773763135     0.0000000000000000
    3   10
    -0.0037644973794702     0.0000000000000000       -0.0064320247442936     0.0000000000000000        0.0047561519928081     0.0000000000000000
    -0.0064320247442936     0.0000000000000000       -0.0111915598145757     0.0000000000000000       -0.0027459656333547     0.0000000000000000
     0.0048237315311262     0.0000000000000000       -0.0027849826979944     0.0000000000000000       -0.0125324773763135     0.0000000000000000
    3   11
    -0.0037644973794702     0.0000000000000000        0.0064320247442936     0.0000000000000000       -0.0047561519928081     0.0000000000000000
     0.0064320247442936     0.0000000000000000       -0.0111915598145757     0.0000000000000000       -0.0027459656333547     0.0000000000000000
    -0.0048237315311262     0.0000000000000000       -0.0027849826979944     0.0000000000000000       -0.0125324773763135     0.0000000000000000
    4    1
    -0.0947873442126622     0.0000000000000000       -0.0000000000000000     0.0000000000000000       -0.0000000000000000     0.0000000000000000
    -0.0000000000000000     0.0000000000000000       -0.0947873442126750     0.0000000000000000       -0.0000000000000000     0.0000000000000000
    -0.0000000000000000     0.0000000000000000       -0.0000000000000000     0.0000000000000000       -0.0284472351872376     0.0000000000000000
    4    2
     0.0068749142680414     0.0000000000000000        0.0000000000000000     0.0000000000000000        0.0000000000000000     0.0000000000000000
    -0.0000000000000000     0.0000000000000000        0.0068749142680423     0.0000000000000000        0.0000000000000000     0.0000000000000000
     0.0000000000000000     0.0000000000000000        0.0000000000000000     0.0000000000000000       -0.0232216878926924     0.0000000000000000
    4    3
    -0.0144023071860962     0.0000000000000000       -0.0000000000000000     0.0000000000000000       -0.0000000000000000     0.0000000000000000
    -0.0000000000000000     0.0000000000000000       -0.0144023071860982     0.0000000000000000       -0.0000000000000000     0.0000000000000000
    -0.0000000000000000     0.0000000000000000       -0.0000000000000000     0.0000000000000000        0.0014190046780406     0.0000000000000000
    4    4
     0.1180175310550037     0.0000000000000000        0.0000000000000000     0.0000000000000000        0.0000000000000000     0.0000000000000000
     0.0000000000000000     0.0000000000000000        0.1180175310550196     0.0000000000000000       -0.0000000000000001     0.0000000000000000
     0.0000000000000000     0.0000000000000000       -0.0000000000000001     0.0000000000000000        0.1337189063264501     0.0000000000000000
    4    5
    -0.0060255504666110     0.0000000000000000       -0.0000000000000000     0.0000000000000000       -0.0000000000000000     0.0000000000000000
    -0.0000000000000000     0.0000000000000000       -0.0060255504666118     0.0000000000000000       -0.0000000000000000     0.0000000000000000
    -0.0000000000000000     0.0000000000000000       -0.0000000000000000     0.0000000000000000       -0.0000380709294987     0.0000000000000000
    4    6
    -0.0020244355300222     0.0000000000000000       -0.0053244654574419     0.0000000000000000       -0.0069456146700868     0.0000000000000000
    -0.0053244654574419     0.0000000000000000        0.0041237276002679     0.0000000000000000       -0.0040100524994623     0.0000000000000000
    -0.0141165549845785     0.0000000000000000       -0.0081501968203771     0.0000000000000000        0.0032739455816756     0.0000000000000000
    4    7
     0.0071978091654121     0.0000000000000000       -0.0000000000000000     0.0000000000000000       -0.0000000000000000     0.0000000000000000
     0.0000000000000000     0.0000000000000000       -0.0050985170951677     0.0000000000000000        0.0080201049989246     0.0000000000000000
    -0.0000000000000000     0.0000000000000000        0.0163003936407542     0.0000000000000000        0.0032739455816757     0.0000000000000000
    4    8
    -0.0020244355300222     0.0000000000000000        0.0053244654574419     0.0000000000000000        0.0069456146700868     0.0000000000000000
     0.0053244654574419     0.0000000000000000        0.0041237276002679     0.0000000000000000       -0.0040100524994623     0.0000000000000000
     0.0141165549845785     0.0000000000000000       -0.0081501968203771     0.0000000000000000        0.0032739455816756     0.0000000000000000
    4    9
     0.0059883401850437     0.0000000000000000        0.0000000000000000     0.0000000000000000        0.0000000000000000     0.0000000000000000
     0.0000000000000000     0.0000000000000000       -0.0145391278937413     0.0000000000000000       -0.0211030459734042     0.0000000000000000
     0.0000000000000000     0.0000000000000000       -0.0251396174979126     0.0000000000000000       -0.0310842512466964     0.0000000000000000
    4   10
    -0.0094072608740436     0.0000000000000000        0.0088886544158008     0.0000000000000000       -0.0182757739101978     0.0000000000000000
     0.0088886544158008     0.0000000000000000        0.0008564731653481     0.0000000000000000        0.0105515229867022     0.0000000000000000
    -0.0217715473946146     0.0000000000000000        0.0125698087489563     0.0000000000000000       -0.0310842512466963     0.0000000000000000
    4   11
    -0.0094072608740436     0.0000000000000000       -0.0088886544158008     0.0000000000000000        0.0182757739101978     0.0000000000000000
    -0.0088886544158008     0.0000000000000000        0.0008564731653480     0.0000000000000000        0.0105515229867022     0.0000000000000000
     0.0217715473946146     0.0000000000000000        0.0125698087489563     0.0000000000000000       -0.0310842512466963     0.0000000000000000
    5    1
    -0.0947873442126621     0.0000000000000000       -0.0000000000000000     0.0000000000000000       -0.0000000000000000     0.0000000000000000
    -0.0000000000000000     0.0000000000000000       -0.0947873442126749     0.0000000000000000       -0.0000000000000000     0.0000000000000000
    -0.0000000000000000     0.0000000000000000       -0.0000000000000000     0.0000000000000000       -0.0284472351872376     0.0000000000000000
    5    2
    -0.0144023071860962     0.0000000000000000       -0.0000000000000000     0.0000000000000000       -0.0000000000000000     0.0000000000000000
    -0.0000000000000000     0.0000000000000000       -0.0144023071860982     0.0000000000000000       -0.0000000000000000     0.0000000000000000
    -0.0000000000000000     0.0000000000000000       -0.0000000000000000     0.0000000000000000        0.0014190046780406     0.0000000000000000
    5    3
     0.0068749142680414     0.0000000000000000        0.0000000000000000     0.0000000000000000        0.0000000000000000     0.0000000000000000
     0.0000000000000000     0.0000000000000000        0.0068749142680423     0.0000000000000000        0.0000000000000000     0.0000000000000000
     0.0000000000000000     0.0000000000000000        0.0000000000000000     0.0000000000000000       -0.0232216878926924     0.0000000000000000
    5    4
    -0.0060255504666110     0.0000000000000000       -0.0000000000000000     0.0000000000000000       -0.0000000000000000     0.0000000000000000
    -0.0000000000000000     0.0000000000000000       -0.0060255504666118     0.0000000000000000       -0.0000000000000000     0.0000000000000000
    -0.0000000000000000     0.0000000000000000       -0.0000000000000000     0.0000000000000000       -0.0000380709294987     0.0000000000000000
    5    5
     0.1180175310550037     0.0000000000000000        0.0000000000000000     0.0000000000000000        0.0000000000000000     0.0000000000000000
     0.0000000000000000     0.0000000000000000        0.1180175310550197     0.0000000000000000       -0.0000000000000001     0.0000000000000000
     0.0000000000000000     0.0000000000000000       -0.0000000000000001     0.0000000000000000        0.1337189063264501     0.0000000000000000
    5    6
    -0.0094072608740436     0.0000000000000000       -0.0088886544158008     0.0000000000000000        0.0182757739101978     0.0000000000000000
    -0.0088886544158008     0.0000000000000000        0.0008564731653480     0.0000000000000000        0.0105515229867022     0.0000000000000000
     0.0217715473946146     0.0000000000000000        0.0125698087489563     0.0000000000000000       -0.0310842512466963     0.0000000000000000
    5    7
     0.0059883401850437     0.0000000000000000        0.0000000000000000     0.0000000000000000        0.0000000000000000     0.0000000000000000
     0.0000000000000000     0.0000000000000000       -0.0145391278937413     0.0000000000000000       -0.0211030459734042     0.0000000000000000
     0.0000000000000000     0.0000000000000000       -0.0251396174979126     0.0000000000000000       -0.0310842512466964     0.0000000000000000
    5    8
    -0.0094072608740436     0.0000000000000000        0.0088886544158008     0.0000000000000000       -0.0182757739101978     0.0000000000000000
     0.0088886544158008     0.0000000000000000        0.0008564731653481     0.0000000000000000        0.0105515229867022     0.0000000000000000
    -0.0217715473946146     0.0000000000000000        0.0125698087489563     0.0000000000000000       -0.0310842512466963     0.0000000000000000
    5    9
     0.0071978091654121     0.0000000000000000       -0.0000000000000000     0.0000000000000000       -0.0000000000000000     0.0000000000000000
     0.0000000000000000     0.0000000000000000       -0.0050985170951677     0.0000000000000000        0.0080201049989246     0.0000000000000000
    -0.0000000000000000     0.0000000000000000        0.0163003936407542     0.0000000000000000        0.0032739455816757     0.0000000000000000
    5   10
    -0.0020244355300222     0.0000000000000000        0.0053244654574419     0.0000000000000000        0.0069456146700868     0.0000000000000000
     0.0053244654574419     0.0000000000000000        0.0041237276002679     0.0000000000000000       -0.0040100524994623     0.0000000000000000
     0.0141165549845785     0.0000000000000000       -0.0081501968203771     0.0000000000000000        0.0032739455816756     0.0000000000000000
    5   11
    -0.0020244355300222     0.0000000000000000       -0.0053244654574419     0.0000000000000000       -0.0069456146700868     0.0000000000000000
    -0.0053244654574419     0.0000000000000000        0.0041237276002679     0.0000000000000000       -0.0040100524994623     0.0000000000000000
    -0.0141165549845785     0.0000000000000000       -0.0081501968203771     0.0000000000000000        0.0032739455816756     0.0000000000000000
    6    1
    -0.0499660993369505     0.0000000000000000        0.0247762549740563     0.0000000000000000       -0.0178085324111501     0.0000000000000000
     0.0247762549740563     0.0000000000000000       -0.0785752542945234     0.0000000000000000       -0.0102817609814504     0.0000000000000000
    -0.0180514331813527     0.0000000000000000       -0.0104219998065132     0.0000000000000000       -0.0884534124244120     0.0000000000000000
    6    2
    -0.0037644973794702     0.0000000000000000        0.0064320247442936     0.0000000000000000       -0.0048237315311262     0.0000000000000000
     0.0064320247442936     0.0000000000000000       -0.0111915598145757     0.0000000000000000       -0.0027849826979944     0.0000000000000000
    -0.0047561519928081     0.0000000000000000       -0.0027459656333547     0.0000000000000000       -0.0125324773763135     0.0000000000000000
    6    3
    -0.0125501486384691     0.0000000000000000       -0.0108021587351867     0.0000000000000000        0.0078421992587955     0.0000000000000000
    -0.0108021587351867     0.0000000000000000       -0.0000768901312918     0.0000000000000000        0.0045276958531046     0.0000000000000000
     0.0082876662729120     0.0000000000000000        0.0047848863536199     0.0000000000000000        0.0029325201792549     0.0000000000000000
    6    4
    -0.0020244355300222     0.0000000000000000       -0.0053244654574419     0.0000000000000000       -0.0141165549845785     0.0000000000000000
    -0.0053244654574419     0.0000000000000000        0.0041237276002679     0.0000000000000000       -0.0081501968203771     0.0000000000000000
    -0.0069456146700868     0.0000000000000000       -0.0040100524994623     0.0000000000000000        0.0032739455816756     0.0000000000000000
    6    5
    -0.0094072608740436     0.0000000000000000       -0.0088886544158008     0.0000000000000000        0.0217715473946146     0.0000000000000000
    -0.0088886544158008     0.0000000000000000        0.0008564731653480     0.0000000000000000        0.0125698087489563     0.0000000000000000
     0.0182757739101978     0.0000000000000000        0.0105515229867022     0.0000000000000000       -0.0310842512466963     0.0000000000000000
    6    6
     0.1268533898183698     0.0000000000000000        0.0065475512910398     0.0000000000000000       -0.0030561605886884     0.0000000000000000
     0.0065475512910397     0.0000000000000000        0.1192929288175571     0.0000000000000000       -0.0017644751385662     0.0000000000000000
    -0.0030561605886884     0.0000000000000000       -0.0017644751385662     0.0000000000000000        0.1201192556050765     0.0000000000000000
    6    7
    -0.0094213433743049     0.0000000000000000       -0.0240973765275324     0.0000000000000000        0.0008049603197272     0.0000000000000000
    -0.0200382753707858     0.0000000000000000       -0.0349030738786615     0.0000000000000000       -0.0023106285533679     0.0000000000000000
     0.0024035431857897     0.0000000000000000        0.0004581981907616     0.0000000000000000        0.0046573848909799     0.0000000000000000
    6    8
    -0.0476439391308328     0.0000000000000000        0.0020295505783733     0.0000000000000000       -0.0015985828660625     0.0000000000000000
    -0.0020295505783733     0.0000000000000000        0.0033195218778715     0.0000000000000000        0.0018524303626062     0.0000000000000000
     0.0015985828660624     0.0000000000000000        0.0018524303626062     0.0000000000000000        0.0046573848909799     0.0000000000000000
    6    9
    -0.0010835821830427     0.0000000000000000        0.0113753178583762     0.0000000000000000        0.0092492759463631     0.0000000000000000
     0.0034087629338414     0.0000000000000000        0.0074520108420658     0.0000000000000000       -0.0019756359288540     0.0000000000000000
     0.0063355888761983     0.0000000000000000       -0.0070222899717363     0.0000000000000000        0.0008505170160250     0.0000000000000000
    6   10
     0.0117198073546185     0.0000000000000000       -0.0039832774622674     0.0000000000000000        0.0029136870701648     0.0000000000000000
     0.0039832774622675     0.0000000000000000       -0.0053513786955972     0.0000000000000000        0.0089979259005903     0.0000000000000000
    -0.0029136870701648     0.0000000000000000        0.0089979259005903     0.0000000000000000        0.0008505170160250     0.0000000000000000
    6   11
    -0.0027118907258523     0.0000000000000000        0.0019352331520901     0.0000000000000000       -0.0011781076080595     0.0000000000000000
     0.0019352331520901     0.0000000000000000       -0.0049465054884607     0.0000000000000000       -0.0006801807446475     0.0000000000000000
    -0.0011781076080595     0.0000000000000000       -0.0006801807446475     0.0000000000000000       -0.0052713841325951     0.0000000000000000
    7    1
    -0.0928798317732941     0.0000000000000000       -0.0000000000000000     0.0000000000000000       -0.0000000000000000     0.0000000000000000
    -0.0000000000000001     0.0000000000000000       -0.0356615218581741     0.0000000000000000        0.0205635219629009     0.0000000000000000
    -0.0000000000000000     0.0000000000000000        0.0208439996130266     0.0000000000000000       -0.0884534124244119     0.0000000000000000
    7    2
    -0.0149050910321262     0.0000000000000000       -0.0000000000000000     0.0000000000000000       -0.0000000000000000     0.0000000000000000
    -0.0000000000000000     0.0000000000000000       -0.0000509661619183     0.0000000000000000        0.0055699653959888     0.0000000000000000
    -0.0000000000000000     0.0000000000000000        0.0054919312667094     0.0000000000000000       -0.0125324773763135     0.0000000000000000
    7    3
     0.0061597391222969     0.0000000000000000        0.0000000000000000     0.0000000000000000        0.0000000000000000     0.0000000000000000
     0.0000000000000000     0.0000000000000000       -0.0187867778920603     0.0000000000000000       -0.0090553917062091     0.0000000000000000
     0.0000000000000000     0.0000000000000000       -0.0095697727072398     0.0000000000000000        0.0029325201792549     0.0000000000000000
    7    4
     0.0071978091654121     0.0000000000000000        0.0000000000000000     0.0000000000000000       -0.0000000000000000     0.0000000000000000
    -0.0000000000000000     0.0000000000000000       -0.0050985170951677     0.0000000000000000        0.0163003936407542     0.0000000000000000
    -0.0000000000000000     0.0000000000000000        0.0080201049989246     0.0000000000000000        0.0032739455816757     0.0000000000000000
    7    5
     0.0059883401850437     0.0000000000000000        0.0000000000000000     0.0000000000000000        0.0000000000000000     0.0000000000000000
     0.0000000000000000     0.0000000000000000       -0.0145391278937413     0.0000000000000000       -0.0251396174979126     0.0000000000000000
     0.0000000000000000     0.0000000000000000       -0.0211030459734042     0.0000000000000000       -0.0310842512466964     0.0000000000000000
    7    6
    -0.0094213433743049     0.0000000000000000       -0.0200382753707858     0.0000000000000000        0.0024035431857897     0.0000000000000000
    -0.0240973765275324     0.0000000000000000       -0.0349030738786615     0.0000000000000000        0.0004581981907616     0.0000000000000000
     0.0008049603197272     0.0000000000000000       -0.0023106285533679     0.0000000000000000        0.0046573848909799     0.0000000000000000
    7    7
     0.1155126983171266     0.0000000000000000        0.0000000000000000     0.0000000000000000       -0.0000000000000000     0.0000000000000000
    -0.0000000000000000     0.0000000000000000        0.1306336203188019     0.0000000000000000        0.0035289502771322     0.0000000000000000
     0.0000000000000000     0.0000000000000000        0.0035289502771322     0.0000000000000000        0.1201192556050765     0.0000000000000000
    7    8
    -0.0094213433743049     0.0000000000000000        0.0200382753707858     0.0000000000000000       -0.0024035431857897     0.0000000000000000
     0.0240973765275324     0.0000000000000000       -0.0349030738786615     0.0000000000000000        0.0004581981907616     0.0000000000000000
    -0.0008049603197273     0.0000000000000000       -0.0023106285533679     0.0000000000000000        0.0046573848909799     0.0000000000000000
    7    9
    -0.0060638128697638     0.0000000000000000       -0.0000000000000000     0.0000000000000000        0.0000000000000000     0.0000000000000000
    -0.0000000000000000     0.0000000000000000       -0.0015945833445487     0.0000000000000000        0.0013603614892950     0.0000000000000000
    -0.0000000000000000     0.0000000000000000        0.0013603614892950     0.0000000000000000       -0.0052713841325951     0.0000000000000000
    7   10
    -0.0010835821830427     0.0000000000000000       -0.0034087629338414     0.0000000000000000       -0.0063355888761983     0.0000000000000000
    -0.0113753178583763     0.0000000000000000        0.0074520108420658     0.0000000000000000       -0.0070222899717363     0.0000000000000000
    -0.0092492759463631     0.0000000000000000       -0.0019756359288541     0.0000000000000000        0.0008505170160249     0.0000000000000000
    7   11
    -0.0010835821830427     0.0000000000000000        0.0034087629338414     0.0000000000000000        0.0063355888761983     0.0000000000000000
     0.0113753178583763     0.0000000000000000        0.0074520108420658     0.0000000000000000       -0.0070222899717363     0.0000000000000000
     0.0092492759463631     0.0000000000000000       -0.0019756359288540     0.0000000000000000        0.0008505170160250     0.0000000000000000
    8    1
    -0.0499660993369505     0.0000000000000000       -0.0247762549740563     0.0000000000000000        0.0178085324111502     0.0000000000000000
    -0.0247762549740562     0.0000000000000000       -0.0785752542945234     0.0000000000000000       -0.0102817609814504     0.0000000000000000
     0.0180514331813527     0.0000000000000000       -0.0104219998065132     0.0000000000000000       -0.0884534124244119     0.0000000000000000
    8    2
    -0.0037644973794702     0.0000000000000000       -0.0064320247442936     0.0000000000000000        0.0048237315311262     0.0000000000000000
    -0.0064320247442936     0.0000000000000000       -0.0111915598145757     0.0000000000000000       -0.0027849826979944     0.0000000000000000
     0.0047561519928081     0.0000000000000000       -0.0027459656333547     0.0000000000000000       -0.0125324773763135     0.0000000000000000
    8    3
    -0.0125501486384691     0.0000000000000000        0.0108021587351867     0.0000000000000000       -0.0078421992587955     0.0000000000000000
     0.0108021587351867     0.0000000000000000       -0.0000768901312918     0.0000000000000000        0.0045276958531046     0.0000000000000000
    -0.0082876662729121     0.0000000000000000        0.0047848863536199     0.0000000000000000        0.0029325201792549     0.0000000000000000
    8    4
    -0.0020244355300222     0.0000000000000000        0.0053244654574419     0.0000000000000000        0.0141165549845785     0.0000000000000000
     0.0053244654574419     0.0000000000000000        0.0041237276002679     0.0000000000000000       -0.0081501968203771     0.0000000000000000
     0.0069456146700868     0.0000000000000000       -0.0040100524994623     0.0000000000000000        0.0032739455816756     0.0000000000000000
    8    5
    -0.0094072608740436     0.0000000000000000        0.0088886544158008     0.0000000000000000       -0.0217715473946146     0.0000000000000000
     0.0088886544158008     0.0000000000000000        0.0008564731653481     0.0000000000000000        0.0125698087489563     0.0000000000000000
    -0.0182757739101978     0.0000000000000000        0.0105515229867022     0.0000000000000000       -0.0310842512466963     0.0000000000000000
    8    6
    -0.0476439391308328     0.0000000000000000       -0.0020295505783733     0.0000000000000000        0.0015985828660624     0.0000000000000000
     0.0020295505783732     0.0000000000000000        0.0033195218778715     0.0000000000000000        0.0018524303626062     0.0000000000000000
    -0.0015985828660625     0.0000000000000000        0.0018524303626062     0.0000000000000000        0.0046573848909799     0.0000000000000000
    8    7
    -0.0094213433743049     0.0000000000000000        0.0240973765275324     0.0000000000000000       -0.0008049603197273     0.0000000000000000
     0.0200382753707858     0.0000000000000000       -0.0349030738786615     0.0000000000000000       -0.0023106285533679     0.0000000000000000
    -0.0024035431857897     0.0000000000000000        0.0004581981907616     0.0000000000000000        0.0046573848909799     0.0000000000000000
    8    8
     0.1268533898183698     0.0000000000000000       -0.0065475512910397     0.0000000000000000        0.0030561605886884     0.0000000000000000
    -0.0065475512910397     0.0000000000000000        0.1192929288175571     0.0000000000000000       -0.0017644751385662     0.0000000000000000
     0.0030561605886884     0.0000000000000000       -0.0017644751385662     0.0000000000000000        0.1201192556050765     0.0000000000000000
    8    9
    -0.0010835821830427     0.0000000000000000       -0.0113753178583763     0.0000000000000000       -0.0092492759463631     0.0000000000000000
    -0.0034087629338414     0.0000000000000000        0.0074520108420658     0.0000000000000000       -0.0019756359288541     0.0000000000000000
    -0.0063355888761983     0.0000000000000000       -0.0070222899717363     0.0000000000000000        0.0008505170160249     0.0000000000000000
    8   10
    -0.0027118907258523     0.0000000000000000       -0.0019352331520901     0.0000000000000000        0.0011781076080595     0.0000000000000000
    -0.0019352331520901     0.0000000000000000       -0.0049465054884607     0.0000000000000000       -0.0006801807446475     0.0000000000000000
     0.0011781076080595     0.0000000000000000       -0.0006801807446475     0.0000000000000000       -0.0052713841325951     0.0000000000000000
    8   11
     0.0117198073546185     0.0000000000000000        0.0039832774622675     0.0000000000000000       -0.0029136870701648     0.0000000000000000
    -0.0039832774622674     0.0000000000000000       -0.0053513786955972     0.0000000000000000        0.0089979259005903     0.0000000000000000
     0.0029136870701648     0.0000000000000000        0.0089979259005903     0.0000000000000000        0.0008505170160250     0.0000000000000000
    9    1
    -0.0928798317732941     0.0000000000000000       -0.0000000000000000     0.0000000000000000       -0.0000000000000000     0.0000000000000000
    -0.0000000000000000     0.0000000000000000       -0.0356615218581741     0.0000000000000000        0.0205635219629009     0.0000000000000000
    -0.0000000000000000     0.0000000000000000        0.0208439996130266     0.0000000000000000       -0.0884534124244119     0.0000000000000000
    9    2
     0.0061597391222969     0.0000000000000000        0.0000000000000000     0.0000000000000000        0.0000000000000000     0.0000000000000000
     0.0000000000000000     0.0000000000000000       -0.0187867778920603     0.0000000000000000       -0.0090553917062091     0.0000000000000000
     0.0000000000000000     0.0000000000000000       -0.0095697727072398     0.0000000000000000        0.0029325201792549     0.0000000000000000
    9    3
    -0.0149050910321262     0.0000000000000000       -0.0000000000000000     0.0000000000000000       -0.0000000000000000     0.0000000000000000
    -0.0000000000000000     0.0000000000000000       -0.0000509661619183     0.0000000000000000        0.0055699653959888     0.0000000000000000
    -0.0000000000000000     0.0000000000000000        0.0054919312667094     0.0000000000000000       -0.0125324773763135     0.0000000000000000
    9    4
     0.0059883401850437     0.0000000000000000        0.0000000000000000     0.0000000000000000        0.0000000000000000     0.0000000000000000
     0.0000000000000000     0.0000000000000000       -0.0145391278937413     0.0000000000000000       -0.0251396174979126     0.0000000000000000
     0.0000000000000000     0.0000000000000000       -0.0211030459734042     0.0000000000000000       -0.0310842512466964     0.0000000000000000
    9    5
     0.0071978091654121     0.0000000000000000        0.0000000000000000     0.0000000000000000       -0.0000000000000000     0.0000000000000000
    -0.0000000000000000     0.0000000000000000       -0.0050985170951677     0.0000000000000000        0.0163003936407542     0.0000000000000000
     0.0000000000000000     0.0000000000000000        0.0080201049989246     0.0000000000000000        0.0032739455816757     0.0000000000000000
    9    6
    -0.0010835821830427     0.0000000000000000        0.0034087629338414     0.0000000000000000        0.0063355888761983     0.0000000000000000
     0.0113753178583763     0.0000000000000000        0.0074520108420658     0.0000000000000000       -0.0070222899717363     0.0000000000000000
     0.0092492759463631     0.0000000000000000       -0.0019756359288540     0.0000000000000000        0.0008505170160250     0.0000000000000000
    9    7
    -0.0060638128697638     0.0000000000000000       -0.0000000000000000     0.0000000000000000        0.0000000000000000     0.0000000000000000
    -0.0000000000000000     0.0000000000000000       -0.0015945833445487     0.0000000000000000        0.0013603614892950     0.0000000000000000
     0.0000000000000000     0.0000000000000000        0.0013603614892950     0.0000000000000000       -0.0052713841325951     0.0000000000000000
    9    8
    -0.0010835821830427     0.0000000000000000       -0.0034087629338414     0.0000000000000000       -0.0063355888761983     0.0000000000000000
    -0.0113753178583763     0.0000000000000000        0.0074520108420658     0.0000000000000000       -0.0070222899717363     0.0000000000000000
    -0.0092492759463631     0.0000000000000000       -0.0019756359288541     0.0000000000000000        0.0008505170160249     0.0000000000000000
    9    9
     0.1155126983171266     0.0000000000000000        0.0000000000000000     0.0000000000000000       -0.0000000000000000     0.0000000000000000
     0.0000000000000000     0.0000000000000000        0.1306336203188019     0.0000000000000000        0.0035289502771322     0.0000000000000000
     0.0000000000000000     0.0000000000000000        0.0035289502771322     0.0000000000000000        0.1201192556050765     0.0000000000000000
    9   10
    -0.0094213433743049     0.0000000000000000        0.0200382753707858     0.0000000000000000       -0.0024035431857897     0.0000000000000000
     0.0240973765275324     0.0000000000000000       -0.0349030738786615     0.0000000000000000        0.0004581981907616     0.0000000000000000
    -0.0008049603197273     0.0000000000000000       -0.0023106285533679     0.0000000000000000        0.0046573848909799     0.0000000000000000
    9   11
    -0.0094213433743049     0.0000000000000000       -0.0200382753707858     0.0000000000000000        0.0024035431857897     0.0000000000000000
    -0.0240973765275324     0.0000000000000000       -0.0349030738786615     0.0000000000000000        0.0004581981907616     0.0000000000000000
     0.0008049603197272     0.0000000000000000       -0.0023106285533679     0.0000000000000000        0.0046573848909799     0.0000000000000000
   10    1
    -0.0499660993369505     0.0000000000000000       -0.0247762549740563     0.0000000000000000        0.0178085324111502     0.0000000000000000
    -0.0247762549740563     0.0000000000000000       -0.0785752542945234     0.0000000000000000       -0.0102817609814504     0.0000000000000000
     0.0180514331813528     0.0000000000000000       -0.0104219998065132     0.0000000000000000       -0.0884534124244120     0.0000000000000000
   10    2
    -0.0125501486384691     0.0000000000000000        0.0108021587351867     0.0000000000000000       -0.0078421992587955     0.0000000000000000
     0.0108021587351867     0.0000000000000000       -0.0000768901312918     0.0000000000000000        0.0045276958531046     0.0000000000000000
    -0.0082876662729121     0.0000000000000000        0.0047848863536199     0.0000000000000000        0.0029325201792549     0.0000000000000000
   10    3
    -0.0037644973794702     0.0000000000000000       -0.0064320247442936     0.0000000000000000        0.0048237315311262     0.0000000000000000
    -0.0064320247442936     0.0000000000000000       -0.0111915598145757     0.0000000000000000       -0.0027849826979944     0.0000000000000000
     0.0047561519928081     0.0000000000000000       -0.0027459656333547     0.0000000000000000       -0.0125324773763135     0.0000000000000000
   10    4
    -0.0094072608740436     0.0000000000000000        0.0088886544158008     0.0000000000000000       -0.0217715473946146     0.0000000000000000
     0.0088886544158008     0.0000000000000000        0.0008564731653480     0.0000000000000000        0.0125698087489563     0.0000000000000000
    -0.0182757739101978     0.0000000000000000        0.0105515229867022     0.0000000000000000       -0.0310842512466963     0.0000000000000000
   10    5
    -0.0020244355300222     0.0000000000000000        0.0053244654574419     0.0000000000000000        0.0141165549845785     0.0000000000000000
     0.0053244654574419     0.0000000000000000        0.0041237276002679     0.0000000000000000       -0.0081501968203771     0.0000000000000000
     0.0069456146700868     0.0000000000000000       -0.0040100524994623     0.0000000000000000        0.0032739455816756     0.0000000000000000
   10    6
     0.0117198073546185     0.0000000000000000        0.0039832774622675     0.0000000000000000       -0.0029136870701648     0.0000000000000000
    -0.0039832774622674     0.0000000000000000       -0.0053513786955972     0.0000000000000000        0.0089979259005903     0.0000000000000000
     0.0029136870701648     0.0000000000000000        0.0089979259005903     0.0000000000000000        0.0008505170160250     0.0000000000000000
   10    7
    -0.0010835821830427     0.0000000000000000       -0.0113753178583763     0.0000000000000000       -0.0092492759463631     0.0000000000000000
    -0.0034087629338414     0.0000000000000000        0.0074520108420658     0.0000000000000000       -0.0019756359288541     0.0000000000000000
    -0.0063355888761983     0.0000000000000000       -0.0070222899717363     0.0000000000000000        0.0008505170160249     0.0000000000000000
   10    8
    -0.0027118907258523     0.0000000000000000       -0.0019352331520901     0.0000000000000000        0.0011781076080595     0.0000000000000000
    -0.0019352331520901     0.0000000000000000       -0.0049465054884607     0.0000000000000000       -0.0006801807446475     0.0000000000000000
     0.0011781076080595     0.0000000000000000       -0.0006801807446475     0.0000000000000000       -0.0052713841325951     0.0000000000000000
   10    9
    -0.0094213433743049     0.0000000000000000        0.0240973765275324     0.0000000000000000       -0.0008049603197273     0.0000000000000000
     0.0200382753707858     0.0000000000000000       -0.0349030738786615     0.0000000000000000       -0.0023106285533679     0.0000000000000000
    -0.0024035431857897     0.0000000000000000        0.0004581981907616     0.0000000000000000        0.0046573848909799     0.0000000000000000
   10   10
     0.1268533898183698     0.0000000000000000       -0.0065475512910397     0.0000000000000000        0.0030561605886884     0.0000000000000000
    -0.0065475512910397     0.0000000000000000        0.1192929288175571     0.0000000000000000       -0.0017644751385662     0.0000000000000000
     0.0030561605886884     0.0000000000000000       -0.0017644751385662     0.0000000000000000        0.1201192556050765     0.0000000000000000
   10   11
    -0.0476439391308328     0.0000000000000000       -0.0020295505783733     0.0000000000000000        0.0015985828660624     0.0000000000000000
     0.0020295505783732     0.0000000000000000        0.0033195218778715     0.0000000000000000        0.0018524303626062     0.0000000000000000
    -0.0015985828660625     0.0000000000000000        0.0018524303626062     0.0000000000000000        0.0046573848909799     0.0000000000000000
   11    1
    -0.0499660993369505     0.0000000000000000        0.0247762549740563     0.0000000000000000       -0.0178085324111501     0.0000000000000000
     0.0247762549740563     0.0000000000000000       -0.0785752542945235     0.0000000000000000       -0.0102817609814504     0.0000000000000000
    -0.0180514331813527     0.0000000000000000       -0.0104219998065132     0.0000000000000000       -0.0884534124244120     0.0000000000000000
   11    2
    -0.0125501486384691     0.0000000000000000       -0.0108021587351867     0.0000000000000000        0.0078421992587955     0.0000000000000000
    -0.0108021587351867     0.0000000000000000       -0.0000768901312918     0.0000000000000000        0.0045276958531046     0.0000000000000000
     0.0082876662729120     0.0000000000000000        0.0047848863536199     0.0000000000000000        0.0029325201792549     0.0000000000000000
   11    3
    -0.0037644973794702     0.0000000000000000        0.0064320247442936     0.0000000000000000       -0.0048237315311262     0.0000000000000000
     0.0064320247442936     0.0000000000000000       -0.0111915598145757     0.0000000000000000       -0.0027849826979944     0.0000000000000000
    -0.0047561519928081     0.0000000000000000       -0.0027459656333547     0.0000000000000000       -0.0125324773763135     0.0000000000000000
   11    4
    -0.0094072608740436     0.0000000000000000       -0.0088886544158008     0.0000000000000000        0.0217715473946146     0.0000000000000000
    -0.0088886544158008     0.0000000000000000        0.0008564731653480     0.0000000000000000        0.0125698087489563     0.0000000000000000
     0.0182757739101978     0.0000000000000000        0.0105515229867022     0.0000000000000000       -0.0310842512466963     0.0000000000000000
   11    5
    -0.0020244355300222     0.0000000000000000       -0.0053244654574419     0.0000000000000000       -0.0141165549845785     0.0000000000000000
    -0.0053244654574419     0.0000000000000000        0.0041237276002679     0.0000000000000000       -0.0081501968203771     0.0000000000000000
    -0.0069456146700868     0.0000000000000000       -0.0040100524994623     0.0000000000000000        0.0032739455816756     0.0000000000000000
   11    6
    -0.0027118907258523     0.0000000000000000        0.0019352331520901     0.0000000000000000       -0.0011781076080595     0.0000000000000000
     0.0019352331520901     0.0000000000000000       -0.0049465054884607     0.0000000000000000       -0.0006801807446475     0.0000000000000000
    -0.0011781076080595     0.0000000000000000       -0.0006801807446475     0.0000000000000000       -0.0052713841325951     0.0000000000000000
   11    7
    -0.0010835821830427     0.0000000000000000        0.0113753178583762     0.0000000000000000        0.0092492759463631     0.0000000000000000
     0.0034087629338414     0.0000000000000000        0.0074520108420658     0.0000000000000000       -0.0019756359288540     0.0000000000000000
     0.0063355888761983     0.0000000000000000       -0.0070222899717363     0.0000000000000000        0.0008505170160250     0.0000000000000000
   11    8
     0.0117198073546185     0.0000000000000000       -0.0039832774622674     0.0000000000000000        0.0029136870701648     0.0000000000000000
     0.0039832774622675     0.0000000000000000       -0.0053513786955972     0.0000000000000000        0.0089979259005903     0.0000000000000000
    -0.0029136870701648     0.0000000000000000        0.0089979259005903     0.0000000000000000        0.0008505170160250     0.0000000000000000
   11    9
    -0.0094213433743049     0.0000000000000000       -0.0240973765275324     0.0000000000000000        0.0008049603197272     0.0000000000000000
    -0.0200382753707858     0.0000000000000000       -0.0349030738786615     0.0000000000000000       -0.0023106285533679     0.0000000000000000
     0.0024035431857897     0.0000000000000000        0.0004581981907616     0.0000000000000000        0.0046573848909799     0.0000000000000000
   11   10
    -0.0476439391308328     0.0000000000000000        0.0020295505783733     0.0000000000000000       -0.0015985828660625     0.0000000000000000
    -0.0020295505783733     0.0000000000000000        0.0033195218778715     0.0000000000000000        0.0018524303626062     0.0000000000000000
     0.0015985828660624     0.0000000000000000        0.0018524303626062     0.0000000000000000        0.0046573848909799     0.0000000000000000
   11   11
     0.1268533898183698     0.0000000000000000        0.0065475512910397     0.0000000000000000       -0.0030561605886884     0.0000000000000000
     0.0065475512910397     0.0000000000000000        0.1192929288175571     0.0000000000000000       -0.0017644751385662     0.0000000000000000
    -0.0030561605886884     0.0000000000000000       -0.0017644751385662     0.0000000000000000        0.1201192556050765     0.0000000000000000

     Diagonalizing the dynamical matrix

     q = (     0.000000000000     0.000000000000     0.000000000000 )

***************************************************************************
   freq (    1) =    -0.00000106 [THz] =    -0.00003528 [cm-1]
(  -0.000000  0.000000   0.060921  0.000000  -0.295293  0.000000 )
(   0.000000  0.000000   0.060921  0.000000  -0.295293  0.000000 )
(  -0.000000  0.000000   0.060921  0.000000  -0.295293  0.000000 )
(   0.000000  0.000000   0.060921  0.000000  -0.295293  0.000000 )
(  -0.000000  0.000000   0.060921  0.000000  -0.295293  0.000000 )
(  -0.000000  0.000000   0.060921  0.000000  -0.295293  0.000000 )
(   0.000000  0.000000   0.060921  0.000000  -0.295293  0.000000 )
(  -0.000000  0.000000   0.060921  0.000000  -0.295293  0.000000 )
(   0.000000  0.000000   0.060921  0.000000  -0.295293  0.000000 )
(   0.000000  0.000000   0.060921  0.000000  -0.295293  0.000000 )
(  -0.000000  0.000000   0.060921  0.000000  -0.295293  0.000000 )
   freq (    2) =    -0.00000066 [THz] =    -0.00002207 [cm-1]
(   0.000000  0.000000  -0.295293  0.000000  -0.060921  0.000000 )
(   0.000000  0.000000  -0.295293  0.000000  -0.060921  0.000000 )
(   0.000000  0.000000  -0.295293  0.000000  -0.060921  0.000000 )
(   0.000000  0.000000  -0.295293  0.000000  -0.060921  0.000000 )
(   0.000000  0.000000  -0.295293  0.000000  -0.060921  0.000000 )
(   0.000000  0.000000  -0.295293  0.000000  -0.060921  0.000000 )
(   0.000000  0.000000  -0.295293  0.000000  -0.060921  0.000000 )
(   0.000000  0.000000  -0.295293  0.000000  -0.060921  0.000000 )
(   0.000000  0.000000  -0.295293  0.000000  -0.060921  0.000000 )
(   0.000000  0.000000  -0.295293  0.000000  -0.060921  0.000000 )
(   0.000000  0.000000  -0.295293  0.000000  -0.060921  0.000000 )
   freq (    3) =    -0.00000016 [THz] =    -0.00000541 [cm-1]
(   0.301511  0.000000   0.000000  0.000000   0.000000  0.000000 )
(   0.301511  0.000000   0.000000  0.000000   0.000000  0.000000 )
(   0.301511  0.000000   0.000000  0.000000   0.000000  0.000000 )
(   0.301511  0.000000   0.000000  0.000000   0.000000  0.000000 )
(   0.301511  0.000000   0.000000  0.000000   0.000000  0.000000 )
(   0.301511  0.000000   0.000000  0.000000   0.000000  0.000000 )
(   0.301511  0.000000   0.000000  0.000000   0.000000  0.000000 )
(   0.301511  0.000000   0.000000  0.000000   0.000000  0.000000 )
(   0.301511  0.000000   0.000000  0.000000   0.000000  0.000000 )
(   0.301511  0.000000   0.000000  0.000000   0.000000  0.000000 )
(   0.301511  0.000000   0.000000  0.000000   0.000000  0.000000 )
   freq (    4) =    25.13172950 [THz] =   838.30414112 [cm-1]
(  -0.000000  0.000000  -0.000000  0.000000   0.020518  0.000000 )
(   0.000000  0.000000   0.000000  0.000000  -0.522511  0.000000 )
(   0.000000  0.000000   0.000000  0.000000  -0.522511  0.000000 )
(  -0.000000  0.000000   0.000000  0.000000  -0.343296  0.000000 )
(   0.000000  0.000000   0.000000  0.000000  -0.343296  0.000000 )
(   0.047023  0.000000   0.027149  0.000000  -0.182642  0.000000 )
(   0.000000  0.000000  -0.054298  0.000000  -0.182642  0.000000 )
(  -0.047023  0.000000   0.027149  0.000000  -0.182642  0.000000 )
(   0.000000  0.000000  -0.054298  0.000000  -0.182642  0.000000 )
(  -0.047023  0.000000   0.027149  0.000000  -0.182642  0.000000 )
(   0.047023  0.000000   0.027149  0.000000  -0.182642  0.000000 )
   freq (    5) =    25.60660324 [THz] =   854.14422203 [cm-1]
(   0.020927  0.000000  -0.000000  0.000000  -0.000000  0.000000 )
(  -0.492679  0.000000   0.000000  0.000000   0.000000  0.000000 )
(  -0.492679  0.000000  -0.000000  0.000000  -0.000000  0.000000 )
(  -0.167490  0.000000   0.000000  0.000000   0.000000  0.000000 )
(  -0.167490  0.000000  -0.000000  0.000000  -0.000000  0.000000 )
(  -0.300346  0.000000  -0.068870  0.000000   0.056172  0.000000 )
(  -0.181059  0.000000  -0.000000  0.000000  -0.000000  0.000000 )
(  -0.300346  0.000000   0.068870  0.000000  -0.056172  0.000000 )
(  -0.181059  0.000000   0.000000  0.000000   0.000000  0.000000 )
(  -0.300346  0.000000   0.068870  0.000000  -0.056172  0.000000 )
(  -0.300346  0.000000  -0.068870  0.000000   0.056172  0.000000 )
   freq (    6) =    25.60660324 [THz] =   854.14422203 [cm-1]
(  -0.000000  0.000000  -0.020927  0.000000  -0.000000  0.000000 )
(   0.000000  0.000000   0.492679  0.000000   0.000000  0.000000 )
(  -0.000000  0.000000   0.492679  0.000000   0.000000  0.000000 )
(  -0.000000  0.000000   0.167490  0.000000   0.000000  0.000000 )
(   0.000000  0.000000   0.167490  0.000000  -0.000000  0.000000 )
(   0.068870  0.000000   0.220822  0.000000  -0.032431  0.000000 )
(   0.000000  0.000000   0.340109  0.000000   0.064862  0.000000 )
(  -0.068870  0.000000   0.220822  0.000000  -0.032431  0.000000 )
(   0.000000  0.000000   0.340109  0.000000   0.064862  0.000000 )
(  -0.068870  0.000000   0.220822  0.000000  -0.032431  0.000000 )
(   0.068870  0.000000   0.220822  0.000000  -0.032431  0.000000 )
   freq (    7) =    25.74180619 [THz] =   858.65410621 [cm-1]
(  -0.000000  0.000000   0.000000  0.000000  -0.000000  0.000000 )
(   0.000000  0.000000  -0.000000  0.000000   0.410239  0.000000 )
(  -0.000000  0.000000   0.000000  0.000000  -0.410239  0.000000 )
(   0.000000  0.000000  -0.000000  0.000000   0.491476  0.000000 )
(  -0.000000  0.000000   0.000000  0.000000  -0.491476  0.000000 )
(   0.118196  0.000000   0.068240  0.000000  -0.106886  0.000000 )
(  -0.000000  0.000000  -0.136481  0.000000  -0.106886  0.000000 )
(  -0.118196  0.000000   0.068240  0.000000  -0.106886  0.000000 )
(   0.000000  0.000000   0.136481  0.000000   0.106886  0.000000 )
(   0.118196  0.000000  -0.068240  0.000000   0.106886  0.000000 )
(  -0.118196  0.000000  -0.068240  0.000000   0.106886  0.000000 )
   freq (    8) =    25.78160782 [THz] =   859.98174547 [cm-1]
(   0.000000  0.000000  -0.000000  0.000000  -0.000000  0.000000 )
(  -0.364251  0.000000  -0.001786  0.000000   0.000000  0.000000 )
(   0.364251  0.000000   0.001786  0.000000  -0.000000  0.000000 )
(  -0.080359  0.000000  -0.000394  0.000000   0.000000  0.000000 )
(   0.080359  0.000000   0.000394  0.000000  -0.000000  0.000000 )
(   0.366054  0.000000   0.165490  0.000000  -0.129632  0.000000 )
(   0.080098  0.000000   0.002257  0.000000   0.000732  0.000000 )
(   0.364439  0.000000  -0.163772  0.000000   0.128900  0.000000 )
(  -0.080098  0.000000  -0.002257  0.000000  -0.000732  0.000000 )
(  -0.364439  0.000000   0.163772  0.000000  -0.128900  0.000000 )
(  -0.366054  0.000000  -0.165490  0.000000   0.129632  0.000000 )
   freq (    9) =    25.78160782 [THz] =   859.98174547 [cm-1]
(   0.000000  0.000000  -0.000000  0.000000   0.000000  0.000000 )
(   0.001786  0.000000  -0.364251  0.000000  -0.000000  0.000000 )
(  -0.001786  0.000000   0.364251  0.000000   0.000000  0.000000 )
(   0.000394  0.000000  -0.080359  0.000000  -0.000000  0.000000 )
(  -0.000394  0.000000   0.080359  0.000000   0.000000  0.000000 )
(   0.162839  0.000000   0.174340  0.000000  -0.073998  0.000000 )
(  -0.000393  0.000000   0.460296  0.000000   0.149264  0.000000 )
(  -0.166422  0.000000   0.175955  0.000000  -0.075266  0.000000 )
(   0.000393  0.000000  -0.460296  0.000000  -0.149264  0.000000 )
(   0.166422  0.000000  -0.175955  0.000000   0.075266  0.000000 )
(  -0.162839  0.000000  -0.174340  0.000000   0.073998  0.000000 )
   freq (   10) =    29.16052639 [THz] =   972.69032086 [cm-1]
(   0.000000  0.000000   0.000000  0.000000   0.000000  0.000000 )
(   0.512493  0.000000   0.000119  0.000000   0.000000  0.000000 )
(  -0.512493  0.000000  -0.000119  0.000000  -0.000000  0.000000 )
(  -0.256838  0.000000  -0.000060  0.000000  -0.000000  0.000000 )
(   0.256838  0.000000   0.000060  0.000000   0.000000  0.000000 )
(   0.217883  0.000000  -0.031039  0.000000   0.018020  0.000000 )
(   0.271753  0.000000   0.000047  0.000000  -0.000005  0.000000 )
(   0.217897  0.000000   0.031157  0.000000  -0.018015  0.000000 )
(  -0.271753  0.000000  -0.000047  0.000000   0.000005  0.000000 )
(  -0.217897  0.000000  -0.031157  0.000000   0.018015  0.000000 )
(  -0.217883  0.000000   0.031039  0.000000  -0.018020  0.000000 )
   freq (   11) =    29.16052639 [THz] =   972.69032086 [cm-1]
(   0.000000  0.000000   0.000000  0.000000   0.000000  0.000000 )
(  -0.000119  0.000000   0.512493  0.000000   0.000000  0.000000 )
(   0.000119  0.000000  -0.512493  0.000000  -0.000000  0.000000 )
(   0.000060  0.000000  -0.256838  0.000000  -0.000000  0.000000 )
(  -0.000060  0.000000   0.256838  0.000000   0.000000  0.000000 )
(  -0.031149  0.000000   0.253806  0.000000   0.010398  0.000000 )
(  -0.000063  0.000000   0.199936  0.000000  -0.020805  0.000000 )
(   0.031047  0.000000   0.253791  0.000000   0.010407  0.000000 )
(   0.000063  0.000000  -0.199936  0.000000   0.020805  0.000000 )
(  -0.031047  0.000000  -0.253791  0.000000  -0.010407  0.000000 )
(   0.031149  0.000000  -0.253806  0.000000  -0.010398  0.000000 )
   freq (   12) =    29.47609130 [THz] =   983.21643183 [cm-1]
(   0.000000  0.000000  -0.000000  0.000000   0.000000  0.000000 )
(   0.000000  0.000000   0.000000  0.000000  -0.480841  0.000000 )
(  -0.000000  0.000000  -0.000000  0.000000   0.480841  0.000000 )
(  -0.000000  0.000000  -0.000000  0.000000   0.236894  0.000000 )
(   0.000000  0.000000   0.000000  0.000000  -0.236894  0.000000 )
(  -0.009460  0.000000  -0.005462  0.000000  -0.266029  0.000000 )
(   0.000000  0.000000   0.010923  0.000000  -0.266029  0.000000 )
(   0.009460  0.000000  -0.005462  0.000000  -0.266029  0.000000 )
(  -0.000000  0.000000  -0.010923  0.000000   0.266029  0.000000 )
(  -0.009460  0.000000   0.005462  0.000000   0.266029  0.000000 )
(   0.009460  0.000000   0.005462  0.000000   0.266029  0.000000 )
   freq (   13) =    32.43489618 [THz] =  1081.91152498 [cm-1]
(  -0.000000  0.000000   0.000000  0.000000  -0.000000  0.000000 )
(  -0.000000  0.000000   0.000000  0.000000  -0.000000  0.000000 )
(   0.000000  0.000000  -0.000000  0.000000   0.000000  0.000000 )
(  -0.000000  0.000000  -0.000000  0.000000   0.000000  0.000000 )
(   0.000000  0.000000   0.000000  0.000000   0.000000  0.000000 )
(  -0.204124  0.000000   0.353553  0.000000  -0.000000  0.000000 )
(   0.408248  0.000000  -0.000000  0.000000   0.000000  0.000000 )
(  -0.204124  0.000000  -0.353553  0.000000   0.000000  0.000000 )
(  -0.408248  0.000000   0.000000  0.000000  -0.000000  0.000000 )
(   0.204124  0.000000   0.353553  0.000000  -0.000000  0.000000 )
(   0.204124  0.000000  -0.353553  0.000000   0.000000  0.000000 )
   freq (   14) =    32.45366250 [THz] =  1082.53750196 [cm-1]
(  -0.000000  0.000000  -0.000000  0.000000  -0.000000  0.000000 )
(   0.007874  0.000000  -0.000020  0.000000   0.000000  0.000000 )
(  -0.007874  0.000000   0.000020  0.000000  -0.000000  0.000000 )
(  -0.440044  0.000000   0.001107  0.000000  -0.000000  0.000000 )
(   0.440044  0.000000  -0.001107  0.000000   0.000000  0.000000 )
(  -0.149953  0.000000  -0.002514  0.000000  -0.346115  0.000000 )
(  -0.144966  0.000000   0.000381  0.000000  -0.001007  0.000000 )
(  -0.149967  0.000000   0.003252  0.000000   0.347121  0.000000 )
(   0.144966  0.000000  -0.000381  0.000000   0.001007  0.000000 )
(   0.149967  0.000000  -0.003252  0.000000  -0.347121  0.000000 )
(   0.149953  0.000000   0.002514  0.000000   0.346115  0.000000 )
   freq (   15) =    32.45366250 [THz] =  1082.53750196 [cm-1]
(  -0.000000  0.000000  -0.000000  0.000000  -0.000000  0.000000 )
(  -0.000020  0.000000  -0.007874  0.000000  -0.000000  0.000000 )
(   0.000020  0.000000   0.007874  0.000000   0.000000  0.000000 )
(   0.001107  0.000000   0.440044  0.000000   0.000000  0.000000 )
(  -0.001107  0.000000  -0.440044  0.000000  -0.000000  0.000000 )
(   0.003260  0.000000   0.146638  0.000000   0.200992  0.000000 )
(   0.000365  0.000000   0.151624  0.000000  -0.400240  0.000000 )
(  -0.002506  0.000000   0.146623  0.000000   0.199248  0.000000 )
(  -0.000365  0.000000  -0.151624  0.000000   0.400240  0.000000 )
(   0.002506  0.000000  -0.146623  0.000000  -0.199248  0.000000 )
(  -0.003260  0.000000  -0.146638  0.000000  -0.200992  0.000000 )
   freq (   16) =    32.76874693 [THz] =  1093.04758567 [cm-1]
(  -0.000000  0.000000   0.000000  0.000000   0.000000  0.000000 )
(   0.000000  0.000000  -0.000000  0.000000  -0.000000  0.000000 )
(   0.000000  0.000000   0.000000  0.000000   0.000000  0.000000 )
(  -0.000000  0.000000  -0.000000  0.000000  -0.000000  0.000000 )
(  -0.000000  0.000000  -0.000000  0.000000   0.000000  0.000000 )
(  -0.204124  0.000000   0.353553  0.000000  -0.000000  0.000000 )
(   0.408248  0.000000  -0.000000  0.000000  -0.000000  0.000000 )
(  -0.204124  0.000000  -0.353553  0.000000   0.000000  0.000000 )
(   0.408248  0.000000  -0.000000  0.000000   0.000000  0.000000 )
(  -0.204124  0.000000  -0.353553  0.000000   0.000000  0.000000 )
(  -0.204124  0.000000   0.353553  0.000000  -0.000000  0.000000 )
   freq (   17) =    33.70835319 [THz] =  1124.38947223 [cm-1]
(   0.000232  0.000000   0.000000  0.000000  -0.000000  0.000000 )
(   0.019146  0.000000   0.000000  0.000000  -0.000000  0.000000 )
(   0.019146  0.000000   0.000000  0.000000  -0.000000  0.000000 )
(  -0.493059  0.000000  -0.000000  0.000000   0.000000  0.000000 )
(  -0.493059  0.000000  -0.000000  0.000000   0.000000  0.000000 )
(   0.126937  0.000000  -0.044530  0.000000   0.298908  0.000000 )
(   0.204065  0.000000   0.000000  0.000000  -0.000000  0.000000 )
(   0.126937  0.000000   0.044530  0.000000  -0.298908  0.000000 )
(   0.204065  0.000000   0.000000  0.000000  -0.000000  0.000000 )
(   0.126937  0.000000   0.044530  0.000000  -0.298908  0.000000 )
(   0.126937  0.000000  -0.044530  0.000000   0.298908  0.000000 )
   freq (   18) =    33.70835319 [THz] =  1124.38947223 [cm-1]
(   0.000000  0.000000  -0.000232  0.000000  -0.000000  0.000000 )
(   0.000000  0.000000  -0.019146  0.000000   0.000000  0.000000 )
(   0.000000  0.000000  -0.019146  0.000000   0.000000  0.000000 )
(  -0.000000  0.000000   0.493059  0.000000  -0.000000  0.000000 )
(  -0.000000  0.000000   0.493059  0.000000  -0.000000  0.000000 )
(   0.044530  0.000000  -0.178356  0.000000  -0.172575  0.000000 )
(   0.000000  0.000000  -0.101227  0.000000   0.345149  0.000000 )
(  -0.044530  0.000000  -0.178356  0.000000  -0.172575  0.000000 )
(   0.000000  0.000000  -0.101227  0.000000   0.345149  0.000000 )
(  -0.044530  0.000000  -0.178356  0.000000  -0.172575  0.000000 )
(   0.044530  0.000000  -0.178356  0.000000  -0.172575  0.000000 )
   freq (   19) =    34.66338859 [THz] =  1156.24601973 [cm-1]
(  -0.001026  0.000000   0.000000  0.000000   0.000000  0.000000 )
(  -0.047443  0.000000   0.000000  0.000000   0.000000  0.000000 )
(  -0.047443  0.000000   0.000000  0.000000   0.000000  0.000000 )
(   0.288158  0.000000  -0.000000  0.000000  -0.000000  0.000000 )
(   0.288158  0.000000  -0.000000  0.000000  -0.000000  0.000000 )
(   0.061873  0.000000   0.205343  0.000000   0.343812  0.000000 )
(  -0.293791  0.000000  -0.000000  0.000000  -0.000000  0.000000 )
(   0.061873  0.000000  -0.205343  0.000000  -0.343812  0.000000 )
(  -0.293791  0.000000  -0.000000  0.000000  -0.000000  0.000000 )
(   0.061873  0.000000  -0.205343  0.000000  -0.343812  0.000000 )
(   0.061873  0.000000   0.205343  0.000000   0.343812  0.000000 )
   freq (   20) =    34.66338859 [THz] =  1156.24601973 [cm-1]
(  -0.000000  0.000000   0.001026  0.000000  -0.000000  0.000000 )
(  -0.000000  0.000000   0.047443  0.000000  -0.000000  0.000000 )
(  -0.000000  0.000000   0.047443  0.000000  -0.000000  0.000000 )
(   0.000000  0.000000  -0.288158  0.000000   0.000000  0.000000 )
(  -0.000000  0.000000  -0.288158  0.000000   0.000000  0.000000 )
(  -0.205343  0.000000   0.175237  0.000000  -0.198500  0.000000 )
(   0.000000  0.000000  -0.180427  0.000000   0.397000  0.000000 )
(   0.205343  0.000000   0.175237  0.000000  -0.198500  0.000000 )
(   0.000000  0.000000  -0.180427  0.000000   0.397000  0.000000 )
(   0.205343  0.000000   0.175237  0.000000  -0.198500  0.000000 )
(  -0.205343  0.000000   0.175237  0.000000  -0.198500  0.000000 )
   freq (   21) =    35.43609104 [THz] =  1182.02059549 [cm-1]
(   0.006142  0.000000   0.000000  0.000000   0.000000  0.000000 )
(   0.511607  0.000000   0.000000  0.000000   0.000000  0.000000 )
(   0.511607  0.000000   0.000000  0.000000   0.000000  0.000000 )
(  -0.144488  0.000000  -0.000000  0.000000  -0.000000  0.000000 )
(  -0.144488  0.000000  -0.000000  0.000000  -0.000000  0.000000 )
(  -0.276880  0.000000  -0.023283  0.000000   0.059144  0.000000 )
(  -0.236554  0.000000  -0.000000  0.000000  -0.000000  0.000000 )
(  -0.276880  0.000000   0.023283  0.000000  -0.059144  0.000000 )
(  -0.236554  0.000000  -0.000000  0.000000  -0.000000  0.000000 )
(  -0.276880  0.000000   0.023283  0.000000  -0.059144  0.000000 )
(  -0.276880  0.000000  -0.023283  0.000000   0.059144  0.000000 )
   freq (   22) =    35.43609104 [THz] =  1182.02059549 [cm-1]
(  -0.000000  0.000000  -0.006142  0.000000  -0.000000  0.000000 )
(  -0.000000  0.000000  -0.511607  0.000000  -0.000000  0.000000 )
(   0.000000  0.000000  -0.511607  0.000000  -0.000000  0.000000 )
(   0.000000  0.000000   0.144488  0.000000   0.000000  0.000000 )
(   0.000000  0.000000   0.144488  0.000000   0.000000  0.000000 )
(   0.023283  0.000000   0.249996  0.000000  -0.034147  0.000000 )
(  -0.000000  0.000000   0.290322  0.000000   0.068293  0.000000 )
(  -0.023283  0.000000   0.249996  0.000000  -0.034147  0.000000 )
(  -0.000000  0.000000   0.290322  0.000000   0.068293  0.000000 )
(  -0.023283  0.000000   0.249996  0.000000  -0.034147  0.000000 )
(   0.023283  0.000000   0.249996  0.000000  -0.034147  0.000000 )
   freq (   23) =    35.44722772 [THz] =  1182.39207499 [cm-1]
(  -0.000000  0.000000   0.000000  0.000000  -0.007455  0.000000 )
(  -0.000000  0.000000   0.000000  0.000000  -0.485297  0.000000 )
(   0.000000  0.000000   0.000000  0.000000  -0.485297  0.000000 )
(   0.000000  0.000000   0.000000  0.000000   0.331556  0.000000 )
(   0.000000  0.000000   0.000000  0.000000   0.331556  0.000000 )
(  -0.038870  0.000000  -0.022441  0.000000   0.222476  0.000000 )
(  -0.000000  0.000000   0.044883  0.000000   0.222476  0.000000 )
(   0.038870  0.000000  -0.022441  0.000000   0.222476  0.000000 )
(  -0.000000  0.000000   0.044883  0.000000   0.222476  0.000000 )
(   0.038870  0.000000  -0.022441  0.000000   0.222476  0.000000 )
(  -0.038870  0.000000  -0.022441  0.000000   0.222476  0.000000 )
   freq (   24) =    43.37366407 [THz] =  1446.78949407 [cm-1]
(   0.000000  0.000000  -0.000000  0.000000  -0.000000  0.000000 )
(   0.046455  0.000000   0.001051  0.000000  -0.000000  0.000000 )
(  -0.046455  0.000000  -0.001051  0.000000   0.000000  0.000000 )
(  -0.305433  0.000000  -0.006911  0.000000   0.000000  0.000000 )
(   0.305433  0.000000   0.006911  0.000000  -0.000000  0.000000 )
(   0.025067  0.000000   0.230297  0.000000   0.268735  0.000000 )
(  -0.389069  0.000000   0.003530  0.000000  -0.006931  0.000000 )
(   0.014386  0.000000  -0.241738  0.000000  -0.261804  0.000000 )
(   0.389069  0.000000  -0.003530  0.000000   0.006931  0.000000 )
(  -0.014386  0.000000   0.241738  0.000000   0.261804  0.000000 )
(  -0.025067  0.000000  -0.230297  0.000000  -0.268735  0.000000 )
   freq (   25) =    43.37366407 [THz] =  1446.78949407 [cm-1]
(   0.000000  0.000000  -0.000000  0.000000   0.000000  0.000000 )
(  -0.001051  0.000000   0.046455  0.000000  -0.000000  0.000000 )
(   0.001051  0.000000  -0.046455  0.000000   0.000000  0.000000 )
(   0.006911  0.000000  -0.305433  0.000000   0.000000  0.000000 )
(  -0.006911  0.000000   0.305433  0.000000  -0.000000  0.000000 )
(   0.235571  0.000000  -0.258144  0.000000   0.147151  0.000000 )
(   0.008804  0.000000   0.155991  0.000000  -0.306307  0.000000 )
(  -0.236464  0.000000  -0.247463  0.000000   0.159156  0.000000 )
(  -0.008804  0.000000  -0.155991  0.000000   0.306307  0.000000 )
(   0.236464  0.000000   0.247463  0.000000  -0.159156  0.000000 )
(  -0.235571  0.000000   0.258144  0.000000  -0.147151  0.000000 )
   freq (   26) =    44.76759912 [THz] =  1493.28615578 [cm-1]
(  -0.006273  0.000000   0.000000  0.000000  -0.000000  0.000000 )
(   0.034841  0.000000  -0.000000  0.000000   0.000000  0.000000 )
(   0.034841  0.000000  -0.000000  0.000000   0.000000  0.000000 )
(   0.347152  0.000000  -0.000000  0.000000  -0.000000  0.000000 )
(   0.347152  0.000000  -0.000000  0.000000  -0.000000  0.000000 )
(  -0.142682  0.000000  -0.276137  0.000000   0.190269  0.000000 )
(   0.335601  0.000000   0.000000  0.000000   0.000000  0.000000 )
(  -0.142682  0.000000   0.276137  0.000000  -0.190269  0.000000 )
(   0.335601  0.000000   0.000000  0.000000   0.000000  0.000000 )
(  -0.142682  0.000000   0.276137  0.000000  -0.190269  0.000000 )
(  -0.142682  0.000000  -0.276137  0.000000   0.190269  0.000000 )
   freq (   27) =    44.76759912 [THz] =  1493.28615578 [cm-1]
(  -0.000000  0.000000  -0.006273  0.000000   0.000000  0.000000 )
(   0.000000  0.000000   0.034841  0.000000  -0.000000  0.000000 )
(   0.000000  0.000000   0.034841  0.000000  -0.000000  0.000000 )
(   0.000000  0.000000   0.347152  0.000000   0.000000  0.000000 )
(   0.000000  0.000000   0.347152  0.000000   0.000000  0.000000 )
(  -0.276137  0.000000   0.176173  0.000000   0.109852  0.000000 )
(   0.000000  0.000000  -0.302110  0.000000  -0.219704  0.000000 )
(   0.276137  0.000000   0.176173  0.000000   0.109852  0.000000 )
(   0.000000  0.000000  -0.302110  0.000000  -0.219704  0.000000 )
(   0.276137  0.000000   0.176173  0.000000   0.109852  0.000000 )
(  -0.276137  0.000000   0.176173  0.000000   0.109852  0.000000 )
   freq (   28) =    45.40042925 [THz] =  1514.39509371 [cm-1]
(   0.000000  0.000000  -0.000000  0.000000  -0.006147  0.000000 )
(   0.000000  0.000000   0.000000  0.000000   0.035191  0.000000 )
(  -0.000000  0.000000   0.000000  0.000000   0.035191  0.000000 )
(   0.000000  0.000000   0.000000  0.000000  -0.359922  0.000000 )
(  -0.000000  0.000000   0.000000  0.000000  -0.359922  0.000000 )
(   0.213637  0.000000   0.123344  0.000000   0.249423  0.000000 )
(  -0.000000  0.000000  -0.246687  0.000000   0.249423  0.000000 )
(  -0.213637  0.000000   0.123344  0.000000   0.249423  0.000000 )
(   0.000000  0.000000  -0.246687  0.000000   0.249423  0.000000 )
(  -0.213637  0.000000   0.123344  0.000000   0.249423  0.000000 )
(   0.213637  0.000000   0.123344  0.000000   0.249423  0.000000 )
   freq (   29) =    45.44663941 [THz] =  1515.93649869 [cm-1]
(   0.000000  0.000000   0.000000  0.000000   0.000000  0.000000 )
(   0.000000  0.000000   0.000000  0.000000  -0.316996  0.000000 )
(  -0.000000  0.000000  -0.000000  0.000000   0.316996  0.000000 )
(  -0.000000  0.000000   0.000000  0.000000   0.280078  0.000000 )
(   0.000000  0.000000  -0.000000  0.000000  -0.280078  0.000000 )
(   0.164537  0.000000   0.094995  0.000000   0.266321  0.000000 )
(  -0.000000  0.000000  -0.189991  0.000000   0.266321  0.000000 )
(  -0.164537  0.000000   0.094995  0.000000   0.266321  0.000000 )
(   0.000000  0.000000   0.189991  0.000000  -0.266321  0.000000 )
(   0.164537  0.000000  -0.094995  0.000000  -0.266321  0.000000 )
(  -0.164537  0.000000  -0.094995  0.000000  -0.266321  0.000000 )
   freq (   30) =    45.47148500 [THz] =  1516.76525799 [cm-1]
(   0.000000  0.000000   0.000000  0.000000   0.000000  0.000000 )
(   0.320076  0.000000   0.000245  0.000000   0.000000  0.000000 )
(  -0.320076  0.000000  -0.000245  0.000000  -0.000000  0.000000 )
(   0.374965  0.000000   0.000287  0.000000   0.000000  0.000000 )
(  -0.374965  0.000000  -0.000287  0.000000   0.000000  0.000000 )
(   0.067769  0.000000   0.202820  0.000000  -0.206044  0.000000 )
(  -0.283902  0.000000   0.000142  0.000000   0.000182  0.000000 )
(   0.067458  0.000000  -0.203076  0.000000   0.205862  0.000000 )
(   0.283902  0.000000  -0.000142  0.000000  -0.000182  0.000000 )
(  -0.067458  0.000000   0.203076  0.000000  -0.205862  0.000000 )
(  -0.067769  0.000000  -0.202820  0.000000   0.206044  0.000000 )
   freq (   31) =    45.47148500 [THz] =  1516.76525799 [cm-1]
(   0.000000  0.000000   0.000000  0.000000  -0.000000  0.000000 )
(  -0.000245  0.000000   0.320076  0.000000   0.000000  0.000000 )
(   0.000245  0.000000  -0.320076  0.000000  -0.000000  0.000000 )
(  -0.000287  0.000000   0.374965  0.000000  -0.000000  0.000000 )
(   0.000287  0.000000  -0.374965  0.000000   0.000000  0.000000 )
(   0.202896  0.000000  -0.166886  0.000000  -0.118749  0.000000 )
(   0.000217  0.000000   0.184786  0.000000   0.237814  0.000000 )
(  -0.203000  0.000000  -0.166575  0.000000  -0.119065  0.000000 )
(  -0.000217  0.000000  -0.184786  0.000000  -0.237814  0.000000 )
(   0.203000  0.000000   0.166575  0.000000   0.119065  0.000000 )
(  -0.202896  0.000000   0.166886  0.000000   0.118749  0.000000 )
   freq (   32) =    46.74732743 [THz] =  1559.32277472 [cm-1]
(   0.000000  0.000000  -0.000000  0.000000   0.000387  0.000000 )
(  -0.000000  0.000000   0.000000  0.000000  -0.010768  0.000000 )
(   0.000000  0.000000   0.000000  0.000000  -0.010768  0.000000 )
(  -0.000000  0.000000   0.000000  0.000000   0.379243  0.000000 )
(   0.000000  0.000000   0.000000  0.000000   0.379243  0.000000 )
(   0.275690  0.000000   0.159170  0.000000  -0.131705  0.000000 )
(   0.000000  0.000000  -0.318340  0.000000  -0.131705  0.000000 )
(  -0.275690  0.000000   0.159170  0.000000  -0.131705  0.000000 )
(  -0.000000  0.000000  -0.318340  0.000000  -0.131705  0.000000 )
(  -0.275690  0.000000   0.159170  0.000000  -0.131705  0.000000 )
(   0.275690  0.000000   0.159170  0.000000  -0.131705  0.000000 )
   freq (   33) =    58.01798498 [THz] =  1935.27138949 [cm-1]
(  -0.000000  0.000000   0.000000  0.000000  -0.000000  0.000000 )
(  -0.000000  0.000000  -0.000000  0.000000  -0.003038  0.000000 )
(   0.000000  0.000000   0.000000  0.000000   0.003038  0.000000 )
(   0.000000  0.000000  -0.000000  0.000000  -0.351978  0.000000 )
(  -0.000000  0.000000   0.000000  0.000000   0.351978  0.000000 )
(   0.289600  0.000000   0.167200  0.000000  -0.116377  0.000000 )
(   0.000000  0.000000  -0.334401  0.000000  -0.116377  0.000000 )
(  -0.289600  0.000000   0.167200  0.000000  -0.116377  0.000000 )
(  -0.000000  0.000000   0.334401  0.000000   0.116377  0.000000 )
(   0.289600  0.000000  -0.167200  0.000000   0.116377  0.000000 )
(  -0.289600  0.000000  -0.167200  0.000000   0.116377  0.000000 )
***************************************************************************
