Dynamical matrix file
File generated with the CellConstructor by Lorenzo Monacelli
2 11 0     1.8897259890000000     0.0000000000000000     0.0000000000000000     0.0000000000000000     0.0000000000000000     0.0000000000000000
Basis vectors
    1.8216054416065011    -1.0517043920322153     2.8381869915015971
    0.0000000000000000     2.1034087840644307     2.8381869915015971
   -1.8216054416065011    -1.0517043920322153     2.8381869915015971
	1  'La '  126604.5951757480361266
	2  'H '    918.7358275894680446
    1     1     0.0000000000000002    -0.0000000000000001     4.2572805298084759
    2     2    -0.0000000000000000     0.0000000000000002     2.1344771998418994
    3     2     0.0000000000000000    -0.0000000000000002    -2.1344771998418994
    4     2     0.0000000000000002     0.0000000000000001     0.9800118758164642
    5     2    -0.0000000000000002    -0.0000000000000001    -0.9800118758164642
    6     2     0.9445475462040920     0.5453347794696999     6.0626041955640675
    7     2    -0.0000000000000001    -1.0906695589393995     6.0626041955640675
    8     2    -0.9445475462040913     0.5453347794696999     6.0626041955640675
    9     2     0.0000000000000000     1.0906695589394002     2.4519568605065434
   10     2     0.9445475462040922    -0.5453347794697000     2.4519568605065438
   11     2    -0.9445475462040915    -0.5453347794696999     2.4519568605065438

     Dynamical Matrix in cartesian axes

     q = (     0.000000000000     0.000000000000     0.000000000000 )

    1    1
     0.6831288688645929     0.0000000000000000        0.0000000000000000     0.0000000000000000        0.0000000000000002     0.0000000000000000
     0.0000000000000001     0.0000000000000000        0.6831288689121207     0.0000000000000000        0.0000000000000002     0.0000000000000000
     0.0000000000000003     0.0000000000000000        0.0000000000000002     0.0000000000000000        0.7134124550015351     0.0000000000000000
    1    2
    -0.0323680784140432     0.0000000000000000        0.0000000000000000     0.0000000000000000       -0.0000000000000000     0.0000000000000000
    -0.0000000000000000     0.0000000000000000       -0.0323680784162951     0.0000000000000000       -0.0000000000000000     0.0000000000000000
    -0.0000000000000000     0.0000000000000000       -0.0000000000000000     0.0000000000000000       -0.0631656771856682     0.0000000000000000
    1    3
    -0.0323680784140432     0.0000000000000000       -0.0000000000000000     0.0000000000000000       -0.0000000000000000     0.0000000000000000
     0.0000000000000000     0.0000000000000000       -0.0323680784162951     0.0000000000000000       -0.0000000000000000     0.0000000000000000
    -0.0000000000000000     0.0000000000000000       -0.0000000000000000     0.0000000000000000       -0.0631656771856682     0.0000000000000000
    1    4
    -0.0903327440383438     0.0000000000000000        0.0000000000000000     0.0000000000000000       -0.0000000000000000     0.0000000000000000
     0.0000000000000000     0.0000000000000000       -0.0903327440446285     0.0000000000000000        0.0000000000000000     0.0000000000000000
    -0.0000000000000000     0.0000000000000000        0.0000000000000000     0.0000000000000000       -0.0200947836010613     0.0000000000000000
    1    5
    -0.0903327440383438     0.0000000000000000        0.0000000000000000     0.0000000000000000       -0.0000000000000000     0.0000000000000000
     0.0000000000000000     0.0000000000000000       -0.0903327440446285     0.0000000000000000        0.0000000000000000     0.0000000000000000
    -0.0000000000000000     0.0000000000000000        0.0000000000000000     0.0000000000000000       -0.0200947836010613     0.0000000000000000
    1    6
    -0.0510842879665379     0.0000000000000000        0.0378803830672093     0.0000000000000000       -0.0232128436544116     0.0000000000000000
     0.0378803830672093     0.0000000000000000       -0.0948247866933325     0.0000000000000000       -0.0134019415329975     0.0000000000000000
    -0.0207206936105689     0.0000000000000000       -0.0119630980342738     0.0000000000000000       -0.0911485889046793     0.0000000000000000
    1    7
    -0.1166950360468339     0.0000000000000000       -0.0000000000000000     0.0000000000000000       -0.0000000000000000     0.0000000000000000
     0.0000000000000000     0.0000000000000000       -0.0292140386084718     0.0000000000000000        0.0268038830659949     0.0000000000000000
    -0.0000000000000000     0.0000000000000000        0.0239261960685476     0.0000000000000000       -0.0911485889046793     0.0000000000000000
    1    8
    -0.0510842879665379     0.0000000000000000       -0.0378803830672093     0.0000000000000000        0.0232128436544116     0.0000000000000000
    -0.0378803830672093     0.0000000000000000       -0.0948247866933325     0.0000000000000000       -0.0134019415329975     0.0000000000000000
     0.0207206936105688     0.0000000000000000       -0.0119630980342738     0.0000000000000000       -0.0911485889046793     0.0000000000000000
    1    9
    -0.1166950360468339     0.0000000000000000        0.0000000000000000     0.0000000000000000       -0.0000000000000000     0.0000000000000000
     0.0000000000000000     0.0000000000000000       -0.0292140386084718     0.0000000000000000        0.0268038830659949     0.0000000000000000
    -0.0000000000000000     0.0000000000000000        0.0239261960685476     0.0000000000000000       -0.0911485889046793     0.0000000000000000
    1   10
    -0.0510842879665379     0.0000000000000000       -0.0378803830672093     0.0000000000000000        0.0232128436544116     0.0000000000000000
    -0.0378803830672093     0.0000000000000000       -0.0948247866933325     0.0000000000000000       -0.0134019415329975     0.0000000000000000
     0.0207206936105688     0.0000000000000000       -0.0119630980342738     0.0000000000000000       -0.0911485889046793     0.0000000000000000
    1   11
    -0.0510842879665379     0.0000000000000000        0.0378803830672093     0.0000000000000000       -0.0232128436544116     0.0000000000000000
     0.0378803830672093     0.0000000000000000       -0.0948247866933325     0.0000000000000000       -0.0134019415329975     0.0000000000000000
    -0.0207206936105689     0.0000000000000000       -0.0119630980342738     0.0000000000000000       -0.0911485889046793     0.0000000000000000
    2    1
    -0.0323680784140432     0.0000000000000000        0.0000000000000000     0.0000000000000000       -0.0000000000000000     0.0000000000000000
     0.0000000000000000     0.0000000000000000       -0.0323680784162951     0.0000000000000000       -0.0000000000000000     0.0000000000000000
    -0.0000000000000000     0.0000000000000000       -0.0000000000000000     0.0000000000000000       -0.0631656771856682     0.0000000000000000
    2    2
     0.0802481411871869     0.0000000000000000        0.0000000000000000     0.0000000000000000        0.0000000000000000     0.0000000000000000
     0.0000000000000000     0.0000000000000000        0.0802481411927701     0.0000000000000000        0.0000000000000000     0.0000000000000000
     0.0000000000000000     0.0000000000000000        0.0000000000000000     0.0000000000000000        0.1103851290385110     0.0000000000000000
    2    3
    -0.0021879007026023     0.0000000000000000        0.0000000000000000     0.0000000000000000       -0.0000000000000000     0.0000000000000000
     0.0000000000000000     0.0000000000000000       -0.0021879007027545     0.0000000000000000       -0.0000000000000000     0.0000000000000000
    -0.0000000000000000     0.0000000000000000       -0.0000000000000000     0.0000000000000000       -0.0022338454233820     0.0000000000000000
    2    4
     0.0132750136249326     0.0000000000000000       -0.0000000000000000     0.0000000000000000       -0.0000000000000000     0.0000000000000000
     0.0000000000000000     0.0000000000000000        0.0132750136258562     0.0000000000000000       -0.0000000000000000     0.0000000000000000
    -0.0000000000000000     0.0000000000000000       -0.0000000000000000     0.0000000000000000       -0.0297738440370054     0.0000000000000000
    2    5
    -0.0244321003297352     0.0000000000000000        0.0000000000000000     0.0000000000000000        0.0000000000000000     0.0000000000000000
     0.0000000000000000     0.0000000000000000       -0.0244321003314350     0.0000000000000000        0.0000000000000000     0.0000000000000000
     0.0000000000000000     0.0000000000000000        0.0000000000000000     0.0000000000000000        0.0022912579723843     0.0000000000000000
    2    6
    -0.0022697994822927     0.0000000000000000        0.0072793107909225     0.0000000000000000       -0.0048364772703653     0.0000000000000000
     0.0072793107909225     0.0000000000000000       -0.0106752235720511     0.0000000000000000       -0.0027923414540721     0.0000000000000000
    -0.0075536350062342     0.0000000000000000       -0.0043610932043612     0.0000000000000000       -0.0184749561661768     0.0000000000000000
    2    7
    -0.0148779356158163     0.0000000000000000        0.0000000000000000     0.0000000000000000       -0.0000000000000000     0.0000000000000000
     0.0000000000000000     0.0000000000000000        0.0019329125623496     0.0000000000000000        0.0055846829081441     0.0000000000000000
    -0.0000000000000000     0.0000000000000000        0.0087221864087223     0.0000000000000000       -0.0184749561661768     0.0000000000000000
    2    8
    -0.0022697994822927     0.0000000000000000       -0.0072793107909225     0.0000000000000000        0.0048364772703653     0.0000000000000000
    -0.0072793107909225     0.0000000000000000       -0.0106752235720511     0.0000000000000000       -0.0027923414540721     0.0000000000000000
     0.0075536350062341     0.0000000000000000       -0.0043610932043612     0.0000000000000000       -0.0184749561661768     0.0000000000000000
    2    9
     0.0160627888333285     0.0000000000000000       -0.0000000000000000     0.0000000000000000        0.0000000000000000     0.0000000000000000
    -0.0000000000000000     0.0000000000000000       -0.0261411493587054     0.0000000000000000       -0.0124639135577338     0.0000000000000000
     0.0000000000000000     0.0000000000000000       -0.0085539128863466     0.0000000000000000        0.0126406160445636     0.0000000000000000
    2   10
    -0.0155901648093329     0.0000000000000000        0.0182748413068730     0.0000000000000000       -0.0107940657711953     0.0000000000000000
     0.0182748413068730     0.0000000000000000        0.0055118042861582     0.0000000000000000        0.0062319567788669     0.0000000000000000
    -0.0074079058610775     0.0000000000000000        0.0042769564431733     0.0000000000000000        0.0126406160445636     0.0000000000000000
    2   11
    -0.0155901648093329     0.0000000000000000       -0.0182748413068730     0.0000000000000000        0.0107940657711953     0.0000000000000000
    -0.0182748413068730     0.0000000000000000        0.0055118042861582     0.0000000000000000        0.0062319567788669     0.0000000000000000
     0.0074079058610775     0.0000000000000000        0.0042769564431733     0.0000000000000000        0.0126406160445636     0.0000000000000000
    3    1
    -0.0323680784140432     0.0000000000000000        0.0000000000000000     0.0000000000000000       -0.0000000000000000     0.0000000000000000
     0.0000000000000000     0.0000000000000000       -0.0323680784162951     0.0000000000000000       -0.0000000000000000     0.0000000000000000
    -0.0000000000000000     0.0000000000000000       -0.0000000000000000     0.0000000000000000       -0.0631656771856682     0.0000000000000000
    3    2
    -0.0021879007026023     0.0000000000000000        0.0000000000000000     0.0000000000000000       -0.0000000000000000     0.0000000000000000
    -0.0000000000000000     0.0000000000000000       -0.0021879007027545     0.0000000000000000       -0.0000000000000000     0.0000000000000000
    -0.0000000000000000     0.0000000000000000       -0.0000000000000000     0.0000000000000000       -0.0022338454233820     0.0000000000000000
    3    3
     0.0802481411871869     0.0000000000000000        0.0000000000000000     0.0000000000000000        0.0000000000000000     0.0000000000000000
     0.0000000000000000     0.0000000000000000        0.0802481411927701     0.0000000000000000        0.0000000000000000     0.0000000000000000
     0.0000000000000001     0.0000000000000000        0.0000000000000000     0.0000000000000000        0.1103851290385110     0.0000000000000000
    3    4
    -0.0244321003297352     0.0000000000000000       -0.0000000000000000     0.0000000000000000        0.0000000000000000     0.0000000000000000
     0.0000000000000000     0.0000000000000000       -0.0244321003314350     0.0000000000000000        0.0000000000000000     0.0000000000000000
     0.0000000000000000     0.0000000000000000        0.0000000000000000     0.0000000000000000        0.0022912579723843     0.0000000000000000
    3    5
     0.0132750136249326     0.0000000000000000       -0.0000000000000000     0.0000000000000000       -0.0000000000000000     0.0000000000000000
    -0.0000000000000000     0.0000000000000000        0.0132750136258562     0.0000000000000000       -0.0000000000000000     0.0000000000000000
    -0.0000000000000000     0.0000000000000000       -0.0000000000000000     0.0000000000000000       -0.0297738440370054     0.0000000000000000
    3    6
    -0.0155901648093329     0.0000000000000000       -0.0182748413068730     0.0000000000000000        0.0107940657711953     0.0000000000000000
    -0.0182748413068730     0.0000000000000000        0.0055118042861582     0.0000000000000000        0.0062319567788669     0.0000000000000000
     0.0074079058610775     0.0000000000000000        0.0042769564431733     0.0000000000000000        0.0126406160445636     0.0000000000000000
    3    7
     0.0160627888333285     0.0000000000000000        0.0000000000000000     0.0000000000000000        0.0000000000000000     0.0000000000000000
     0.0000000000000000     0.0000000000000000       -0.0261411493587054     0.0000000000000000       -0.0124639135577338     0.0000000000000000
     0.0000000000000000     0.0000000000000000       -0.0085539128863466     0.0000000000000000        0.0126406160445636     0.0000000000000000
    3    8
    -0.0155901648093329     0.0000000000000000        0.0182748413068730     0.0000000000000000       -0.0107940657711953     0.0000000000000000
     0.0182748413068730     0.0000000000000000        0.0055118042861582     0.0000000000000000        0.0062319567788669     0.0000000000000000
    -0.0074079058610775     0.0000000000000000        0.0042769564431733     0.0000000000000000        0.0126406160445636     0.0000000000000000
    3    9
    -0.0148779356158163     0.0000000000000000        0.0000000000000000     0.0000000000000000       -0.0000000000000000     0.0000000000000000
     0.0000000000000000     0.0000000000000000        0.0019329125623496     0.0000000000000000        0.0055846829081441     0.0000000000000000
    -0.0000000000000000     0.0000000000000000        0.0087221864087223     0.0000000000000000       -0.0184749561661768     0.0000000000000000
    3   10
    -0.0022697994822927     0.0000000000000000       -0.0072793107909225     0.0000000000000000        0.0048364772703653     0.0000000000000000
    -0.0072793107909225     0.0000000000000000       -0.0106752235720511     0.0000000000000000       -0.0027923414540721     0.0000000000000000
     0.0075536350062341     0.0000000000000000       -0.0043610932043612     0.0000000000000000       -0.0184749561661768     0.0000000000000000
    3   11
    -0.0022697994822927     0.0000000000000000        0.0072793107909225     0.0000000000000000       -0.0048364772703653     0.0000000000000000
     0.0072793107909225     0.0000000000000000       -0.0106752235720511     0.0000000000000000       -0.0027923414540721     0.0000000000000000
    -0.0075536350062342     0.0000000000000000       -0.0043610932043612     0.0000000000000000       -0.0184749561661768     0.0000000000000000
    4    1
    -0.0903327440383438     0.0000000000000000        0.0000000000000000     0.0000000000000000       -0.0000000000000000     0.0000000000000000
     0.0000000000000000     0.0000000000000000       -0.0903327440446285     0.0000000000000000        0.0000000000000000     0.0000000000000000
    -0.0000000000000000     0.0000000000000000        0.0000000000000000     0.0000000000000000       -0.0200947836010613     0.0000000000000000
    4    2
     0.0132750136249326     0.0000000000000000       -0.0000000000000000     0.0000000000000000       -0.0000000000000000     0.0000000000000000
     0.0000000000000000     0.0000000000000000        0.0132750136258562     0.0000000000000000       -0.0000000000000000     0.0000000000000000
    -0.0000000000000000     0.0000000000000000       -0.0000000000000000     0.0000000000000000       -0.0297738440370054     0.0000000000000000
    4    3
    -0.0244321003297352     0.0000000000000000        0.0000000000000000     0.0000000000000000        0.0000000000000000     0.0000000000000000
     0.0000000000000000     0.0000000000000000       -0.0244321003314350     0.0000000000000000        0.0000000000000000     0.0000000000000000
     0.0000000000000000     0.0000000000000000        0.0000000000000000     0.0000000000000000        0.0022912579723843     0.0000000000000000
    4    4
     0.1053687595884789     0.0000000000000000       -0.0000000000000000     0.0000000000000000        0.0000000000000000     0.0000000000000000
     0.0000000000000000     0.0000000000000000        0.1053687595958097     0.0000000000000000       -0.0000000000000000     0.0000000000000000
     0.0000000000000000     0.0000000000000000        0.0000000000000000     0.0000000000000000        0.1202405157414785     0.0000000000000000
    4    5
     0.0011231348874159     0.0000000000000000       -0.0000000000000000     0.0000000000000000       -0.0000000000000000     0.0000000000000000
    -0.0000000000000000     0.0000000000000000        0.0011231348874940     0.0000000000000000       -0.0000000000000000     0.0000000000000000
    -0.0000000000000000     0.0000000000000000       -0.0000000000000000     0.0000000000000000       -0.0069342608345003     0.0000000000000000
    4    6
    -0.0066827973468310     0.0000000000000000       -0.0099904548367656     0.0000000000000000       -0.0132201454686142     0.0000000000000000
    -0.0099904548367656     0.0000000000000000        0.0048531862317721     0.0000000000000000       -0.0076326545452959     0.0000000000000000
    -0.0176229388198684     0.0000000000000000       -0.0101746084719173     0.0000000000000000        0.0063476338629701     0.0000000000000000
    4    7
     0.0106211780205672     0.0000000000000000        0.0000000000000000     0.0000000000000000        0.0000000000000000     0.0000000000000000
     0.0000000000000000     0.0000000000000000       -0.0124507891368300     0.0000000000000000        0.0152653090905918     0.0000000000000000
     0.0000000000000000     0.0000000000000000        0.0203492169438346     0.0000000000000000        0.0063476338629701     0.0000000000000000
    4    8
    -0.0066827973468310     0.0000000000000000        0.0099904548367656     0.0000000000000000        0.0132201454686142     0.0000000000000000
     0.0099904548367656     0.0000000000000000        0.0048531862317721     0.0000000000000000       -0.0076326545452959     0.0000000000000000
     0.0176229388198684     0.0000000000000000       -0.0101746084719173     0.0000000000000000        0.0063476338629701     0.0000000000000000
    4    9
     0.0098274672030698     0.0000000000000000       -0.0000000000000000     0.0000000000000000       -0.0000000000000000     0.0000000000000000
    -0.0000000000000000     0.0000000000000000       -0.0113325652436274     0.0000000000000000       -0.0172778162872491     0.0000000000000000
    -0.0000000000000000     0.0000000000000000       -0.0262831527697866     0.0000000000000000       -0.0282572622767354     0.0000000000000000
    4   10
    -0.0060425571313617     0.0000000000000000        0.0091625628218487     0.0000000000000000       -0.0149630278261578     0.0000000000000000
     0.0091625628218487     0.0000000000000000        0.0045374590919083     0.0000000000000000        0.0086389081436246     0.0000000000000000
    -0.0227618779893907     0.0000000000000000        0.0131415763848933     0.0000000000000000       -0.0282572622767354     0.0000000000000000
    4   11
    -0.0060425571313617     0.0000000000000000       -0.0091625628218487     0.0000000000000000        0.0149630278261578     0.0000000000000000
    -0.0091625628218487     0.0000000000000000        0.0045374590919083     0.0000000000000000        0.0086389081436246     0.0000000000000000
     0.0227618779893907     0.0000000000000000        0.0131415763848933     0.0000000000000000       -0.0282572622767354     0.0000000000000000
    5    1
    -0.0903327440383438     0.0000000000000000        0.0000000000000000     0.0000000000000000       -0.0000000000000000     0.0000000000000000
     0.0000000000000000     0.0000000000000000       -0.0903327440446285     0.0000000000000000        0.0000000000000000     0.0000000000000000
    -0.0000000000000000     0.0000000000000000        0.0000000000000000     0.0000000000000000       -0.0200947836010613     0.0000000000000000
    5    2
    -0.0244321003297352     0.0000000000000000       -0.0000000000000000     0.0000000000000000        0.0000000000000000     0.0000000000000000
     0.0000000000000000     0.0000000000000000       -0.0244321003314350     0.0000000000000000        0.0000000000000000     0.0000000000000000
     0.0000000000000000     0.0000000000000000        0.0000000000000000     0.0000000000000000        0.0022912579723843     0.0000000000000000
    5    3
     0.0132750136249326     0.0000000000000000       -0.0000000000000000     0.0000000000000000       -0.0000000000000000     0.0000000000000000
    -0.0000000000000000     0.0000000000000000        0.0132750136258562     0.0000000000000000       -0.0000000000000000     0.0000000000000000
    -0.0000000000000000     0.0000000000000000       -0.0000000000000000     0.0000000000000000       -0.0297738440370054     0.0000000000000000
    5    4
     0.0011231348874159     0.0000000000000000        0.0000000000000000     0.0000000000000000       -0.0000000000000000     0.0000000000000000
    -0.0000000000000000     0.0000000000000000        0.0011231348874940     0.0000000000000000       -0.0000000000000000     0.0000000000000000
    -0.0000000000000000     0.0000000000000000       -0.0000000000000000     0.0000000000000000       -0.0069342608345003     0.0000000000000000
    5    5
     0.1053687595884789     0.0000000000000000        0.0000000000000000     0.0000000000000000        0.0000000000000000     0.0000000000000000
    -0.0000000000000000     0.0000000000000000        0.1053687595958097     0.0000000000000000        0.0000000000000000     0.0000000000000000
     0.0000000000000000     0.0000000000000000        0.0000000000000000     0.0000000000000000        0.1202405157414785     0.0000000000000000
    5    6
    -0.0060425571313617     0.0000000000000000       -0.0091625628218487     0.0000000000000000        0.0149630278261578     0.0000000000000000
    -0.0091625628218487     0.0000000000000000        0.0045374590919083     0.0000000000000000        0.0086389081436246     0.0000000000000000
     0.0227618779893907     0.0000000000000000        0.0131415763848933     0.0000000000000000       -0.0282572622767354     0.0000000000000000
    5    7
     0.0098274672030698     0.0000000000000000       -0.0000000000000000     0.0000000000000000       -0.0000000000000000     0.0000000000000000
    -0.0000000000000000     0.0000000000000000       -0.0113325652436274     0.0000000000000000       -0.0172778162872491     0.0000000000000000
    -0.0000000000000000     0.0000000000000000       -0.0262831527697866     0.0000000000000000       -0.0282572622767354     0.0000000000000000
    5    8
    -0.0060425571313617     0.0000000000000000        0.0091625628218487     0.0000000000000000       -0.0149630278261578     0.0000000000000000
     0.0091625628218487     0.0000000000000000        0.0045374590919083     0.0000000000000000        0.0086389081436246     0.0000000000000000
    -0.0227618779893907     0.0000000000000000        0.0131415763848933     0.0000000000000000       -0.0282572622767354     0.0000000000000000
    5    9
     0.0106211780205672     0.0000000000000000        0.0000000000000000     0.0000000000000000        0.0000000000000000     0.0000000000000000
     0.0000000000000000     0.0000000000000000       -0.0124507891368300     0.0000000000000000        0.0152653090905918     0.0000000000000000
     0.0000000000000000     0.0000000000000000        0.0203492169438346     0.0000000000000000        0.0063476338629701     0.0000000000000000
    5   10
    -0.0066827973468310     0.0000000000000000        0.0099904548367656     0.0000000000000000        0.0132201454686142     0.0000000000000000
     0.0099904548367656     0.0000000000000000        0.0048531862317721     0.0000000000000000       -0.0076326545452959     0.0000000000000000
     0.0176229388198684     0.0000000000000000       -0.0101746084719173     0.0000000000000000        0.0063476338629701     0.0000000000000000
    5   11
    -0.0066827973468310     0.0000000000000000       -0.0099904548367656     0.0000000000000000       -0.0132201454686142     0.0000000000000000
    -0.0099904548367656     0.0000000000000000        0.0048531862317721     0.0000000000000000       -0.0076326545452959     0.0000000000000000
    -0.0176229388198684     0.0000000000000000       -0.0101746084719173     0.0000000000000000        0.0063476338629701     0.0000000000000000
    6    1
    -0.0510842879665379     0.0000000000000000        0.0378803830672093     0.0000000000000000       -0.0207206936105688     0.0000000000000000
     0.0378803830672093     0.0000000000000000       -0.0948247866933325     0.0000000000000000       -0.0119630980342738     0.0000000000000000
    -0.0232128436544116     0.0000000000000000       -0.0134019415329975     0.0000000000000000       -0.0911485889046793     0.0000000000000000
    6    2
    -0.0022697994822927     0.0000000000000000        0.0072793107909225     0.0000000000000000       -0.0075536350062342     0.0000000000000000
     0.0072793107909225     0.0000000000000000       -0.0106752235720511     0.0000000000000000       -0.0043610932043612     0.0000000000000000
    -0.0048364772703653     0.0000000000000000       -0.0027923414540721     0.0000000000000000       -0.0184749561661768     0.0000000000000000
    6    3
    -0.0155901648093329     0.0000000000000000       -0.0182748413068730     0.0000000000000000        0.0074079058610775     0.0000000000000000
    -0.0182748413068730     0.0000000000000000        0.0055118042861582     0.0000000000000000        0.0042769564431733     0.0000000000000000
     0.0107940657711953     0.0000000000000000        0.0062319567788669     0.0000000000000000        0.0126406160445636     0.0000000000000000
    6    4
    -0.0066827973468310     0.0000000000000000       -0.0099904548367656     0.0000000000000000       -0.0176229388198684     0.0000000000000000
    -0.0099904548367656     0.0000000000000000        0.0048531862317721     0.0000000000000000       -0.0101746084719173     0.0000000000000000
    -0.0132201454686142     0.0000000000000000       -0.0076326545452959     0.0000000000000000        0.0063476338629701     0.0000000000000000
    6    5
    -0.0060425571313617     0.0000000000000000       -0.0091625628218487     0.0000000000000000        0.0227618779893907     0.0000000000000000
    -0.0091625628218487     0.0000000000000000        0.0045374590919083     0.0000000000000000        0.0131415763848933     0.0000000000000000
     0.0149630278261578     0.0000000000000000        0.0086389081436246     0.0000000000000000       -0.0282572622767354     0.0000000000000000
    6    6
     0.1233121328600758     0.0000000000000000        0.0040212930631850     0.0000000000000000        0.0004417573230318     0.0000000000000000
     0.0040212930631850     0.0000000000000000        0.1186687436034530     0.0000000000000000        0.0002550487093777     0.0000000000000000
     0.0004417573230318     0.0000000000000000        0.0002550487093777     0.0000000000000000        0.1115439295158857     0.0000000000000000
    6    7
    -0.0056139368639266     0.0000000000000000       -0.0265575675343716     0.0000000000000000        0.0030167199585970     0.0000000000000000
    -0.0146149894472405     0.0000000000000000       -0.0293849237217031     0.0000000000000000       -0.0026639084617173     0.0000000000000000
     0.0038153723804217     0.0000000000000000       -0.0012806018894808     0.0000000000000000        0.0077976184544048     0.0000000000000000
    6    8
    -0.0412704171475247     0.0000000000000000        0.0059712890435656     0.0000000000000000       -0.0007986524218247     0.0000000000000000
    -0.0059712890435656     0.0000000000000000        0.0062715565643757     0.0000000000000000        0.0039445103511981     0.0000000000000000
     0.0007986524218247     0.0000000000000000        0.0039445103511981     0.0000000000000000        0.0077976184544048     0.0000000000000000
    6    9
    -0.0042040906609363     0.0000000000000000        0.0109826147209504     0.0000000000000000        0.0114185776706404     0.0000000000000000
     0.0091186574015856     0.0000000000000000        0.0074013842101750     0.0000000000000000       -0.0055875183289041     0.0000000000000000
     0.0105482216520939     0.0000000000000000       -0.0070950191737523     0.0000000000000000       -0.0019153879442393     0.0000000000000000
    6   10
     0.0132041216449582     0.0000000000000000       -0.0009319786596824     0.0000000000000000        0.0008703560185464     0.0000000000000000
     0.0009319786596824     0.0000000000000000       -0.0100068280969307     0.0000000000000000        0.0126825375026563     0.0000000000000000
    -0.0008703560185464     0.0000000000000000        0.0126825375026563     0.0000000000000000       -0.0019153879442393     0.0000000000000000
    6   11
    -0.0037582030962900     0.0000000000000000       -0.0012174855262915     0.0000000000000000        0.0007787250372123     0.0000000000000000
    -0.0012174855262915     0.0000000000000000       -0.0023523719038249     0.0000000000000000        0.0004495971098749     0.0000000000000000
     0.0007787250372123     0.0000000000000000        0.0004495971098749     0.0000000000000000       -0.0044158330961589     0.0000000000000000
    7    1
    -0.1166950360468339     0.0000000000000000       -0.0000000000000000     0.0000000000000000       -0.0000000000000000     0.0000000000000000
    -0.0000000000000000     0.0000000000000000       -0.0292140386084718     0.0000000000000000        0.0239261960685476     0.0000000000000000
    -0.0000000000000000     0.0000000000000000        0.0268038830659949     0.0000000000000000       -0.0911485889046793     0.0000000000000000
    7    2
    -0.0148779356158163     0.0000000000000000        0.0000000000000000     0.0000000000000000       -0.0000000000000000     0.0000000000000000
     0.0000000000000000     0.0000000000000000        0.0019329125623496     0.0000000000000000        0.0087221864087223     0.0000000000000000
    -0.0000000000000000     0.0000000000000000        0.0055846829081441     0.0000000000000000       -0.0184749561661768     0.0000000000000000
    7    3
     0.0160627888333285     0.0000000000000000       -0.0000000000000000     0.0000000000000000        0.0000000000000000     0.0000000000000000
     0.0000000000000000     0.0000000000000000       -0.0261411493587054     0.0000000000000000       -0.0085539128863466     0.0000000000000000
     0.0000000000000000     0.0000000000000000       -0.0124639135577338     0.0000000000000000        0.0126406160445636     0.0000000000000000
    7    4
     0.0106211780205672     0.0000000000000000        0.0000000000000000     0.0000000000000000        0.0000000000000000     0.0000000000000000
     0.0000000000000000     0.0000000000000000       -0.0124507891368300     0.0000000000000000        0.0203492169438346     0.0000000000000000
     0.0000000000000000     0.0000000000000000        0.0152653090905918     0.0000000000000000        0.0063476338629701     0.0000000000000000
    7    5
     0.0098274672030698     0.0000000000000000       -0.0000000000000000     0.0000000000000000       -0.0000000000000000     0.0000000000000000
    -0.0000000000000000     0.0000000000000000       -0.0113325652436274     0.0000000000000000       -0.0262831527697866     0.0000000000000000
    -0.0000000000000000     0.0000000000000000       -0.0172778162872491     0.0000000000000000       -0.0282572622767354     0.0000000000000000
    7    6
    -0.0056139368639266     0.0000000000000000       -0.0146149894472405     0.0000000000000000        0.0038153723804217     0.0000000000000000
    -0.0265575675343716     0.0000000000000000       -0.0293849237217031     0.0000000000000000       -0.0012806018894808     0.0000000000000000
     0.0030167199585970     0.0000000000000000       -0.0026639084617173     0.0000000000000000        0.0077976184544048     0.0000000000000000
    7    7
     0.1163470489627574     0.0000000000000000       -0.0000000000000000     0.0000000000000000        0.0000000000000001     0.0000000000000000
    -0.0000000000000000     0.0000000000000000        0.1256338275012560     0.0000000000000000       -0.0005100974187554     0.0000000000000000
     0.0000000000000000     0.0000000000000000       -0.0005100974187554     0.0000000000000000        0.1115439295158857     0.0000000000000000
    7    8
    -0.0056139368639266     0.0000000000000000        0.0146149894472405     0.0000000000000000       -0.0038153723804217     0.0000000000000000
     0.0265575675343716     0.0000000000000000       -0.0293849237217031     0.0000000000000000       -0.0012806018894808     0.0000000000000000
    -0.0030167199585970     0.0000000000000000       -0.0026639084617173     0.0000000000000000        0.0077976184544048     0.0000000000000000
    7    9
    -0.0016494563073469     0.0000000000000000       -0.0000000000000000     0.0000000000000000       -0.0000000000000000     0.0000000000000000
     0.0000000000000000     0.0000000000000000       -0.0044611186929148     0.0000000000000000       -0.0008991942197498     0.0000000000000000
    -0.0000000000000000     0.0000000000000000       -0.0008991942197498     0.0000000000000000       -0.0044158330961589     0.0000000000000000
    7   10
    -0.0042040906609363     0.0000000000000000       -0.0091186574015856     0.0000000000000000       -0.0105482216520939     0.0000000000000000
    -0.0109826147209504     0.0000000000000000        0.0074013842101750     0.0000000000000000       -0.0070950191737523     0.0000000000000000
    -0.0114185776706404     0.0000000000000000       -0.0055875183289041     0.0000000000000000       -0.0019153879442393     0.0000000000000000
    7   11
    -0.0042040906609363     0.0000000000000000        0.0091186574015856     0.0000000000000000        0.0105482216520939     0.0000000000000000
     0.0109826147209504     0.0000000000000000        0.0074013842101750     0.0000000000000000       -0.0070950191737523     0.0000000000000000
     0.0114185776706404     0.0000000000000000       -0.0055875183289041     0.0000000000000000       -0.0019153879442393     0.0000000000000000
    8    1
    -0.0510842879665379     0.0000000000000000       -0.0378803830672093     0.0000000000000000        0.0207206936105688     0.0000000000000000
    -0.0378803830672093     0.0000000000000000       -0.0948247866933325     0.0000000000000000       -0.0119630980342738     0.0000000000000000
     0.0232128436544116     0.0000000000000000       -0.0134019415329975     0.0000000000000000       -0.0911485889046793     0.0000000000000000
    8    2
    -0.0022697994822927     0.0000000000000000       -0.0072793107909225     0.0000000000000000        0.0075536350062341     0.0000000000000000
    -0.0072793107909225     0.0000000000000000       -0.0106752235720511     0.0000000000000000       -0.0043610932043612     0.0000000000000000
     0.0048364772703653     0.0000000000000000       -0.0027923414540721     0.0000000000000000       -0.0184749561661768     0.0000000000000000
    8    3
    -0.0155901648093329     0.0000000000000000        0.0182748413068730     0.0000000000000000       -0.0074079058610775     0.0000000000000000
     0.0182748413068730     0.0000000000000000        0.0055118042861582     0.0000000000000000        0.0042769564431733     0.0000000000000000
    -0.0107940657711953     0.0000000000000000        0.0062319567788669     0.0000000000000000        0.0126406160445636     0.0000000000000000
    8    4
    -0.0066827973468310     0.0000000000000000        0.0099904548367656     0.0000000000000000        0.0176229388198684     0.0000000000000000
     0.0099904548367656     0.0000000000000000        0.0048531862317721     0.0000000000000000       -0.0101746084719173     0.0000000000000000
     0.0132201454686142     0.0000000000000000       -0.0076326545452959     0.0000000000000000        0.0063476338629701     0.0000000000000000
    8    5
    -0.0060425571313617     0.0000000000000000        0.0091625628218487     0.0000000000000000       -0.0227618779893907     0.0000000000000000
     0.0091625628218487     0.0000000000000000        0.0045374590919083     0.0000000000000000        0.0131415763848933     0.0000000000000000
    -0.0149630278261578     0.0000000000000000        0.0086389081436246     0.0000000000000000       -0.0282572622767353     0.0000000000000000
    8    6
    -0.0412704171475247     0.0000000000000000       -0.0059712890435656     0.0000000000000000        0.0007986524218247     0.0000000000000000
     0.0059712890435656     0.0000000000000000        0.0062715565643757     0.0000000000000000        0.0039445103511981     0.0000000000000000
    -0.0007986524218247     0.0000000000000000        0.0039445103511981     0.0000000000000000        0.0077976184544048     0.0000000000000000
    8    7
    -0.0056139368639267     0.0000000000000000        0.0265575675343716     0.0000000000000000       -0.0030167199585970     0.0000000000000000
     0.0146149894472405     0.0000000000000000       -0.0293849237217031     0.0000000000000000       -0.0026639084617173     0.0000000000000000
    -0.0038153723804217     0.0000000000000000       -0.0012806018894808     0.0000000000000000        0.0077976184544048     0.0000000000000000
    8    8
     0.1233121328600758     0.0000000000000000       -0.0040212930631849     0.0000000000000000       -0.0004417573230317     0.0000000000000000
    -0.0040212930631850     0.0000000000000000        0.1186687436034531     0.0000000000000000        0.0002550487093778     0.0000000000000000
    -0.0004417573230317     0.0000000000000000        0.0002550487093778     0.0000000000000000        0.1115439295158857     0.0000000000000000
    8    9
    -0.0042040906609363     0.0000000000000000       -0.0109826147209504     0.0000000000000000       -0.0114185776706404     0.0000000000000000
    -0.0091186574015856     0.0000000000000000        0.0074013842101750     0.0000000000000000       -0.0055875183289041     0.0000000000000000
    -0.0105482216520939     0.0000000000000000       -0.0070950191737523     0.0000000000000000       -0.0019153879442393     0.0000000000000000
    8   10
    -0.0037582030962900     0.0000000000000000        0.0012174855262915     0.0000000000000000       -0.0007787250372123     0.0000000000000000
     0.0012174855262915     0.0000000000000000       -0.0023523719038249     0.0000000000000000        0.0004495971098749     0.0000000000000000
    -0.0007787250372123     0.0000000000000000        0.0004495971098749     0.0000000000000000       -0.0044158330961589     0.0000000000000000
    8   11
     0.0132041216449582     0.0000000000000000        0.0009319786596824     0.0000000000000000       -0.0008703560185464     0.0000000000000000
    -0.0009319786596824     0.0000000000000000       -0.0100068280969307     0.0000000000000000        0.0126825375026563     0.0000000000000000
     0.0008703560185464     0.0000000000000000        0.0126825375026563     0.0000000000000000       -0.0019153879442393     0.0000000000000000
    9    1
    -0.1166950360468339     0.0000000000000000        0.0000000000000000     0.0000000000000000       -0.0000000000000000     0.0000000000000000
     0.0000000000000000     0.0000000000000000       -0.0292140386084718     0.0000000000000000        0.0239261960685476     0.0000000000000000
    -0.0000000000000000     0.0000000000000000        0.0268038830659949     0.0000000000000000       -0.0911485889046793     0.0000000000000000
    9    2
     0.0160627888333285     0.0000000000000000       -0.0000000000000000     0.0000000000000000        0.0000000000000000     0.0000000000000000
    -0.0000000000000000     0.0000000000000000       -0.0261411493587054     0.0000000000000000       -0.0085539128863466     0.0000000000000000
     0.0000000000000000     0.0000000000000000       -0.0124639135577338     0.0000000000000000        0.0126406160445636     0.0000000000000000
    9    3
    -0.0148779356158163     0.0000000000000000        0.0000000000000000     0.0000000000000000       -0.0000000000000000     0.0000000000000000
     0.0000000000000000     0.0000000000000000        0.0019329125623496     0.0000000000000000        0.0087221864087223     0.0000000000000000
    -0.0000000000000000     0.0000000000000000        0.0055846829081441     0.0000000000000000       -0.0184749561661768     0.0000000000000000
    9    4
     0.0098274672030698     0.0000000000000000       -0.0000000000000000     0.0000000000000000       -0.0000000000000000     0.0000000000000000
    -0.0000000000000000     0.0000000000000000       -0.0113325652436274     0.0000000000000000       -0.0262831527697866     0.0000000000000000
    -0.0000000000000000     0.0000000000000000       -0.0172778162872491     0.0000000000000000       -0.0282572622767354     0.0000000000000000
    9    5
     0.0106211780205672     0.0000000000000000        0.0000000000000000     0.0000000000000000        0.0000000000000000     0.0000000000000000
     0.0000000000000000     0.0000000000000000       -0.0124507891368300     0.0000000000000000        0.0203492169438346     0.0000000000000000
     0.0000000000000000     0.0000000000000000        0.0152653090905918     0.0000000000000000        0.0063476338629701     0.0000000000000000
    9    6
    -0.0042040906609363     0.0000000000000000        0.0091186574015856     0.0000000000000000        0.0105482216520939     0.0000000000000000
     0.0109826147209504     0.0000000000000000        0.0074013842101750     0.0000000000000000       -0.0070950191737523     0.0000000000000000
     0.0114185776706404     0.0000000000000000       -0.0055875183289041     0.0000000000000000       -0.0019153879442393     0.0000000000000000
    9    7
    -0.0016494563073469     0.0000000000000000        0.0000000000000000     0.0000000000000000       -0.0000000000000000     0.0000000000000000
    -0.0000000000000000     0.0000000000000000       -0.0044611186929148     0.0000000000000000       -0.0008991942197498     0.0000000000000000
    -0.0000000000000000     0.0000000000000000       -0.0008991942197498     0.0000000000000000       -0.0044158330961589     0.0000000000000000
    9    8
    -0.0042040906609363     0.0000000000000000       -0.0091186574015856     0.0000000000000000       -0.0105482216520939     0.0000000000000000
    -0.0109826147209504     0.0000000000000000        0.0074013842101750     0.0000000000000000       -0.0070950191737523     0.0000000000000000
    -0.0114185776706404     0.0000000000000000       -0.0055875183289041     0.0000000000000000       -0.0019153879442393     0.0000000000000000
    9    9
     0.1163470489627574     0.0000000000000000       -0.0000000000000000     0.0000000000000000        0.0000000000000001     0.0000000000000000
    -0.0000000000000000     0.0000000000000000        0.1256338275012560     0.0000000000000000       -0.0005100974187554     0.0000000000000000
     0.0000000000000000     0.0000000000000000       -0.0005100974187554     0.0000000000000000        0.1115439295158857     0.0000000000000000
    9   10
    -0.0056139368639266     0.0000000000000000        0.0146149894472405     0.0000000000000000       -0.0038153723804217     0.0000000000000000
     0.0265575675343716     0.0000000000000000       -0.0293849237217031     0.0000000000000000       -0.0012806018894808     0.0000000000000000
    -0.0030167199585970     0.0000000000000000       -0.0026639084617173     0.0000000000000000        0.0077976184544048     0.0000000000000000
    9   11
    -0.0056139368639266     0.0000000000000000       -0.0146149894472405     0.0000000000000000        0.0038153723804217     0.0000000000000000
    -0.0265575675343716     0.0000000000000000       -0.0293849237217031     0.0000000000000000       -0.0012806018894808     0.0000000000000000
     0.0030167199585970     0.0000000000000000       -0.0026639084617173     0.0000000000000000        0.0077976184544048     0.0000000000000000
   10    1
    -0.0510842879665379     0.0000000000000000       -0.0378803830672093     0.0000000000000000        0.0207206936105688     0.0000000000000000
    -0.0378803830672093     0.0000000000000000       -0.0948247866933325     0.0000000000000000       -0.0119630980342738     0.0000000000000000
     0.0232128436544116     0.0000000000000000       -0.0134019415329975     0.0000000000000000       -0.0911485889046793     0.0000000000000000
   10    2
    -0.0155901648093329     0.0000000000000000        0.0182748413068730     0.0000000000000000       -0.0074079058610775     0.0000000000000000
     0.0182748413068730     0.0000000000000000        0.0055118042861582     0.0000000000000000        0.0042769564431733     0.0000000000000000
    -0.0107940657711953     0.0000000000000000        0.0062319567788669     0.0000000000000000        0.0126406160445636     0.0000000000000000
   10    3
    -0.0022697994822927     0.0000000000000000       -0.0072793107909225     0.0000000000000000        0.0075536350062341     0.0000000000000000
    -0.0072793107909225     0.0000000000000000       -0.0106752235720511     0.0000000000000000       -0.0043610932043612     0.0000000000000000
     0.0048364772703653     0.0000000000000000       -0.0027923414540721     0.0000000000000000       -0.0184749561661768     0.0000000000000000
   10    4
    -0.0060425571313617     0.0000000000000000        0.0091625628218487     0.0000000000000000       -0.0227618779893907     0.0000000000000000
     0.0091625628218487     0.0000000000000000        0.0045374590919083     0.0000000000000000        0.0131415763848933     0.0000000000000000
    -0.0149630278261578     0.0000000000000000        0.0086389081436246     0.0000000000000000       -0.0282572622767353     0.0000000000000000
   10    5
    -0.0066827973468310     0.0000000000000000        0.0099904548367656     0.0000000000000000        0.0176229388198684     0.0000000000000000
     0.0099904548367656     0.0000000000000000        0.0048531862317721     0.0000000000000000       -0.0101746084719173     0.0000000000000000
     0.0132201454686142     0.0000000000000000       -0.0076326545452959     0.0000000000000000        0.0063476338629701     0.0000000000000000
   10    6
     0.0132041216449582     0.0000000000000000        0.0009319786596824     0.0000000000000000       -0.0008703560185464     0.0000000000000000
    -0.0009319786596824     0.0000000000000000       -0.0100068280969307     0.0000000000000000        0.0126825375026563     0.0000000000000000
     0.0008703560185464     0.0000000000000000        0.0126825375026563     0.0000000000000000       -0.0019153879442393     0.0000000000000000
   10    7
    -0.0042040906609363     0.0000000000000000       -0.0109826147209504     0.0000000000000000       -0.0114185776706404     0.0000000000000000
    -0.0091186574015856     0.0000000000000000        0.0074013842101750     0.0000000000000000       -0.0055875183289041     0.0000000000000000
    -0.0105482216520939     0.0000000000000000       -0.0070950191737523     0.0000000000000000       -0.0019153879442393     0.0000000000000000
   10    8
    -0.0037582030962900     0.0000000000000000        0.0012174855262915     0.0000000000000000       -0.0007787250372123     0.0000000000000000
     0.0012174855262915     0.0000000000000000       -0.0023523719038249     0.0000000000000000        0.0004495971098749     0.0000000000000000
    -0.0007787250372123     0.0000000000000000        0.0004495971098749     0.0000000000000000       -0.0044158330961589     0.0000000000000000
   10    9
    -0.0056139368639267     0.0000000000000000        0.0265575675343716     0.0000000000000000       -0.0030167199585970     0.0000000000000000
     0.0146149894472405     0.0000000000000000       -0.0293849237217031     0.0000000000000000       -0.0026639084617173     0.0000000000000000
    -0.0038153723804217     0.0000000000000000       -0.0012806018894808     0.0000000000000000        0.0077976184544048     0.0000000000000000
   10   10
     0.1233121328600758     0.0000000000000000       -0.0040212930631850     0.0000000000000000       -0.0004417573230317     0.0000000000000000
    -0.0040212930631849     0.0000000000000000        0.1186687436034531     0.0000000000000000        0.0002550487093777     0.0000000000000000
    -0.0004417573230317     0.0000000000000000        0.0002550487093778     0.0000000000000000        0.1115439295158857     0.0000000000000000
   10   11
    -0.0412704171475247     0.0000000000000000       -0.0059712890435656     0.0000000000000000        0.0007986524218247     0.0000000000000000
     0.0059712890435656     0.0000000000000000        0.0062715565643757     0.0000000000000000        0.0039445103511981     0.0000000000000000
    -0.0007986524218247     0.0000000000000000        0.0039445103511981     0.0000000000000000        0.0077976184544048     0.0000000000000000
   11    1
    -0.0510842879665379     0.0000000000000000        0.0378803830672093     0.0000000000000000       -0.0207206936105688     0.0000000000000000
     0.0378803830672093     0.0000000000000000       -0.0948247866933325     0.0000000000000000       -0.0119630980342738     0.0000000000000000
    -0.0232128436544116     0.0000000000000000       -0.0134019415329975     0.0000000000000000       -0.0911485889046793     0.0000000000000000
   11    2
    -0.0155901648093329     0.0000000000000000       -0.0182748413068730     0.0000000000000000        0.0074079058610775     0.0000000000000000
    -0.0182748413068730     0.0000000000000000        0.0055118042861582     0.0000000000000000        0.0042769564431733     0.0000000000000000
     0.0107940657711953     0.0000000000000000        0.0062319567788669     0.0000000000000000        0.0126406160445636     0.0000000000000000
   11    3
    -0.0022697994822927     0.0000000000000000        0.0072793107909225     0.0000000000000000       -0.0075536350062342     0.0000000000000000
     0.0072793107909225     0.0000000000000000       -0.0106752235720511     0.0000000000000000       -0.0043610932043612     0.0000000000000000
    -0.0048364772703653     0.0000000000000000       -0.0027923414540721     0.0000000000000000       -0.0184749561661768     0.0000000000000000
   11    4
    -0.0060425571313617     0.0000000000000000       -0.0091625628218487     0.0000000000000000        0.0227618779893907     0.0000000000000000
    -0.0091625628218487     0.0000000000000000        0.0045374590919083     0.0000000000000000        0.0131415763848933     0.0000000000000000
     0.0149630278261578     0.0000000000000000        0.0086389081436246     0.0000000000000000       -0.0282572622767354     0.0000000000000000
   11    5
    -0.0066827973468310     0.0000000000000000       -0.0099904548367656     0.0000000000000000       -0.0176229388198684     0.0000000000000000
    -0.0099904548367656     0.0000000000000000        0.0048531862317721     0.0000000000000000       -0.0101746084719173     0.0000000000000000
    -0.0132201454686142     0.0000000000000000       -0.0076326545452959     0.0000000000000000        0.0063476338629701     0.0000000000000000
   11    6
    -0.0037582030962900     0.0000000000000000       -0.0012174855262915     0.0000000000000000        0.0007787250372123     0.0000000000000000
    -0.0012174855262915     0.0000000000000000       -0.0023523719038249     0.0000000000000000        0.0004495971098749     0.0000000000000000
     0.0007787250372123     0.0000000000000000        0.0004495971098749     0.0000000000000000       -0.0044158330961589     0.0000000000000000
   11    7
    -0.0042040906609363     0.0000000000000000        0.0109826147209504     0.0000000000000000        0.0114185776706404     0.0000000000000000
     0.0091186574015856     0.0000000000000000        0.0074013842101750     0.0000000000000000       -0.0055875183289041     0.0000000000000000
     0.0105482216520939     0.0000000000000000       -0.0070950191737523     0.0000000000000000       -0.0019153879442393     0.0000000000000000
   11    8
     0.0132041216449582     0.0000000000000000       -0.0009319786596824     0.0000000000000000        0.0008703560185464     0.0000000000000000
     0.0009319786596824     0.0000000000000000       -0.0100068280969307     0.0000000000000000        0.0126825375026563     0.0000000000000000
    -0.0008703560185464     0.0000000000000000        0.0126825375026563     0.0000000000000000       -0.0019153879442393     0.0000000000000000
   11    9
    -0.0056139368639266     0.0000000000000000       -0.0265575675343716     0.0000000000000000        0.0030167199585970     0.0000000000000000
    -0.0146149894472405     0.0000000000000000       -0.0293849237217031     0.0000000000000000       -0.0026639084617173     0.0000000000000000
     0.0038153723804217     0.0000000000000000       -0.0012806018894808     0.0000000000000000        0.0077976184544048     0.0000000000000000
   11   10
    -0.0412704171475247     0.0000000000000000        0.0059712890435656     0.0000000000000000       -0.0007986524218247     0.0000000000000000
    -0.0059712890435656     0.0000000000000000        0.0062715565643757     0.0000000000000000        0.0039445103511981     0.0000000000000000
     0.0007986524218247     0.0000000000000000        0.0039445103511981     0.0000000000000000        0.0077976184544048     0.0000000000000000
   11   11
     0.1233121328600758     0.0000000000000000        0.0040212930631849     0.0000000000000000        0.0004417573230318     0.0000000000000000
     0.0040212930631850     0.0000000000000000        0.1186687436034530     0.0000000000000000        0.0002550487093777     0.0000000000000000
     0.0004417573230318     0.0000000000000000        0.0002550487093777     0.0000000000000000        0.1115439295158857     0.0000000000000000

     Diagonalizing the dynamical matrix

     q = (     0.000000000000     0.000000000000     0.000000000000 )

***************************************************************************
   freq (    1) =    -0.00000119 [THz] =    -0.00003961 [cm-1]
(  -0.000000  0.000000   0.274669  0.000000  -0.124363  0.000000 )
(  -0.000000  0.000000   0.274669  0.000000  -0.124363  0.000000 )
(  -0.000000  0.000000   0.274669  0.000000  -0.124363  0.000000 )
(  -0.000000  0.000000   0.274669  0.000000  -0.124363  0.000000 )
(  -0.000000  0.000000   0.274669  0.000000  -0.124363  0.000000 )
(   0.000000  0.000000   0.274669  0.000000  -0.124363  0.000000 )
(   0.000000  0.000000   0.274669  0.000000  -0.124363  0.000000 )
(   0.000000  0.000000   0.274669  0.000000  -0.124363  0.000000 )
(   0.000000  0.000000   0.274669  0.000000  -0.124363  0.000000 )
(  -0.000000  0.000000   0.274669  0.000000  -0.124363  0.000000 )
(  -0.000000  0.000000   0.274669  0.000000  -0.124363  0.000000 )
   freq (    2) =    -0.00000023 [THz] =    -0.00000757 [cm-1]
(  -0.301511  0.000000  -0.000000  0.000000   0.000000  0.000000 )
(  -0.301511  0.000000  -0.000000  0.000000   0.000000  0.000000 )
(  -0.301511  0.000000  -0.000000  0.000000   0.000000  0.000000 )
(  -0.301511  0.000000  -0.000000  0.000000   0.000000  0.000000 )
(  -0.301511  0.000000  -0.000000  0.000000   0.000000  0.000000 )
(  -0.301511  0.000000  -0.000000  0.000000   0.000000  0.000000 )
(  -0.301511  0.000000  -0.000000  0.000000   0.000000  0.000000 )
(  -0.301511  0.000000  -0.000000  0.000000  -0.000000  0.000000 )
(  -0.301511  0.000000  -0.000000  0.000000   0.000000  0.000000 )
(  -0.301511  0.000000   0.000000  0.000000   0.000000  0.000000 )
(  -0.301511  0.000000  -0.000000  0.000000   0.000000  0.000000 )
   freq (    3) =     0.00000096 [THz] =     0.00003203 [cm-1]
(   0.000000  0.000000   0.124363  0.000000   0.274669  0.000000 )
(  -0.000000  0.000000   0.124363  0.000000   0.274669  0.000000 )
(   0.000000  0.000000   0.124363  0.000000   0.274669  0.000000 )
(  -0.000000  0.000000   0.124363  0.000000   0.274669  0.000000 )
(   0.000000  0.000000   0.124363  0.000000   0.274669  0.000000 )
(   0.000000  0.000000   0.124363  0.000000   0.274669  0.000000 )
(   0.000000  0.000000   0.124363  0.000000   0.274669  0.000000 )
(   0.000000  0.000000   0.124363  0.000000   0.274669  0.000000 )
(  -0.000000  0.000000   0.124363  0.000000   0.274669  0.000000 )
(  -0.000000  0.000000   0.124363  0.000000   0.274669  0.000000 )
(   0.000000  0.000000   0.124363  0.000000   0.274669  0.000000 )
   freq (    4) =    19.20740928 [THz] =   640.69011799 [cm-1]
(   0.000000  0.000000  -0.000000  0.000000  -0.000000  0.000000 )
(   0.544465  0.000000   0.000008  0.000000  -0.000000  0.000000 )
(  -0.544465  0.000000  -0.000008  0.000000   0.000000  0.000000 )
(  -0.249817  0.000000  -0.000004  0.000000  -0.000000  0.000000 )
(   0.249817  0.000000   0.000004  0.000000   0.000000  0.000000 )
(  -0.184370  0.000000  -0.168019  0.000000   0.051632  0.000000 )
(   0.106650  0.000000  -0.000004  0.000000  -0.000001  0.000000 )
(  -0.184365  0.000000   0.168019  0.000000  -0.051631  0.000000 )
(  -0.106650  0.000000   0.000004  0.000000   0.000001  0.000000 )
(   0.184365  0.000000  -0.168019  0.000000   0.051631  0.000000 )
(   0.184370  0.000000   0.168019  0.000000  -0.051632  0.000000 )
   freq (    5) =    19.20740928 [THz] =   640.69011801 [cm-1]
(   0.000000  0.000000  -0.000000  0.000000   0.000000  0.000000 )
(   0.000008  0.000000  -0.544465  0.000000   0.000000  0.000000 )
(  -0.000008  0.000000   0.544465  0.000000  -0.000000  0.000000 )
(  -0.000004  0.000000   0.249817  0.000000   0.000000  0.000000 )
(   0.000004  0.000000  -0.249817  0.000000  -0.000000  0.000000 )
(   0.168016  0.000000  -0.009647  0.000000  -0.029809  0.000000 )
(   0.000002  0.000000   0.281373  0.000000   0.059619  0.000000 )
(  -0.168022  0.000000  -0.009642  0.000000  -0.029810  0.000000 )
(  -0.000002  0.000000  -0.281373  0.000000  -0.059619  0.000000 )
(   0.168022  0.000000   0.009642  0.000000   0.029810  0.000000 )
(  -0.168016  0.000000   0.009647  0.000000   0.029809  0.000000 )
   freq (    6) =    23.39629711 [THz] =   780.41635610 [cm-1]
(  -0.018426  0.000000  -0.000000  0.000000   0.000000  0.000000 )
(   0.489539  0.000000   0.000000  0.000000  -0.000000  0.000000 )
(   0.489539  0.000000   0.000000  0.000000  -0.000000  0.000000 )
(   0.277990  0.000000   0.000000  0.000000  -0.000000  0.000000 )
(   0.277990  0.000000   0.000000  0.000000  -0.000000  0.000000 )
(   0.257478  0.000000   0.156107  0.000000  -0.026533  0.000000 )
(  -0.012907  0.000000   0.000000  0.000000   0.000000  0.000000 )
(   0.257478  0.000000  -0.156107  0.000000   0.026533  0.000000 )
(  -0.012907  0.000000   0.000000  0.000000   0.000000  0.000000 )
(   0.257478  0.000000  -0.156107  0.000000   0.026533  0.000000 )
(   0.257478  0.000000   0.156107  0.000000  -0.026533  0.000000 )
   freq (    7) =    23.39629711 [THz] =   780.41635612 [cm-1]
(  -0.000000  0.000000   0.018426  0.000000  -0.000000  0.000000 )
(   0.000000  0.000000  -0.489539  0.000000   0.000000  0.000000 )
(   0.000000  0.000000  -0.489539  0.000000   0.000000  0.000000 )
(   0.000000  0.000000  -0.277990  0.000000   0.000000  0.000000 )
(   0.000000  0.000000  -0.277990  0.000000   0.000000  0.000000 )
(  -0.156107  0.000000  -0.077222  0.000000   0.015319  0.000000 )
(  -0.000000  0.000000  -0.347607  0.000000  -0.030638  0.000000 )
(   0.156107  0.000000  -0.077222  0.000000   0.015319  0.000000 )
(  -0.000000  0.000000  -0.347607  0.000000  -0.030638  0.000000 )
(   0.156107  0.000000  -0.077222  0.000000   0.015319  0.000000 )
(  -0.156107  0.000000  -0.077222  0.000000   0.015319  0.000000 )
   freq (    8) =    24.56333467 [THz] =   819.34453332 [cm-1]
(  -0.000000  0.000000   0.000000  0.000000  -0.000000  0.000000 )
(   0.000000  0.000000   0.000000  0.000000   0.262145  0.000000 )
(  -0.000000  0.000000  -0.000000  0.000000  -0.262145  0.000000 )
(  -0.000000  0.000000  -0.000000  0.000000   0.561429  0.000000 )
(   0.000000  0.000000   0.000000  0.000000  -0.561429  0.000000 )
(   0.140815  0.000000   0.081299  0.000000  -0.110698  0.000000 )
(   0.000000  0.000000  -0.162599  0.000000  -0.110698  0.000000 )
(  -0.140815  0.000000   0.081299  0.000000  -0.110698  0.000000 )
(  -0.000000  0.000000   0.162599  0.000000   0.110698  0.000000 )
(   0.140815  0.000000  -0.081299  0.000000   0.110698  0.000000 )
(  -0.140815  0.000000  -0.081299  0.000000   0.110698  0.000000 )
   freq (    9) =    27.25527720 [THz] =   909.13805787 [cm-1]
(  -0.000000  0.000000  -0.000000  0.000000  -0.021242  0.000000 )
(   0.000000  0.000000   0.000000  0.000000   0.345406  0.000000 )
(   0.000000  0.000000   0.000000  0.000000   0.345406  0.000000 )
(   0.000000  0.000000  -0.000000  0.000000   0.481659  0.000000 )
(  -0.000000  0.000000  -0.000000  0.000000   0.481659  0.000000 )
(  -0.057922  0.000000  -0.033441  0.000000   0.212175  0.000000 )
(   0.000000  0.000000   0.066883  0.000000   0.212175  0.000000 )
(   0.057922  0.000000  -0.033441  0.000000   0.212175  0.000000 )
(  -0.000000  0.000000   0.066883  0.000000   0.212175  0.000000 )
(   0.057922  0.000000  -0.033441  0.000000   0.212175  0.000000 )
(  -0.057922  0.000000  -0.033441  0.000000   0.212175  0.000000 )
   freq (   10) =    27.39750248 [THz] =   913.88218182 [cm-1]
(  -0.000000  0.000000  -0.000000  0.000000   0.000000  0.000000 )
(   0.000000  0.000000  -0.000000  0.000000  -0.502919  0.000000 )
(   0.000000  0.000000   0.000000  0.000000   0.502919  0.000000 )
(  -0.000000  0.000000   0.000000  0.000000   0.107183  0.000000 )
(   0.000000  0.000000  -0.000000  0.000000  -0.107183  0.000000 )
(  -0.036150  0.000000  -0.020871  0.000000  -0.277102  0.000000 )
(   0.000000  0.000000   0.041743  0.000000  -0.277102  0.000000 )
(   0.036150  0.000000  -0.020871  0.000000  -0.277102  0.000000 )
(  -0.000000  0.000000  -0.041743  0.000000   0.277102  0.000000 )
(  -0.036150  0.000000   0.020871  0.000000   0.277102  0.000000 )
(   0.036150  0.000000   0.020871  0.000000   0.277102  0.000000 )
   freq (   11) =    27.63856034 [THz] =   921.92300544 [cm-1]
(  -0.000000  0.000000  -0.000000  0.000000   0.000000  0.000000 )
(   0.034569  0.000000   0.000000  0.000000  -0.000000  0.000000 )
(  -0.034569  0.000000  -0.000000  0.000000  -0.000000  0.000000 )
(   0.467845  0.000000   0.000001  0.000000  -0.000000  0.000000 )
(  -0.467845  0.000000  -0.000001  0.000000  -0.000000  0.000000 )
(  -0.091068  0.000000  -0.072098  0.000000   0.354824  0.000000 )
(   0.033811  0.000000  -0.000000  0.000000  -0.000001  0.000000 )
(  -0.091067  0.000000   0.072098  0.000000  -0.354823  0.000000 )
(  -0.033811  0.000000   0.000000  0.000000   0.000001  0.000000 )
(   0.091067  0.000000  -0.072098  0.000000   0.354823  0.000000 )
(   0.091068  0.000000   0.072098  0.000000  -0.354824  0.000000 )
   freq (   12) =    27.63856034 [THz] =   921.92300546 [cm-1]
(  -0.000000  0.000000   0.000000  0.000000  -0.000000  0.000000 )
(   0.000000  0.000000  -0.034569  0.000000  -0.000000  0.000000 )
(  -0.000000  0.000000   0.034569  0.000000   0.000000  0.000000 )
(   0.000001  0.000000  -0.467845  0.000000  -0.000000  0.000000 )
(  -0.000001  0.000000   0.467845  0.000000   0.000000  0.000000 )
(   0.072098  0.000000   0.007815  0.000000  -0.204857  0.000000 )
(   0.000000  0.000000   0.132694  0.000000   0.409715  0.000000 )
(  -0.072099  0.000000   0.007816  0.000000  -0.204858  0.000000 )
(  -0.000000  0.000000  -0.132694  0.000000  -0.409715  0.000000 )
(   0.072099  0.000000  -0.007816  0.000000   0.204858  0.000000 )
(  -0.072098  0.000000  -0.007815  0.000000   0.204857  0.000000 )
   freq (   13) =    29.80607962 [THz] =   994.22365572 [cm-1]
(   0.005837  0.000000   0.000000  0.000000   0.000000  0.000000 )
(  -0.111411  0.000000   0.000000  0.000000  -0.000000  0.000000 )
(  -0.111411  0.000000   0.000000  0.000000  -0.000000  0.000000 )
(   0.287687  0.000000   0.000000  0.000000  -0.000000  0.000000 )
(   0.287687  0.000000   0.000000  0.000000  -0.000000  0.000000 )
(  -0.104472  0.000000   0.153009  0.000000   0.315936  0.000000 )
(  -0.369491  0.000000  -0.000000  0.000000   0.000000  0.000000 )
(  -0.104472  0.000000  -0.153009  0.000000  -0.315936  0.000000 )
(  -0.369491  0.000000   0.000000  0.000000   0.000000  0.000000 )
(  -0.104472  0.000000  -0.153009  0.000000  -0.315936  0.000000 )
(  -0.104472  0.000000   0.153009  0.000000   0.315936  0.000000 )
   freq (   14) =    29.80607962 [THz] =   994.22365573 [cm-1]
(  -0.000000  0.000000   0.005837  0.000000  -0.000000  0.000000 )
(  -0.000000  0.000000  -0.111411  0.000000   0.000000  0.000000 )
(   0.000000  0.000000  -0.111411  0.000000   0.000000  0.000000 )
(   0.000000  0.000000   0.287687  0.000000   0.000000  0.000000 )
(   0.000000  0.000000   0.287687  0.000000   0.000000  0.000000 )
(   0.153009  0.000000  -0.281151  0.000000   0.182406  0.000000 )
(  -0.000000  0.000000  -0.016132  0.000000  -0.364811  0.000000 )
(  -0.153009  0.000000  -0.281151  0.000000   0.182406  0.000000 )
(   0.000000  0.000000  -0.016132  0.000000  -0.364811  0.000000 )
(  -0.153009  0.000000  -0.281151  0.000000   0.182406  0.000000 )
(   0.153009  0.000000  -0.281151  0.000000   0.182406  0.000000 )
   freq (   15) =    30.37082462 [THz] =  1013.06151862 [cm-1]
(  -0.000000  0.000000  -0.000000  0.000000  -0.000000  0.000000 )
(   0.000000  0.000000   0.000000  0.000000  -0.000000  0.000000 )
(  -0.000000  0.000000   0.000000  0.000000   0.000000  0.000000 )
(  -0.000000  0.000000  -0.000000  0.000000   0.000000  0.000000 )
(   0.000000  0.000000  -0.000000  0.000000   0.000000  0.000000 )
(   0.204124  0.000000  -0.353553  0.000000   0.000000  0.000000 )
(  -0.408248  0.000000   0.000000  0.000000   0.000000  0.000000 )
(   0.204124  0.000000   0.353553  0.000000  -0.000000  0.000000 )
(   0.408248  0.000000  -0.000000  0.000000   0.000000  0.000000 )
(  -0.204124  0.000000  -0.353553  0.000000   0.000000  0.000000 )
(  -0.204124  0.000000   0.353553  0.000000  -0.000000  0.000000 )
   freq (   16) =    30.44075738 [THz] =  1015.39422406 [cm-1]
(  -0.000000  0.000000  -0.000000  0.000000  -0.000000  0.000000 )
(  -0.210220  0.000000   0.000000  0.000000  -0.000000  0.000000 )
(   0.210220  0.000000  -0.000000  0.000000   0.000000  0.000000 )
(   0.038774  0.000000  -0.000000  0.000000  -0.000000  0.000000 )
(  -0.038774  0.000000   0.000000  0.000000  -0.000000  0.000000 )
(  -0.404766  0.000000  -0.057768  0.000000  -0.116428  0.000000 )
(  -0.304709  0.000000   0.000001  0.000000  -0.000000  0.000000 )
(  -0.404766  0.000000   0.057769  0.000000   0.116428  0.000000 )
(   0.304709  0.000000  -0.000001  0.000000   0.000000  0.000000 )
(   0.404766  0.000000  -0.057769  0.000000  -0.116428  0.000000 )
(   0.404766  0.000000   0.057768  0.000000   0.116428  0.000000 )
   freq (   17) =    30.44075738 [THz] =  1015.39422409 [cm-1]
(  -0.000000  0.000000  -0.000000  0.000000  -0.000000  0.000000 )
(   0.000000  0.000000   0.210220  0.000000  -0.000000  0.000000 )
(  -0.000000  0.000000  -0.210220  0.000000   0.000000  0.000000 )
(  -0.000000  0.000000  -0.038774  0.000000  -0.000000  0.000000 )
(   0.000000  0.000000   0.038774  0.000000   0.000000  0.000000 )
(   0.057769  0.000000   0.338061  0.000000   0.067220  0.000000 )
(   0.000001  0.000000   0.438119  0.000000  -0.134439  0.000000 )
(  -0.057768  0.000000   0.338061  0.000000   0.067219  0.000000 )
(  -0.000001  0.000000  -0.438119  0.000000   0.134439  0.000000 )
(   0.057768  0.000000  -0.338061  0.000000  -0.067219  0.000000 )
(  -0.057769  0.000000  -0.338061  0.000000  -0.067220  0.000000 )
   freq (   18) =    35.35974683 [THz] =  1179.47402697 [cm-1]
(   0.007862  0.000000  -0.000000  0.000000  -0.000000  0.000000 )
(   0.428305  0.000000  -0.000000  0.000000  -0.000000  0.000000 )
(   0.428305  0.000000  -0.000000  0.000000  -0.000000  0.000000 )
(  -0.068482  0.000000   0.000000  0.000000   0.000000  0.000000 )
(  -0.068482  0.000000   0.000000  0.000000   0.000000  0.000000 )
(  -0.333808  0.000000  -0.057690  0.000000  -0.117514  0.000000 )
(  -0.233886  0.000000   0.000000  0.000000  -0.000000  0.000000 )
(  -0.333808  0.000000   0.057690  0.000000   0.117514  0.000000 )
(  -0.233886  0.000000   0.000000  0.000000  -0.000000  0.000000 )
(  -0.333808  0.000000   0.057690  0.000000   0.117514  0.000000 )
(  -0.333808  0.000000  -0.057690  0.000000  -0.117514  0.000000 )
   freq (   19) =    35.35974683 [THz] =  1179.47402701 [cm-1]
(  -0.000000  0.000000  -0.007862  0.000000  -0.000000  0.000000 )
(  -0.000000  0.000000  -0.428305  0.000000   0.000000  0.000000 )
(  -0.000000  0.000000  -0.428305  0.000000   0.000000  0.000000 )
(   0.000000  0.000000   0.068482  0.000000   0.000000  0.000000 )
(   0.000000  0.000000   0.068482  0.000000   0.000000  0.000000 )
(   0.057690  0.000000   0.267193  0.000000   0.067847  0.000000 )
(   0.000000  0.000000   0.367115  0.000000  -0.135694  0.000000 )
(  -0.057690  0.000000   0.267193  0.000000   0.067847  0.000000 )
(   0.000000  0.000000   0.367115  0.000000  -0.135694  0.000000 )
(  -0.057690  0.000000   0.267193  0.000000   0.067847  0.000000 )
(   0.057690  0.000000   0.267193  0.000000   0.067847  0.000000 )
   freq (   20) =    35.67624113 [THz] =  1190.03113886 [cm-1]
(  -0.000066  0.000000   0.000000  0.000000   0.000000  0.000000 )
(  -0.244420  0.000000   0.000000  0.000000   0.000000  0.000000 )
(  -0.244420  0.000000   0.000000  0.000000   0.000000  0.000000 )
(   0.456071  0.000000  -0.000000  0.000000  -0.000000  0.000000 )
(   0.456071  0.000000  -0.000000  0.000000  -0.000000  0.000000 )
(  -0.059817  0.000000   0.015959  0.000000  -0.329351  0.000000 )
(  -0.087458  0.000000   0.000000  0.000000  -0.000000  0.000000 )
(  -0.059817  0.000000  -0.015959  0.000000   0.329351  0.000000 )
(  -0.087458  0.000000   0.000000  0.000000  -0.000000  0.000000 )
(  -0.059817  0.000000  -0.015959  0.000000   0.329351  0.000000 )
(  -0.059817  0.000000   0.015959  0.000000  -0.329351  0.000000 )
   freq (   21) =    35.67624113 [THz] =  1190.03113888 [cm-1]
(   0.000000  0.000000   0.000066  0.000000   0.000000  0.000000 )
(   0.000000  0.000000   0.244420  0.000000  -0.000000  0.000000 )
(   0.000000  0.000000   0.244420  0.000000  -0.000000  0.000000 )
(  -0.000000  0.000000  -0.456071  0.000000  -0.000000  0.000000 )
(  -0.000000  0.000000  -0.456071  0.000000  -0.000000  0.000000 )
(  -0.015959  0.000000   0.078244  0.000000   0.190151  0.000000 )
(   0.000000  0.000000   0.050603  0.000000  -0.380301  0.000000 )
(   0.015959  0.000000   0.078244  0.000000   0.190151  0.000000 )
(   0.000000  0.000000   0.050603  0.000000  -0.380301  0.000000 )
(   0.015959  0.000000   0.078244  0.000000   0.190151  0.000000 )
(  -0.015959  0.000000   0.078244  0.000000   0.190151  0.000000 )
   freq (   22) =    36.80617926 [THz] =  1227.72181269 [cm-1]
(  -0.000000  0.000000   0.000000  0.000000  -0.000000  0.000000 )
(  -0.000000  0.000000   0.000000  0.000000  -0.000000  0.000000 )
(  -0.000000  0.000000   0.000000  0.000000  -0.000000  0.000000 )
(   0.000000  0.000000   0.000000  0.000000   0.000000  0.000000 )
(   0.000000  0.000000   0.000000  0.000000   0.000000  0.000000 )
(  -0.204124  0.000000   0.353553  0.000000   0.000000  0.000000 )
(   0.408248  0.000000  -0.000000  0.000000   0.000000  0.000000 )
(  -0.204124  0.000000  -0.353553  0.000000  -0.000000  0.000000 )
(   0.408248  0.000000  -0.000000  0.000000   0.000000  0.000000 )
(  -0.204124  0.000000  -0.353553  0.000000  -0.000000  0.000000 )
(  -0.204124  0.000000   0.353553  0.000000   0.000000  0.000000 )
   freq (   23) =    37.38292258 [THz] =  1246.95989623 [cm-1]
(  -0.000000  0.000000  -0.000000  0.000000  -0.002143  0.000000 )
(  -0.000000  0.000000  -0.000000  0.000000  -0.578328  0.000000 )
(  -0.000000  0.000000  -0.000000  0.000000  -0.578328  0.000000 )
(   0.000000  0.000000   0.000000  0.000000   0.092532  0.000000 )
(   0.000000  0.000000   0.000000  0.000000   0.092532  0.000000 )
(  -0.076205  0.000000  -0.043997  0.000000   0.211142  0.000000 )
(  -0.000000  0.000000   0.087994  0.000000   0.211142  0.000000 )
(   0.076205  0.000000  -0.043997  0.000000   0.211142  0.000000 )
(  -0.000000  0.000000   0.087994  0.000000   0.211142  0.000000 )
(   0.076205  0.000000  -0.043997  0.000000   0.211142  0.000000 )
(  -0.076205  0.000000  -0.043997  0.000000   0.211142  0.000000 )
   freq (   24) =    42.80767068 [THz] =  1427.90998942 [cm-1]
(   0.000000  0.000000  -0.000000  0.000000   0.000000  0.000000 )
(   0.032277  0.000000  -0.000000  0.000000  -0.000000  0.000000 )
(  -0.032277  0.000000   0.000000  0.000000  -0.000000  0.000000 )
(   0.362103  0.000000  -0.000000  0.000000   0.000000  0.000000 )
(  -0.362103  0.000000   0.000000  0.000000   0.000000  0.000000 )
(  -0.004161  0.000000  -0.196839  0.000000  -0.297403  0.000000 )
(   0.336774  0.000000   0.000000  0.000000  -0.000000  0.000000 )
(  -0.004161  0.000000   0.196839  0.000000   0.297404  0.000000 )
(  -0.336774  0.000000  -0.000000  0.000000   0.000000  0.000000 )
(   0.004161  0.000000  -0.196839  0.000000  -0.297404  0.000000 )
(   0.004161  0.000000   0.196839  0.000000   0.297403  0.000000 )
   freq (   25) =    42.80767068 [THz] =  1427.90998943 [cm-1]
(   0.000000  0.000000   0.000000  0.000000   0.000000  0.000000 )
(   0.000000  0.000000   0.032277  0.000000   0.000000  0.000000 )
(  -0.000000  0.000000  -0.032277  0.000000  -0.000000  0.000000 )
(   0.000000  0.000000   0.362103  0.000000   0.000000  0.000000 )
(  -0.000000  0.000000  -0.362103  0.000000  -0.000000  0.000000 )
(  -0.196839  0.000000   0.223128  0.000000  -0.171706  0.000000 )
(   0.000000  0.000000  -0.117806  0.000000   0.343412  0.000000 )
(   0.196839  0.000000   0.223129  0.000000  -0.171706  0.000000 )
(  -0.000000  0.000000   0.117806  0.000000  -0.343412  0.000000 )
(  -0.196839  0.000000  -0.223129  0.000000   0.171706  0.000000 )
(   0.196839  0.000000  -0.223128  0.000000   0.171706  0.000000 )
   freq (   26) =    43.03493022 [THz] =  1435.49055058 [cm-1]
(   0.000000  0.000000   0.000000  0.000000   0.005683  0.000000 )
(  -0.000000  0.000000  -0.000000  0.000000  -0.215159  0.000000 )
(  -0.000000  0.000000  -0.000000  0.000000  -0.215159  0.000000 )
(  -0.000000  0.000000  -0.000000  0.000000   0.516331  0.000000 )
(   0.000000  0.000000  -0.000000  0.000000   0.516331  0.000000 )
(   0.082379  0.000000   0.047562  0.000000  -0.230902  0.000000 )
(  -0.000000  0.000000  -0.095123  0.000000  -0.230902  0.000000 )
(  -0.082379  0.000000   0.047562  0.000000  -0.230902  0.000000 )
(   0.000000  0.000000  -0.095123  0.000000  -0.230902  0.000000 )
(  -0.082379  0.000000   0.047562  0.000000  -0.230902  0.000000 )
(   0.082379  0.000000   0.047562  0.000000  -0.230902  0.000000 )
   freq (   27) =    44.21337148 [THz] =  1474.79911440 [cm-1]
(   0.008487  0.000000  -0.000000  0.000000  -0.000000  0.000000 )
(  -0.101588  0.000000   0.000000  0.000000   0.000000  0.000000 )
(  -0.101588  0.000000  -0.000000  0.000000   0.000000  0.000000 )
(  -0.354373  0.000000   0.000000  0.000000  -0.000000  0.000000 )
(  -0.354373  0.000000   0.000000  0.000000  -0.000000  0.000000 )
(   0.115803  0.000000   0.274940  0.000000  -0.167581  0.000000 )
(  -0.360406  0.000000  -0.000000  0.000000  -0.000000  0.000000 )
(   0.115803  0.000000  -0.274940  0.000000   0.167581  0.000000 )
(  -0.360406  0.000000  -0.000000  0.000000  -0.000000  0.000000 )
(   0.115803  0.000000  -0.274940  0.000000   0.167581  0.000000 )
(   0.115803  0.000000   0.274940  0.000000  -0.167581  0.000000 )
   freq (   28) =    44.21337148 [THz] =  1474.79911442 [cm-1]
(  -0.000000  0.000000  -0.008487  0.000000   0.000000  0.000000 )
(   0.000000  0.000000   0.101588  0.000000  -0.000000  0.000000 )
(   0.000000  0.000000   0.101588  0.000000  -0.000000  0.000000 )
(   0.000000  0.000000   0.354373  0.000000   0.000000  0.000000 )
(   0.000000  0.000000   0.354373  0.000000   0.000000  0.000000 )
(  -0.274940  0.000000   0.201670  0.000000   0.096753  0.000000 )
(   0.000000  0.000000  -0.274540  0.000000  -0.193506  0.000000 )
(   0.274940  0.000000   0.201670  0.000000   0.096753  0.000000 )
(   0.000000  0.000000  -0.274540  0.000000  -0.193506  0.000000 )
(   0.274940  0.000000   0.201670  0.000000   0.096753  0.000000 )
(  -0.274940  0.000000   0.201670  0.000000   0.096753  0.000000 )
   freq (   29) =    45.63267267 [THz] =  1522.14189924 [cm-1]
(   0.000000  0.000000   0.000000  0.000000   0.005420  0.000000 )
(  -0.000000  0.000000  -0.000000  0.000000   0.022896  0.000000 )
(   0.000000  0.000000  -0.000000  0.000000   0.022896  0.000000 )
(  -0.000000  0.000000  -0.000000  0.000000   0.027353  0.000000 )
(   0.000000  0.000000  -0.000000  0.000000   0.027353  0.000000 )
(  -0.331239  0.000000  -0.191241  0.000000  -0.141228  0.000000 )
(  -0.000000  0.000000   0.382482  0.000000  -0.141228  0.000000 )
(   0.331239  0.000000  -0.191241  0.000000  -0.141228  0.000000 )
(  -0.000000  0.000000   0.382482  0.000000  -0.141228  0.000000 )
(   0.331239  0.000000  -0.191241  0.000000  -0.141228  0.000000 )
(  -0.331239  0.000000  -0.191241  0.000000  -0.141228  0.000000 )
   freq (   30) =    45.99607171 [THz] =  1534.26358485 [cm-1]
(  -0.000000  0.000000   0.000000  0.000000  -0.000000  0.000000 )
(  -0.396395  0.000000   0.000003  0.000000   0.000000  0.000000 )
(   0.396395  0.000000  -0.000003  0.000000  -0.000000  0.000000 )
(  -0.293412  0.000000   0.000002  0.000000  -0.000000  0.000000 )
(   0.293412  0.000000  -0.000002  0.000000   0.000000  0.000000 )
(  -0.046856  0.000000  -0.222462  0.000000   0.139391  0.000000 )
(   0.338455  0.000000   0.000001  0.000000   0.000001  0.000000 )
(  -0.046859  0.000000   0.222459  0.000000  -0.139392  0.000000 )
(  -0.338455  0.000000  -0.000001  0.000000  -0.000001  0.000000 )
(   0.046859  0.000000  -0.222459  0.000000   0.139392  0.000000 )
(   0.046856  0.000000   0.222462  0.000000  -0.139391  0.000000 )
   freq (   31) =    45.99607171 [THz] =  1534.26358488 [cm-1]
(  -0.000000  0.000000  -0.000000  0.000000  -0.000000  0.000000 )
(   0.000003  0.000000   0.396395  0.000000  -0.000000  0.000000 )
(  -0.000003  0.000000  -0.396395  0.000000   0.000000  0.000000 )
(   0.000002  0.000000   0.293412  0.000000  -0.000000  0.000000 )
(  -0.000002  0.000000  -0.293412  0.000000   0.000000  0.000000 )
(   0.222461  0.000000  -0.210016  0.000000  -0.080479  0.000000 )
(  -0.000003  0.000000   0.175295  0.000000   0.160955  0.000000 )
(  -0.222460  0.000000  -0.210020  0.000000  -0.080476  0.000000 )
(   0.000003  0.000000  -0.175295  0.000000  -0.160955  0.000000 )
(   0.222460  0.000000   0.210020  0.000000   0.080476  0.000000 )
(  -0.222461  0.000000   0.210016  0.000000   0.080479  0.000000 )
   freq (   32) =    49.15672194 [THz] =  1639.69151299 [cm-1]
(   0.000000  0.000000   0.000000  0.000000   0.000000  0.000000 )
(   0.000000  0.000000   0.000000  0.000000   0.421011  0.000000 )
(  -0.000000  0.000000  -0.000000  0.000000  -0.421011  0.000000 )
(   0.000000  0.000000   0.000000  0.000000  -0.192428  0.000000 )
(  -0.000000  0.000000  -0.000000  0.000000   0.192428  0.000000 )
(  -0.153223  0.000000  -0.088463  0.000000  -0.252858  0.000000 )
(  -0.000000  0.000000   0.176927  0.000000  -0.252858  0.000000 )
(   0.153223  0.000000  -0.088463  0.000000  -0.252858  0.000000 )
(   0.000000  0.000000  -0.176927  0.000000   0.252858  0.000000 )
(  -0.153223  0.000000   0.088463  0.000000   0.252858  0.000000 )
(   0.153223  0.000000   0.088463  0.000000   0.252858  0.000000 )
   freq (   33) =    58.14899783 [THz] =  1939.64150717 [cm-1]
(  -0.000000  0.000000  -0.000000  0.000000   0.000000  0.000000 )
(  -0.000000  0.000000  -0.000000  0.000000   0.033204  0.000000 )
(   0.000000  0.000000   0.000000  0.000000  -0.033204  0.000000 )
(  -0.000000  0.000000  -0.000000  0.000000  -0.369162  0.000000 )
(   0.000000  0.000000   0.000000  0.000000   0.369162  0.000000 )
(   0.283526  0.000000   0.163694  0.000000  -0.117002  0.000000 )
(   0.000000  0.000000  -0.327388  0.000000  -0.117002  0.000000 )
(  -0.283526  0.000000   0.163694  0.000000  -0.117002  0.000000 )
(   0.000000  0.000000   0.327388  0.000000   0.117002  0.000000 )
(   0.283526  0.000000  -0.163694  0.000000   0.117002  0.000000 )
(  -0.283526  0.000000  -0.163694  0.000000   0.117002  0.000000 )
***************************************************************************
