Dynamical matrix file
File generated with the CellConstructor by Lorenzo Monacelli
2 11 0     1.8897259890000000     0.0000000000000000     0.0000000000000000     0.0000000000000000     0.0000000000000000     0.0000000000000000
Basis vectors
    1.8020989710945159    -1.0404423260677473     2.9430162385058805
   -0.0000000000000025     2.0808846521354885     2.9430162385058862
   -1.8020989710945146    -1.0404423260677507     2.9430162385058809
	1  'La '  126604.5951757480361266
	2  'H '    918.7358275894680446
    1     1     0.0000000000000020    -0.0000000000000031     4.4145244018867267
    2     2    -0.0000000000000002    -0.0000000000000026     2.2125656755859682
    3     2     0.0000000000000002     0.0000000000000026    -2.2125656755859682
    4     2     0.0000000000000001    -0.0000000000000009     1.0601571417650453
    5     2    -0.0000000000000001     0.0000000000000009    -1.0601571417650453
    6     2     0.9370818168045228     0.5410244386161749     6.2402988367299228
    7     2     0.0000000000000029    -1.0820488772323669     6.2402988367299219
    8     2    -0.9370818168045237     0.5410244386161689     6.2402988367299255
    9     2    -0.0000000000000009     1.0820488772323589     2.5887499633662032
   10     2     0.9370818168045265    -0.5410244386161823     2.5887499633662050
   11     2    -0.9370818168045227    -0.5410244386161850     2.5887499633662054

     Dynamical Matrix in cartesian axes

     q = (     0.000000000000     0.000000000000     0.000000000000 )

    1    1
     0.6414739059612866     0.0000000000000000        0.0000000000000001     0.0000000000000000        0.0000000000000003     0.0000000000000000
    -0.0000000000000001     0.0000000000000000        0.6414739059613115     0.0000000000000000       -0.0000000000000008     0.0000000000000000
     0.0000000000000003     0.0000000000000000       -0.0000000000000007     0.0000000000000000        0.6387368167930748     0.0000000000000000
    1    2
    -0.0332295868225385     0.0000000000000000       -0.0000000000000000     0.0000000000000000       -0.0000000000000000     0.0000000000000000
    -0.0000000000000000     0.0000000000000000       -0.0332295868225398     0.0000000000000000        0.0000000000000000     0.0000000000000000
    -0.0000000000000000     0.0000000000000000        0.0000000000000000     0.0000000000000000       -0.0311359180207323     0.0000000000000000
    1    3
    -0.0332295868225385     0.0000000000000000       -0.0000000000000000     0.0000000000000000       -0.0000000000000000     0.0000000000000000
    -0.0000000000000000     0.0000000000000000       -0.0332295868225398     0.0000000000000000        0.0000000000000000     0.0000000000000000
    -0.0000000000000000     0.0000000000000000        0.0000000000000000     0.0000000000000000       -0.0311359180207323     0.0000000000000000
    1    4
    -0.0937655353142777     0.0000000000000000        0.0000000000000000     0.0000000000000000       -0.0000000000000000     0.0000000000000000
     0.0000000000000000     0.0000000000000000       -0.0937655353142813     0.0000000000000000       -0.0000000000000000     0.0000000000000000
    -0.0000000000000000     0.0000000000000000       -0.0000000000000000     0.0000000000000000       -0.0282538506380066     0.0000000000000000
    1    5
    -0.0937655353142777     0.0000000000000000        0.0000000000000000     0.0000000000000000       -0.0000000000000000     0.0000000000000000
     0.0000000000000000     0.0000000000000000       -0.0937655353142813     0.0000000000000000       -0.0000000000000000     0.0000000000000000
    -0.0000000000000000     0.0000000000000000       -0.0000000000000000     0.0000000000000000       -0.0282538506380066     0.0000000000000000
    1    6
    -0.0501003280392141     0.0000000000000000        0.0250805845511890     0.0000000000000000       -0.0171846164049502     0.0000000000000000
     0.0250805845511889     0.0000000000000000       -0.0790608925233406     0.0000000000000000       -0.0099215429073185     0.0000000000000000
    -0.0193242063144707     0.0000000000000000       -0.0111568357175356     0.0000000000000000       -0.0866595465792662     0.0000000000000000
    1    7
    -0.0935411747653994     0.0000000000000000       -0.0000000000000000     0.0000000000000000       -0.0000000000000001     0.0000000000000000
    -0.0000000000000001     0.0000000000000000       -0.0356200457971537     0.0000000000000000        0.0198430858146374     0.0000000000000000
    -0.0000000000000001     0.0000000000000000        0.0223136714350716     0.0000000000000000       -0.0866595465792661     0.0000000000000000
    1    8
    -0.0501003280392140     0.0000000000000000       -0.0250805845511889     0.0000000000000000        0.0171846164049501     0.0000000000000000
    -0.0250805845511889     0.0000000000000000       -0.0790608925233406     0.0000000000000000       -0.0099215429073185     0.0000000000000000
     0.0193242063144706     0.0000000000000000       -0.0111568357175356     0.0000000000000000       -0.0866595465792662     0.0000000000000000
    1    9
    -0.0935411747653994     0.0000000000000000       -0.0000000000000001     0.0000000000000000       -0.0000000000000001     0.0000000000000000
    -0.0000000000000001     0.0000000000000000       -0.0356200457971537     0.0000000000000000        0.0198430858146374     0.0000000000000000
    -0.0000000000000001     0.0000000000000000        0.0223136714350716     0.0000000000000000       -0.0866595465792661     0.0000000000000000
    1   10
    -0.0501003280392139     0.0000000000000000       -0.0250805845511889     0.0000000000000000        0.0171846164049501     0.0000000000000000
    -0.0250805845511889     0.0000000000000000       -0.0790608925233407     0.0000000000000000       -0.0099215429073185     0.0000000000000000
     0.0193242063144706     0.0000000000000000       -0.0111568357175356     0.0000000000000000       -0.0866595465792662     0.0000000000000000
    1   11
    -0.0501003280392141     0.0000000000000000        0.0250805845511889     0.0000000000000000       -0.0171846164049502     0.0000000000000000
     0.0250805845511890     0.0000000000000000       -0.0790608925233406     0.0000000000000000       -0.0099215429073185     0.0000000000000000
    -0.0193242063144707     0.0000000000000000       -0.0111568357175356     0.0000000000000000       -0.0866595465792662     0.0000000000000000
    2    1
    -0.0332295868225385     0.0000000000000000       -0.0000000000000000     0.0000000000000000       -0.0000000000000000     0.0000000000000000
    -0.0000000000000000     0.0000000000000000       -0.0332295868225398     0.0000000000000000        0.0000000000000000     0.0000000000000000
    -0.0000000000000000     0.0000000000000000        0.0000000000000000     0.0000000000000000       -0.0311359180207323     0.0000000000000000
    2    2
     0.0840929550580563     0.0000000000000000       -0.0000000000000000     0.0000000000000000        0.0000000000000001     0.0000000000000000
    -0.0000000000000000     0.0000000000000000        0.0840929550580595     0.0000000000000000       -0.0000000000000001     0.0000000000000000
     0.0000000000000000     0.0000000000000000       -0.0000000000000001     0.0000000000000000        0.0830512436446574     0.0000000000000000
    2    3
    -0.0056023709073977     0.0000000000000000       -0.0000000000000000     0.0000000000000000       -0.0000000000000000     0.0000000000000000
     0.0000000000000000     0.0000000000000000       -0.0056023709073979     0.0000000000000000        0.0000000000000000     0.0000000000000000
    -0.0000000000000000     0.0000000000000000        0.0000000000000000     0.0000000000000000       -0.0051196274405263     0.0000000000000000
    2    4
     0.0067355162806759     0.0000000000000000       -0.0000000000000000     0.0000000000000000       -0.0000000000000000     0.0000000000000000
     0.0000000000000000     0.0000000000000000        0.0067355162806762     0.0000000000000000        0.0000000000000001     0.0000000000000000
    -0.0000000000000000     0.0000000000000000        0.0000000000000001     0.0000000000000000       -0.0218021678442569     0.0000000000000000
    2    5
    -0.0134881234357752     0.0000000000000000       -0.0000000000000000     0.0000000000000000        0.0000000000000000     0.0000000000000000
    -0.0000000000000000     0.0000000000000000       -0.0134881234357757     0.0000000000000000       -0.0000000000000000     0.0000000000000000
    -0.0000000000000000     0.0000000000000000       -0.0000000000000000     0.0000000000000000        0.0017669628177699     0.0000000000000000
    2    6
    -0.0033374393537857     0.0000000000000000        0.0060198619866462     0.0000000000000000       -0.0037487983271237     0.0000000000000000
     0.0060198619866462     0.0000000000000000       -0.0102885772307350     0.0000000000000000       -0.0021643697233025     0.0000000000000000
    -0.0045676644103681     0.0000000000000000       -0.0026371422768940     0.0000000000000000       -0.0119678401593720     0.0000000000000000
    2    7
    -0.0137641461692092     0.0000000000000000       -0.0000000000000000     0.0000000000000000       -0.0000000000000000     0.0000000000000000
    -0.0000000000000000     0.0000000000000000        0.0001381295846888     0.0000000000000000        0.0043287394466051     0.0000000000000000
    -0.0000000000000000     0.0000000000000000        0.0052742845537880     0.0000000000000000       -0.0119678401593720     0.0000000000000000
    2    8
    -0.0033374393537857     0.0000000000000000       -0.0060198619866462     0.0000000000000000        0.0037487983271237     0.0000000000000000
    -0.0060198619866462     0.0000000000000000       -0.0102885772307351     0.0000000000000000       -0.0021643697233025     0.0000000000000000
     0.0045676644103681     0.0000000000000000       -0.0026371422768939     0.0000000000000000       -0.0119678401593720     0.0000000000000000
    2    9
     0.0070572122097696     0.0000000000000000        0.0000000000000000     0.0000000000000000        0.0000000000000000     0.0000000000000000
     0.0000000000000000     0.0000000000000000       -0.0191034557405972     0.0000000000000000       -0.0096703587624386     0.0000000000000000
     0.0000000000000000     0.0000000000000000       -0.0104445573219275     0.0000000000000000        0.0030476757737347     0.0000000000000000
    2   10
    -0.0125632887530050     0.0000000000000000        0.0113279015124934     0.0000000000000000       -0.0083747763519811     0.0000000000000000
     0.0113279015124934     0.0000000000000000        0.0005170452221781     0.0000000000000000        0.0048351793812193     0.0000000000000000
    -0.0090452519720718     0.0000000000000000        0.0052222786609637     0.0000000000000000        0.0030476757737348     0.0000000000000000
    2   11
    -0.0125632887530049     0.0000000000000000       -0.0113279015124935     0.0000000000000000        0.0083747763519811     0.0000000000000000
    -0.0113279015124935     0.0000000000000000        0.0005170452221780     0.0000000000000000        0.0048351793812193     0.0000000000000000
     0.0090452519720718     0.0000000000000000        0.0052222786609637     0.0000000000000000        0.0030476757737348     0.0000000000000000
    3    1
    -0.0332295868225385     0.0000000000000000       -0.0000000000000000     0.0000000000000000       -0.0000000000000000     0.0000000000000000
    -0.0000000000000000     0.0000000000000000       -0.0332295868225398     0.0000000000000000        0.0000000000000000     0.0000000000000000
    -0.0000000000000000     0.0000000000000000        0.0000000000000000     0.0000000000000000       -0.0311359180207323     0.0000000000000000
    3    2
    -0.0056023709073977     0.0000000000000000       -0.0000000000000000     0.0000000000000000       -0.0000000000000000     0.0000000000000000
     0.0000000000000000     0.0000000000000000       -0.0056023709073979     0.0000000000000000        0.0000000000000000     0.0000000000000000
    -0.0000000000000000     0.0000000000000000        0.0000000000000000     0.0000000000000000       -0.0051196274405263     0.0000000000000000
    3    3
     0.0840929550580563     0.0000000000000000       -0.0000000000000000     0.0000000000000000        0.0000000000000001     0.0000000000000000
    -0.0000000000000000     0.0000000000000000        0.0840929550580595     0.0000000000000000       -0.0000000000000001     0.0000000000000000
     0.0000000000000000     0.0000000000000000       -0.0000000000000001     0.0000000000000000        0.0830512436446574     0.0000000000000000
    3    4
    -0.0134881234357752     0.0000000000000000        0.0000000000000000     0.0000000000000000       -0.0000000000000000     0.0000000000000000
     0.0000000000000000     0.0000000000000000       -0.0134881234357757     0.0000000000000000       -0.0000000000000000     0.0000000000000000
    -0.0000000000000000     0.0000000000000000       -0.0000000000000000     0.0000000000000000        0.0017669628177699     0.0000000000000000
    3    5
     0.0067355162806759     0.0000000000000000        0.0000000000000000     0.0000000000000000       -0.0000000000000000     0.0000000000000000
     0.0000000000000000     0.0000000000000000        0.0067355162806762     0.0000000000000000        0.0000000000000001     0.0000000000000000
    -0.0000000000000000     0.0000000000000000        0.0000000000000001     0.0000000000000000       -0.0218021678442569     0.0000000000000000
    3    6
    -0.0125632887530049     0.0000000000000000       -0.0113279015124934     0.0000000000000000        0.0083747763519811     0.0000000000000000
    -0.0113279015124935     0.0000000000000000        0.0005170452221780     0.0000000000000000        0.0048351793812193     0.0000000000000000
     0.0090452519720718     0.0000000000000000        0.0052222786609637     0.0000000000000000        0.0030476757737348     0.0000000000000000
    3    7
     0.0070572122097696     0.0000000000000000        0.0000000000000000     0.0000000000000000        0.0000000000000000     0.0000000000000000
     0.0000000000000000     0.0000000000000000       -0.0191034557405972     0.0000000000000000       -0.0096703587624386     0.0000000000000000
     0.0000000000000000     0.0000000000000000       -0.0104445573219275     0.0000000000000000        0.0030476757737347     0.0000000000000000
    3    8
    -0.0125632887530050     0.0000000000000000        0.0113279015124934     0.0000000000000000       -0.0083747763519811     0.0000000000000000
     0.0113279015124934     0.0000000000000000        0.0005170452221781     0.0000000000000000        0.0048351793812193     0.0000000000000000
    -0.0090452519720718     0.0000000000000000        0.0052222786609637     0.0000000000000000        0.0030476757737348     0.0000000000000000
    3    9
    -0.0137641461692092     0.0000000000000000       -0.0000000000000000     0.0000000000000000       -0.0000000000000000     0.0000000000000000
    -0.0000000000000000     0.0000000000000000        0.0001381295846888     0.0000000000000000        0.0043287394466051     0.0000000000000000
    -0.0000000000000000     0.0000000000000000        0.0052742845537880     0.0000000000000000       -0.0119678401593720     0.0000000000000000
    3   10
    -0.0033374393537857     0.0000000000000000       -0.0060198619866462     0.0000000000000000        0.0037487983271237     0.0000000000000000
    -0.0060198619866462     0.0000000000000000       -0.0102885772307351     0.0000000000000000       -0.0021643697233025     0.0000000000000000
     0.0045676644103681     0.0000000000000000       -0.0026371422768939     0.0000000000000000       -0.0119678401593720     0.0000000000000000
    3   11
    -0.0033374393537857     0.0000000000000000        0.0060198619866462     0.0000000000000000       -0.0037487983271237     0.0000000000000000
     0.0060198619866462     0.0000000000000000       -0.0102885772307350     0.0000000000000000       -0.0021643697233025     0.0000000000000000
    -0.0045676644103681     0.0000000000000000       -0.0026371422768940     0.0000000000000000       -0.0119678401593720     0.0000000000000000
    4    1
    -0.0937655353142777     0.0000000000000000        0.0000000000000000     0.0000000000000000       -0.0000000000000000     0.0000000000000000
     0.0000000000000000     0.0000000000000000       -0.0937655353142813     0.0000000000000000       -0.0000000000000000     0.0000000000000000
    -0.0000000000000000     0.0000000000000000       -0.0000000000000000     0.0000000000000000       -0.0282538506380066     0.0000000000000000
    4    2
     0.0067355162806759     0.0000000000000000        0.0000000000000000     0.0000000000000000       -0.0000000000000000     0.0000000000000000
    -0.0000000000000000     0.0000000000000000        0.0067355162806762     0.0000000000000000        0.0000000000000001     0.0000000000000000
    -0.0000000000000000     0.0000000000000000        0.0000000000000001     0.0000000000000000       -0.0218021678442569     0.0000000000000000
    4    3
    -0.0134881234357752     0.0000000000000000        0.0000000000000000     0.0000000000000000       -0.0000000000000000     0.0000000000000000
    -0.0000000000000000     0.0000000000000000       -0.0134881234357757     0.0000000000000000       -0.0000000000000000     0.0000000000000000
    -0.0000000000000000     0.0000000000000000       -0.0000000000000000     0.0000000000000000        0.0017669628177699     0.0000000000000000
    4    4
     0.1131222237617078     0.0000000000000000        0.0000000000000000     0.0000000000000000        0.0000000000000000     0.0000000000000000
     0.0000000000000000     0.0000000000000000        0.1131222237617122     0.0000000000000000       -0.0000000000000002     0.0000000000000000
     0.0000000000000001     0.0000000000000000       -0.0000000000000002     0.0000000000000000        0.1310859685962776     0.0000000000000000
    4    5
    -0.0050489873962332     0.0000000000000000        0.0000000000000000     0.0000000000000000       -0.0000000000000000     0.0000000000000000
     0.0000000000000000     0.0000000000000000       -0.0050489873962333     0.0000000000000000        0.0000000000000000     0.0000000000000000
    -0.0000000000000000     0.0000000000000000        0.0000000000000000     0.0000000000000000       -0.0038234971568059     0.0000000000000000
    4    6
    -0.0015800430920733     0.0000000000000000       -0.0049079786812651     0.0000000000000000       -0.0053035454561828     0.0000000000000000
    -0.0049079786812651     0.0000000000000000        0.0040872025335375     0.0000000000000000       -0.0030620033967866     0.0000000000000000
    -0.0147582001473377     0.0000000000000000       -0.0085206508278200     0.0000000000000000        0.0035910610973384     0.0000000000000000
    4    7
     0.0069208253463426     0.0000000000000000        0.0000000000000000     0.0000000000000000       -0.0000000000000000     0.0000000000000000
     0.0000000000000000     0.0000000000000000       -0.0044136659048788     0.0000000000000000        0.0061240067935732     0.0000000000000000
    -0.0000000000000000     0.0000000000000000        0.0170413016556400     0.0000000000000000        0.0035910610973384     0.0000000000000000
    4    8
    -0.0015800430920733     0.0000000000000000        0.0049079786812651     0.0000000000000000        0.0053035454561828     0.0000000000000000
     0.0049079786812651     0.0000000000000000        0.0040872025335375     0.0000000000000000       -0.0030620033967866     0.0000000000000000
     0.0147582001473378     0.0000000000000000       -0.0085206508278200     0.0000000000000000        0.0035910610973384     0.0000000000000000
    4    9
     0.0069069420045565     0.0000000000000000        0.0000000000000000     0.0000000000000000        0.0000000000000000     0.0000000000000000
     0.0000000000000000     0.0000000000000000       -0.0144508307100862     0.0000000000000000       -0.0202585812220469     0.0000000000000000
     0.0000000000000000     0.0000000000000000       -0.0252508540960749     0.0000000000000000       -0.0299155330223311     0.0000000000000000
    4   10
    -0.0091113875314252     0.0000000000000000        0.0092481868695674     0.0000000000000000       -0.0175444459829228     0.0000000000000000
     0.0092481868695674     0.0000000000000000        0.0015674988258960     0.0000000000000000        0.0101292906110235     0.0000000000000000
    -0.0218678811144549     0.0000000000000000        0.0126254270480375     0.0000000000000000       -0.0299155330223310     0.0000000000000000
    4   11
    -0.0091113875314251     0.0000000000000000       -0.0092481868695674     0.0000000000000000        0.0175444459829227     0.0000000000000000
    -0.0092481868695674     0.0000000000000000        0.0015674988258960     0.0000000000000000        0.0101292906110236     0.0000000000000000
     0.0218678811144548     0.0000000000000000        0.0126254270480376     0.0000000000000000       -0.0299155330223310     0.0000000000000000
    5    1
    -0.0937655353142777     0.0000000000000000        0.0000000000000000     0.0000000000000000       -0.0000000000000000     0.0000000000000000
     0.0000000000000000     0.0000000000000000       -0.0937655353142813     0.0000000000000000       -0.0000000000000000     0.0000000000000000
    -0.0000000000000000     0.0000000000000000       -0.0000000000000000     0.0000000000000000       -0.0282538506380066     0.0000000000000000
    5    2
    -0.0134881234357752     0.0000000000000000        0.0000000000000000     0.0000000000000000       -0.0000000000000000     0.0000000000000000
    -0.0000000000000000     0.0000000000000000       -0.0134881234357757     0.0000000000000000       -0.0000000000000000     0.0000000000000000
    -0.0000000000000000     0.0000000000000000       -0.0000000000000000     0.0000000000000000        0.0017669628177699     0.0000000000000000
    5    3
     0.0067355162806759     0.0000000000000000       -0.0000000000000000     0.0000000000000000       -0.0000000000000000     0.0000000000000000
     0.0000000000000000     0.0000000000000000        0.0067355162806762     0.0000000000000000        0.0000000000000001     0.0000000000000000
    -0.0000000000000000     0.0000000000000000        0.0000000000000001     0.0000000000000000       -0.0218021678442569     0.0000000000000000
    5    4
    -0.0050489873962332     0.0000000000000000        0.0000000000000000     0.0000000000000000       -0.0000000000000000     0.0000000000000000
     0.0000000000000000     0.0000000000000000       -0.0050489873962333     0.0000000000000000        0.0000000000000000     0.0000000000000000
    -0.0000000000000000     0.0000000000000000        0.0000000000000000     0.0000000000000000       -0.0038234971568059     0.0000000000000000
    5    5
     0.1131222237617078     0.0000000000000000        0.0000000000000000     0.0000000000000000        0.0000000000000000     0.0000000000000000
     0.0000000000000000     0.0000000000000000        0.1131222237617122     0.0000000000000000       -0.0000000000000002     0.0000000000000000
     0.0000000000000001     0.0000000000000000       -0.0000000000000002     0.0000000000000000        0.1310859685962776     0.0000000000000000
    5    6
    -0.0091113875314251     0.0000000000000000       -0.0092481868695674     0.0000000000000000        0.0175444459829227     0.0000000000000000
    -0.0092481868695674     0.0000000000000000        0.0015674988258960     0.0000000000000000        0.0101292906110236     0.0000000000000000
     0.0218678811144548     0.0000000000000000        0.0126254270480376     0.0000000000000000       -0.0299155330223310     0.0000000000000000
    5    7
     0.0069069420045565     0.0000000000000000        0.0000000000000000     0.0000000000000000        0.0000000000000000     0.0000000000000000
     0.0000000000000000     0.0000000000000000       -0.0144508307100862     0.0000000000000000       -0.0202585812220469     0.0000000000000000
     0.0000000000000000     0.0000000000000000       -0.0252508540960749     0.0000000000000000       -0.0299155330223311     0.0000000000000000
    5    8
    -0.0091113875314252     0.0000000000000000        0.0092481868695674     0.0000000000000000       -0.0175444459829228     0.0000000000000000
     0.0092481868695674     0.0000000000000000        0.0015674988258960     0.0000000000000000        0.0101292906110235     0.0000000000000000
    -0.0218678811144549     0.0000000000000000        0.0126254270480375     0.0000000000000000       -0.0299155330223310     0.0000000000000000
    5    9
     0.0069208253463426     0.0000000000000000        0.0000000000000000     0.0000000000000000       -0.0000000000000000     0.0000000000000000
     0.0000000000000000     0.0000000000000000       -0.0044136659048788     0.0000000000000000        0.0061240067935732     0.0000000000000000
    -0.0000000000000000     0.0000000000000000        0.0170413016556400     0.0000000000000000        0.0035910610973384     0.0000000000000000
    5   10
    -0.0015800430920733     0.0000000000000000        0.0049079786812651     0.0000000000000000        0.0053035454561828     0.0000000000000000
     0.0049079786812651     0.0000000000000000        0.0040872025335375     0.0000000000000000       -0.0030620033967866     0.0000000000000000
     0.0147582001473378     0.0000000000000000       -0.0085206508278200     0.0000000000000000        0.0035910610973384     0.0000000000000000
    5   11
    -0.0015800430920733     0.0000000000000000       -0.0049079786812651     0.0000000000000000       -0.0053035454561828     0.0000000000000000
    -0.0049079786812651     0.0000000000000000        0.0040872025335375     0.0000000000000000       -0.0030620033967866     0.0000000000000000
    -0.0147582001473377     0.0000000000000000       -0.0085206508278200     0.0000000000000000        0.0035910610973384     0.0000000000000000
    6    1
    -0.0501003280392141     0.0000000000000000        0.0250805845511890     0.0000000000000000       -0.0193242063144707     0.0000000000000000
     0.0250805845511889     0.0000000000000000       -0.0790608925233405     0.0000000000000000       -0.0111568357175356     0.0000000000000000
    -0.0171846164049501     0.0000000000000000       -0.0099215429073185     0.0000000000000000       -0.0866595465792662     0.0000000000000000
    6    2
    -0.0033374393537857     0.0000000000000000        0.0060198619866462     0.0000000000000000       -0.0045676644103681     0.0000000000000000
     0.0060198619866462     0.0000000000000000       -0.0102885772307350     0.0000000000000000       -0.0026371422768940     0.0000000000000000
    -0.0037487983271237     0.0000000000000000       -0.0021643697233025     0.0000000000000000       -0.0119678401593720     0.0000000000000000
    6    3
    -0.0125632887530049     0.0000000000000000       -0.0113279015124935     0.0000000000000000        0.0090452519720718     0.0000000000000000
    -0.0113279015124934     0.0000000000000000        0.0005170452221780     0.0000000000000000        0.0052222786609637     0.0000000000000000
     0.0083747763519811     0.0000000000000000        0.0048351793812193     0.0000000000000000        0.0030476757737348     0.0000000000000000
    6    4
    -0.0015800430920733     0.0000000000000000       -0.0049079786812651     0.0000000000000000       -0.0147582001473378     0.0000000000000000
    -0.0049079786812651     0.0000000000000000        0.0040872025335375     0.0000000000000000       -0.0085206508278200     0.0000000000000000
    -0.0053035454561828     0.0000000000000000       -0.0030620033967866     0.0000000000000000        0.0035910610973384     0.0000000000000000
    6    5
    -0.0091113875314251     0.0000000000000000       -0.0092481868695674     0.0000000000000000        0.0218678811144548     0.0000000000000000
    -0.0092481868695674     0.0000000000000000        0.0015674988258960     0.0000000000000000        0.0126254270480376     0.0000000000000000
     0.0175444459829227     0.0000000000000000        0.0101292906110236     0.0000000000000000       -0.0299155330223310     0.0000000000000000
    6    6
     0.1264636826590533     0.0000000000000000        0.0080103203070528     0.0000000000000000       -0.0049007345812113     0.0000000000000000
     0.0080103203070528     0.0000000000000000        0.1172141614879139     0.0000000000000000       -0.0028294404296895     0.0000000000000000
    -0.0049007345812114     0.0000000000000000       -0.0028294404296895     0.0000000000000000        0.1152544761711821     0.0000000000000000
    6    7
    -0.0093134485954402     0.0000000000000000       -0.0250416326654180     0.0000000000000000        0.0018926099356673     0.0000000000000000
    -0.0195584002838278     0.0000000000000000       -0.0350632896245544     0.0000000000000000       -0.0022761578837739     0.0000000000000000
     0.0029175155182060     0.0000000000000000       -0.0005009693418559     0.0000000000000000        0.0050854580894048     0.0000000000000000
    6    8
    -0.0479382101391094     0.0000000000000000        0.0027416161907950     0.0000000000000000       -0.0010249055825387     0.0000000000000000
    -0.0027416161907951     0.0000000000000000        0.0035614719191162     0.0000000000000000        0.0027771272256297     0.0000000000000000
     0.0010249055825387     0.0000000000000000        0.0027771272256297     0.0000000000000000        0.0050854580894048     0.0000000000000000
    6    9
    -0.0011857168963530     0.0000000000000000        0.0125394100014722     0.0000000000000000        0.0091913233349774     0.0000000000000000
     0.0030928942493247     0.0000000000000000        0.0078395981708989     0.0000000000000000       -0.0012675025883238     0.0000000000000000
     0.0056933511083397     0.0000000000000000       -0.0073261682083254     0.0000000000000000        0.0003497597554903     0.0000000000000000
    6   10
     0.0123522557045244     0.0000000000000000       -0.0047232578760737     0.0000000000000000        0.0034979722266377     0.0000000000000000
     0.0047232578760738     0.0000000000000000       -0.0056983744299791     0.0000000000000000        0.0085936707966492     0.0000000000000000
    -0.0034979722266377     0.0000000000000000        0.0085936707966492     0.0000000000000000        0.0003497597554903     0.0000000000000000
    6   11
    -0.0036860759631719     0.0000000000000000        0.0008571645676624     0.0000000000000000       -0.0009193275478825     0.0000000000000000
     0.0008571645676624     0.0000000000000000       -0.0046758443509315     0.0000000000000000       -0.0005307740072434     0.0000000000000000
    -0.0009193275478825     0.0000000000000000       -0.0005307740072434     0.0000000000000000       -0.0042207289710761     0.0000000000000000
    7    1
    -0.0935411747653994     0.0000000000000000       -0.0000000000000000     0.0000000000000000       -0.0000000000000001     0.0000000000000000
    -0.0000000000000001     0.0000000000000000       -0.0356200457971537     0.0000000000000000        0.0223136714350716     0.0000000000000000
    -0.0000000000000000     0.0000000000000000        0.0198430858146374     0.0000000000000000       -0.0866595465792661     0.0000000000000000
    7    2
    -0.0137641461692092     0.0000000000000000       -0.0000000000000000     0.0000000000000000       -0.0000000000000000     0.0000000000000000
    -0.0000000000000000     0.0000000000000000        0.0001381295846888     0.0000000000000000        0.0052742845537880     0.0000000000000000
    -0.0000000000000000     0.0000000000000000        0.0043287394466051     0.0000000000000000       -0.0119678401593720     0.0000000000000000
    7    3
     0.0070572122097696     0.0000000000000000        0.0000000000000000     0.0000000000000000        0.0000000000000000     0.0000000000000000
     0.0000000000000000     0.0000000000000000       -0.0191034557405972     0.0000000000000000       -0.0104445573219275     0.0000000000000000
     0.0000000000000000     0.0000000000000000       -0.0096703587624386     0.0000000000000000        0.0030476757737347     0.0000000000000000
    7    4
     0.0069208253463426     0.0000000000000000        0.0000000000000000     0.0000000000000000       -0.0000000000000000     0.0000000000000000
     0.0000000000000000     0.0000000000000000       -0.0044136659048788     0.0000000000000000        0.0170413016556400     0.0000000000000000
    -0.0000000000000000     0.0000000000000000        0.0061240067935732     0.0000000000000000        0.0035910610973384     0.0000000000000000
    7    5
     0.0069069420045565     0.0000000000000000        0.0000000000000000     0.0000000000000000        0.0000000000000000     0.0000000000000000
     0.0000000000000000     0.0000000000000000       -0.0144508307100861     0.0000000000000000       -0.0252508540960749     0.0000000000000000
     0.0000000000000000     0.0000000000000000       -0.0202585812220469     0.0000000000000000       -0.0299155330223311     0.0000000000000000
    7    6
    -0.0093134485954402     0.0000000000000000       -0.0195584002838278     0.0000000000000000        0.0029175155182060     0.0000000000000000
    -0.0250416326654179     0.0000000000000000       -0.0350632896245544     0.0000000000000000       -0.0005009693418559     0.0000000000000000
     0.0018926099356673     0.0000000000000000       -0.0022761578837739     0.0000000000000000        0.0050854580894048     0.0000000000000000
    7    7
     0.1125894009023375     0.0000000000000000        0.0000000000000000     0.0000000000000000        0.0000000000000000     0.0000000000000000
    -0.0000000000000000     0.0000000000000000        0.1310884432446302     0.0000000000000000        0.0056588808593786     0.0000000000000000
     0.0000000000000000     0.0000000000000000        0.0056588808593786     0.0000000000000000        0.1152544761711821     0.0000000000000000
    7    8
    -0.0093134485954403     0.0000000000000000        0.0195584002838279     0.0000000000000000       -0.0029175155182060     0.0000000000000000
     0.0250416326654180     0.0000000000000000       -0.0350632896245543     0.0000000000000000       -0.0005009693418559     0.0000000000000000
    -0.0018926099356673     0.0000000000000000       -0.0022761578837739     0.0000000000000000        0.0050854580894048     0.0000000000000000
    7    9
    -0.0051707285448110     0.0000000000000000       -0.0000000000000000     0.0000000000000000       -0.0000000000000000     0.0000000000000000
    -0.0000000000000000     0.0000000000000000       -0.0031911917692923     0.0000000000000000        0.0010615480144868     0.0000000000000000
    -0.0000000000000000     0.0000000000000000        0.0010615480144868     0.0000000000000000       -0.0042207289710761     0.0000000000000000
    7   10
    -0.0011857168963530     0.0000000000000000       -0.0030928942493247     0.0000000000000000       -0.0056933511083397     0.0000000000000000
    -0.0125394100014722     0.0000000000000000        0.0078395981708989     0.0000000000000000       -0.0073261682083254     0.0000000000000000
    -0.0091913233349774     0.0000000000000000       -0.0012675025883239     0.0000000000000000        0.0003497597554903     0.0000000000000000
    7   11
    -0.0011857168963530     0.0000000000000000        0.0030928942493247     0.0000000000000000        0.0056933511083397     0.0000000000000000
     0.0125394100014722     0.0000000000000000        0.0078395981708989     0.0000000000000000       -0.0073261682083254     0.0000000000000000
     0.0091913233349774     0.0000000000000000       -0.0012675025883238     0.0000000000000000        0.0003497597554903     0.0000000000000000
    8    1
    -0.0501003280392139     0.0000000000000000       -0.0250805845511889     0.0000000000000000        0.0193242063144706     0.0000000000000000
    -0.0250805845511889     0.0000000000000000       -0.0790608925233406     0.0000000000000000       -0.0111568357175356     0.0000000000000000
     0.0171846164049501     0.0000000000000000       -0.0099215429073185     0.0000000000000000       -0.0866595465792662     0.0000000000000000
    8    2
    -0.0033374393537857     0.0000000000000000       -0.0060198619866462     0.0000000000000000        0.0045676644103681     0.0000000000000000
    -0.0060198619866462     0.0000000000000000       -0.0102885772307351     0.0000000000000000       -0.0026371422768940     0.0000000000000000
     0.0037487983271237     0.0000000000000000       -0.0021643697233025     0.0000000000000000       -0.0119678401593720     0.0000000000000000
    8    3
    -0.0125632887530050     0.0000000000000000        0.0113279015124934     0.0000000000000000       -0.0090452519720718     0.0000000000000000
     0.0113279015124934     0.0000000000000000        0.0005170452221781     0.0000000000000000        0.0052222786609637     0.0000000000000000
    -0.0083747763519811     0.0000000000000000        0.0048351793812193     0.0000000000000000        0.0030476757737348     0.0000000000000000
    8    4
    -0.0015800430920733     0.0000000000000000        0.0049079786812651     0.0000000000000000        0.0147582001473378     0.0000000000000000
     0.0049079786812651     0.0000000000000000        0.0040872025335375     0.0000000000000000       -0.0085206508278200     0.0000000000000000
     0.0053035454561828     0.0000000000000000       -0.0030620033967866     0.0000000000000000        0.0035910610973384     0.0000000000000000
    8    5
    -0.0091113875314252     0.0000000000000000        0.0092481868695674     0.0000000000000000       -0.0218678811144549     0.0000000000000000
     0.0092481868695674     0.0000000000000000        0.0015674988258960     0.0000000000000000        0.0126254270480375     0.0000000000000000
    -0.0175444459829227     0.0000000000000000        0.0101292906110235     0.0000000000000000       -0.0299155330223310     0.0000000000000000
    8    6
    -0.0479382101391094     0.0000000000000000       -0.0027416161907951     0.0000000000000000        0.0010249055825387     0.0000000000000000
     0.0027416161907950     0.0000000000000000        0.0035614719191162     0.0000000000000000        0.0027771272256297     0.0000000000000000
    -0.0010249055825387     0.0000000000000000        0.0027771272256297     0.0000000000000000        0.0050854580894048     0.0000000000000000
    8    7
    -0.0093134485954403     0.0000000000000000        0.0250416326654180     0.0000000000000000       -0.0018926099356673     0.0000000000000000
     0.0195584002838279     0.0000000000000000       -0.0350632896245543     0.0000000000000000       -0.0022761578837739     0.0000000000000000
    -0.0029175155182060     0.0000000000000000       -0.0005009693418559     0.0000000000000000        0.0050854580894048     0.0000000000000000
    8    8
     0.1264636826590533     0.0000000000000000       -0.0080103203070527     0.0000000000000000        0.0049007345812114     0.0000000000000000
    -0.0080103203070528     0.0000000000000000        0.1172141614879139     0.0000000000000000       -0.0028294404296895     0.0000000000000000
     0.0049007345812115     0.0000000000000000       -0.0028294404296895     0.0000000000000000        0.1152544761711821     0.0000000000000000
    8    9
    -0.0011857168963530     0.0000000000000000       -0.0125394100014722     0.0000000000000000       -0.0091913233349774     0.0000000000000000
    -0.0030928942493247     0.0000000000000000        0.0078395981708989     0.0000000000000000       -0.0012675025883239     0.0000000000000000
    -0.0056933511083397     0.0000000000000000       -0.0073261682083254     0.0000000000000000        0.0003497597554903     0.0000000000000000
    8   10
    -0.0036860759631719     0.0000000000000000       -0.0008571645676624     0.0000000000000000        0.0009193275478825     0.0000000000000000
    -0.0008571645676624     0.0000000000000000       -0.0046758443509315     0.0000000000000000       -0.0005307740072434     0.0000000000000000
     0.0009193275478825     0.0000000000000000       -0.0005307740072434     0.0000000000000000       -0.0042207289710761     0.0000000000000000
    8   11
     0.0123522557045244     0.0000000000000000        0.0047232578760738     0.0000000000000000       -0.0034979722266377     0.0000000000000000
    -0.0047232578760737     0.0000000000000000       -0.0056983744299791     0.0000000000000000        0.0085936707966492     0.0000000000000000
     0.0034979722266377     0.0000000000000000        0.0085936707966492     0.0000000000000000        0.0003497597554903     0.0000000000000000
    9    1
    -0.0935411747653994     0.0000000000000000       -0.0000000000000000     0.0000000000000000       -0.0000000000000001     0.0000000000000000
    -0.0000000000000001     0.0000000000000000       -0.0356200457971537     0.0000000000000000        0.0223136714350716     0.0000000000000000
    -0.0000000000000001     0.0000000000000000        0.0198430858146374     0.0000000000000000       -0.0866595465792661     0.0000000000000000
    9    2
     0.0070572122097696     0.0000000000000000        0.0000000000000000     0.0000000000000000        0.0000000000000000     0.0000000000000000
     0.0000000000000000     0.0000000000000000       -0.0191034557405972     0.0000000000000000       -0.0104445573219275     0.0000000000000000
     0.0000000000000000     0.0000000000000000       -0.0096703587624386     0.0000000000000000        0.0030476757737347     0.0000000000000000
    9    3
    -0.0137641461692092     0.0000000000000000       -0.0000000000000000     0.0000000000000000       -0.0000000000000000     0.0000000000000000
    -0.0000000000000000     0.0000000000000000        0.0001381295846888     0.0000000000000000        0.0052742845537880     0.0000000000000000
    -0.0000000000000000     0.0000000000000000        0.0043287394466051     0.0000000000000000       -0.0119678401593720     0.0000000000000000
    9    4
     0.0069069420045565     0.0000000000000000        0.0000000000000000     0.0000000000000000        0.0000000000000000     0.0000000000000000
     0.0000000000000000     0.0000000000000000       -0.0144508307100861     0.0000000000000000       -0.0252508540960749     0.0000000000000000
     0.0000000000000000     0.0000000000000000       -0.0202585812220469     0.0000000000000000       -0.0299155330223311     0.0000000000000000
    9    5
     0.0069208253463426     0.0000000000000000        0.0000000000000000     0.0000000000000000       -0.0000000000000000     0.0000000000000000
     0.0000000000000000     0.0000000000000000       -0.0044136659048788     0.0000000000000000        0.0170413016556400     0.0000000000000000
    -0.0000000000000000     0.0000000000000000        0.0061240067935732     0.0000000000000000        0.0035910610973384     0.0000000000000000
    9    6
    -0.0011857168963530     0.0000000000000000        0.0030928942493247     0.0000000000000000        0.0056933511083397     0.0000000000000000
     0.0125394100014722     0.0000000000000000        0.0078395981708989     0.0000000000000000       -0.0073261682083254     0.0000000000000000
     0.0091913233349774     0.0000000000000000       -0.0012675025883238     0.0000000000000000        0.0003497597554903     0.0000000000000000
    9    7
    -0.0051707285448110     0.0000000000000000       -0.0000000000000000     0.0000000000000000       -0.0000000000000000     0.0000000000000000
    -0.0000000000000000     0.0000000000000000       -0.0031911917692923     0.0000000000000000        0.0010615480144868     0.0000000000000000
    -0.0000000000000000     0.0000000000000000        0.0010615480144868     0.0000000000000000       -0.0042207289710761     0.0000000000000000
    9    8
    -0.0011857168963530     0.0000000000000000       -0.0030928942493247     0.0000000000000000       -0.0056933511083397     0.0000000000000000
    -0.0125394100014722     0.0000000000000000        0.0078395981708989     0.0000000000000000       -0.0073261682083254     0.0000000000000000
    -0.0091913233349774     0.0000000000000000       -0.0012675025883239     0.0000000000000000        0.0003497597554903     0.0000000000000000
    9    9
     0.1125894009023374     0.0000000000000000        0.0000000000000000     0.0000000000000000        0.0000000000000000     0.0000000000000000
    -0.0000000000000000     0.0000000000000000        0.1310884432446302     0.0000000000000000        0.0056588808593786     0.0000000000000000
     0.0000000000000000     0.0000000000000000        0.0056588808593786     0.0000000000000000        0.1152544761711821     0.0000000000000000
    9   10
    -0.0093134485954403     0.0000000000000000        0.0195584002838279     0.0000000000000000       -0.0029175155182060     0.0000000000000000
     0.0250416326654180     0.0000000000000000       -0.0350632896245543     0.0000000000000000       -0.0005009693418559     0.0000000000000000
    -0.0018926099356673     0.0000000000000000       -0.0022761578837739     0.0000000000000000        0.0050854580894048     0.0000000000000000
    9   11
    -0.0093134485954402     0.0000000000000000       -0.0195584002838278     0.0000000000000000        0.0029175155182060     0.0000000000000000
    -0.0250416326654179     0.0000000000000000       -0.0350632896245544     0.0000000000000000       -0.0005009693418559     0.0000000000000000
     0.0018926099356673     0.0000000000000000       -0.0022761578837739     0.0000000000000000        0.0050854580894048     0.0000000000000000
   10    1
    -0.0501003280392139     0.0000000000000000       -0.0250805845511889     0.0000000000000000        0.0193242063144706     0.0000000000000000
    -0.0250805845511889     0.0000000000000000       -0.0790608925233406     0.0000000000000000       -0.0111568357175356     0.0000000000000000
     0.0171846164049501     0.0000000000000000       -0.0099215429073185     0.0000000000000000       -0.0866595465792662     0.0000000000000000
   10    2
    -0.0125632887530050     0.0000000000000000        0.0113279015124934     0.0000000000000000       -0.0090452519720718     0.0000000000000000
     0.0113279015124934     0.0000000000000000        0.0005170452221781     0.0000000000000000        0.0052222786609637     0.0000000000000000
    -0.0083747763519811     0.0000000000000000        0.0048351793812193     0.0000000000000000        0.0030476757737348     0.0000000000000000
   10    3
    -0.0033374393537857     0.0000000000000000       -0.0060198619866462     0.0000000000000000        0.0045676644103681     0.0000000000000000
    -0.0060198619866462     0.0000000000000000       -0.0102885772307351     0.0000000000000000       -0.0026371422768940     0.0000000000000000
     0.0037487983271237     0.0000000000000000       -0.0021643697233025     0.0000000000000000       -0.0119678401593720     0.0000000000000000
   10    4
    -0.0091113875314252     0.0000000000000000        0.0092481868695674     0.0000000000000000       -0.0218678811144549     0.0000000000000000
     0.0092481868695674     0.0000000000000000        0.0015674988258960     0.0000000000000000        0.0126254270480375     0.0000000000000000
    -0.0175444459829227     0.0000000000000000        0.0101292906110235     0.0000000000000000       -0.0299155330223310     0.0000000000000000
   10    5
    -0.0015800430920733     0.0000000000000000        0.0049079786812651     0.0000000000000000        0.0147582001473378     0.0000000000000000
     0.0049079786812651     0.0000000000000000        0.0040872025335375     0.0000000000000000       -0.0085206508278200     0.0000000000000000
     0.0053035454561828     0.0000000000000000       -0.0030620033967866     0.0000000000000000        0.0035910610973384     0.0000000000000000
   10    6
     0.0123522557045244     0.0000000000000000        0.0047232578760738     0.0000000000000000       -0.0034979722266377     0.0000000000000000
    -0.0047232578760737     0.0000000000000000       -0.0056983744299791     0.0000000000000000        0.0085936707966492     0.0000000000000000
     0.0034979722266377     0.0000000000000000        0.0085936707966492     0.0000000000000000        0.0003497597554903     0.0000000000000000
   10    7
    -0.0011857168963530     0.0000000000000000       -0.0125394100014722     0.0000000000000000       -0.0091913233349774     0.0000000000000000
    -0.0030928942493247     0.0000000000000000        0.0078395981708989     0.0000000000000000       -0.0012675025883239     0.0000000000000000
    -0.0056933511083397     0.0000000000000000       -0.0073261682083254     0.0000000000000000        0.0003497597554903     0.0000000000000000
   10    8
    -0.0036860759631719     0.0000000000000000       -0.0008571645676624     0.0000000000000000        0.0009193275478825     0.0000000000000000
    -0.0008571645676624     0.0000000000000000       -0.0046758443509315     0.0000000000000000       -0.0005307740072434     0.0000000000000000
     0.0009193275478825     0.0000000000000000       -0.0005307740072434     0.0000000000000000       -0.0042207289710761     0.0000000000000000
   10    9
    -0.0093134485954403     0.0000000000000000        0.0250416326654180     0.0000000000000000       -0.0018926099356673     0.0000000000000000
     0.0195584002838279     0.0000000000000000       -0.0350632896245543     0.0000000000000000       -0.0022761578837739     0.0000000000000000
    -0.0029175155182060     0.0000000000000000       -0.0005009693418559     0.0000000000000000        0.0050854580894048     0.0000000000000000
   10   10
     0.1264636826590533     0.0000000000000000       -0.0080103203070527     0.0000000000000000        0.0049007345812114     0.0000000000000000
    -0.0080103203070528     0.0000000000000000        0.1172141614879139     0.0000000000000000       -0.0028294404296895     0.0000000000000000
     0.0049007345812115     0.0000000000000000       -0.0028294404296895     0.0000000000000000        0.1152544761711820     0.0000000000000000
   10   11
    -0.0479382101391094     0.0000000000000000       -0.0027416161907951     0.0000000000000000        0.0010249055825387     0.0000000000000000
     0.0027416161907950     0.0000000000000000        0.0035614719191162     0.0000000000000000        0.0027771272256297     0.0000000000000000
    -0.0010249055825387     0.0000000000000000        0.0027771272256297     0.0000000000000000        0.0050854580894048     0.0000000000000000
   11    1
    -0.0501003280392141     0.0000000000000000        0.0250805845511890     0.0000000000000000       -0.0193242063144707     0.0000000000000000
     0.0250805845511889     0.0000000000000000       -0.0790608925233405     0.0000000000000000       -0.0111568357175356     0.0000000000000000
    -0.0171846164049501     0.0000000000000000       -0.0099215429073185     0.0000000000000000       -0.0866595465792662     0.0000000000000000
   11    2
    -0.0125632887530049     0.0000000000000000       -0.0113279015124935     0.0000000000000000        0.0090452519720718     0.0000000000000000
    -0.0113279015124935     0.0000000000000000        0.0005170452221780     0.0000000000000000        0.0052222786609637     0.0000000000000000
     0.0083747763519811     0.0000000000000000        0.0048351793812193     0.0000000000000000        0.0030476757737348     0.0000000000000000
   11    3
    -0.0033374393537857     0.0000000000000000        0.0060198619866462     0.0000000000000000       -0.0045676644103681     0.0000000000000000
     0.0060198619866462     0.0000000000000000       -0.0102885772307350     0.0000000000000000       -0.0026371422768940     0.0000000000000000
    -0.0037487983271237     0.0000000000000000       -0.0021643697233025     0.0000000000000000       -0.0119678401593720     0.0000000000000000
   11    4
    -0.0091113875314251     0.0000000000000000       -0.0092481868695674     0.0000000000000000        0.0218678811144548     0.0000000000000000
    -0.0092481868695674     0.0000000000000000        0.0015674988258960     0.0000000000000000        0.0126254270480376     0.0000000000000000
     0.0175444459829227     0.0000000000000000        0.0101292906110236     0.0000000000000000       -0.0299155330223310     0.0000000000000000
   11    5
    -0.0015800430920733     0.0000000000000000       -0.0049079786812651     0.0000000000000000       -0.0147582001473378     0.0000000000000000
    -0.0049079786812651     0.0000000000000000        0.0040872025335375     0.0000000000000000       -0.0085206508278200     0.0000000000000000
    -0.0053035454561828     0.0000000000000000       -0.0030620033967866     0.0000000000000000        0.0035910610973384     0.0000000000000000
   11    6
    -0.0036860759631719     0.0000000000000000        0.0008571645676624     0.0000000000000000       -0.0009193275478825     0.0000000000000000
     0.0008571645676624     0.0000000000000000       -0.0046758443509315     0.0000000000000000       -0.0005307740072434     0.0000000000000000
    -0.0009193275478825     0.0000000000000000       -0.0005307740072434     0.0000000000000000       -0.0042207289710761     0.0000000000000000
   11    7
    -0.0011857168963530     0.0000000000000000        0.0125394100014722     0.0000000000000000        0.0091913233349774     0.0000000000000000
     0.0030928942493247     0.0000000000000000        0.0078395981708989     0.0000000000000000       -0.0012675025883238     0.0000000000000000
     0.0056933511083397     0.0000000000000000       -0.0073261682083254     0.0000000000000000        0.0003497597554903     0.0000000000000000
   11    8
     0.0123522557045244     0.0000000000000000       -0.0047232578760737     0.0000000000000000        0.0034979722266377     0.0000000000000000
     0.0047232578760738     0.0000000000000000       -0.0056983744299791     0.0000000000000000        0.0085936707966492     0.0000000000000000
    -0.0034979722266377     0.0000000000000000        0.0085936707966492     0.0000000000000000        0.0003497597554903     0.0000000000000000
   11    9
    -0.0093134485954402     0.0000000000000000       -0.0250416326654180     0.0000000000000000        0.0018926099356673     0.0000000000000000
    -0.0195584002838278     0.0000000000000000       -0.0350632896245544     0.0000000000000000       -0.0022761578837739     0.0000000000000000
     0.0029175155182060     0.0000000000000000       -0.0005009693418559     0.0000000000000000        0.0050854580894048     0.0000000000000000
   11   10
    -0.0479382101391094     0.0000000000000000        0.0027416161907950     0.0000000000000000       -0.0010249055825387     0.0000000000000000
    -0.0027416161907951     0.0000000000000000        0.0035614719191162     0.0000000000000000        0.0027771272256297     0.0000000000000000
     0.0010249055825387     0.0000000000000000        0.0027771272256297     0.0000000000000000        0.0050854580894048     0.0000000000000000
   11   11
     0.1264636826590533     0.0000000000000000        0.0080103203070528     0.0000000000000000       -0.0049007345812113     0.0000000000000000
     0.0080103203070528     0.0000000000000000        0.1172141614879140     0.0000000000000000       -0.0028294404296895     0.0000000000000000
    -0.0049007345812113     0.0000000000000000       -0.0028294404296895     0.0000000000000000        0.1152544761711821     0.0000000000000000

     Diagonalizing the dynamical matrix

     q = (     0.000000000000     0.000000000000     0.000000000000 )

***************************************************************************
   freq (    1) =    -0.00000098 [THz] =    -0.00003280 [cm-1]
(  -0.000000  0.000000   0.300401  0.000000  -0.025854  0.000000 )
(  -0.000000  0.000000   0.300401  0.000000  -0.025854  0.000000 )
(   0.000000  0.000000   0.300401  0.000000  -0.025854  0.000000 )
(  -0.000000  0.000000   0.300401  0.000000  -0.025854  0.000000 )
(  -0.000000  0.000000   0.300401  0.000000  -0.025854  0.000000 )
(  -0.000000  0.000000   0.300401  0.000000  -0.025854  0.000000 )
(  -0.000000  0.000000   0.300401  0.000000  -0.025854  0.000000 )
(   0.000000  0.000000   0.300401  0.000000  -0.025854  0.000000 )
(   0.000000  0.000000   0.300401  0.000000  -0.025854  0.000000 )
(  -0.000000  0.000000   0.300401  0.000000  -0.025854  0.000000 )
(  -0.000000  0.000000   0.300401  0.000000  -0.025854  0.000000 )
   freq (    2) =    -0.00000092 [THz] =    -0.00003053 [cm-1]
(   0.000000  0.000000  -0.025854  0.000000  -0.300401  0.000000 )
(   0.000000  0.000000  -0.025854  0.000000  -0.300401  0.000000 )
(   0.000000  0.000000  -0.025854  0.000000  -0.300401  0.000000 )
(   0.000000  0.000000  -0.025854  0.000000  -0.300401  0.000000 )
(   0.000000  0.000000  -0.025854  0.000000  -0.300401  0.000000 )
(   0.000000  0.000000  -0.025854  0.000000  -0.300401  0.000000 )
(   0.000000  0.000000  -0.025854  0.000000  -0.300401  0.000000 )
(   0.000000  0.000000  -0.025854  0.000000  -0.300401  0.000000 )
(   0.000000  0.000000  -0.025854  0.000000  -0.300401  0.000000 )
(   0.000000  0.000000  -0.025854  0.000000  -0.300401  0.000000 )
(   0.000000  0.000000  -0.025854  0.000000  -0.300401  0.000000 )
   freq (    3) =     0.00000003 [THz] =     0.00000100 [cm-1]
(   0.301511  0.000000   0.000000  0.000000   0.000000  0.000000 )
(   0.301511  0.000000   0.000000  0.000000   0.000000  0.000000 )
(   0.301511  0.000000   0.000000  0.000000   0.000000  0.000000 )
(   0.301511  0.000000   0.000000  0.000000   0.000000  0.000000 )
(   0.301511  0.000000   0.000000  0.000000   0.000000  0.000000 )
(   0.301511  0.000000   0.000000  0.000000   0.000000  0.000000 )
(   0.301511  0.000000   0.000000  0.000000   0.000000  0.000000 )
(   0.301511  0.000000   0.000000  0.000000   0.000000  0.000000 )
(   0.301511  0.000000   0.000000  0.000000   0.000000  0.000000 )
(   0.301511  0.000000   0.000000  0.000000   0.000000  0.000000 )
(   0.301511  0.000000   0.000000  0.000000   0.000000  0.000000 )
   freq (    4) =    25.18716210 [THz] =   840.15317331 [cm-1]
(   0.000000  0.000000  -0.000000  0.000000  -0.020587  0.000000 )
(  -0.000000  0.000000   0.000000  0.000000   0.511666  0.000000 )
(  -0.000000  0.000000   0.000000  0.000000   0.511666  0.000000 )
(  -0.000000  0.000000   0.000000  0.000000   0.351651  0.000000 )
(  -0.000000  0.000000   0.000000  0.000000   0.351651  0.000000 )
(  -0.053860  0.000000  -0.031096  0.000000   0.185044  0.000000 )
(  -0.000000  0.000000   0.062192  0.000000   0.185044  0.000000 )
(   0.053860  0.000000  -0.031096  0.000000   0.185044  0.000000 )
(  -0.000000  0.000000   0.062192  0.000000   0.185044  0.000000 )
(   0.053860  0.000000  -0.031096  0.000000   0.185044  0.000000 )
(  -0.053860  0.000000  -0.031096  0.000000   0.185044  0.000000 )
   freq (    5) =    25.44275061 [THz] =   848.67868738 [cm-1]
(  -0.020621  0.000000   0.000000  0.000000  -0.000000  0.000000 )
(   0.510742  0.000000  -0.000000  0.000000   0.000000  0.000000 )
(   0.510742  0.000000  -0.000000  0.000000   0.000000  0.000000 )
(   0.165806  0.000000  -0.000000  0.000000   0.000000  0.000000 )
(   0.165806  0.000000  -0.000000  0.000000   0.000000  0.000000 )
(   0.290118  0.000000   0.072812  0.000000  -0.052919  0.000000 )
(   0.164004  0.000000  -0.000000  0.000000   0.000000  0.000000 )
(   0.290118  0.000000  -0.072812  0.000000   0.052919  0.000000 )
(   0.164004  0.000000  -0.000000  0.000000   0.000000  0.000000 )
(   0.290118  0.000000  -0.072812  0.000000   0.052919  0.000000 )
(   0.290118  0.000000   0.072812  0.000000  -0.052919  0.000000 )
   freq (    6) =    25.44275061 [THz] =   848.67868738 [cm-1]
(  -0.000000  0.000000  -0.020621  0.000000   0.000000  0.000000 )
(   0.000000  0.000000   0.510742  0.000000  -0.000000  0.000000 )
(   0.000000  0.000000   0.510742  0.000000  -0.000000  0.000000 )
(   0.000000  0.000000   0.165806  0.000000  -0.000000  0.000000 )
(   0.000000  0.000000   0.165806  0.000000  -0.000000  0.000000 )
(   0.072812  0.000000   0.206042  0.000000  -0.030553  0.000000 )
(   0.000000  0.000000   0.332156  0.000000   0.061106  0.000000 )
(  -0.072812  0.000000   0.206042  0.000000  -0.030553  0.000000 )
(   0.000000  0.000000   0.332156  0.000000   0.061106  0.000000 )
(  -0.072812  0.000000   0.206042  0.000000  -0.030553  0.000000 )
(   0.072812  0.000000   0.206042  0.000000  -0.030553  0.000000 )
   freq (    7) =    25.89265731 [THz] =   863.68595737 [cm-1]
(  -0.000000  0.000000   0.000000  0.000000   0.000000  0.000000 )
(  -0.363417  0.000000  -0.003778  0.000000   0.000000  0.000000 )
(   0.363417  0.000000   0.003778  0.000000  -0.000000  0.000000 )
(  -0.081926  0.000000  -0.000852  0.000000   0.000000  0.000000 )
(   0.081926  0.000000   0.000852  0.000000  -0.000000  0.000000 )
(   0.370780  0.000000   0.165635  0.000000  -0.118582  0.000000 )
(   0.085430  0.000000   0.004819  0.000000   0.001415  0.000000 )
(   0.367376  0.000000  -0.161893  0.000000   0.117167  0.000000 )
(  -0.085430  0.000000  -0.004819  0.000000  -0.001415  0.000000 )
(  -0.367376  0.000000   0.161893  0.000000  -0.117167  0.000000 )
(  -0.370780  0.000000  -0.165635  0.000000   0.118582  0.000000 )
   freq (    8) =    25.89265731 [THz] =   863.68595737 [cm-1]
(  -0.000000  0.000000   0.000000  0.000000   0.000000  0.000000 )
(   0.003778  0.000000  -0.363417  0.000000   0.000000  0.000000 )
(  -0.003778  0.000000   0.363417  0.000000  -0.000000  0.000000 )
(   0.000852  0.000000  -0.081926  0.000000   0.000000  0.000000 )
(  -0.000852  0.000000   0.081926  0.000000  -0.000000  0.000000 )
(   0.159928  0.000000   0.178277  0.000000  -0.066830  0.000000 )
(  -0.000888  0.000000   0.463628  0.000000   0.136110  0.000000 )
(  -0.167601  0.000000   0.181682  0.000000  -0.069280  0.000000 )
(   0.000888  0.000000  -0.463628  0.000000  -0.136110  0.000000 )
(   0.167601  0.000000  -0.181682  0.000000   0.069280  0.000000 )
(  -0.159928  0.000000  -0.178277  0.000000   0.066830  0.000000 )
   freq (    9) =    25.93814784 [THz] =   865.20335788 [cm-1]
(  -0.000000  0.000000   0.000000  0.000000   0.000000  0.000000 )
(   0.000000  0.000000   0.000000  0.000000   0.425851  0.000000 )
(  -0.000000  0.000000  -0.000000  0.000000  -0.425851  0.000000 )
(   0.000000  0.000000   0.000000  0.000000   0.481927  0.000000 )
(  -0.000000  0.000000  -0.000000  0.000000  -0.481927  0.000000 )
(   0.118001  0.000000   0.068128  0.000000  -0.101161  0.000000 )
(  -0.000000  0.000000  -0.136256  0.000000  -0.101161  0.000000 )
(  -0.118001  0.000000   0.068128  0.000000  -0.101161  0.000000 )
(   0.000000  0.000000   0.136256  0.000000   0.101161  0.000000 )
(   0.118001  0.000000  -0.068128  0.000000   0.101161  0.000000 )
(  -0.118001  0.000000  -0.068128  0.000000   0.101161  0.000000 )
   freq (   10) =    29.15265681 [THz] =   972.42782010 [cm-1]
(  -0.000000  0.000000   0.000000  0.000000  -0.000000  0.000000 )
(   0.509695  0.000000   0.011363  0.000000  -0.000000  0.000000 )
(  -0.509695  0.000000  -0.011363  0.000000   0.000000  0.000000 )
(  -0.266389  0.000000  -0.005939  0.000000   0.000000  0.000000 )
(   0.266389  0.000000   0.005939  0.000000  -0.000000  0.000000 )
(   0.211331  0.000000  -0.030544  0.000000   0.020647  0.000000 )
(   0.274847  0.000000   0.004263  0.000000  -0.000525  0.000000 )
(   0.212946  0.000000   0.041866  0.000000  -0.020122  0.000000 )
(  -0.274847  0.000000  -0.004263  0.000000   0.000525  0.000000 )
(  -0.212946  0.000000  -0.041866  0.000000   0.020122  0.000000 )
(  -0.211331  0.000000   0.030544  0.000000  -0.020647  0.000000 )
   freq (   11) =    29.15265681 [THz] =   972.42782010 [cm-1]
(  -0.000000  0.000000   0.000000  0.000000  -0.000000  0.000000 )
(  -0.011363  0.000000   0.509695  0.000000   0.000000  0.000000 )
(   0.011363  0.000000  -0.509695  0.000000  -0.000000  0.000000 )
(   0.005939  0.000000  -0.266389  0.000000  -0.000000  0.000000 )
(  -0.005939  0.000000   0.266389  0.000000   0.000000  0.000000 )
(  -0.040934  0.000000   0.254752  0.000000   0.011314  0.000000 )
(  -0.006127  0.000000   0.191236  0.000000  -0.023538  0.000000 )
(   0.031476  0.000000   0.253137  0.000000   0.012223  0.000000 )
(   0.006127  0.000000  -0.191236  0.000000   0.023538  0.000000 )
(  -0.031476  0.000000  -0.253137  0.000000  -0.012223  0.000000 )
(   0.040934  0.000000  -0.254752  0.000000  -0.011314  0.000000 )
   freq (   12) =    29.29545062 [THz] =   977.19090822 [cm-1]
(  -0.000000  0.000000   0.000000  0.000000  -0.000000  0.000000 )
(   0.000000  0.000000  -0.000000  0.000000   0.462529  0.000000 )
(  -0.000000  0.000000   0.000000  0.000000  -0.462529  0.000000 )
(  -0.000000  0.000000   0.000000  0.000000  -0.245548  0.000000 )
(   0.000000  0.000000  -0.000000  0.000000   0.245548  0.000000 )
(   0.009648  0.000000   0.005570  0.000000   0.274105  0.000000 )
(   0.000000  0.000000  -0.011141  0.000000   0.274105  0.000000 )
(  -0.009648  0.000000   0.005570  0.000000   0.274105  0.000000 )
(  -0.000000  0.000000   0.011141  0.000000  -0.274105  0.000000 )
(   0.009648  0.000000  -0.005570  0.000000  -0.274105  0.000000 )
(  -0.009648  0.000000  -0.005570  0.000000  -0.274105  0.000000 )
   freq (   13) =    31.81587251 [THz] =  1061.26312067 [cm-1]
(  -0.000000  0.000000  -0.000000  0.000000  -0.000000  0.000000 )
(   0.001917  0.000000  -0.000004  0.000000  -0.000000  0.000000 )
(  -0.001917  0.000000   0.000004  0.000000   0.000000  0.000000 )
(   0.432645  0.000000  -0.000831  0.000000   0.000000  0.000000 )
(  -0.432645  0.000000   0.000831  0.000000  -0.000000  0.000000 )
(   0.144768  0.000000   0.002256  0.000000   0.353988  0.000000 )
(   0.140393  0.000000  -0.000281  0.000000   0.000786  0.000000 )
(   0.144777  0.000000  -0.002801  0.000000  -0.354774  0.000000 )
(  -0.140393  0.000000   0.000281  0.000000  -0.000786  0.000000 )
(  -0.144777  0.000000   0.002801  0.000000   0.354774  0.000000 )
(  -0.144768  0.000000  -0.002256  0.000000  -0.353988  0.000000 )
   freq (   14) =    31.81587251 [THz] =  1061.26312067 [cm-1]
(  -0.000000  0.000000  -0.000000  0.000000  -0.000000  0.000000 )
(   0.000004  0.000000   0.001917  0.000000  -0.000000  0.000000 )
(  -0.000004  0.000000  -0.001917  0.000000   0.000000  0.000000 )
(   0.000831  0.000000   0.432645  0.000000   0.000000  0.000000 )
(  -0.000831  0.000000  -0.432645  0.000000   0.000000  0.000000 )
(   0.002806  0.000000   0.141858  0.000000   0.205282  0.000000 )
(   0.000270  0.000000   0.146232  0.000000  -0.409204  0.000000 )
(  -0.002250  0.000000   0.141848  0.000000   0.203921  0.000000 )
(  -0.000270  0.000000  -0.146232  0.000000   0.409204  0.000000 )
(   0.002250  0.000000  -0.141848  0.000000  -0.203921  0.000000 )
(  -0.002806  0.000000  -0.141858  0.000000  -0.205282  0.000000 )
   freq (   15) =    31.95037279 [THz] =  1065.74956665 [cm-1]
(  -0.000000  0.000000  -0.000000  0.000000   0.000000  0.000000 )
(   0.000000  0.000000  -0.000000  0.000000  -0.000000  0.000000 )
(  -0.000000  0.000000   0.000000  0.000000   0.000000  0.000000 )
(   0.000000  0.000000  -0.000000  0.000000  -0.000000  0.000000 )
(  -0.000000  0.000000  -0.000000  0.000000   0.000000  0.000000 )
(   0.204124  0.000000  -0.353553  0.000000   0.000000  0.000000 )
(  -0.408248  0.000000  -0.000000  0.000000   0.000000  0.000000 )
(   0.204124  0.000000   0.353553  0.000000  -0.000000  0.000000 )
(   0.408248  0.000000   0.000000  0.000000  -0.000000  0.000000 )
(  -0.204124  0.000000  -0.353553  0.000000   0.000000  0.000000 )
(  -0.204124  0.000000   0.353553  0.000000  -0.000000  0.000000 )
   freq (   16) =    32.45231320 [THz] =  1082.49249395 [cm-1]
(  -0.000000  0.000000  -0.000000  0.000000  -0.000000  0.000000 )
(   0.000000  0.000000  -0.000000  0.000000   0.000000  0.000000 )
(   0.000000  0.000000  -0.000000  0.000000  -0.000000  0.000000 )
(  -0.000000  0.000000  -0.000000  0.000000   0.000000  0.000000 )
(  -0.000000  0.000000  -0.000000  0.000000   0.000000  0.000000 )
(  -0.204124  0.000000   0.353553  0.000000   0.000000  0.000000 )
(   0.408248  0.000000   0.000000  0.000000  -0.000000  0.000000 )
(  -0.204124  0.000000  -0.353553  0.000000   0.000000  0.000000 )
(   0.408248  0.000000   0.000000  0.000000  -0.000000  0.000000 )
(  -0.204124  0.000000  -0.353553  0.000000   0.000000  0.000000 )
(  -0.204124  0.000000   0.353553  0.000000   0.000000  0.000000 )
   freq (   17) =    32.60040626 [THz] =  1087.43234621 [cm-1]
(  -0.000707  0.000000   0.000000  0.000000   0.000000  0.000000 )
(  -0.041009  0.000000   0.000000  0.000000  -0.000000  0.000000 )
(  -0.041009  0.000000   0.000000  0.000000   0.000000  0.000000 )
(  -0.428632  0.000000   0.000000  0.000000  -0.000000  0.000000 )
(  -0.428632  0.000000   0.000000  0.000000  -0.000000  0.000000 )
(   0.168626  0.000000  -0.007205  0.000000   0.335277  0.000000 )
(   0.181105  0.000000  -0.000000  0.000000   0.000000  0.000000 )
(   0.168626  0.000000   0.007205  0.000000  -0.335277  0.000000 )
(   0.181105  0.000000  -0.000000  0.000000   0.000000  0.000000 )
(   0.168626  0.000000   0.007205  0.000000  -0.335277  0.000000 )
(   0.168626  0.000000  -0.007205  0.000000   0.335277  0.000000 )
   freq (   18) =    32.60040626 [THz] =  1087.43234621 [cm-1]
(   0.000000  0.000000   0.000707  0.000000   0.000000  0.000000 )
(   0.000000  0.000000   0.041009  0.000000  -0.000000  0.000000 )
(   0.000000  0.000000   0.041009  0.000000  -0.000000  0.000000 )
(   0.000000  0.000000   0.428632  0.000000   0.000000  0.000000 )
(   0.000000  0.000000   0.428632  0.000000   0.000000  0.000000 )
(   0.007205  0.000000  -0.176945  0.000000  -0.193572  0.000000 )
(  -0.000000  0.000000  -0.164466  0.000000   0.387144  0.000000 )
(  -0.007205  0.000000  -0.176945  0.000000  -0.193572  0.000000 )
(  -0.000000  0.000000  -0.164466  0.000000   0.387144  0.000000 )
(  -0.007205  0.000000  -0.176945  0.000000  -0.193572  0.000000 )
(   0.007205  0.000000  -0.176945  0.000000  -0.193572  0.000000 )
   freq (   19) =    34.05646223 [THz] =  1136.00113837 [cm-1]
(   0.001369  0.000000  -0.000000  0.000000  -0.000000  0.000000 )
(   0.096221  0.000000  -0.000000  0.000000  -0.000000  0.000000 )
(   0.096221  0.000000  -0.000000  0.000000  -0.000000  0.000000 )
(  -0.372252  0.000000   0.000000  0.000000  -0.000000  0.000000 )
(  -0.372252  0.000000   0.000000  0.000000   0.000000  0.000000 )
(  -0.060378  0.000000  -0.209477  0.000000  -0.287788  0.000000 )
(   0.302446  0.000000   0.000000  0.000000  -0.000000  0.000000 )
(  -0.060378  0.000000   0.209477  0.000000   0.287788  0.000000 )
(   0.302446  0.000000   0.000000  0.000000  -0.000000  0.000000 )
(  -0.060378  0.000000   0.209477  0.000000   0.287788  0.000000 )
(  -0.060378  0.000000  -0.209477  0.000000  -0.287788  0.000000 )
   freq (   20) =    34.05646223 [THz] =  1136.00113837 [cm-1]
(  -0.000000  0.000000  -0.001369  0.000000  -0.000000  0.000000 )
(  -0.000000  0.000000  -0.096221  0.000000   0.000000  0.000000 )
(  -0.000000  0.000000  -0.096221  0.000000   0.000000  0.000000 )
(   0.000000  0.000000   0.372252  0.000000  -0.000000  0.000000 )
(   0.000000  0.000000   0.372252  0.000000  -0.000000  0.000000 )
(   0.209477  0.000000  -0.181505  0.000000   0.166154  0.000000 )
(  -0.000000  0.000000   0.181319  0.000000  -0.332308  0.000000 )
(  -0.209477  0.000000  -0.181505  0.000000   0.166154  0.000000 )
(  -0.000000  0.000000   0.181319  0.000000  -0.332308  0.000000 )
(  -0.209477  0.000000  -0.181505  0.000000   0.166154  0.000000 )
(   0.209477  0.000000  -0.181505  0.000000   0.166154  0.000000 )
   freq (   21) =    34.92916462 [THz] =  1165.11135239 [cm-1]
(   0.007031  0.000000  -0.000000  0.000000   0.000000  0.000000 )
(   0.483791  0.000000  -0.000000  0.000000   0.000000  0.000000 )
(   0.483791  0.000000  -0.000000  0.000000   0.000000  0.000000 )
(  -0.182645  0.000000   0.000000  0.000000  -0.000000  0.000000 )
(  -0.182645  0.000000   0.000000  0.000000  -0.000000  0.000000 )
(  -0.261208  0.000000   0.001143  0.000000   0.115828  0.000000 )
(  -0.263188  0.000000   0.000000  0.000000  -0.000000  0.000000 )
(  -0.261208  0.000000  -0.001143  0.000000  -0.115828  0.000000 )
(  -0.263188  0.000000   0.000000  0.000000  -0.000000  0.000000 )
(  -0.261208  0.000000  -0.001143  0.000000  -0.115828  0.000000 )
(  -0.261208  0.000000   0.001143  0.000000   0.115828  0.000000 )
   freq (   22) =    34.92916462 [THz] =  1165.11135239 [cm-1]
(   0.000000  0.000000   0.007031  0.000000   0.000000  0.000000 )
(   0.000000  0.000000   0.483791  0.000000   0.000000  0.000000 )
(   0.000000  0.000000   0.483791  0.000000   0.000000  0.000000 )
(  -0.000000  0.000000  -0.182645  0.000000  -0.000000  0.000000 )
(  -0.000000  0.000000  -0.182645  0.000000  -0.000000  0.000000 )
(   0.001143  0.000000  -0.262528  0.000000   0.066873  0.000000 )
(  -0.000000  0.000000  -0.260548  0.000000  -0.133746  0.000000 )
(  -0.001143  0.000000  -0.262528  0.000000   0.066873  0.000000 )
(  -0.000000  0.000000  -0.260548  0.000000  -0.133746  0.000000 )
(  -0.001143  0.000000  -0.262528  0.000000   0.066873  0.000000 )
(   0.001143  0.000000  -0.262528  0.000000   0.066873  0.000000 )
   freq (   23) =    34.94202559 [THz] =  1165.54034821 [cm-1]
(   0.000000  0.000000   0.000000  0.000000  -0.007104  0.000000 )
(   0.000000  0.000000   0.000000  0.000000  -0.495014  0.000000 )
(   0.000000  0.000000   0.000000  0.000000  -0.495014  0.000000 )
(  -0.000000  0.000000  -0.000000  0.000000   0.331594  0.000000 )
(  -0.000000  0.000000  -0.000000  0.000000   0.331594  0.000000 )
(  -0.026831  0.000000  -0.015491  0.000000   0.217640  0.000000 )
(  -0.000000  0.000000   0.030981  0.000000   0.217640  0.000000 )
(   0.026831  0.000000  -0.015491  0.000000   0.217640  0.000000 )
(  -0.000000  0.000000   0.030981  0.000000   0.217640  0.000000 )
(   0.026831  0.000000  -0.015491  0.000000   0.217640  0.000000 )
(  -0.026831  0.000000  -0.015491  0.000000   0.217640  0.000000 )
   freq (   24) =    41.92072365 [THz] =  1398.32462544 [cm-1]
(   0.000000  0.000000  -0.000000  0.000000  -0.000000  0.000000 )
(   0.004923  0.000000  -0.000024  0.000000  -0.000000  0.000000 )
(  -0.004923  0.000000   0.000024  0.000000   0.000000  0.000000 )
(  -0.359232  0.000000   0.001742  0.000000   0.000000  0.000000 )
(   0.359232  0.000000  -0.001742  0.000000  -0.000000  0.000000 )
(   0.002614  0.000000   0.206038  0.000000   0.285121  0.000000 )
(  -0.351303  0.000000  -0.000591  0.000000   0.001601  0.000000 )
(   0.004602  0.000000  -0.203778  0.000000  -0.286722  0.000000 )
(   0.351303  0.000000   0.000591  0.000000  -0.001601  0.000000 )
(  -0.004602  0.000000   0.203778  0.000000   0.286722  0.000000 )
(  -0.002614  0.000000  -0.206038  0.000000  -0.285121  0.000000 )
   freq (   25) =    41.92072365 [THz] =  1398.32462544 [cm-1]
(   0.000000  0.000000  -0.000000  0.000000  -0.000000  0.000000 )
(  -0.000024  0.000000  -0.004923  0.000000   0.000000  0.000000 )
(   0.000024  0.000000   0.004923  0.000000  -0.000000  0.000000 )
(   0.001742  0.000000   0.359232  0.000000  -0.000000  0.000000 )
(  -0.001742  0.000000  -0.359232  0.000000   0.000000  0.000000 )
(  -0.204925  0.000000   0.232006  0.000000  -0.166463  0.000000 )
(   0.001704  0.000000  -0.121911  0.000000   0.330154  0.000000 )
(   0.204890  0.000000   0.233993  0.000000  -0.163690  0.000000 )
(  -0.001704  0.000000   0.121911  0.000000  -0.330154  0.000000 )
(  -0.204890  0.000000  -0.233993  0.000000   0.163690  0.000000 )
(   0.204925  0.000000  -0.232006  0.000000   0.166463  0.000000 )
   freq (   26) =    44.68747520 [THz] =  1490.61350997 [cm-1]
(   0.006153  0.000000   0.000000  0.000000   0.000000  0.000000 )
(  -0.057573  0.000000  -0.000000  0.000000  -0.000000  0.000000 )
(  -0.057573  0.000000  -0.000000  0.000000  -0.000000  0.000000 )
(  -0.335335  0.000000  -0.000000  0.000000   0.000000  0.000000 )
(  -0.335335  0.000000  -0.000000  0.000000   0.000000  0.000000 )
(   0.149306  0.000000   0.276517  0.000000  -0.197549  0.000000 )
(  -0.329635  0.000000   0.000000  0.000000   0.000000  0.000000 )
(   0.149306  0.000000  -0.276517  0.000000   0.197549  0.000000 )
(  -0.329635  0.000000   0.000000  0.000000   0.000000  0.000000 )
(   0.149306  0.000000  -0.276517  0.000000   0.197549  0.000000 )
(   0.149306  0.000000   0.276517  0.000000  -0.197549  0.000000 )
   freq (   27) =    44.68747520 [THz] =  1490.61350997 [cm-1]
(   0.000000  0.000000  -0.006153  0.000000   0.000000  0.000000 )
(   0.000000  0.000000   0.057573  0.000000  -0.000000  0.000000 )
(  -0.000000  0.000000   0.057573  0.000000  -0.000000  0.000000 )
(  -0.000000  0.000000   0.335335  0.000000   0.000000  0.000000 )
(  -0.000000  0.000000   0.335335  0.000000   0.000000  0.000000 )
(  -0.276517  0.000000   0.169988  0.000000   0.114055  0.000000 )
(  -0.000000  0.000000  -0.308953  0.000000  -0.228109  0.000000 )
(   0.276517  0.000000   0.169988  0.000000   0.114055  0.000000 )
(  -0.000000  0.000000  -0.308953  0.000000  -0.228109  0.000000 )
(   0.276517  0.000000   0.169988  0.000000   0.114055  0.000000 )
(  -0.276517  0.000000   0.169988  0.000000   0.114055  0.000000 )
   freq (   28) =    44.72930208 [THz] =  1492.00870439 [cm-1]
(   0.000000  0.000000  -0.000000  0.000000  -0.006145  0.000000 )
(  -0.000000  0.000000   0.000000  0.000000   0.042904  0.000000 )
(   0.000000  0.000000   0.000000  0.000000   0.042904  0.000000 )
(  -0.000000  0.000000   0.000000  0.000000  -0.459517  0.000000 )
(  -0.000000  0.000000   0.000000  0.000000  -0.459517  0.000000 )
(   0.113787  0.000000   0.065695  0.000000   0.279997  0.000000 )
(  -0.000000  0.000000  -0.131390  0.000000   0.279997  0.000000 )
(  -0.113787  0.000000   0.065695  0.000000   0.279997  0.000000 )
(  -0.000000  0.000000  -0.131390  0.000000   0.279997  0.000000 )
(  -0.113787  0.000000   0.065695  0.000000   0.279997  0.000000 )
(   0.113787  0.000000   0.065695  0.000000   0.279997  0.000000 )
   freq (   29) =    45.01950458 [THz] =  1501.68881639 [cm-1]
(  -0.000000  0.000000  -0.000000  0.000000   0.000000  0.000000 )
(  -0.328332  0.000000  -0.012869  0.000000   0.000000  0.000000 )
(   0.328332  0.000000   0.012869  0.000000  -0.000000  0.000000 )
(  -0.325412  0.000000  -0.012755  0.000000  -0.000000  0.000000 )
(   0.325412  0.000000   0.012755  0.000000   0.000000  0.000000 )
(  -0.087234  0.000000  -0.226534  0.000000   0.172050  0.000000 )
(   0.327359  0.000000  -0.008356  0.000000  -0.007615  0.000000 )
(  -0.068885  0.000000   0.241603  0.000000  -0.164435  0.000000 )
(  -0.327359  0.000000   0.008356  0.000000   0.007615  0.000000 )
(   0.068885  0.000000  -0.241603  0.000000   0.164435  0.000000 )
(   0.087234  0.000000   0.226534  0.000000  -0.172050  0.000000 )
   freq (   30) =    45.01950458 [THz] =  1501.68881639 [cm-1]
(  -0.000000  0.000000  -0.000000  0.000000   0.000000  0.000000 )
(  -0.012869  0.000000   0.328332  0.000000  -0.000000  0.000000 )
(   0.012869  0.000000  -0.328332  0.000000   0.000000  0.000000 )
(  -0.012755  0.000000   0.325412  0.000000   0.000000  0.000000 )
(   0.012755  0.000000  -0.325412  0.000000  -0.000000  0.000000 )
(   0.231009  0.000000  -0.201394  0.000000  -0.090541  0.000000 )
(   0.012831  0.000000   0.213199  0.000000   0.194270  0.000000 )
(  -0.237128  0.000000  -0.183045  0.000000  -0.103729  0.000000 )
(  -0.012831  0.000000  -0.213199  0.000000  -0.194270  0.000000 )
(   0.237128  0.000000   0.183045  0.000000   0.103729  0.000000 )
(  -0.231009  0.000000   0.201394  0.000000   0.090541  0.000000 )
   freq (   31) =    45.14286773 [THz] =  1505.80376730 [cm-1]
(  -0.000000  0.000000  -0.000000  0.000000   0.000000  0.000000 )
(  -0.000000  0.000000  -0.000000  0.000000  -0.323236  0.000000 )
(   0.000000  0.000000   0.000000  0.000000   0.323236  0.000000 )
(  -0.000000  0.000000  -0.000000  0.000000   0.299872  0.000000 )
(   0.000000  0.000000   0.000000  0.000000  -0.299872  0.000000 )
(   0.155241  0.000000   0.089629  0.000000   0.264068  0.000000 )
(   0.000000  0.000000  -0.179257  0.000000   0.264068  0.000000 )
(  -0.155241  0.000000   0.089629  0.000000   0.264068  0.000000 )
(  -0.000000  0.000000   0.179257  0.000000  -0.264068  0.000000 )
(   0.155241  0.000000  -0.089629  0.000000  -0.264068  0.000000 )
(  -0.155241  0.000000  -0.089629  0.000000  -0.264068  0.000000 )
   freq (   32) =    46.19942487 [THz] =  1541.04671503 [cm-1]
(   0.000000  0.000000   0.000000  0.000000   0.001644  0.000000 )
(   0.000000  0.000000  -0.000000  0.000000  -0.024276  0.000000 )
(  -0.000000  0.000000  -0.000000  0.000000  -0.024276  0.000000 )
(  -0.000000  0.000000  -0.000000  0.000000  -0.238961  0.000000 )
(  -0.000000  0.000000  -0.000000  0.000000  -0.238961  0.000000 )
(  -0.329700  0.000000  -0.190353  0.000000   0.049993  0.000000 )
(  -0.000000  0.000000   0.380705  0.000000   0.049993  0.000000 )
(   0.329700  0.000000  -0.190353  0.000000   0.049993  0.000000 )
(  -0.000000  0.000000   0.380705  0.000000   0.049993  0.000000 )
(   0.329700  0.000000  -0.190353  0.000000   0.049993  0.000000 )
(  -0.329700  0.000000  -0.190353  0.000000   0.049993  0.000000 )
   freq (   33) =    58.58515563 [THz] =  1954.19016346 [cm-1]
(  -0.000000  0.000000  -0.000000  0.000000   0.000000  0.000000 )
(  -0.000000  0.000000   0.000000  0.000000   0.015381  0.000000 )
(   0.000000  0.000000  -0.000000  0.000000  -0.015381  0.000000 )
(   0.000000  0.000000   0.000000  0.000000   0.342826  0.000000 )
(  -0.000000  0.000000  -0.000000  0.000000  -0.342826  0.000000 )
(  -0.294759  0.000000  -0.170179  0.000000   0.107552  0.000000 )
(  -0.000000  0.000000   0.340358  0.000000   0.107552  0.000000 )
(   0.294759  0.000000  -0.170179  0.000000   0.107552  0.000000 )
(   0.000000  0.000000  -0.340358  0.000000  -0.107552  0.000000 )
(  -0.294759  0.000000   0.170179  0.000000  -0.107552  0.000000 )
(   0.294759  0.000000   0.170179  0.000000  -0.107552  0.000000 )
***************************************************************************
