# Steps; Free energy +- error [meV]; FC gradient +- error [bohr^2]; Structure gradient +- error [meV / A]; Kong-Liu N_eff
0.000000000000000000e+00 -2.369568834730000526e+04 1.900883904639369604e+01 7.150956907573179706e+03 7.640718797403304734e+02 3.142649921478789838e+04 1.427256841472869908e+01 7.692065740729269692e+02
1.000000000000000000e+00 -2.377235201020084787e+04 1.763016607810121883e+01 7.075245435836354773e+03 7.373396769926986281e+02 2.360176138046239430e+04 1.371432446548271855e+01 7.000960472884712544e+02
2.000000000000000000e+00 -2.383292450391611055e+04 1.689833931004266532e+01 7.006812829709580910e+03 7.154649234523130872e+02 1.832030896535882493e+04 1.325068662176767376e+01 6.336207231485498141e+02
3.000000000000000000e+00 -2.388182909724120327e+04 1.650881038707793280e+01 6.943230682142238038e+03 6.971381229710714251e+02 1.464280004144690065e+04 1.285608384110835978e+01 5.738606829586443610e+02
4.000000000000000000e+00 -2.392209171930125012e+04 1.631864923845378001e+01 6.883028375216413224e+03 6.815112034920648512e+02 1.200494257399606431e+04 1.251399577534771268e+01 5.214355568579555893e+02
5.000000000000000000e+00 -2.396029182218796996e+04 1.625204454958571532e+01 6.816682498290208059e+03 6.661783908667472360e+02 9.804720273218081275e+03 1.217224223897700064e+01 4.695807420332670858e+02
6.000000000000000000e+00 -2.399206791837231867e+04 1.628989038414045609e+01 6.752424654256746180e+03 6.530328233446916784e+02 8.205181266050989507e+03 1.187316891600314683e+01 4.252745918739950639e+02
7.000000000000000000e+00 -2.401894491170415859e+04 1.639671606954619421e+01 6.689417270491737327e+03 6.416383620515980510e+02 7.007420346598079050e+03 1.160845766097158105e+01 3.872043586468404897e+02
8.000000000000000000e+00 -2.408439958962154196e+04 8.279479348767548430e+00 6.158619515472267267e+03 5.455151292660200397e+02 2.088701100625214622e+03 9.744034111045172253e+00 8.528942496977689416e+02
9.000000000000000000e+00 -2.411191507017219556e+04 7.917589784968777522e+00 5.898531435180627341e+03 5.221694877347772490e+02 1.369431995857571792e+03 9.276328229761348965e+00 7.762397200296961728e+02
1.000000000000000000e+01 -2.413263002927854541e+04 7.766568096028255930e+00 5.659611077464002847e+03 5.034131112631487213e+02 1.009063625062875872e+03 8.896752597722159095e+00 7.027265676079125569e+02
1.100000000000000000e+01 -2.414877552908044527e+04 7.713334864511557143e+00 5.435356715697133950e+03 4.876864331926772138e+02 8.134060889989726775e+02 8.577643339308799852e+00 6.366189991285227734e+02
1.200000000000000000e+01 -2.416166574163953192e+04 7.706574065826003128e+00 5.222520299947451349e+03 4.741470410457026787e+02 6.994301700508661952e+02 8.303028777191547860e+00 5.786338076945124840e+02
1.300000000000000000e+01 -2.417353624161702464e+04 7.724807474717199085e+00 4.989954643826450592e+03 4.606414004315682291e+02 6.191396406887141666e+02 8.029672880181822237e+00 5.213448027445733715e+02
1.400000000000000000e+01 -2.418307773022780384e+04 7.754156454537348253e+00 4.768443861090669088e+03 4.488453436079561811e+02 5.676095945088969756e+02 7.791693355473105598e+00 4.726867491600164044e+02
1.500000000000000000e+01 -2.419190104946376596e+04 7.791572013204971725e+00 4.526426780323680759e+03 4.369762236652401270e+02 5.264651662094792073e+02 7.553209209799979007e+00 4.256200938991365206e+02
1.600000000000000000e+01 -2.419697350383081721e+04 5.409114836710489982e+00 4.326551618458195662e+03 4.547289001294266200e+02 7.630707184014377162e+02 7.812131875407770210e+00 9.594180246009907478e+02
1.700000000000000000e+01 -2.420859732808841727e+04 5.074909557300730789e+00 3.828137092117043721e+03 4.384253287368713927e+02 6.884974378831077502e+02 7.473370838724374465e+00 9.157147568615031332e+02
1.800000000000000000e+01 -2.422005721359316885e+04 4.864307271692926982e+00 3.171268469256791377e+03 4.208861084648709721e+02 5.865403940432275931e+02 7.110137431593825497e+00 8.317241553746449654e+02
1.900000000000000000e+01 -2.422695751031670807e+04 4.823991988959381416e+00 2.635111804312789900e+03 4.094632762715220338e+02 5.030763550072957173e+02 6.871874772358517625e+00 7.528086312700166900e+02
2.000000000000000000e+01 -2.423129608520500187e+04 4.865335393719216306e+00 2.197111625659710171e+03 4.019143096512899547e+02 4.344458798745699823e+02 6.711645694823806352e+00 6.856907007444084456e+02
2.100000000000000000e+01 -2.423446294528534781e+04 4.965182379451360539e+00 1.787495187940281994e+03 3.962366565822761117e+02 3.689070510619906713e+02 6.587606833328768730e+00 6.223527883109203458e+02
2.200000000000000000e+01 -2.423668049262898057e+04 5.110948680887829276e+00 1.416294510823307974e+03 3.922056017921004241e+02 3.073325712126359122e+02 6.495320434669374698e+00 5.649954600091334669e+02
2.300000000000000000e+01 -2.423816015481395880e+04 5.285332392193291540e+00 1.092018094698540835e+03 3.895313153980646916e+02 2.504764399139745592e+02 6.429397847364347385e+00 5.148814788421633466e+02
2.400000000000000000e+01 -2.423920734937929228e+04 5.496546635657361790e+00 7.824746802637533847e+02 3.877072222250135383e+02 1.914098562679536997e+02 6.378442368834884135e+00 4.665172734143222328e+02
2.500000000000000000e+01 -2.424676699953031857e+04 3.654341333321705410e+00 1.143934058094930833e+03 3.799589524838640955e+02 1.611032275358690811e+02 6.208929003479624065e+00 9.817377996362398562e+02
2.600000000000000000e+01 -2.424726968435057279e+04 3.649109190348037046e+00 1.011314736849193423e+03 3.794178851349790875e+02 1.394488700716323706e+02 6.195977144147091664e+00 9.805194333400993401e+02
2.700000000000000000e+01 -2.424786614561659735e+04 3.650603339907332767e+00 8.359576034758371179e+02 3.789258316435357301e+02 1.119385135096845119e+02 6.182761125250373802e+00 9.773989798578022601e+02
2.800000000000000000e+01 -2.424849453427150365e+04 3.665113857058664326e+00 6.196499863202931238e+02 3.786631855210815161e+02 8.006780129731281193e+01 6.172464939785144544e+00 9.711927046551996909e+02
2.900000000000000000e+01 -2.424904650325512193e+04 3.696558317271127159e+00 3.814769451672881360e+02 3.787945576132959218e+02 4.834247690927768559e+01 6.168418788607467285e+00 9.612915423522873652e+02
3.000000000000000000e+01 -2.424941035052972074e+04 3.738238971974895186e+00 1.661902839411228570e+02 3.792401346700891622e+02 2.378351015342581576e+01 6.170340796776732972e+00 9.492760724977250675e+02
3.100000000000000000e+01 -2.424955238984295647e+04 3.769682224540778392e+00 3.604114117819808172e+01 3.795549490176965151e+02 9.568825986407368589e+00 6.172125843942260381e+00 9.396751860942456460e+02
3.200000000000000000e+01 -2.424955706590580303e+04 3.775817851180315987e+00 7.882347911122944417e+00 3.794732108820736585e+02 2.730782926789812493e+00 6.170227824636519642e+00 9.367917365798052742e+02
3.300000000000000000e+01 -2.429285633023623086e+04 3.743766957352481217e+00 1.793108137220049230e+03 3.829568468899513505e+02 2.651939629399984142e+02 6.226924081524678911e+00 9.705117305537912671e+02
3.400000000000000000e+01 -2.429501147343386037e+04 3.621047342891789089e+00 1.605393562700526900e+03 3.779968436075389491e+02 2.295903022624586924e+02 6.134582002723476535e+00 9.642857329775703192e+02
3.500000000000000000e+01 -2.429725219118793757e+04 3.508852460951378482e+00 1.353152065705642144e+03 3.720367586755301659e+02 1.862530985255924918e+02 6.024612676289262225e+00 9.503268879387530887e+02
3.600000000000000000e+01 -2.429924411113130554e+04 3.427002777345833362e+00 1.034212840368338902e+03 3.656091657003594264e+02 1.377959883336886264e+02 5.906976925950408130e+00 9.263694149804555309e+02
3.700000000000000000e+01 -2.430063513680229153e+04 3.393621455043565938e+00 6.693763822288294705e+02 3.596879717027762240e+02 8.885768598000547058e+01 5.799230921321512078e+00 8.933377116005663083e+02
3.800000000000000000e+01 -2.430126735725342223e+04 3.411180410443749977e+00 3.183860621753109399e+02 3.553279435072508363e+02 4.537355403656349040e+01 5.720082438577954953e+00 8.578248056621728210e+02
3.900000000000000000e+01 -2.430134658479172140e+04 3.450311973928949616e+00 7.592544923275475810e+01 3.529805908504679337e+02 1.442459425647742144e+01 5.677559972615709327e+00 8.314598899925489377e+02
4.000000000000000000e+01 -2.430129329876926204e+04 3.464310101850541557e+00 8.215637041068212909e+00 3.523708707376145526e+02 2.961715856451938134e+00 5.666809834604579876e+00 8.239987649962129126e+02
4.100000000000000000e+01 -2.430293259177914297e+04 3.712107265162914338e+00 1.730464419775285023e+03 3.573883937511758404e+02 4.398658185093453881e+02 5.842785780764829795e+00 9.662149983968702145e+02
4.200000000000000000e+01 -2.430481081891678332e+04 3.698606233224552398e+00 1.533716361459447626e+03 3.557959253834723654e+02 4.034527140385052917e+02 5.839262304636961609e+00 9.624336978434397452e+02
4.300000000000000000e+01 -2.430710186787996281e+04 3.701890917178893847e+00 1.274439617306036780e+03 3.540935537952411778e+02 3.524335135900616933e+02 5.840285607563188819e+00 9.522412336058636129e+02
4.400000000000000000e+01 -2.430962217757084727e+04 3.740406349432400912e+00 9.565613312883186836e+02 3.526155591597325838e+02 2.835655203693656858e+02 5.850280104962426897e+00 9.306186079511691105e+02
4.500000000000000000e+01 -2.431200478242193640e+04 3.830784463462534983e+00 6.103977245068798538e+02 3.517411974679625928e+02 1.972093686645400226e+02 5.871655637949665163e+00 8.935490947455423338e+02
4.600000000000000000e+01 -2.431382473532875883e+04 3.963053960344066873e+00 3.017784218606198010e+02 3.515381572509259058e+02 1.050143932824454254e+02 5.898306550793697589e+00 8.455654453661876460e+02
4.700000000000000000e+01 -2.431485150206209437e+04 4.079403922344646993e+00 1.013535734929053120e+02 3.515764414731748957e+02 3.504466443512609430e+01 5.914891603801700093e+00 8.053960645918417640e+02
4.800000000000000000e+01 -2.431515798856753099e+04 4.126130293323369003e+00 1.381320841607821492e+01 3.514875234180366306e+02 5.857733147214364777e+00 5.914723446914948113e+00 7.890167566812791620e+02
4.900000000000000000e+01 -2.436588345258866684e+04 3.653944581963393556e+00 1.661478207546589147e+03 3.570540903569872739e+02 9.786202582242999597e+02 5.903698635920529902e+00 9.657121662341949104e+02
5.000000000000000000e+01 -2.436833056754504651e+04 3.556829969912592926e+00 1.450984737252427294e+03 3.525263891019466200e+02 8.301915251507880384e+02 5.821658086532932153e+00 9.556498060100037719e+02
5.100000000000000000e+01 -2.437094436484836842e+04 3.474758892883706096e+00 1.186410594842673618e+03 3.475301433519456964e+02 6.508689326550104397e+02 5.729955164440187154e+00 9.319210010208239510e+02
5.200000000000000000e+01 -2.437331754608002666e+04 3.430808156130960018e+00 8.825819762326773343e+02 3.427325418817438845e+02 4.541765672792947726e+02 5.639250332847049130e+00 8.897304423693267381e+02
5.300000000000000000e+01 -2.437500196948681696e+04 3.438370430291814550e+00 5.770036403208963520e+02 3.389016583566291843e+02 2.665110853660972339e+02 5.561913110813208938e+00 8.311094592079166432e+02
5.400000000000000000e+01 -2.437581562227294489e+04 3.485061406566473341e+00 3.171760650715642669e+02 3.364856118433023084e+02 1.204157553538812806e+02 5.506486155094471258e+00 7.692836426001381369e+02
5.500000000000000000e+01 -2.437604227571008232e+04 3.543287994483724557e+00 1.269544475157960761e+02 3.354972408832028918e+02 3.825888913019616666e+01 5.477892890260180891e+00 7.231901348465394221e+02
5.600000000000000000e+01 -2.437615458823811059e+04 3.597251717265216975e+00 1.809113819676531421e+01 3.355709317410713197e+02 8.574866893758265718e+00 5.475127822798940613e+00 7.023608086558417654e+02
5.700000000000000000e+01 -2.437622631063608787e+04 3.610559940957912772e+00 6.771233675677594377e+00 3.356230501825399983e+02 5.561807616631382345e-01 5.476208586191297911e+00 6.998182964179580949e+02
5.800000000000000000e+01 -2.437720892886593720e+04 3.284290664006734861e+00 5.911899300849439669e+02 3.599140811623159948e+02 5.944432911957007946e+02 5.785754049131915266e+00 9.761372359109401486e+02
5.900000000000000000e+01 -2.437831053218483066e+04 3.251414493982587306e+00 4.939866260777052389e+02 3.587958562212066909e+02 5.239969511685799262e+02 5.771275600827518559e+00 9.721476914616247313e+02
6.000000000000000000e+01 -2.437951923498835095e+04 3.229578704703023995e+00 3.845357503250402260e+02 3.576076647672060176e+02 4.320752105971038191e+02 5.755800261051292388e+00 9.620500014036559833e+02
6.100000000000000000e+01 -2.438063726367530762e+04 3.234572900155026076e+00 2.889653117352976892e+02 3.565634590951037239e+02 3.206090916652662486e+02 5.741797475561236652e+00 9.424274464612495876e+02
6.200000000000000000e+01 -2.438141426742817202e+04 3.277895114732854331e+00 2.382386071759845549e+02 3.558966054804003534e+02 2.003397530603359940e+02 5.731690802085496195e+00 9.122659259135534739e+02
6.300000000000000000e+01 -2.438171966455441725e+04 3.348023266544897680e+00 2.003822020782536697e+02 3.556819348572406057e+02 9.347327236184727894e+01 5.725916948179813559e+00 8.772141183845493515e+02
6.400000000000000000e+01 -2.438169938071810611e+04 3.404462054652826364e+00 1.101765047571995240e+02 3.557486943532391592e+02 2.629415839290035706e+01 5.722922684905583424e+00 8.494357853411402175e+02
6.500000000000000000e+01 -2.438164658368103119e+04 3.419655003830406326e+00 8.010747642475308794e+00 3.558189969852978152e+02 3.467064609178072132e+00 5.721171354231710637e+00 8.373829962032195908e+02
6.600000000000000000e+01 -2.437530641304792880e+04 3.359358543648926609e+00 3.813686273097902131e+02 3.618501907248021325e+02 6.085769594290611195e+01 5.692911356051614469e+00 9.759606426638354151e+02
6.700000000000000000e+01 -2.437547883610839563e+04 3.353013359450579767e+00 3.386409188783282502e+02 3.616826576953255312e+02 5.250770966242215110e+01 5.691664877867387062e+00 9.757769959633367307e+02
6.800000000000000000e+01 -2.437569517605352667e+04 3.345848989308238597e+00 2.820349051147856585e+02 3.615108750234915078e+02 4.199690971724331945e+01 5.690772085631106592e+00 9.753044305628516213e+02
6.900000000000000000e+01 -2.437594444954395658e+04 3.338909301549887854e+00 2.119269076015732196e+02 3.613783552014263023e+02 2.986607217338299591e+01 5.690865630603860303e+00 9.743617924065638363e+02
7.000000000000000000e+01 -2.437619816970728789e+04 3.333657074749887705e+00 1.340318309772966074e+02 3.613380208480019178e+02 1.761233491178544597e+01 5.692522528417479855e+00 9.728646212849550921e+02
7.100000000000000000e+01 -2.437641272197178478e+04 3.331018214663243437e+00 6.196786632081168733e+01 3.614075543358500227e+02 7.631468880983017122e+00 5.695489683524423086e+00 9.710949167507401398e+02
7.200000000000000000e+01 -2.437654423391579621e+04 3.330377783803600167e+00 1.440116457191470545e+01 3.615224268817598272e+02 2.063287302894798447e+00 5.698150771668493597e+00 9.698036401397158670e+02
7.300000000000000000e+01 -2.557416446268548680e+04 3.059381875399133754e+00 1.568009486375134657e+03 3.117753098612929534e+02 7.764749669266018373e+01 5.084517778642775099e+00 9.837280869363503371e+02
7.400000000000000000e+01 -2.557512551103733858e+04 3.062405914032055421e+00 1.395289658989679310e+03 3.117337686081714878e+02 7.288066768303116305e+01 5.092908477668775191e+00 9.824139869632175532e+02
7.500000000000000000e+01 -2.557631395059972783e+04 3.073863007956098681e+00 1.165175693722969072e+03 3.119703786655400108e+02 6.567598458722960686e+01 5.109432919217044677e+00 9.788593917180189692e+02
7.600000000000000000e+01 -2.557764571733728735e+04 3.099869095143954034e+00 8.779283502117559692e+02 3.127217230870298863e+02 5.503944468965456593e+01 5.138533332437105194e+00 9.713054826553046723e+02
7.700000000000000000e+01 -2.557893800042172734e+04 3.143504458181155758e+00 5.555347099497316776e+02 3.141285204235543915e+02 4.038761071747384790e+01 5.181894652540700363e+00 9.584161185126733926e+02
7.800000000000000000e+01 -2.557996768976184831e+04 3.195225812618601946e+00 2.541690612305895911e+02 3.158882733144185977e+02 2.327485257949764019e+01 5.231201293496547500e+00 9.421414688349360631e+02
7.900000000000000000e+01 -2.558059870050882091e+04 3.229965010998381736e+00 5.564521820020171816e+01 3.171353274128894100e+02 8.827780014081707094e+00 5.265825761950565287e+00 9.298104795264193854e+02
8.000000000000000000e+01 -2.558079261005650551e+04 3.233588855384485594e+00 5.803890854562907542e+00 3.173326287305134770e+02 2.603716341880974117e+00 5.272275895564789039e+00 9.273176519104974886e+02
8.100000000000000000e+01 -2.499017521269998542e+04 3.379997564720612413e+00 8.898332950617742654e+02 3.340534366681670235e+02 8.634385125217991686e+01 5.511477074526178299e+00 9.798667135593919966e+02
8.200000000000000000e+01 -2.499022483621860738e+04 3.343664783335578594e+00 7.869206722892728294e+02 3.326018776527028535e+02 7.479255110014760533e+01 5.480124854438066073e+00 9.792595538290844388e+02
8.300000000000000000e+01 -2.499023881336178965e+04 3.300448997284049391e+00 6.509399202580497104e+02 3.308164458811544932e+02 6.047592501248119135e+01 5.441048914189947183e+00 9.777499214254609115e+02
8.400000000000000000e+01 -2.499017971226507507e+04 3.254231525469667208e+00 4.831824038886429662e+02 3.288211114961937938e+02 4.422949150819809461e+01 5.396507454261649350e+00 9.748674389059168561e+02
8.500000000000000000e+01 -2.499002366822405384e+04 3.211758523734038473e+00 2.980432207720281781e+02 3.268869497040470833e+02 2.798616772624875892e+01 5.352050924525896036e+00 9.705111351632394872e+02
8.600000000000000000e+01 -2.498980574910782525e+04 3.180508026558888979e+00 1.294535865716513854e+02 3.253816190552990406e+02 1.442489892542779728e+01 5.315966492078850969e+00 9.655878771310476623e+02
8.700000000000000000e+01 -2.498963610601293840e+04 3.164964614048777936e+00 2.482488712649695728e+01 3.245925896807634672e+02 5.677355031607998370e+00 5.295870681772202992e+00 9.620404646824698602e+02
8.800000000000000000e+01 -2.498960496351420443e+04 3.163397421925069786e+00 3.811749906224934925e+00 3.244867494049531729e+02 1.953310157073306463e+00 5.292718732174945373e+00 9.611864726531608767e+02
8.900000000000000000e+01 -2.485665268148437463e+04 3.148966377669608185e+00 3.647579821006279417e+02 3.340788175238207032e+02 1.341060616881259477e+02 5.544286448412488078e+00 9.739324584557389244e+02
9.000000000000000000e+01 -2.485686054988923206e+04 3.135037778811138320e+00 3.112594527160592293e+02 3.337352242455043552e+02 1.150554759652783758e+02 5.535594457737190943e+00 9.736299346211897046e+02
9.100000000000000000e+01 -2.485709658213650255e+04 3.120026561232215112e+00 2.442336722555126300e+02 3.333538524324008563e+02 9.135051334062414696e+01 5.525492663766142343e+00 9.728962045625397650e+02
9.200000000000000000e+01 -2.485733036335918223e+04 3.106146279762641793e+00 1.680369220784366462e+02 3.329879057036865220e+02 6.435589198966641789e+01 5.515040161160053245e+00 9.715421883768913176e+02
9.300000000000000000e+01 -2.485751631177801755e+04 3.095926810338319513e+00 9.413891116324113284e+01 3.327056105385021283e+02 3.751931642231417641e+01 5.505890402434763686e+00 9.695875061416380731e+02
9.400000000000000000e+01 -2.485761211534155518e+04 3.090824392046316316e+00 3.941528365704107983e+01 3.325537250332490089e+02 1.612185268819559525e+01 5.499712448751712834e+00 9.675059581829028730e+02
9.500000000000000000e+01 -2.485761323951669328e+04 3.090233865769304700e+00 1.170689743156722251e+01 3.325238722428453002e+02 4.421186447268484976e+00 5.497265667818127532e+00 9.660938545757803695e+02
9.600000000000000000e+01 -2.484522059866233030e+04 3.131723308829302166e+00 2.980894221971451543e+02 3.403389905435669220e+02 6.932702155156799506e+01 5.534250799222062867e+00 9.829677705362082634e+02
9.700000000000000000e+01 -2.484526212855357517e+04 3.127214321836932154e+00 2.614090396909631977e+02 3.401562097723309535e+02 6.080906313948321440e+01 5.529488710662850082e+00 9.828185818337551609e+02
9.800000000000000000e+01 -2.484530673909268080e+04 3.122327545083528388e+00 2.135759754605898877e+02 3.399402766362205170e+02 4.971889080679510187e+01 5.523704275140122633e+00 9.824390551961708979e+02
9.900000000000000000e+01 -2.484534676577946811e+04 3.117911001315845088e+00 1.557850630578475943e+02 3.397142077534223290e+02 3.633549259461643288e+01 5.517385101111030643e+00 9.816928781481658461e+02
1.000000000000000000e+02 -2.484537409616906371e+04 3.115004074842658621e+00 9.416280259455150770e+01 3.395174830392494414e+02 2.203901397164136711e+01 5.511527433550513777e+00 9.805263272346504664e+02
1.010000000000000000e+02 -2.484538812392301770e+04 3.114074983024813115e+00 4.134093314637176064e+01 3.393900688774028254e+02 9.595036688603157060e+00 5.507404195547409564e+00 9.791640742461000855e+02
1.020000000000000000e+02 -2.484539844428700599e+04 3.114392572646071944e+00 1.156360084267717703e+01 3.393427514332153692e+02 2.106159483754701078e+00 5.505813558484032200e+00 9.781669152654699246e+02
1.030000000000000000e+02 -2.482613849986394780e+04 3.129716555055670479e+00 3.421390148096955386e+02 3.368526631996793412e+02 8.897071897795352413e+01 5.464176546352567776e+00 9.799690903372295452e+02
1.040000000000000000e+02 -2.482618298158342077e+04 3.123874078914510299e+00 3.023054671307162380e+02 3.366822665294674266e+02 7.806742938190231484e+01 5.461196633903560915e+00 9.798253750020908228e+02
1.050000000000000000e+02 -2.482623032426528152e+04 3.117156708174270818e+00 2.499854957814669376e+02 3.364888837360007869e+02 6.396810667989304022e+01 5.457780787615768681e+00 9.794572322441711094e+02
1.060000000000000000e+02 -2.482627070984390957e+04 3.110449078997024053e+00 1.860129883962758583e+02 3.363027355738722122e+02 4.714362638896950841e+01 5.454416607584890109e+00 9.787257241144584441e+02
1.070000000000000000e+02 -2.482629160009084444e+04 3.105116957553444301e+00 1.163206647608302973e+02 3.361716484918444507e+02 2.950925233601682507e+01 5.451882495008799623e+00 9.775617546756022875e+02
1.080000000000000000e+02 -2.482628671395821584e+04 3.102310089206631538e+00 5.392531780584888423e+01 3.361375171082592601e+02 1.459136089262207037e+01 5.450872402864820110e+00 9.761535032012932334e+02
1.090000000000000000e+02 -2.482626576022363588e+04 3.101877420645902550e+00 1.538925179872740401e+01 3.361902008180528014e+02 5.385781392067554130e+00 5.451295844877297014e+00 9.750169382814648316e+02
1.100000000000000000e+02 -2.482624840886482707e+04 3.102097221837417429e+00 3.172003357557964698e+00 3.362410781728654001e+02 9.344124303926998332e-01 5.451921491244145379e+00 9.745600875534711349e+02
1.110000000000000000e+02 -2.483194180852353384e+04 3.338597906892836864e+00 3.549548383504264280e+02 3.493032974234884023e+02 5.464304536346071473e+01 5.611492602371432881e+00 9.769670345957765676e+02
1.120000000000000000e+02 -2.483203370924431874e+04 3.332262733120908038e+00 3.137824115280174624e+02 3.490011800998666445e+02 4.849886125960418326e+01 5.605678423314442327e+00 9.768145352189457071e+02
1.130000000000000000e+02 -2.483213945483729913e+04 3.325101161231644564e+00 2.595352985567981818e+02 3.486298251267248247e+02 4.038711688164835323e+01 5.598553952424609292e+00 9.764269902146710365e+02
1.140000000000000000e+02 -2.483224522994750077e+04 3.318142492495194773e+00 1.929008180896010742e+02 3.482155024252566022e+02 3.042715402631275623e+01 5.590655567423742589e+00 9.756663406015514965e+02
1.150000000000000000e+02 -2.483232953791434556e+04 3.312867803914841591e+00 1.198102021973453191e+02 3.478151272751869101e+02 1.956847899261184054e+01 5.583131093743447515e+00 9.744803663353955017e+02
1.160000000000000000e+02 -2.483237366592975013e+04 3.310377951278788977e+00 5.369135328613280933e+01 3.475049129180656564e+02 9.847142319910622277e+00 5.577501629188403420e+00 9.730995063116523625e+02
1.170000000000000000e+02 -2.483237829183186477e+04 3.310378506341796090e+00 1.242484586899821153e+01 3.473426263080327772e+02 3.532588663272076435e+00 5.574834602771893799e+00 9.720800024215932353e+02
1.180000000000000000e+02 -2.486432634298088669e+04 3.204043723859321791e+00 3.024529949554122368e+02 3.368175008587983257e+02 4.064792383980947221e+01 5.434838681304629660e+00 9.809800040457621435e+02
1.190000000000000000e+02 -2.486444134595511423e+04 3.201666088777696206e+00 2.673667962697801954e+02 3.368429986252961044e+02 3.575765778581610022e+01 5.435472188707737295e+00 9.808862798449548563e+02
1.200000000000000000e+02 -2.486458736364959987e+04 3.199255128411407245e+00 2.210385367692234695e+02 3.369000812881250795e+02 2.960551856358362244e+01 5.436729478491698409e+00 9.806433263456799523e+02
1.210000000000000000e+02 -2.486475839270901997e+04 3.197435610554752561e+00 1.639751482918264855e+02 3.370073131761836862e+02 2.249721553178644129e+01 5.438950706640009791e+00 9.801529702876110832e+02
1.220000000000000000e+02 -2.486493618449594942e+04 3.196939171232739074e+00 1.012136661939381099e+02 3.371728507628646412e+02 1.519529030726326546e+01 5.442283182253667917e+00 9.793587932509911980e+02
1.230000000000000000e+02 -2.486509015555989390e+04 3.197954997811330191e+00 4.446362790539819798e+01 3.373662447204821433e+02 8.645076711821845450e+00 5.446162620393534937e+00 9.783868662048299711e+02
1.240000000000000000e+02 -2.486518692907288278e+04 3.199500103467539436e+00 9.807778553417344725e+00 3.375069158585259288e+02 3.407503002784011858e+00 5.449070507462536739e+00 9.776250021345374535e+02
1.250000000000000000e+02 -2.485079890191750746e+04 3.311823766854594453e+00 3.231020792317142423e+02 3.502571814814166373e+02 5.245499395683163613e+01 5.589263303441441622e+00 9.819582064466186466e+02
1.260000000000000000e+02 -2.485082356608476766e+04 3.302144030266567221e+00 2.854589040050046265e+02 3.499027936932752709e+02 4.955384916213854751e+01 5.583741371350693150e+00 9.817630786668609062e+02
1.270000000000000000e+02 -2.485083812355783084e+04 3.291112370803546128e+00 2.361816890983800761e+02 3.494754254592934899e+02 4.532505950737154166e+01 5.577099233959953217e+00 9.812588065985123649e+02
1.280000000000000000e+02 -2.485082737342976543e+04 3.280262132674064190e+00 1.762687369625789415e+02 3.490115545553451284e+02 3.927805710474601852e+01 5.569921449603688401e+00 9.802389215355134411e+02
1.290000000000000000e+02 -2.485077664120635745e+04 3.271937915500779503e+00 1.116483641835798011e+02 3.485795942090400104e+02 3.094803706983623215e+01 5.563289053961534059e+00 9.785592155549760491e+02
1.300000000000000000e+02 -2.485068806425533330e+04 3.268141529083142149e+00 5.480956373085821554e+01 3.482572490746009066e+02 2.035780134268556196e+01 5.558409641682219515e+00 9.763881626155623508e+02
1.310000000000000000e+02 -2.485059529741830193e+04 3.268678738379055204e+00 1.984760191522728334e+01 3.480839556288317453e+02 9.159934264089816480e+00 5.555870891928449851e+00 9.743918190802670551e+02
1.320000000000000000e+02 -2.485054459228158521e+04 3.270618178972466872e+00 4.826716496190218031e+00 3.480259950333885968e+02 1.606739027095377415e+00 5.555134134127366785e+00 9.733187545352334382e+02
1.330000000000000000e+02 -2.486992701176132687e+04 3.111962957431188226e+00 3.142724599706700701e+02 3.357225064993277215e+02 7.894969771826215776e+01 5.475906802071182078e+00 9.829523662403071285e+02
1.340000000000000000e+02 -2.487002012377812935e+04 3.109845151639773597e+00 2.770214093572321303e+02 3.356244270585175400e+02 7.021611260222969975e+01 5.473415078108645027e+00 9.827290275546637304e+02
1.350000000000000000e+02 -2.487012488256213692e+04 3.108970025664882897e+00 2.282526489284598483e+02 3.355321249102294132e+02 5.873989497017927164e+01 5.470702934332470235e+00 9.821495313633246269e+02
1.360000000000000000e+02 -2.487022514030101593e+04 3.110964057018569484e+00 1.689401584778961194e+02 3.354771073297665112e+02 4.468723618000309727e+01 5.468261130074959731e+00 9.809771117464773624e+02
1.370000000000000000e+02 -2.487029772505895016e+04 3.117259233032621868e+00 1.048992126106448239e+02 3.354931885129636271e+02 2.928816215547900015e+01 5.466718935203520147e+00 9.790675459299233125e+02
1.380000000000000000e+02 -2.487032689975534595e+04 3.127118376639366204e+00 4.844751467951766699e+01 3.355826003639102737e+02 1.514403539032339729e+01 5.466378019735568472e+00 9.766993387856402933e+02
1.390000000000000000e+02 -2.487032349614883060e+04 3.136233700701180460e+00 1.467585980391900691e+01 3.356875871249301326e+02 5.319005773875381315e+00 5.466756390390205667e+00 9.747724238085183970e+02
1.400000000000000000e+02 -2.487031866107032693e+04 3.140353075462657184e+00 4.123383504883394224e+00 3.357379926286259888e+02 9.766111990577250879e-01 5.467077105784433400e+00 9.740744260109330526e+02
1.410000000000000000e+02 -2.484604293461015914e+04 3.523008442652312944e+00 6.533596213554640144e+02 3.584182415414732077e+02 1.915783175618620930e+02 5.770014192202218339e+00 9.838014266025794541e+02
1.420000000000000000e+02 -2.484632792712492301e+04 3.521537384926177960e+00 5.793047139219081600e+02 3.579296545500657771e+02 1.693427605468344268e+02 5.770704524010615621e+00 9.828691802365774493e+02
1.430000000000000000e+02 -2.484664016724604153e+04 3.525506079800639903e+00 4.815590160005791063e+02 3.573877048528042337e+02 1.401726207589319415e+02 5.772891872642873068e+00 9.804488760467756947e+02
1.440000000000000000e+02 -2.484692683848772867e+04 3.539175163210421804e+00 3.612880545551950604e+02 3.568786047478225214e+02 1.045812638810889439e+02 5.777553608753793313e+00 9.755602733816755290e+02
1.450000000000000000e+02 -2.484712373583269436e+04 3.564486002353306482e+00 2.292018489078517973e+02 3.565131371668065867e+02 6.593629269052054553e+01 5.785117762956126342e+00 9.676439065967388160e+02
1.460000000000000000e+02 -2.484721003774272685e+04 3.594974420986642105e+00 1.093073860638505721e+02 3.563413550629396696e+02 3.140987325848668732e+01 5.793989078254083047e+00 9.579278602703244587e+02
1.470000000000000000e+02 -2.484724675082430622e+04 3.614722669444588199e+00 3.134313407552206954e+01 3.562758392632566711e+02 9.724009473758194133e+00 5.800027575454976159e+00 9.500900636251753895e+02
1.480000000000000000e+02 -2.484728106694355301e+04 3.615555001160852822e+00 5.746739563873914491e+00 3.562117485220858271e+02 2.896260745563400629e+00 5.800416913607875813e+00 9.475810710294963428e+02
1.490000000000000000e+02 -2.497788546330118334e+04 5.093261489066723158e+00 2.018474619839379102e+03 3.597309961026509200e+02 1.174055812119825532e+03 5.173324891593281905e+00 9.750764533677336203e+02
1.500000000000000000e+02 -2.499176525512964872e+04 4.769161503583222661e+00 1.784689320560424449e+03 3.422955046832302060e+02 1.025209732237966364e+03 5.043249488696216254e+00 9.440612896815124486e+02
1.510000000000000000e+02 -2.500736601682474065e+04 4.449246451268924041e+00 1.480241256060830665e+03 3.212821489968877700e+02 8.361459975018397017e+02 4.885942464365605531e+00 8.711082690841398062e+02
1.520000000000000000e+02 -2.501790284705594968e+04 4.245967857961106873e+00 1.233646941220326653e+03 3.059048906970466533e+02 6.869250328903927993e+02 4.768236946004808630e+00 7.916450080292222538e+02
1.530000000000000000e+02 -2.502509339344058390e+04 4.103725898728709964e+00 1.033045877654708420e+03 2.946749093510069315e+02 5.674157190936506368e+02 4.679694911129644197e+00 7.184513947759293160e+02
1.540000000000000000e+02 -2.503005560648908431e+04 3.999169360323822975e+00 8.690366385444931439e+02 2.864891341050928872e+02 4.706158909198768470e+02 4.612777155520833006e+00 6.556811812281741823e+02
1.550000000000000000e+02 -2.503397539607626459e+04 3.911405199463283910e+00 7.150481000240798721e+02 2.797382801322791011e+02 3.801495687955518861e+02 4.555110658361972042e+00 5.961393761056234553e+02
1.560000000000000000e+02 -2.503694381166599487e+04 3.843746770502758370e+00 5.740627179931312867e+02 2.744622128521188529e+02 2.976620952481357563e+02 4.507265366608573132e+00 5.424321517304025519e+02
1.570000000000000000e+02 -2.503937261814220619e+04 3.794289735834914357e+00 4.307520513733352345e+02 2.700975070094965531e+02 2.140812274928939587e+02 4.464187570560677720e+00 4.896831063815203038e+02
1.580000000000000000e+02 -2.509893132607880034e+04 6.487003166656863939e+00 3.850569619528129806e+03 4.092789798260760108e+02 1.542990474808682393e+03 5.153781793331311256e+00 9.645504384375194604e+02
1.590000000000000000e+02 -2.512764683520136532e+04 6.694335542116392368e+00 3.432587530696155227e+03 3.852565717116759174e+02 1.470113957812354784e+03 4.967058758043757294e+00 9.016430111226915187e+02
1.600000000000000000e+02 -2.514701291646353638e+04 7.091607024048593111e+00 3.155972272667843299e+03 3.690084721825162433e+02 1.409506581351539126e+03 4.849131024902851195e+00 8.245468917714732697e+02
1.610000000000000000e+02 -2.516044145039721116e+04 7.547237435719368115e+00 2.967845443327055364e+03 3.577685151883874823e+02 1.361099047813433344e+03 4.771756031015035759e+00 7.529501281662595602e+02
1.620000000000000000e+02 -2.517132368704327382e+04 8.064461295625344306e+00 2.818796569824975450e+03 3.487066097810922543e+02 1.317657596381516441e+03 4.711949851718270743e+00 6.833597910580465395e+02
1.630000000000000000e+02 -2.518022970913643803e+04 8.613489720456600551e+00 2.700468834053418504e+03 3.413421069439780808e+02 1.279074182792875945e+03 4.665079254644525442e+00 6.184259600183869452e+02
1.640000000000000000e+02 -2.518758299655842711e+04 9.170245456267091200e+00 2.606532742147558110e+03 3.353081594465701869e+02 1.245056716812372997e+03 4.627819847974555145e+00 5.593626815216188106e+02
1.650000000000000000e+02 -2.519370146234957792e+04 9.716255067430056513e+00 2.532089712304363275e+03 3.303243863737737342e+02 1.215222491661767435e+03 4.597773363687025494e+00 5.065811909916024547e+02
1.660000000000000000e+02 -2.519882662607027305e+04 1.023824482757473397e+01 2.473280553567623429e+03 3.261759305790487247e+02 1.189155776395664816e+03 4.573201025019224097e+00 4.600304128084829358e+02
1.670000000000000000e+02 -2.527042103459155987e+04 3.316174041759254454e+00 1.914914862944711558e+03 3.311434559666506061e+02 8.705724332865018766e+01 5.562545828133114156e+00 9.771791963885531231e+02
1.680000000000000000e+02 -2.527192804291874199e+04 3.217904157177786217e+00 1.700222143042676862e+03 3.283076026767201370e+02 7.540598662019969822e+01 5.502508880378944589e+00 9.735334104572096976e+02
1.690000000000000000e+02 -2.527355771610108059e+04 3.119579179837784988e+00 1.414731688435376782e+03 3.251025148309987571e+02 6.166242161720791870e+01 5.433653053158377766e+00 9.647450079068624973e+02
1.700000000000000000e+02 -2.527506222680043356e+04 3.038203605661427442e+00 1.059363740589152258e+03 3.220026787410848215e+02 4.652334127661589491e+01 5.364945495803540076e+00 9.484778220355577787e+02
1.710000000000000000e+02 -2.527614422387610102e+04 2.989715957774459643e+00 6.622806285316369213e+02 3.196719638978370313e+02 3.100291400137752262e+01 5.309359347037062804e+00 9.244843445190344937e+02
1.720000000000000000e+02 -2.527664136651125591e+04 2.976698639155828108e+00 2.940377349178652366e+02 3.184980706883138737e+02 1.653865124004969189e+01 5.275613898671007718e+00 8.976594556951275763e+02
1.730000000000000000e+02 -2.527669471338515723e+04 2.980534355217173026e+00 5.689600246875051681e+01 3.180896212967405177e+02 5.367831681130541988e+00 5.259338569495433546e+00 8.782422087470871475e+02
1.740000000000000000e+02 -2.501175178456725916e+04 2.907666567280021042e+00 4.345912382638566100e+02 3.136020094140247920e+02 1.004091347834764463e+02 5.175100357205982604e+00 9.879477827003801167e+02
1.750000000000000000e+02 -2.501177878525775668e+04 2.905756066768404811e+00 3.847124881758422816e+02 3.133157998103627619e+02 8.698685864524790645e+01 5.170005779333565421e+00 9.877055006634076335e+02
1.760000000000000000e+02 -2.501179948116296509e+04 2.904552695474379664e+00 3.188315094818490820e+02 3.129815719996310008e+02 6.984545292294306762e+01 5.163988591638840830e+00 9.870870482594856412e+02
1.770000000000000000e+02 -2.501180232619563685e+04 2.904945234942365673e+00 2.376014828926853397e+02 3.126359205393855518e+02 4.974585357964599552e+01 5.157669836033877075e+00 9.858656071352745585e+02
1.780000000000000000e+02 -2.501177786270902652e+04 2.907412424499481673e+00 1.479834616042743676e+02 3.123349064362386684e+02 2.919524816562850233e+01 5.152083964514889480e+00 9.839446562575138842e+02
1.790000000000000000e+02 -2.501173207989279399e+04 2.910943599785557723e+00 6.617605620100309238e+01 3.121248664388808720e+02 1.255553488854923572e+01 5.148232866271429842e+00 9.816813324968507004e+02
1.800000000000000000e+02 -2.501169129841095491e+04 2.913133186945515707e+00 1.451779208550795275e+01 3.120102037158439998e+02 3.788808407152551627e+00 5.146415524987289380e+00 9.799840271268772085e+02
1.810000000000000000e+02 -2.493241670844066175e+04 3.179690204497257700e+00 4.472914980621399081e+02 3.324754820110424021e+02 1.224871712320782677e+02 5.398192527839215771e+00 9.869563751741620763e+02
1.820000000000000000e+02 -2.493247313785376173e+04 3.169362132739408366e+00 3.951516282241354929e+02 3.321272170059012865e+02 1.075641728890711448e+02 5.389982977648107187e+00 9.867547612078049042e+02
1.830000000000000000e+02 -2.493253212928638823e+04 3.157128603966917080e+00 3.265875564186618476e+02 3.316966142666514656e+02 8.822803470176779683e+01 5.379652948035276161e+00 9.862428200440780302e+02
1.840000000000000000e+02 -2.493258013091981775e+04 3.144233777147074083e+00 2.426454309641989084e+02 3.312111363618578252e+02 6.497909376947430360e+01 5.367718201864985161e+00 9.852375669729556193e+02
1.850000000000000000e+02 -2.493259961053578081e+04 3.132867634331371498e+00 1.511024206327363970e+02 3.307333142644989721e+02 4.011464368756824683e+01 5.355594823948919725e+00 9.836633483214461648e+02
1.860000000000000000e+02 -2.493258099199365824e+04 3.125449206937828794e+00 6.908821640710675638e+01 3.303519418668957428e+02 1.818642686901483785e+01 5.345577012176086384e+00 9.818033827242475127e+02
1.870000000000000000e+02 -2.493253846969120423e+04 3.123133966756314717e+00 1.798920929600009089e+01 3.301450582629238397e+02 4.540167591209705478e+00 5.339993261444410777e+00 9.803728321526169793e+02
1.880000000000000000e+02 -2.485611388066334621e+04 3.465842736310150940e+00 2.975981319070057793e+02 3.478800016810795341e+02 9.890545581409203635e+01 5.528509932361306944e+00 9.849528520274299126e+02
1.890000000000000000e+02 -2.485624523750939261e+04 3.462505788026204456e+00 2.608068858257396414e+02 3.477273975277178124e+02 8.836796586260295783e+01 5.526627506199256246e+00 9.847338379754340849e+02
1.900000000000000000e+02 -2.485640056955935142e+04 3.460046945245429217e+00 2.131804320012496987e+02 3.475534380311800078e+02 7.411524711574045909e+01 5.524671787762569508e+00 9.841734686538817414e+02
1.910000000000000000e+02 -2.485656404720304272e+04 3.460053620105211447e+00 1.562432431924843570e+02 3.473797541750270739e+02 5.603296287536866771e+01 5.523067279333949919e+00 9.830624408253505635e+02
1.920000000000000000e+02 -2.485670860016635561e+04 3.463917969819871434e+00 9.636606709120259495e+01 3.472348277701576080e+02 3.551218906990792590e+01 5.522280011697694668e+00 9.813064504423942935e+02
1.930000000000000000e+02 -2.485680637218352786e+04 3.470889852587112578e+00 4.541824693669789070e+01 3.471354442558373989e+02 1.644560438103459177e+01 5.522387416885045752e+00 9.792298125103094435e+02
1.940000000000000000e+02 -2.485684796443120649e+04 3.477015804191301740e+00 1.421678860726513349e+01 3.470782091064002657e+02 4.173794669228796828e+00 5.522824238414248299e+00 9.776731618520593656e+02
1.950000000000000000e+02 -2.487570311302158007e+04 2.976403551729974950e+00 3.022389251328224873e+02 3.251424024688540726e+02 1.057995345593115104e+02 5.261516344504804543e+00 9.769572131245049604e+02
1.960000000000000000e+02 -2.487572420625546874e+04 2.977329383068377133e+00 2.649475007151897330e+02 3.249717938873023968e+02 9.210038456825959940e+01 5.260870179713172945e+00 9.767594703959827029e+02
1.970000000000000000e+02 -2.487574048430082985e+04 2.979448805659705712e+00 2.166469572526410445e+02 3.247764105132589521e+02 7.462409914970614011e+01 5.260472661478834411e+00 9.762575642463536951e+02
1.980000000000000000e+02 -2.487574294144238957e+04 2.983366130216329015e+00 1.588341052406631206e+02 3.245797726818497608e+02 5.407334885386796941e+01 5.260646725380632382e+00 9.752734492600209251e+02
1.990000000000000000e+02 -2.487572391517119104e+04 2.989164872846244769e+00 9.784465732322368581e+01 3.244137952992342093e+02 3.276900542957708495e+01 5.261573355938679697e+00 9.737379750055101795e+02
2.000000000000000000e+02 -2.487568730830333516e+04 2.995485202634746713e+00 4.559488156750532539e+01 3.242982243340014747e+02 1.473123186068553458e+01 5.262856458814861860e+00 9.719377145803571239e+02
2.010000000000000000e+02 -2.487565396285196766e+04 2.999528073507244041e+00 1.373479066405576710e+01 3.242244918758002541e+02 3.878529081716953542e+00 5.263479975708858838e+00 9.705721703849826554e+02
2.020000000000000000e+02 -2.486701167592542333e+04 3.292335069782498902e+00 2.612034672771433748e+02 3.463996784342364208e+02 1.378554736437962731e+02 5.484209564510175383e+00 9.749438057572938305e+02
2.030000000000000000e+02 -2.486719913665428248e+04 3.281098459864134842e+00 2.264385648426109015e+02 3.460664784381610843e+02 1.211399768890353670e+02 5.480848125862915587e+00 9.746846263347711101e+02
2.040000000000000000e+02 -2.486742277553523309e+04 3.269270479245325323e+00 1.824243516045108038e+02 3.456794303964776418e+02 9.913092075706309458e+01 5.477057975152268554e+00 9.740295672616941829e+02
2.050000000000000000e+02 -2.486766151163853283e+04 3.259268786159783104e+00 1.315731757554106309e+02 3.452856102532425098e+02 7.227876702726234726e+01 5.473383510984202616e+00 9.727563008264822884e+02
2.060000000000000000e+02 -2.486787678046724614e+04 3.254130148011721513e+00 8.078794267108800398e+01 3.449631657551116746e+02 4.346989599864573961e+01 5.470607038831770907e+00 9.708046274437980401e+02
2.070000000000000000e+02 -2.486802328768896768e+04 3.255604770205505538e+00 4.014162283594787795e+01 3.447919439723783626e+02 1.880239172839457851e+01 5.469340020945548275e+00 9.685934786872862787e+02
2.080000000000000000e+02 -2.486807603124518573e+04 3.261792652459063468e+00 1.431298318579323947e+01 3.447883729276514941e+02 4.920780066725011892e+00 5.469444437309102902e+00 9.670051591081925153e+02
2.090000000000000000e+02 -2.486806844850918424e+04 3.265981697169878295e+00 2.178756713016107849e+00 3.448300314521156338e+02 1.638462086316917032e+00 5.469726992506363850e+00 9.665337113108583935e+02
