# Steps; Free energy +- error [meV]; FC gradient +- error [bohr^2]; Structure gradient +- error [meV / A]; Kong-Liu N_eff
0.000000000000000000e+00 -1.006267134740246111e+06 5.909162304796074849e+00 3.075112478458080204e+03 4.903811034060612428e+02 4.585533375458522642e+03 7.938413690150871282e+00 8.527219240504313120e+02
1.000000000000000000e+00 -1.006286129219249706e+06 5.571910164989894554e+00 2.804677678951935377e+03 4.654212197656502781e+02 3.802341059735224917e+03 7.511690620465305557e+00 7.732321750544876977e+02
2.000000000000000000e+00 -1.006298053591110511e+06 5.444237195778732108e+00 2.609965106930967522e+03 4.485543756321512205e+02 3.266212102002037227e+03 7.228039769244987589e+00 6.984233639895769556e+02
3.000000000000000000e+00 -1.006306007764521288e+06 5.397880488166345359e+00 2.463119527851222756e+03 4.365465745387649577e+02 2.883128020281297268e+03 7.028310077257098776e+00 6.368266625875663749e+02
4.000000000000000000e+00 -1.006312317958720727e+06 5.385618206870300462e+00 2.332474382510161831e+03 4.264237384011734662e+02 2.559908042686841782e+03 6.861407371886186546e+00 5.806757543154748191e+02
5.000000000000000000e+00 -1.006318047319471720e+06 5.396565971738100487e+00 2.198232436281293303e+03 4.166040366600813627e+02 2.246552407496677006e+03 6.700855729544720418e+00 5.234702315576739693e+02
6.000000000000000000e+00 -1.006322524845659151e+06 5.422982073847989248e+00 2.077337216432677906e+03 4.083378634698872816e+02 1.984363959214276747e+03 6.566674657841645946e+00 4.741146808874455587e+02
7.000000000000000000e+00 -1.006326053006834467e+06 5.458360826332496529e+00 1.967071596007418748e+03 4.013035351413228113e+02 1.763109452515568364e+03 6.453211418284788614e+00 4.317981798621200937e+02
8.000000000000000000e+00 -1.006294612815389642e+06 5.443363125922095591e+00 7.620351062961968637e+03 4.306578147810589030e+02 1.654715231321557212e+03 6.989729857368134347e+00 9.513819275132707389e+02
9.000000000000000000e+00 -1.006309508011296275e+06 5.441094237403040879e+00 6.779939422920449942e+03 4.050611649798518670e+02 1.387219877989991346e+03 6.616998274432675409e+00 9.059336929493599655e+02
1.000000000000000000e+01 -1.006323380978977424e+06 5.590794366286577777e+00 5.928284627643273780e+03 3.815864298046018348e+02 1.140279189240702181e+03 6.269892585564973864e+00 8.232683093761338569e+02
1.100000000000000000e+01 -1.006331863380110706e+06 5.757230470969360248e+00 5.361676280986453094e+03 3.674073836678595057e+02 9.948301431612704846e+02 6.056911538355721270e+00 7.504154761154288735e+02
1.200000000000000000e+01 -1.006338101833280525e+06 5.916663576825804682e+00 4.914589067977570267e+03 3.570489628337163026e+02 8.916766295479558266e+02 5.899320475561323995e+00 6.845232955714569698e+02
1.300000000000000000e+01 -1.006343429543146747e+06 6.078801869822383352e+00 4.504886580765624785e+03 3.482130508380591323e+02 8.065286881208849081e+02 5.763293896066627120e+00 6.190432991645393486e+02
1.400000000000000000e+01 -1.006347401210167329e+06 6.217057600811378038e+00 4.176676110525496370e+03 3.415928623419341648e+02 7.451802793702373719e+02 5.660211715221746154e+00 5.641363280222074081e+02
1.500000000000000000e+01 -1.006350825523557956e+06 6.350769757009492977e+00 3.872014790470447224e+03 3.358127163658307950e+02 6.937188696703927917e+02 5.569279384857849458e+00 5.121015603990332465e+02
1.600000000000000000e+01 -1.006353756410414120e+06 6.479656617818953634e+00 3.589063732069672369e+03 3.307548392906786034e+02 6.507007307509993552e+02 5.488907480832585506e+00 4.636154962371633701e+02
1.700000000000000000e+01 -1.006283282657567179e+06 4.825696828184701914e+00 5.096217661516698172e+03 4.254160016518322323e+02 6.487002721522198954e+02 7.124402097071834028e+00 9.716261859349398264e+02
1.800000000000000000e+01 -1.006291686150564696e+06 4.494271720556661798e+00 4.424713525914919956e+03 4.130960210851398529e+02 5.551444676301632626e+02 6.869837680347459674e+00 9.491352672236796479e+02
1.900000000000000000e+01 -1.006300333845909568e+06 4.176184329382503613e+00 3.569401824495374967e+03 3.984775466829451602e+02 4.499763262640278754e+02 6.571785080113419220e+00 8.999788732866566079e+02
2.000000000000000000e+01 -1.006307756211857195e+06 3.913820427023962711e+00 2.563959454761264624e+03 3.832592808986061073e+02 3.403693518361372981e+02 6.262099235244324547e+00 8.209713860080751147e+02
2.100000000000000000e+01 -1.006311681207771297e+06 3.781019731913434878e+00 1.762426798826743152e+03 3.729631716163114561e+02 2.581380638404860406e+02 6.048704618408554445e+00 7.466177788376328408e+02
2.200000000000000000e+01 -1.006313685996563174e+06 3.728600893526144322e+00 1.062274093110304420e+03 3.655573532680108428e+02 1.837741259962556626e+02 5.888767944978425817e+00 6.755293211879456976e+02
2.300000000000000000e+01 -1.006314291317943484e+06 3.750405709349491801e+00 4.566485863588351322e+02 3.604389337732883973e+02 1.094448142472001280e+02 5.770036762995695234e+00 6.083201209592526766e+02
2.400000000000000000e+01 -1.006313983326599468e+06 3.814657406136904072e+00 1.151951372147169650e+02 3.578331619960128478e+02 4.586246061306366784e+01 5.704752134211147130e+00 5.610455569503891411e+02
2.500000000000000000e+01 -1.006313611816365621e+06 3.852652853654087828e+00 2.610944997408926938e+01 3.570023995306326015e+02 6.696366601705348032e+00 5.685706140887861082e+00 5.423455339881421651e+02
2.600000000000000000e+01 -1.006303970634208759e+06 3.365373891848675303e+00 5.364321394891825321e+02 3.534474200333617091e+02 1.749563213780568844e+02 5.707526044354599648e+00 9.798766973054093796e+02
2.700000000000000000e+01 -1.006304306050763582e+06 3.355516491574054516e+00 4.731284173774629380e+02 3.530736439053672484e+02 1.565739819596926452e+02 5.701305087317657616e+00 9.792991172075692248e+02
2.800000000000000000e+01 -1.006304717121231020e+06 3.345091197782714243e+00 3.908062864057177421e+02 3.526484979193334084e+02 1.322067921073745254e+02 5.694308788900768192e+00 9.778007858387443321e+02
2.900000000000000000e+01 -1.006305174444886739e+06 3.336186479714071229e+00 2.917376455483914128e+02 3.522222206024455886e+02 1.018843907666519755e+02 5.687471897855931324e+00 9.747613911185987945e+02
3.000000000000000000e+01 -1.006305614747093059e+06 3.331357381399409956e+00 1.865410144778458630e+02 3.518543820538907312e+02 6.783169032662642906e+01 5.681942909779287731e+00 9.697579916709037207e+02
3.100000000000000000e+01 -1.006305951327082934e+06 3.331810997718205325e+00 9.556707087180512872e+01 3.515632894803321733e+02 3.573530463621289499e+01 5.678194157449633295e+00 9.633508097059304873e+02
3.200000000000000000e+01 -1.006306114128827001e+06 3.335683781676820558e+00 3.686707449119828084e+01 3.513126641486260837e+02 1.327348493821534881e+01 5.675558981641306566e+00 9.576217689095391279e+02
3.300000000000000000e+01 -1.006306119244688191e+06 3.339393156332724377e+00 6.350545724079292853e+00 3.511279442320038697e+02 2.663891800455905123e+00 5.673720148096942140e+00 9.547103520518928690e+02
3.400000000000000000e+01 -1.006316344499543426e+06 3.407656071369387529e+00 6.556145648464830629e+02 3.711290702721270236e+02 6.527961622700987618e+02 5.786173869106673529e+00 9.721493141855834210e+02
3.500000000000000000e+01 -1.006317278948226129e+06 3.389831363314887547e+00 5.436310371365308356e+02 3.701242573378187899e+02 5.717776100151775154e+02 5.770353539646031038e+00 9.682435670820169662e+02
3.600000000000000000e+01 -1.006318362382309162e+06 3.383749790212106312e+00 4.146790465571638720e+02 3.691035445368999603e+02 4.678489694823347804e+02 5.753835881363875693e+00 9.584315802464747094e+02
3.700000000000000000e+01 -1.006319495935399085e+06 3.400390736208060094e+00 2.957630352459403866e+02 3.682725030742292915e+02 3.446613196115180244e+02 5.739561543542692768e+00 9.394335378241910348e+02
3.800000000000000000e+01 -1.006320547776685096e+06 3.446767773788658396e+00 2.278451814290684752e+02 3.678098353058307453e+02 2.154353001095098250e+02 5.730377670986045224e+00 9.099887955780990296e+02
3.900000000000000000e+01 -1.006321410456716432e+06 3.516217015019903247e+00 1.886236764197150535e+02 3.676946843189507490e+02 1.038711191839261261e+02 5.726915785846780516e+00 8.745199844745574183e+02
4.000000000000000000e+01 -1.006322009430349804e+06 3.584646927140672457e+00 1.034414895361482110e+02 3.677191076569694133e+02 3.401656014833854158e+01 5.727380880321913281e+00 8.435912256774154230e+02
4.100000000000000000e+01 -1.006322279271148611e+06 3.624440648105952789e+00 1.006655317847446440e+01 3.677206864673353834e+02 5.928116403798779466e+00 5.728321301187566661e+00 8.265887969058030649e+02
4.200000000000000000e+01 -1.006322286748529412e+06 3.629805158716872260e+00 4.717805023046905077e+00 3.676933279459063328e+02 7.303822626704660204e-01 5.727454233391133798e+00 8.241312708907147453e+02
4.300000000000000000e+01 -1.006325638420247240e+06 3.399712498677353700e+00 6.701568603301634539e+02 3.645948520694594208e+02 6.183623299907648061e+02 5.880300495902191393e+00 9.752119227716544856e+02
4.400000000000000000e+01 -1.006326704834749573e+06 3.371183646317871041e+00 5.947623819466224404e+02 3.637698672805473166e+02 5.439727253342362019e+02 5.867767059983092892e+00 9.715485621281536623e+02
4.500000000000000000e+01 -1.006327943972070818e+06 3.350784810599296115e+00 5.028474617747602906e+02 3.628596792188096174e+02 4.461751667364686682e+02 5.854287133369196816e+00 9.622137576222700091e+02
4.600000000000000000e+01 -1.006329214445795980e+06 3.350821637338718073e+00 4.013205725380030913e+02 3.619886588695970318e+02 3.270076217874725444e+02 5.842178722886171016e+00 9.439588870486226142e+02
4.700000000000000000e+01 -1.006330299596432829e+06 3.379910125876051108e+00 2.990151221981231515e+02 3.612868103840024787e+02 1.989573623548515684e+02 5.834118303232008529e+00 9.158690744435074294e+02
4.800000000000000000e+01 -1.006331009829189745e+06 3.429222407773303782e+00 1.932298692075247004e+02 3.607868713673017851e+02 8.806784532479599648e+01 5.831354064671571358e+00 8.836957844747967101e+02
4.900000000000000000e+01 -1.006331308237251709e+06 3.470832582831193669e+00 7.797580166543708913e+01 3.604262690660333419e+02 2.356482739403119098e+01 5.832441966320617510e+00 8.593896661908020178e+02
5.000000000000000000e+01 -1.006331337921509868e+06 3.484935865899660534e+00 1.076288360417831846e+01 3.601986030553325691e+02 6.716513143354375437e+00 5.832807600072901444e+00 8.509024707405741310e+02
5.100000000000000000e+01 -1.006331346470537828e+06 3.489949217824002581e+00 3.757775151479115561e+00 3.600898737146585518e+02 2.167848991653176682e+00 5.831290247132844939e+00 8.477713038948637632e+02
5.200000000000000000e+01 -1.006320880166010349e+06 3.274118515448310340e+00 8.467626555596019671e+02 3.488229618844010247e+02 6.091727478591694762e+02 5.552014218167379056e+00 9.701478852100169661e+02
5.300000000000000000e+01 -1.006321658139583189e+06 3.241124010639429898e+00 7.329688323919269806e+02 3.470759591603083436e+02 5.294726338903158194e+02 5.532114387935235023e+00 9.662409678328331211e+02
5.400000000000000000e+01 -1.006322497919528978e+06 3.209063148863246173e+00 5.948511374555990869e+02 3.449557376164734706e+02 4.288549139828136845e+02 5.508165283071681628e+00 9.564509796414871516e+02
5.500000000000000000e+01 -1.006323246042703977e+06 3.186388972554195398e+00 4.463796184825566229e+02 3.426065962234830522e+02 3.116605294928866670e+02 5.481848448957365783e+00 9.375850872622877432e+02
5.600000000000000000e+01 -1.006323708113244502e+06 3.182144264790189858e+00 3.121115237157272304e+02 3.403011511572512973e+02 1.905391634961532077e+02 5.456098616313176386e+00 9.086349181713594589e+02
5.700000000000000000e+01 -1.006323784608543385e+06 3.198049737321321917e+00 2.011363166809891254e+02 3.383812188741387672e+02 8.675854821971321940e+01 5.434425269638978762e+00 8.746369870535177142e+02
5.800000000000000000e+01 -1.006323618172574090e+06 3.220262436449640830e+00 8.888109529951927357e+01 3.371600170311394891e+02 2.269944627612844457e+01 5.420217178503893507e+00 8.471969526515130156e+02
5.900000000000000000e+01 -1.006323515284138266e+06 3.228232913432019124e+00 1.016180326063639683e+01 3.367926719993695883e+02 4.302678064555479409e+00 5.415539126395064073e+00 8.372345107183841719e+02
6.000000000000000000e+01 -1.006323628607958322e+06 3.285837420914261120e+00 3.945091942449565749e+02 3.499264060298069126e+02 2.219260982527850672e+02 5.520147420522065751e+00 9.788585987429173656e+02
6.100000000000000000e+01 -1.006323912686741678e+06 3.280636107501848198e+00 3.501023693814165085e+02 3.496739528220568332e+02 1.999109503536618604e+02 5.517001144688746805e+00 9.781856393186236573e+02
6.200000000000000000e+01 -1.006324264437797945e+06 3.276287872739037876e+00 2.930764274496744974e+02 3.494053301817513670e+02 1.700973198992820983e+02 5.513689753270263338e+00 9.764000714433956318e+02
6.300000000000000000e+01 -1.006324661804583855e+06 3.275155096887989004e+00 2.257267861031454856e+02 3.491810549172874971e+02 1.320403811979715840e+02 5.510959634642415672e+00 9.726719685339165835e+02
6.400000000000000000e+01 -1.006325055587923154e+06 3.280006403233815426e+00 1.555875622816278394e+02 3.490858982926686167e+02 8.802901641906213115e+01 5.509774427060973423e+00 9.663207701661220881e+02
6.500000000000000000e+01 -1.006325380812756601e+06 3.291469534866410029e+00 9.293317640042366179e+01 3.491783980901868176e+02 4.512510262672989825e+01 5.510639963419754928e+00 9.578810723803042038e+02
6.600000000000000000e+01 -1.006325588432601886e+06 3.304949072480274808e+00 4.100002380937856117e+01 3.494117666223318110e+02 1.437095413521080722e+01 5.512795422654216182e+00 9.500913857125375444e+02
6.700000000000000000e+01 -1.006325677010402433e+06 3.312982563841745609e+00 4.059787793664903610e+00 3.496068435493598372e+02 1.820865299208247690e+00 5.514375651933348443e+00 9.462132184184935113e+02
6.800000000000000000e+01 -1.006323457180318539e+06 3.158292599018570623e+00 3.745807612267813624e+02 3.516702733667571579e+02 7.798335728462770078e+01 5.601492970702262042e+00 9.769562705376246186e+02
6.900000000000000000e+01 -1.006323521256284905e+06 3.150946233323148160e+00 3.245074505613266638e+02 3.513165805756237319e+02 6.731046872230334088e+01 5.593602237444950553e+00 9.767565180038703829e+02
7.000000000000000000e+01 -1.006323587320582825e+06 3.142756826707995277e+00 2.600440502013961463e+02 3.508862117563255083e+02 5.381699474508734937e+01 5.583896731669761415e+00 9.762585474731677095e+02
7.100000000000000000e+01 -1.006323640527119278e+06 3.134806241645371472e+00 1.838003988758560752e+02 3.504090607281343068e+02 3.815114055440411533e+01 5.573006607140718494e+00 9.753075431724618056e+02
7.200000000000000000e+01 -1.006323663849032950e+06 3.128396049863026107e+00 1.054366023785280930e+02 3.499418936189877058e+02 2.222871356603985760e+01 5.562282916979352621e+00 9.738809696050768707e+02
7.300000000000000000e+01 -1.006323651922914432e+06 3.124173614206682270e+00 4.261432697485121679e+01 3.495523343169292048e+02 9.275906614312324550e+00 5.553550569713829432e+00 9.723117661961797467e+02
7.400000000000000000e+01 -1.006323623532356927e+06 3.121749365889419536e+00 1.076397695607464833e+01 3.492970813820402896e+02 2.404942376613692367e+00 5.548408286097839870e+00 9.712652204829379343e+02
7.500000000000000000e+01 -1.006910812843044405e+06 3.160921508593236062e+00 8.417982182365814197e+02 3.295667807077985003e+02 4.529781762140943613e+01 5.368682825439726969e+00 9.779509304895433388e+02
7.600000000000000000e+01 -1.006911045719887014e+06 3.162489522563844968e+00 7.466623341936810903e+02 3.293197187522166018e+02 4.067866043896551531e+01 5.371482554964091882e+00 9.777197638176933197e+02
7.700000000000000000e+01 -1.006911343871401972e+06 3.166475296939958994e+00 6.207557744257177319e+02 3.290714212536165064e+02 3.468076106102582656e+01 5.376679919615042991e+00 9.771165103397802341e+02
7.800000000000000000e+01 -1.006911698369237245e+06 3.174459845493263543e+00 4.650068137142804972e+02 3.288873404358227504e+02 2.742259000472641262e+01 5.385458966368175560e+00 9.758896444068583378e+02
7.900000000000000000e+01 -1.006912077393615153e+06 3.187366178718387122e+00 2.921973560486433712e+02 3.288393950242451069e+02 1.944375129423928428e+01 5.398203037203216148e+00 9.738869995128665096e+02
8.000000000000000000e+01 -1.006912423980956431e+06 3.203249059760444162e+00 1.327219675778204362e+02 3.289341591802905782e+02 1.159326638044393931e+01 5.412627864468213978e+00 9.714150749668966682e+02
8.100000000000000000e+01 -1.006912667626817594e+06 3.216044720223363740e+00 2.876485119722083894e+01 3.290575635231266460e+02 4.772988953733358741e+00 5.423125898710793535e+00 9.694427108170094698e+02
8.200000000000000000e+01 -1.006626889339858084e+06 3.365789070287613871e+00 5.606610126133134600e+02 3.426865930128427635e+02 5.565236539318144082e+01 5.599135708035707815e+00 9.709282466069415705e+02
8.300000000000000000e+01 -1.006626957886903430e+06 3.355872713036902155e+00 4.931063493903435528e+02 3.423106565030711863e+02 4.879663398467553037e+01 5.586708987192535503e+00 9.706041093128043258e+02
8.400000000000000000e+01 -1.006627008757588337e+06 3.345077298652672226e+00 4.047228145551963507e+02 3.418776920163773525e+02 4.004239000375128654e+01 5.571545852712017854e+00 9.698092072356689641e+02
8.500000000000000000e+01 -1.006627011353152455e+06 3.334970533382960234e+00 2.972612511291447390e+02 3.414403300259712637e+02 2.974929708858624977e+01 5.554760293226033596e+00 9.683246578388950638e+02
8.600000000000000000e+01 -1.006626938120278530e+06 3.327264509752645427e+00 1.811266420772638810e+02 3.410759292508673184e+02 1.907751224351914487e+01 5.538633202979517556e+00 9.661619621804480857e+02
8.700000000000000000e+01 -1.006626795085026184e+06 3.322590867274244353e+00 7.826679457346749302e+01 3.408453120479394443e+02 9.868881047260870787e+00 5.526123193322818317e+00 9.638704783559503539e+02
8.800000000000000000e+01 -1.006626643394700484e+06 3.320178594768227853e+00 1.549366947381885140e+01 3.407458918968179091e+02 3.466432278124750521e+00 5.519461207096680866e+00 9.624168130545026543e+02
8.900000000000000000e+01 -1.006536909597910126e+06 3.116025728192534761e+00 3.796180864606553769e+02 3.455971609021799509e+02 8.760905611741966936e+01 5.479810235672275098e+00 9.799586053020429972e+02
9.000000000000000000e+01 -1.006537020095348009e+06 3.107776893285279396e+00 3.338870772317445699e+02 3.452766537740026251e+02 7.384718874545254153e+01 5.473751106019327572e+00 9.797696051131190416e+02
9.100000000000000000e+01 -1.006537149686897523e+06 3.098440944335311809e+00 2.741423593137624266e+02 3.449029896358059659e+02 5.698792794865610745e+01 5.466570330603415684e+00 9.792986558438942666e+02
9.200000000000000000e+01 -1.006537283471560804e+06 3.089162275954947301e+00 2.016162390388292351e+02 3.445161663990002126e+02 3.837944067341695842e+01 5.458937525816574876e+00 9.783992574171641081e+02
9.300000000000000000e+01 -1.006537395645271288e+06 3.081475938012157467e+00 1.233113453496037693e+02 3.441768095621310408e+02 2.100953485807925247e+01 5.451956227525638354e+00 9.770476126646847206e+02
9.400000000000000000e+01 -1.006537458665778860e+06 3.076503146433243963e+00 5.382007258708344466e+01 3.439363642648889368e+02 8.770029511708164804e+00 5.446719413453650738e+00 9.755485680336006453e+02
9.500000000000000000e+01 -1.006537464829126839e+06 3.074262985763251521e+00 1.105374575174417373e+01 3.438045609866660470e+02 2.601134719977221454e+00 5.443732182510394146e+00 9.745174358825072432e+02
9.600000000000000000e+01 -1.006507563381240354e+06 3.282937589911857135e+00 3.388204517343799580e+02 3.386983958851893703e+02 6.338047541425641640e+01 5.490497782315200581e+00 9.719666272523086263e+02
9.700000000000000000e+01 -1.006507507950005005e+06 3.277052837892403758e+00 2.984055042537938220e+02 3.383223884895348306e+02 5.468709016449055582e+01 5.484063214762231020e+00 9.718131268763648904e+02
9.800000000000000000e+01 -1.006507423845255398e+06 3.270302353426170150e+00 2.455379994018413754e+02 3.378598407241896666e+02 4.359813670848178901e+01 5.476181439069418566e+00 9.714267509825507432e+02
9.900000000000000000e+01 -1.006507304141012137e+06 3.263423082153611432e+00 1.812834854583407491e+02 3.373417191087655738e+02 3.064341369719856800e+01 5.467415074466217106e+00 9.706799407237567721e+02
1.000000000000000000e+02 -1.006507153579735430e+06 3.257359622531306620e+00 1.118644404303449562e+02 3.368352769472362525e+02 1.751449860624913057e+01 5.458948148568385506e+00 9.695441390715109264e+02
1.010000000000000000e+02 -1.006507001782072824e+06 3.252682489836522972e+00 5.026567176273135829e+01 3.364324802126106420e+02 7.044843740086926154e+00 5.452346969940863985e+00 9.682764163394617754e+02
1.020000000000000000e+02 -1.006506898586552590e+06 3.249479935002799191e+00 1.207526771409772159e+01 3.362109961413188444e+02 1.617343273629167522e+00 5.448826432971559441e+00 9.674175229747925187e+02
1.030000000000000000e+02 -1.006529457236992544e+06 3.238022610987577821e+00 3.102641234633886143e+02 3.368579495857787833e+02 5.385112614615290738e+01 5.473957386662912761e+00 9.729727405849718025e+02
1.040000000000000000e+02 -1.006529573127068928e+06 3.237421650429328057e+00 2.747600974427935512e+02 3.368832517756179641e+02 4.736565534038356162e+01 5.475895858433853292e+00 9.728440587197175091e+02
1.050000000000000000e+02 -1.006529717759052641e+06 3.237478721305353524e+00 2.278396168097990824e+02 3.369429553038270342e+02 3.890133905850917984e+01 5.478884361521508595e+00 9.725071525498684650e+02
1.060000000000000000e+02 -1.006529882380390191e+06 3.238933266463558169e+00 1.699551633905228414e+02 3.370587775513030806e+02 2.867374436204943322e+01 5.483239318477274082e+00 9.718189243183361441e+02
1.070000000000000000e+02 -1.006530045379468706e+06 3.242408647357698737e+00 1.060673221832284696e+02 3.372425372926888940e+02 1.778649215447292065e+01 5.488883351816992828e+00 9.706908833587892786e+02
1.080000000000000000e+02 -1.006530174925482250e+06 3.247440864787269010e+00 4.770268508779226124e+01 3.374642318313204896e+02 8.448740110414886928e+00 5.494720213658210284e+00 9.693025281278547709e+02
1.090000000000000000e+02 -1.006530242973786197e+06 3.251786187450862009e+00 1.042062422107791342e+01 3.376343994096793040e+02 2.754005512690306468e+00 5.498552656916642078e+00 9.682309279475085759e+02
