Dynamical matrix file
File generated with the CellConstructor by Lorenzo Monacelli
2 11 0     1.8897259890000000     0.0000000000000000     0.0000000000000000     0.0000000000000000     0.0000000000000000     0.0000000000000000
Basis vectors
    1.8131610313832414    -1.0468290095531927     2.9622848754513096
   -0.0000000000000026     2.0936580191063818     2.9622848754513140
   -1.8131610313832422    -1.0468290095531949     2.9622848754513096
	1  'La '  126604.5951757480361266
	2  'H '    918.7358275894680446
    1     1    -0.0000000000000001    -0.0000000000000003     4.4434273575937837
    2     2    -0.0000000000000002    -0.0000000000000017     2.2224202454401025
    3     2     0.0000000000000002     0.0000000000000017    -2.2224202454401025
    4     2    -0.0000000000000002    -0.0000000000000004     1.0936242399284166
    5     2     0.0000000000000002     0.0000000000000004    -1.0936242399284166
    6     2     0.9220056140055549     0.5323201888683231     6.2876688363361746
    7     2     0.0000000000000013    -1.0646403777366586     6.2876688363361710
    8     2    -0.9220056140055598     0.5323201888683219     6.2876688363361737
    9     2    -0.0000000000000015     1.0646403777366558     2.5991858751499963
   10     2     0.9220056140055596    -0.5323201888683284     2.5991858751499972
   11     2    -0.9220056140055577    -0.5323201888683297     2.5991858751499972

     Dynamical Matrix in cartesian axes

     q = (     0.000000000000     0.000000000000     0.000000000000 )

    1    1
     0.6038989215778210     0.0000000000000000        0.0000000000000002     0.0000000000000000        0.0000000000000002     0.0000000000000000
     0.0000000000000001     0.0000000000000000        0.6038989215778929     0.0000000000000000       -0.0000000000000004     0.0000000000000000
     0.0000000000000002     0.0000000000000000       -0.0000000000000005     0.0000000000000000        0.6034872557532756     0.0000000000000000
    1    2
    -0.0342111381251362     0.0000000000000000       -0.0000000000000000     0.0000000000000000       -0.0000000000000000     0.0000000000000000
    -0.0000000000000000     0.0000000000000000       -0.0342111381251403     0.0000000000000000        0.0000000000000000     0.0000000000000000
    -0.0000000000000000     0.0000000000000000        0.0000000000000000     0.0000000000000000       -0.0321293445171885     0.0000000000000000
    1    3
    -0.0342111381251362     0.0000000000000000       -0.0000000000000000     0.0000000000000000       -0.0000000000000000     0.0000000000000000
    -0.0000000000000000     0.0000000000000000       -0.0342111381251403     0.0000000000000000        0.0000000000000000     0.0000000000000000
    -0.0000000000000000     0.0000000000000000        0.0000000000000000     0.0000000000000000       -0.0321293445171885     0.0000000000000000
    1    4
    -0.0850646711515954     0.0000000000000000       -0.0000000000000000     0.0000000000000000       -0.0000000000000000     0.0000000000000000
    -0.0000000000000000     0.0000000000000000       -0.0850646711516056     0.0000000000000000       -0.0000000000000000     0.0000000000000000
    -0.0000000000000000     0.0000000000000000       -0.0000000000000000     0.0000000000000000       -0.0368893361859108     0.0000000000000000
    1    5
    -0.0850646711515954     0.0000000000000000       -0.0000000000000000     0.0000000000000000       -0.0000000000000000     0.0000000000000000
    -0.0000000000000000     0.0000000000000000       -0.0850646711516056     0.0000000000000000       -0.0000000000000000     0.0000000000000000
    -0.0000000000000000     0.0000000000000000       -0.0000000000000000     0.0000000000000000       -0.0368893361859108     0.0000000000000000
    1    6
    -0.0494936992372331     0.0000000000000000        0.0197410801409889     0.0000000000000000       -0.0136038501694170     0.0000000000000000
     0.0197410801409889     0.0000000000000000       -0.0722887351042281     0.0000000000000000       -0.0078541865573286     0.0000000000000000
    -0.0140300498626830     0.0000000000000000       -0.0081002530649643     0.0000000000000000       -0.0775749823911795     0.0000000000000000
    1    7
    -0.0836862530377128     0.0000000000000000       -0.0000000000000000     0.0000000000000000       -0.0000000000000001     0.0000000000000000
    -0.0000000000000001     0.0000000000000000       -0.0380961813037444     0.0000000000000000        0.0157083731146575     0.0000000000000000
    -0.0000000000000000     0.0000000000000000        0.0162005061299289     0.0000000000000000       -0.0775749823911794     0.0000000000000000
    1    8
    -0.0494936992372331     0.0000000000000000       -0.0197410801409889     0.0000000000000000        0.0136038501694169     0.0000000000000000
    -0.0197410801409889     0.0000000000000000       -0.0722887351042281     0.0000000000000000       -0.0078541865573286     0.0000000000000000
     0.0140300498626830     0.0000000000000000       -0.0081002530649643     0.0000000000000000       -0.0775749823911795     0.0000000000000000
    1    9
    -0.0836862530377128     0.0000000000000000       -0.0000000000000000     0.0000000000000000       -0.0000000000000001     0.0000000000000000
    -0.0000000000000000     0.0000000000000000       -0.0380961813037444     0.0000000000000000        0.0157083731146575     0.0000000000000000
    -0.0000000000000000     0.0000000000000000        0.0162005061299289     0.0000000000000000       -0.0775749823911794     0.0000000000000000
    1   10
    -0.0494936992372331     0.0000000000000000       -0.0197410801409889     0.0000000000000000        0.0136038501694170     0.0000000000000000
    -0.0197410801409889     0.0000000000000000       -0.0722887351042281     0.0000000000000000       -0.0078541865573286     0.0000000000000000
     0.0140300498626830     0.0000000000000000       -0.0081002530649643     0.0000000000000000       -0.0775749823911795     0.0000000000000000
    1   11
    -0.0494936992372331     0.0000000000000000        0.0197410801409889     0.0000000000000000       -0.0136038501694170     0.0000000000000000
     0.0197410801409889     0.0000000000000000       -0.0722887351042281     0.0000000000000000       -0.0078541865573286     0.0000000000000000
    -0.0140300498626830     0.0000000000000000       -0.0081002530649643     0.0000000000000000       -0.0775749823911795     0.0000000000000000
    2    1
    -0.0342111381251362     0.0000000000000000       -0.0000000000000000     0.0000000000000000       -0.0000000000000000     0.0000000000000000
    -0.0000000000000000     0.0000000000000000       -0.0342111381251403     0.0000000000000000        0.0000000000000000     0.0000000000000000
    -0.0000000000000000     0.0000000000000000        0.0000000000000000     0.0000000000000000       -0.0321293445171885     0.0000000000000000
    2    2
     0.0984788266869756     0.0000000000000000        0.0000000000000000     0.0000000000000000        0.0000000000000000     0.0000000000000000
     0.0000000000000000     0.0000000000000000        0.0984788266869873     0.0000000000000000       -0.0000000000000001     0.0000000000000000
     0.0000000000000000     0.0000000000000000       -0.0000000000000001     0.0000000000000000        0.0967799193178772     0.0000000000000000
    2    3
    -0.0046589403340896     0.0000000000000000       -0.0000000000000000     0.0000000000000000       -0.0000000000000000     0.0000000000000000
    -0.0000000000000000     0.0000000000000000       -0.0046589403340901     0.0000000000000000        0.0000000000000000     0.0000000000000000
    -0.0000000000000000     0.0000000000000000        0.0000000000000000     0.0000000000000000       -0.0043575526239863     0.0000000000000000
    2    4
     0.0048490131544159     0.0000000000000000        0.0000000000000000     0.0000000000000000        0.0000000000000000     0.0000000000000000
     0.0000000000000000     0.0000000000000000        0.0048490131544165     0.0000000000000000        0.0000000000000000     0.0000000000000000
     0.0000000000000000     0.0000000000000000        0.0000000000000000     0.0000000000000000       -0.0315061167012050     0.0000000000000000
    2    5
    -0.0097376859171311     0.0000000000000000       -0.0000000000000000     0.0000000000000000       -0.0000000000000000     0.0000000000000000
    -0.0000000000000000     0.0000000000000000       -0.0097376859171322     0.0000000000000000       -0.0000000000000000     0.0000000000000000
    -0.0000000000000000     0.0000000000000000       -0.0000000000000000     0.0000000000000000       -0.0010073300577397     0.0000000000000000
    2    6
    -0.0048090771561832     0.0000000000000000        0.0028001144809336     0.0000000000000000       -0.0016218154197455     0.0000000000000000
     0.0028001144809336     0.0000000000000000       -0.0080423708548414     0.0000000000000000       -0.0009363555691660     0.0000000000000000
    -0.0019293909962692     0.0000000000000000       -0.0011139344110681     0.0000000000000000       -0.0093843858242543     0.0000000000000000
    2    7
    -0.0096590177041691     0.0000000000000000       -0.0000000000000000     0.0000000000000000       -0.0000000000000000     0.0000000000000000
    -0.0000000000000000     0.0000000000000000       -0.0031924303068549     0.0000000000000000        0.0018727111383321     0.0000000000000000
    -0.0000000000000000     0.0000000000000000        0.0022278688221363     0.0000000000000000       -0.0093843858242543     0.0000000000000000
    2    8
    -0.0048090771561832     0.0000000000000000       -0.0028001144809336     0.0000000000000000        0.0016218154197455     0.0000000000000000
    -0.0028001144809336     0.0000000000000000       -0.0080423708548414     0.0000000000000000       -0.0009363555691660     0.0000000000000000
     0.0019293909962692     0.0000000000000000       -0.0011139344110681     0.0000000000000000       -0.0093843858242543     0.0000000000000000
    2    9
     0.0045293523236576     0.0000000000000000        0.0000000000000000     0.0000000000000000        0.0000000000000000     0.0000000000000000
     0.0000000000000000     0.0000000000000000       -0.0281579546226605     0.0000000000000000       -0.0124164922267052     0.0000000000000000
     0.0000000000000000     0.0000000000000000       -0.0117739378151968     0.0000000000000000        0.0001245273516683     0.0000000000000000
    2   10
    -0.0199861278860785     0.0000000000000000        0.0141540190984050     0.0000000000000000       -0.0107529976942181     0.0000000000000000
     0.0141540190984049     0.0000000000000000       -0.0036424744129215     0.0000000000000000        0.0062082461133526     0.0000000000000000
    -0.0101965292505381     0.0000000000000000        0.0058869689075984     0.0000000000000000        0.0001245273516683     0.0000000000000000
    2   11
    -0.0199861278860785     0.0000000000000000       -0.0141540190984050     0.0000000000000000        0.0107529976942180     0.0000000000000000
    -0.0141540190984050     0.0000000000000000       -0.0036424744129215     0.0000000000000000        0.0062082461133526     0.0000000000000000
     0.0101965292505381     0.0000000000000000        0.0058869689075984     0.0000000000000000        0.0001245273516683     0.0000000000000000
    3    1
    -0.0342111381251362     0.0000000000000000       -0.0000000000000000     0.0000000000000000       -0.0000000000000000     0.0000000000000000
    -0.0000000000000000     0.0000000000000000       -0.0342111381251403     0.0000000000000000        0.0000000000000000     0.0000000000000000
    -0.0000000000000000     0.0000000000000000        0.0000000000000000     0.0000000000000000       -0.0321293445171885     0.0000000000000000
    3    2
    -0.0046589403340896     0.0000000000000000       -0.0000000000000000     0.0000000000000000       -0.0000000000000000     0.0000000000000000
    -0.0000000000000000     0.0000000000000000       -0.0046589403340901     0.0000000000000000        0.0000000000000000     0.0000000000000000
    -0.0000000000000000     0.0000000000000000        0.0000000000000000     0.0000000000000000       -0.0043575526239863     0.0000000000000000
    3    3
     0.0984788266869756     0.0000000000000000        0.0000000000000000     0.0000000000000000        0.0000000000000000     0.0000000000000000
     0.0000000000000000     0.0000000000000000        0.0984788266869873     0.0000000000000000       -0.0000000000000001     0.0000000000000000
     0.0000000000000000     0.0000000000000000       -0.0000000000000001     0.0000000000000000        0.0967799193178772     0.0000000000000000
    3    4
    -0.0097376859171311     0.0000000000000000       -0.0000000000000000     0.0000000000000000       -0.0000000000000000     0.0000000000000000
    -0.0000000000000000     0.0000000000000000       -0.0097376859171322     0.0000000000000000       -0.0000000000000000     0.0000000000000000
    -0.0000000000000000     0.0000000000000000       -0.0000000000000000     0.0000000000000000       -0.0010073300577397     0.0000000000000000
    3    5
     0.0048490131544159     0.0000000000000000        0.0000000000000000     0.0000000000000000        0.0000000000000000     0.0000000000000000
     0.0000000000000000     0.0000000000000000        0.0048490131544165     0.0000000000000000        0.0000000000000000     0.0000000000000000
     0.0000000000000000     0.0000000000000000        0.0000000000000000     0.0000000000000000       -0.0315061167012050     0.0000000000000000
    3    6
    -0.0199861278860785     0.0000000000000000       -0.0141540190984050     0.0000000000000000        0.0107529976942180     0.0000000000000000
    -0.0141540190984050     0.0000000000000000       -0.0036424744129215     0.0000000000000000        0.0062082461133526     0.0000000000000000
     0.0101965292505381     0.0000000000000000        0.0058869689075984     0.0000000000000000        0.0001245273516683     0.0000000000000000
    3    7
     0.0045293523236576     0.0000000000000000        0.0000000000000000     0.0000000000000000        0.0000000000000000     0.0000000000000000
     0.0000000000000000     0.0000000000000000       -0.0281579546226605     0.0000000000000000       -0.0124164922267052     0.0000000000000000
     0.0000000000000000     0.0000000000000000       -0.0117739378151968     0.0000000000000000        0.0001245273516683     0.0000000000000000
    3    8
    -0.0199861278860785     0.0000000000000000        0.0141540190984049     0.0000000000000000       -0.0107529976942181     0.0000000000000000
     0.0141540190984049     0.0000000000000000       -0.0036424744129215     0.0000000000000000        0.0062082461133526     0.0000000000000000
    -0.0101965292505381     0.0000000000000000        0.0058869689075984     0.0000000000000000        0.0001245273516683     0.0000000000000000
    3    9
    -0.0096590177041691     0.0000000000000000       -0.0000000000000000     0.0000000000000000       -0.0000000000000000     0.0000000000000000
    -0.0000000000000000     0.0000000000000000       -0.0031924303068549     0.0000000000000000        0.0018727111383321     0.0000000000000000
    -0.0000000000000000     0.0000000000000000        0.0022278688221363     0.0000000000000000       -0.0093843858242543     0.0000000000000000
    3   10
    -0.0048090771561832     0.0000000000000000       -0.0028001144809336     0.0000000000000000        0.0016218154197455     0.0000000000000000
    -0.0028001144809336     0.0000000000000000       -0.0080423708548414     0.0000000000000000       -0.0009363555691660     0.0000000000000000
     0.0019293909962692     0.0000000000000000       -0.0011139344110681     0.0000000000000000       -0.0093843858242543     0.0000000000000000
    3   11
    -0.0048090771561832     0.0000000000000000        0.0028001144809336     0.0000000000000000       -0.0016218154197455     0.0000000000000000
     0.0028001144809336     0.0000000000000000       -0.0080423708548414     0.0000000000000000       -0.0009363555691660     0.0000000000000000
    -0.0019293909962692     0.0000000000000000       -0.0011139344110681     0.0000000000000000       -0.0093843858242543     0.0000000000000000
    4    1
    -0.0850646711515954     0.0000000000000000       -0.0000000000000000     0.0000000000000000       -0.0000000000000000     0.0000000000000000
    -0.0000000000000000     0.0000000000000000       -0.0850646711516056     0.0000000000000000       -0.0000000000000000     0.0000000000000000
    -0.0000000000000000     0.0000000000000000       -0.0000000000000000     0.0000000000000000       -0.0368893361859108     0.0000000000000000
    4    2
     0.0048490131544159     0.0000000000000000        0.0000000000000000     0.0000000000000000        0.0000000000000000     0.0000000000000000
     0.0000000000000000     0.0000000000000000        0.0048490131544165     0.0000000000000000        0.0000000000000000     0.0000000000000000
     0.0000000000000000     0.0000000000000000        0.0000000000000000     0.0000000000000000       -0.0315061167012050     0.0000000000000000
    4    3
    -0.0097376859171311     0.0000000000000000       -0.0000000000000000     0.0000000000000000       -0.0000000000000000     0.0000000000000000
    -0.0000000000000000     0.0000000000000000       -0.0097376859171322     0.0000000000000000       -0.0000000000000000     0.0000000000000000
    -0.0000000000000000     0.0000000000000000       -0.0000000000000000     0.0000000000000000       -0.0010073300577397     0.0000000000000000
    4    4
     0.1197742433783326     0.0000000000000000        0.0000000000000000     0.0000000000000000        0.0000000000000000     0.0000000000000000
     0.0000000000000000     0.0000000000000000        0.1197742433783470     0.0000000000000000       -0.0000000000000001     0.0000000000000000
     0.0000000000000000     0.0000000000000000       -0.0000000000000001     0.0000000000000000        0.1442927355869321     0.0000000000000000
    4    5
    -0.0084217256841337     0.0000000000000000       -0.0000000000000000     0.0000000000000000       -0.0000000000000000     0.0000000000000000
    -0.0000000000000000     0.0000000000000000       -0.0084217256841347     0.0000000000000000        0.0000000000000000     0.0000000000000000
    -0.0000000000000000     0.0000000000000000        0.0000000000000000     0.0000000000000000       -0.0086948077848351     0.0000000000000000
    4    6
    -0.0046502834931795     0.0000000000000000       -0.0045169559835276     0.0000000000000000       -0.0090891190962960     0.0000000000000000
    -0.0045169559835276     0.0000000000000000        0.0005654480128350     0.0000000000000000       -0.0052476053569434     0.0000000000000000
    -0.0220552645778627     0.0000000000000000       -0.0127336129410782     0.0000000000000000        0.0055091548703446     0.0000000000000000
    4    7
     0.0031733137658421     0.0000000000000000        0.0000000000000000     0.0000000000000000       -0.0000000000000000     0.0000000000000000
     0.0000000000000000     0.0000000000000000       -0.0072581492461876     0.0000000000000000        0.0104952107138868     0.0000000000000000
    -0.0000000000000000     0.0000000000000000        0.0254672258821564     0.0000000000000000        0.0055091548703447     0.0000000000000000
    4    8
    -0.0046502834931795     0.0000000000000000        0.0045169559835276     0.0000000000000000        0.0090891190962961     0.0000000000000000
     0.0045169559835276     0.0000000000000000        0.0005654480128350     0.0000000000000000       -0.0052476053569434     0.0000000000000000
     0.0220552645778627     0.0000000000000000       -0.0127336129410782     0.0000000000000000        0.0055091548703447     0.0000000000000000
    4    9
     0.0035958756594911     0.0000000000000000        0.0000000000000000     0.0000000000000000        0.0000000000000000     0.0000000000000000
     0.0000000000000000     0.0000000000000000       -0.0137771560324069     0.0000000000000000       -0.0191806686263544     0.0000000000000000
     0.0000000000000000     0.0000000000000000       -0.0195721165091842     0.0000000000000000       -0.0275742031560918     0.0000000000000000
    4   10
    -0.0094338981094312     0.0000000000000000        0.0075227433929677     0.0000000000000000       -0.0166109462919931     0.0000000000000000
     0.0075227433929677     0.0000000000000000       -0.0007473822634831     0.0000000000000000        0.0095903343131772     0.0000000000000000
    -0.0169499501027814     0.0000000000000000        0.0097860582545922     0.0000000000000000       -0.0275742031560918     0.0000000000000000
    4   11
    -0.0094338981094312     0.0000000000000000       -0.0075227433929677     0.0000000000000000        0.0166109462919931     0.0000000000000000
    -0.0075227433929677     0.0000000000000000       -0.0007473822634832     0.0000000000000000        0.0095903343131773     0.0000000000000000
     0.0169499501027814     0.0000000000000000        0.0097860582545922     0.0000000000000000       -0.0275742031560918     0.0000000000000000
    5    1
    -0.0850646711515954     0.0000000000000000       -0.0000000000000000     0.0000000000000000       -0.0000000000000000     0.0000000000000000
    -0.0000000000000000     0.0000000000000000       -0.0850646711516056     0.0000000000000000       -0.0000000000000000     0.0000000000000000
    -0.0000000000000000     0.0000000000000000       -0.0000000000000000     0.0000000000000000       -0.0368893361859108     0.0000000000000000
    5    2
    -0.0097376859171311     0.0000000000000000       -0.0000000000000000     0.0000000000000000       -0.0000000000000000     0.0000000000000000
    -0.0000000000000000     0.0000000000000000       -0.0097376859171322     0.0000000000000000       -0.0000000000000000     0.0000000000000000
    -0.0000000000000000     0.0000000000000000       -0.0000000000000000     0.0000000000000000       -0.0010073300577397     0.0000000000000000
    5    3
     0.0048490131544159     0.0000000000000000        0.0000000000000000     0.0000000000000000        0.0000000000000000     0.0000000000000000
     0.0000000000000000     0.0000000000000000        0.0048490131544165     0.0000000000000000        0.0000000000000000     0.0000000000000000
     0.0000000000000000     0.0000000000000000        0.0000000000000000     0.0000000000000000       -0.0315061167012050     0.0000000000000000
    5    4
    -0.0084217256841337     0.0000000000000000       -0.0000000000000000     0.0000000000000000       -0.0000000000000000     0.0000000000000000
    -0.0000000000000000     0.0000000000000000       -0.0084217256841347     0.0000000000000000        0.0000000000000000     0.0000000000000000
    -0.0000000000000000     0.0000000000000000        0.0000000000000000     0.0000000000000000       -0.0086948077848351     0.0000000000000000
    5    5
     0.1197742433783326     0.0000000000000000        0.0000000000000000     0.0000000000000000        0.0000000000000000     0.0000000000000000
     0.0000000000000000     0.0000000000000000        0.1197742433783470     0.0000000000000000       -0.0000000000000001     0.0000000000000000
     0.0000000000000000     0.0000000000000000       -0.0000000000000001     0.0000000000000000        0.1442927355869321     0.0000000000000000
    5    6
    -0.0094338981094312     0.0000000000000000       -0.0075227433929677     0.0000000000000000        0.0166109462919931     0.0000000000000000
    -0.0075227433929677     0.0000000000000000       -0.0007473822634832     0.0000000000000000        0.0095903343131773     0.0000000000000000
     0.0169499501027814     0.0000000000000000        0.0097860582545922     0.0000000000000000       -0.0275742031560918     0.0000000000000000
    5    7
     0.0035958756594911     0.0000000000000000        0.0000000000000000     0.0000000000000000        0.0000000000000000     0.0000000000000000
     0.0000000000000000     0.0000000000000000       -0.0137771560324069     0.0000000000000000       -0.0191806686263544     0.0000000000000000
     0.0000000000000000     0.0000000000000000       -0.0195721165091842     0.0000000000000000       -0.0275742031560918     0.0000000000000000
    5    8
    -0.0094338981094312     0.0000000000000000        0.0075227433929677     0.0000000000000000       -0.0166109462919931     0.0000000000000000
     0.0075227433929677     0.0000000000000000       -0.0007473822634831     0.0000000000000000        0.0095903343131772     0.0000000000000000
    -0.0169499501027814     0.0000000000000000        0.0097860582545922     0.0000000000000000       -0.0275742031560918     0.0000000000000000
    5    9
     0.0031733137658421     0.0000000000000000        0.0000000000000000     0.0000000000000000       -0.0000000000000000     0.0000000000000000
     0.0000000000000000     0.0000000000000000       -0.0072581492461876     0.0000000000000000        0.0104952107138868     0.0000000000000000
    -0.0000000000000000     0.0000000000000000        0.0254672258821564     0.0000000000000000        0.0055091548703447     0.0000000000000000
    5   10
    -0.0046502834931795     0.0000000000000000        0.0045169559835276     0.0000000000000000        0.0090891190962961     0.0000000000000000
     0.0045169559835276     0.0000000000000000        0.0005654480128350     0.0000000000000000       -0.0052476053569434     0.0000000000000000
     0.0220552645778627     0.0000000000000000       -0.0127336129410782     0.0000000000000000        0.0055091548703447     0.0000000000000000
    5   11
    -0.0046502834931795     0.0000000000000000       -0.0045169559835276     0.0000000000000000       -0.0090891190962960     0.0000000000000000
    -0.0045169559835276     0.0000000000000000        0.0005654480128350     0.0000000000000000       -0.0052476053569434     0.0000000000000000
    -0.0220552645778627     0.0000000000000000       -0.0127336129410782     0.0000000000000000        0.0055091548703446     0.0000000000000000
    6    1
    -0.0494936992372331     0.0000000000000000        0.0197410801409889     0.0000000000000000       -0.0140300498626830     0.0000000000000000
     0.0197410801409889     0.0000000000000000       -0.0722887351042281     0.0000000000000000       -0.0081002530649643     0.0000000000000000
    -0.0136038501694170     0.0000000000000000       -0.0078541865573286     0.0000000000000000       -0.0775749823911795     0.0000000000000000
    6    2
    -0.0048090771561832     0.0000000000000000        0.0028001144809336     0.0000000000000000       -0.0019293909962692     0.0000000000000000
     0.0028001144809336     0.0000000000000000       -0.0080423708548414     0.0000000000000000       -0.0011139344110681     0.0000000000000000
    -0.0016218154197455     0.0000000000000000       -0.0009363555691660     0.0000000000000000       -0.0093843858242543     0.0000000000000000
    6    3
    -0.0199861278860785     0.0000000000000000       -0.0141540190984050     0.0000000000000000        0.0101965292505381     0.0000000000000000
    -0.0141540190984050     0.0000000000000000       -0.0036424744129215     0.0000000000000000        0.0058869689075984     0.0000000000000000
     0.0107529976942180     0.0000000000000000        0.0062082461133526     0.0000000000000000        0.0001245273516684     0.0000000000000000
    6    4
    -0.0046502834931795     0.0000000000000000       -0.0045169559835276     0.0000000000000000       -0.0220552645778627     0.0000000000000000
    -0.0045169559835276     0.0000000000000000        0.0005654480128350     0.0000000000000000       -0.0127336129410782     0.0000000000000000
    -0.0090891190962960     0.0000000000000000       -0.0052476053569434     0.0000000000000000        0.0055091548703446     0.0000000000000000
    6    5
    -0.0094338981094312     0.0000000000000000       -0.0075227433929677     0.0000000000000000        0.0169499501027814     0.0000000000000000
    -0.0075227433929677     0.0000000000000000       -0.0007473822634831     0.0000000000000000        0.0097860582545922     0.0000000000000000
     0.0166109462919931     0.0000000000000000        0.0095903343131773     0.0000000000000000       -0.0275742031560918     0.0000000000000000
    6    6
     0.1346833103274158     0.0000000000000000        0.0090885310584452     0.0000000000000000       -0.0074434680670312     0.0000000000000000
     0.0090885310584452     0.0000000000000000        0.1241887786211681     0.0000000000000000       -0.0042974882922052     0.0000000000000000
    -0.0074434680670312     0.0000000000000000       -0.0042974882922052     0.0000000000000000        0.1213936792568721     0.0000000000000000
    6    7
    -0.0092253392598866     0.0000000000000000       -0.0190243601743508     0.0000000000000000        0.0019296367824298     0.0000000000000000
    -0.0187417923320170     0.0000000000000000       -0.0310296375756971     0.0000000000000000       -0.0012080139555728     0.0000000000000000
     0.0020109891648670     0.0000000000000000       -0.0010671074958749     0.0000000000000000        0.0026655492902814     0.0000000000000000
    6    8
    -0.0419317867335967     0.0000000000000000        0.0001412839211669     0.0000000000000000       -0.0000813523824371     0.0000000000000000
    -0.0001412839211669     0.0000000000000000        0.0016768098980169     0.0000000000000000        0.0022751214514476     0.0000000000000000
     0.0000813523824371     0.0000000000000000        0.0022751214514476     0.0000000000000000        0.0026655492902814     0.0000000000000000
    6    9
    -0.0047268858148580     0.0000000000000000        0.0193915592740097     0.0000000000000000        0.0119098598693948     0.0000000000000000
     0.0068689000776251     0.0000000000000000        0.0104345974608520     0.0000000000000000       -0.0014254190297997     0.0000000000000000
     0.0071893790255417     0.0000000000000000       -0.0096015316875094     0.0000000000000000       -0.0046895568824840     0.0000000000000000
    6   10
     0.0180153390987051     0.0000000000000000       -0.0062613295981923     0.0000000000000000        0.0047204808438531     0.0000000000000000
     0.0062613295981923     0.0000000000000000       -0.0123076274527138     0.0000000000000000        0.0110269507173092     0.0000000000000000
    -0.0047204808438531     0.0000000000000000        0.0110269507173092     0.0000000000000000       -0.0046895568824840     0.0000000000000000
    6   11
    -0.0084415517356742     0.0000000000000000        0.0003168393718991     0.0000000000000000       -0.0001669309627140     0.0000000000000000
     0.0003168393718991     0.0000000000000000       -0.0088074063289869     0.0000000000000000       -0.0000963776362590     0.0000000000000000
    -0.0001669309627140     0.0000000000000000       -0.0000963776362590     0.0000000000000000       -0.0084457749229542     0.0000000000000000
    7    1
    -0.0836862530377128     0.0000000000000000       -0.0000000000000000     0.0000000000000000       -0.0000000000000000     0.0000000000000000
    -0.0000000000000000     0.0000000000000000       -0.0380961813037445     0.0000000000000000        0.0162005061299289     0.0000000000000000
    -0.0000000000000000     0.0000000000000000        0.0157083731146575     0.0000000000000000       -0.0775749823911795     0.0000000000000000
    7    2
    -0.0096590177041691     0.0000000000000000       -0.0000000000000000     0.0000000000000000       -0.0000000000000000     0.0000000000000000
    -0.0000000000000000     0.0000000000000000       -0.0031924303068549     0.0000000000000000        0.0022278688221363     0.0000000000000000
    -0.0000000000000000     0.0000000000000000        0.0018727111383321     0.0000000000000000       -0.0093843858242543     0.0000000000000000
    7    3
     0.0045293523236576     0.0000000000000000        0.0000000000000000     0.0000000000000000        0.0000000000000000     0.0000000000000000
     0.0000000000000000     0.0000000000000000       -0.0281579546226605     0.0000000000000000       -0.0117739378151968     0.0000000000000000
     0.0000000000000000     0.0000000000000000       -0.0124164922267052     0.0000000000000000        0.0001245273516683     0.0000000000000000
    7    4
     0.0031733137658421     0.0000000000000000        0.0000000000000000     0.0000000000000000       -0.0000000000000000     0.0000000000000000
     0.0000000000000000     0.0000000000000000       -0.0072581492461876     0.0000000000000000        0.0254672258821564     0.0000000000000000
    -0.0000000000000000     0.0000000000000000        0.0104952107138868     0.0000000000000000        0.0055091548703447     0.0000000000000000
    7    5
     0.0035958756594911     0.0000000000000000        0.0000000000000000     0.0000000000000000        0.0000000000000000     0.0000000000000000
     0.0000000000000000     0.0000000000000000       -0.0137771560324069     0.0000000000000000       -0.0195721165091842     0.0000000000000000
     0.0000000000000000     0.0000000000000000       -0.0191806686263544     0.0000000000000000       -0.0275742031560918     0.0000000000000000
    7    6
    -0.0092253392598866     0.0000000000000000       -0.0187417923320170     0.0000000000000000        0.0020109891648670     0.0000000000000000
    -0.0190243601743508     0.0000000000000000       -0.0310296375756971     0.0000000000000000       -0.0010671074958749     0.0000000000000000
     0.0019296367824298     0.0000000000000000       -0.0012080139555728     0.0000000000000000        0.0026655492902814     0.0000000000000000
    7    7
     0.1189415127680219     0.0000000000000000        0.0000000000000000     0.0000000000000000        0.0000000000000000     0.0000000000000000
     0.0000000000000000     0.0000000000000000        0.1399305761805637     0.0000000000000000        0.0085949765844102     0.0000000000000000
     0.0000000000000001     0.0000000000000000        0.0085949765844102     0.0000000000000000        0.1213936792568721     0.0000000000000000
    7    8
    -0.0092253392598867     0.0000000000000000        0.0187417923320171     0.0000000000000000       -0.0020109891648670     0.0000000000000000
     0.0190243601743509     0.0000000000000000       -0.0310296375756970     0.0000000000000000       -0.0010671074958749     0.0000000000000000
    -0.0019296367824299     0.0000000000000000       -0.0012080139555728     0.0000000000000000        0.0026655492902814     0.0000000000000000
    7    9
    -0.0089903336256416     0.0000000000000000       -0.0000000000000000     0.0000000000000000       -0.0000000000000000     0.0000000000000000
    -0.0000000000000000     0.0000000000000000       -0.0082586244390193     0.0000000000000000        0.0001927552725181     0.0000000000000000
    -0.0000000000000000     0.0000000000000000        0.0001927552725181     0.0000000000000000       -0.0084457749229542     0.0000000000000000
    7   10
    -0.0047268858148579     0.0000000000000000       -0.0068689000776251     0.0000000000000000       -0.0071893790255417     0.0000000000000000
    -0.0193915592740097     0.0000000000000000        0.0104345974608520     0.0000000000000000       -0.0096015316875095     0.0000000000000000
    -0.0119098598693948     0.0000000000000000       -0.0014254190297998     0.0000000000000000       -0.0046895568824841     0.0000000000000000
    7   11
    -0.0047268858148580     0.0000000000000000        0.0068689000776251     0.0000000000000000        0.0071893790255417     0.0000000000000000
     0.0193915592740096     0.0000000000000000        0.0104345974608520     0.0000000000000000       -0.0096015316875094     0.0000000000000000
     0.0119098598693948     0.0000000000000000       -0.0014254190297997     0.0000000000000000       -0.0046895568824840     0.0000000000000000
    8    1
    -0.0494936992372330     0.0000000000000000       -0.0197410801409889     0.0000000000000000        0.0140300498626830     0.0000000000000000
    -0.0197410801409889     0.0000000000000000       -0.0722887351042281     0.0000000000000000       -0.0081002530649643     0.0000000000000000
     0.0136038501694169     0.0000000000000000       -0.0078541865573286     0.0000000000000000       -0.0775749823911795     0.0000000000000000
    8    2
    -0.0048090771561832     0.0000000000000000       -0.0028001144809336     0.0000000000000000        0.0019293909962692     0.0000000000000000
    -0.0028001144809336     0.0000000000000000       -0.0080423708548414     0.0000000000000000       -0.0011139344110681     0.0000000000000000
     0.0016218154197455     0.0000000000000000       -0.0009363555691660     0.0000000000000000       -0.0093843858242543     0.0000000000000000
    8    3
    -0.0199861278860785     0.0000000000000000        0.0141540190984049     0.0000000000000000       -0.0101965292505381     0.0000000000000000
     0.0141540190984049     0.0000000000000000       -0.0036424744129215     0.0000000000000000        0.0058869689075984     0.0000000000000000
    -0.0107529976942181     0.0000000000000000        0.0062082461133526     0.0000000000000000        0.0001245273516683     0.0000000000000000
    8    4
    -0.0046502834931795     0.0000000000000000        0.0045169559835276     0.0000000000000000        0.0220552645778627     0.0000000000000000
     0.0045169559835276     0.0000000000000000        0.0005654480128350     0.0000000000000000       -0.0127336129410782     0.0000000000000000
     0.0090891190962961     0.0000000000000000       -0.0052476053569434     0.0000000000000000        0.0055091548703447     0.0000000000000000
    8    5
    -0.0094338981094312     0.0000000000000000        0.0075227433929677     0.0000000000000000       -0.0169499501027814     0.0000000000000000
     0.0075227433929677     0.0000000000000000       -0.0007473822634831     0.0000000000000000        0.0097860582545922     0.0000000000000000
    -0.0166109462919931     0.0000000000000000        0.0095903343131772     0.0000000000000000       -0.0275742031560918     0.0000000000000000
    8    6
    -0.0419317867335967     0.0000000000000000       -0.0001412839211669     0.0000000000000000        0.0000813523824371     0.0000000000000000
     0.0001412839211669     0.0000000000000000        0.0016768098980169     0.0000000000000000        0.0022751214514476     0.0000000000000000
    -0.0000813523824371     0.0000000000000000        0.0022751214514476     0.0000000000000000        0.0026655492902814     0.0000000000000000
    8    7
    -0.0092253392598867     0.0000000000000000        0.0190243601743509     0.0000000000000000       -0.0019296367824299     0.0000000000000000
     0.0187417923320171     0.0000000000000000       -0.0310296375756970     0.0000000000000000       -0.0012080139555728     0.0000000000000000
    -0.0020109891648670     0.0000000000000000       -0.0010671074958749     0.0000000000000000        0.0026655492902814     0.0000000000000000
    8    8
     0.1346833103274158     0.0000000000000000       -0.0090885310584451     0.0000000000000000        0.0074434680670313     0.0000000000000000
    -0.0090885310584451     0.0000000000000000        0.1241887786211680     0.0000000000000000       -0.0042974882922052     0.0000000000000000
     0.0074434680670313     0.0000000000000000       -0.0042974882922052     0.0000000000000000        0.1213936792568721     0.0000000000000000
    8    9
    -0.0047268858148579     0.0000000000000000       -0.0193915592740097     0.0000000000000000       -0.0119098598693948     0.0000000000000000
    -0.0068689000776251     0.0000000000000000        0.0104345974608520     0.0000000000000000       -0.0014254190297998     0.0000000000000000
    -0.0071893790255417     0.0000000000000000       -0.0096015316875095     0.0000000000000000       -0.0046895568824841     0.0000000000000000
    8   10
    -0.0084415517356742     0.0000000000000000       -0.0003168393718991     0.0000000000000000        0.0001669309627140     0.0000000000000000
    -0.0003168393718991     0.0000000000000000       -0.0088074063289869     0.0000000000000000       -0.0000963776362590     0.0000000000000000
     0.0001669309627140     0.0000000000000000       -0.0000963776362590     0.0000000000000000       -0.0084457749229542     0.0000000000000000
    8   11
     0.0180153390987051     0.0000000000000000        0.0062613295981923     0.0000000000000000       -0.0047204808438531     0.0000000000000000
    -0.0062613295981923     0.0000000000000000       -0.0123076274527138     0.0000000000000000        0.0110269507173092     0.0000000000000000
     0.0047204808438531     0.0000000000000000        0.0110269507173092     0.0000000000000000       -0.0046895568824840     0.0000000000000000
    9    1
    -0.0836862530377127     0.0000000000000000       -0.0000000000000000     0.0000000000000000       -0.0000000000000000     0.0000000000000000
    -0.0000000000000000     0.0000000000000000       -0.0380961813037445     0.0000000000000000        0.0162005061299289     0.0000000000000000
    -0.0000000000000000     0.0000000000000000        0.0157083731146575     0.0000000000000000       -0.0775749823911795     0.0000000000000000
    9    2
     0.0045293523236576     0.0000000000000000        0.0000000000000000     0.0000000000000000        0.0000000000000000     0.0000000000000000
     0.0000000000000000     0.0000000000000000       -0.0281579546226605     0.0000000000000000       -0.0117739378151968     0.0000000000000000
     0.0000000000000000     0.0000000000000000       -0.0124164922267052     0.0000000000000000        0.0001245273516683     0.0000000000000000
    9    3
    -0.0096590177041691     0.0000000000000000       -0.0000000000000000     0.0000000000000000       -0.0000000000000000     0.0000000000000000
    -0.0000000000000000     0.0000000000000000       -0.0031924303068549     0.0000000000000000        0.0022278688221363     0.0000000000000000
    -0.0000000000000000     0.0000000000000000        0.0018727111383321     0.0000000000000000       -0.0093843858242543     0.0000000000000000
    9    4
     0.0035958756594911     0.0000000000000000        0.0000000000000000     0.0000000000000000        0.0000000000000000     0.0000000000000000
     0.0000000000000000     0.0000000000000000       -0.0137771560324069     0.0000000000000000       -0.0195721165091842     0.0000000000000000
     0.0000000000000000     0.0000000000000000       -0.0191806686263544     0.0000000000000000       -0.0275742031560918     0.0000000000000000
    9    5
     0.0031733137658421     0.0000000000000000        0.0000000000000000     0.0000000000000000       -0.0000000000000000     0.0000000000000000
     0.0000000000000000     0.0000000000000000       -0.0072581492461876     0.0000000000000000        0.0254672258821564     0.0000000000000000
    -0.0000000000000000     0.0000000000000000        0.0104952107138868     0.0000000000000000        0.0055091548703447     0.0000000000000000
    9    6
    -0.0047268858148580     0.0000000000000000        0.0068689000776251     0.0000000000000000        0.0071893790255417     0.0000000000000000
     0.0193915592740096     0.0000000000000000        0.0104345974608520     0.0000000000000000       -0.0096015316875094     0.0000000000000000
     0.0119098598693948     0.0000000000000000       -0.0014254190297997     0.0000000000000000       -0.0046895568824840     0.0000000000000000
    9    7
    -0.0089903336256416     0.0000000000000000       -0.0000000000000000     0.0000000000000000       -0.0000000000000000     0.0000000000000000
    -0.0000000000000000     0.0000000000000000       -0.0082586244390193     0.0000000000000000        0.0001927552725181     0.0000000000000000
    -0.0000000000000000     0.0000000000000000        0.0001927552725181     0.0000000000000000       -0.0084457749229542     0.0000000000000000
    9    8
    -0.0047268858148579     0.0000000000000000       -0.0068689000776251     0.0000000000000000       -0.0071893790255417     0.0000000000000000
    -0.0193915592740097     0.0000000000000000        0.0104345974608520     0.0000000000000000       -0.0096015316875095     0.0000000000000000
    -0.0119098598693948     0.0000000000000000       -0.0014254190297998     0.0000000000000000       -0.0046895568824841     0.0000000000000000
    9    9
     0.1189415127680219     0.0000000000000000        0.0000000000000000     0.0000000000000000        0.0000000000000000     0.0000000000000000
     0.0000000000000000     0.0000000000000000        0.1399305761805637     0.0000000000000000        0.0085949765844102     0.0000000000000000
     0.0000000000000001     0.0000000000000000        0.0085949765844102     0.0000000000000000        0.1213936792568721     0.0000000000000000
    9   10
    -0.0092253392598867     0.0000000000000000        0.0187417923320171     0.0000000000000000       -0.0020109891648670     0.0000000000000000
     0.0190243601743509     0.0000000000000000       -0.0310296375756970     0.0000000000000000       -0.0010671074958749     0.0000000000000000
    -0.0019296367824299     0.0000000000000000       -0.0012080139555728     0.0000000000000000        0.0026655492902814     0.0000000000000000
    9   11
    -0.0092253392598866     0.0000000000000000       -0.0187417923320170     0.0000000000000000        0.0020109891648670     0.0000000000000000
    -0.0190243601743508     0.0000000000000000       -0.0310296375756971     0.0000000000000000       -0.0010671074958749     0.0000000000000000
     0.0019296367824298     0.0000000000000000       -0.0012080139555728     0.0000000000000000        0.0026655492902814     0.0000000000000000
   10    1
    -0.0494936992372331     0.0000000000000000       -0.0197410801409889     0.0000000000000000        0.0140300498626830     0.0000000000000000
    -0.0197410801409889     0.0000000000000000       -0.0722887351042282     0.0000000000000000       -0.0081002530649643     0.0000000000000000
     0.0136038501694170     0.0000000000000000       -0.0078541865573286     0.0000000000000000       -0.0775749823911795     0.0000000000000000
   10    2
    -0.0199861278860785     0.0000000000000000        0.0141540190984049     0.0000000000000000       -0.0101965292505381     0.0000000000000000
     0.0141540190984049     0.0000000000000000       -0.0036424744129215     0.0000000000000000        0.0058869689075984     0.0000000000000000
    -0.0107529976942181     0.0000000000000000        0.0062082461133526     0.0000000000000000        0.0001245273516683     0.0000000000000000
   10    3
    -0.0048090771561832     0.0000000000000000       -0.0028001144809336     0.0000000000000000        0.0019293909962692     0.0000000000000000
    -0.0028001144809336     0.0000000000000000       -0.0080423708548414     0.0000000000000000       -0.0011139344110681     0.0000000000000000
     0.0016218154197455     0.0000000000000000       -0.0009363555691660     0.0000000000000000       -0.0093843858242543     0.0000000000000000
   10    4
    -0.0094338981094312     0.0000000000000000        0.0075227433929677     0.0000000000000000       -0.0169499501027814     0.0000000000000000
     0.0075227433929677     0.0000000000000000       -0.0007473822634831     0.0000000000000000        0.0097860582545922     0.0000000000000000
    -0.0166109462919931     0.0000000000000000        0.0095903343131772     0.0000000000000000       -0.0275742031560918     0.0000000000000000
   10    5
    -0.0046502834931795     0.0000000000000000        0.0045169559835276     0.0000000000000000        0.0220552645778627     0.0000000000000000
     0.0045169559835276     0.0000000000000000        0.0005654480128350     0.0000000000000000       -0.0127336129410782     0.0000000000000000
     0.0090891190962961     0.0000000000000000       -0.0052476053569434     0.0000000000000000        0.0055091548703447     0.0000000000000000
   10    6
     0.0180153390987051     0.0000000000000000        0.0062613295981923     0.0000000000000000       -0.0047204808438531     0.0000000000000000
    -0.0062613295981923     0.0000000000000000       -0.0123076274527138     0.0000000000000000        0.0110269507173092     0.0000000000000000
     0.0047204808438531     0.0000000000000000        0.0110269507173092     0.0000000000000000       -0.0046895568824840     0.0000000000000000
   10    7
    -0.0047268858148579     0.0000000000000000       -0.0193915592740097     0.0000000000000000       -0.0119098598693948     0.0000000000000000
    -0.0068689000776251     0.0000000000000000        0.0104345974608520     0.0000000000000000       -0.0014254190297998     0.0000000000000000
    -0.0071893790255417     0.0000000000000000       -0.0096015316875095     0.0000000000000000       -0.0046895568824841     0.0000000000000000
   10    8
    -0.0084415517356742     0.0000000000000000       -0.0003168393718991     0.0000000000000000        0.0001669309627140     0.0000000000000000
    -0.0003168393718991     0.0000000000000000       -0.0088074063289869     0.0000000000000000       -0.0000963776362590     0.0000000000000000
     0.0001669309627140     0.0000000000000000       -0.0000963776362590     0.0000000000000000       -0.0084457749229542     0.0000000000000000
   10    9
    -0.0092253392598867     0.0000000000000000        0.0190243601743509     0.0000000000000000       -0.0019296367824299     0.0000000000000000
     0.0187417923320171     0.0000000000000000       -0.0310296375756970     0.0000000000000000       -0.0012080139555728     0.0000000000000000
    -0.0020109891648670     0.0000000000000000       -0.0010671074958749     0.0000000000000000        0.0026655492902814     0.0000000000000000
   10   10
     0.1346833103274158     0.0000000000000000       -0.0090885310584451     0.0000000000000000        0.0074434680670313     0.0000000000000000
    -0.0090885310584451     0.0000000000000000        0.1241887786211681     0.0000000000000000       -0.0042974882922052     0.0000000000000000
     0.0074434680670313     0.0000000000000000       -0.0042974882922052     0.0000000000000000        0.1213936792568721     0.0000000000000000
   10   11
    -0.0419317867335967     0.0000000000000000       -0.0001412839211669     0.0000000000000000        0.0000813523824371     0.0000000000000000
     0.0001412839211669     0.0000000000000000        0.0016768098980169     0.0000000000000000        0.0022751214514476     0.0000000000000000
    -0.0000813523824371     0.0000000000000000        0.0022751214514476     0.0000000000000000        0.0026655492902814     0.0000000000000000
   11    1
    -0.0494936992372331     0.0000000000000000        0.0197410801409889     0.0000000000000000       -0.0140300498626830     0.0000000000000000
     0.0197410801409889     0.0000000000000000       -0.0722887351042281     0.0000000000000000       -0.0081002530649643     0.0000000000000000
    -0.0136038501694170     0.0000000000000000       -0.0078541865573286     0.0000000000000000       -0.0775749823911795     0.0000000000000000
   11    2
    -0.0199861278860785     0.0000000000000000       -0.0141540190984050     0.0000000000000000        0.0101965292505381     0.0000000000000000
    -0.0141540190984050     0.0000000000000000       -0.0036424744129215     0.0000000000000000        0.0058869689075984     0.0000000000000000
     0.0107529976942180     0.0000000000000000        0.0062082461133526     0.0000000000000000        0.0001245273516684     0.0000000000000000
   11    3
    -0.0048090771561832     0.0000000000000000        0.0028001144809336     0.0000000000000000       -0.0019293909962692     0.0000000000000000
     0.0028001144809336     0.0000000000000000       -0.0080423708548414     0.0000000000000000       -0.0011139344110681     0.0000000000000000
    -0.0016218154197455     0.0000000000000000       -0.0009363555691660     0.0000000000000000       -0.0093843858242543     0.0000000000000000
   11    4
    -0.0094338981094312     0.0000000000000000       -0.0075227433929677     0.0000000000000000        0.0169499501027814     0.0000000000000000
    -0.0075227433929677     0.0000000000000000       -0.0007473822634832     0.0000000000000000        0.0097860582545922     0.0000000000000000
     0.0166109462919931     0.0000000000000000        0.0095903343131773     0.0000000000000000       -0.0275742031560918     0.0000000000000000
   11    5
    -0.0046502834931795     0.0000000000000000       -0.0045169559835276     0.0000000000000000       -0.0220552645778627     0.0000000000000000
    -0.0045169559835276     0.0000000000000000        0.0005654480128350     0.0000000000000000       -0.0127336129410782     0.0000000000000000
    -0.0090891190962961     0.0000000000000000       -0.0052476053569434     0.0000000000000000        0.0055091548703446     0.0000000000000000
   11    6
    -0.0084415517356742     0.0000000000000000        0.0003168393718991     0.0000000000000000       -0.0001669309627140     0.0000000000000000
     0.0003168393718991     0.0000000000000000       -0.0088074063289869     0.0000000000000000       -0.0000963776362590     0.0000000000000000
    -0.0001669309627140     0.0000000000000000       -0.0000963776362590     0.0000000000000000       -0.0084457749229542     0.0000000000000000
   11    7
    -0.0047268858148580     0.0000000000000000        0.0193915592740097     0.0000000000000000        0.0119098598693948     0.0000000000000000
     0.0068689000776251     0.0000000000000000        0.0104345974608520     0.0000000000000000       -0.0014254190297997     0.0000000000000000
     0.0071893790255417     0.0000000000000000       -0.0096015316875094     0.0000000000000000       -0.0046895568824840     0.0000000000000000
   11    8
     0.0180153390987051     0.0000000000000000       -0.0062613295981923     0.0000000000000000        0.0047204808438531     0.0000000000000000
     0.0062613295981923     0.0000000000000000       -0.0123076274527138     0.0000000000000000        0.0110269507173092     0.0000000000000000
    -0.0047204808438531     0.0000000000000000        0.0110269507173092     0.0000000000000000       -0.0046895568824840     0.0000000000000000
   11    9
    -0.0092253392598866     0.0000000000000000       -0.0190243601743508     0.0000000000000000        0.0019296367824298     0.0000000000000000
    -0.0187417923320170     0.0000000000000000       -0.0310296375756971     0.0000000000000000       -0.0012080139555728     0.0000000000000000
     0.0020109891648670     0.0000000000000000       -0.0010671074958749     0.0000000000000000        0.0026655492902814     0.0000000000000000
   11   10
    -0.0419317867335967     0.0000000000000000        0.0001412839211669     0.0000000000000000       -0.0000813523824371     0.0000000000000000
    -0.0001412839211669     0.0000000000000000        0.0016768098980169     0.0000000000000000        0.0022751214514476     0.0000000000000000
     0.0000813523824371     0.0000000000000000        0.0022751214514476     0.0000000000000000        0.0026655492902814     0.0000000000000000
   11   11
     0.1346833103274158     0.0000000000000000        0.0090885310584452     0.0000000000000000       -0.0074434680670312     0.0000000000000000
     0.0090885310584452     0.0000000000000000        0.1241887786211681     0.0000000000000000       -0.0042974882922052     0.0000000000000000
    -0.0074434680670312     0.0000000000000000       -0.0042974882922052     0.0000000000000000        0.1213936792568721     0.0000000000000000

     Diagonalizing the dynamical matrix

     q = (     0.000000000000     0.000000000000     0.000000000000 )

***************************************************************************
   freq (    1) =    -0.00000114 [THz] =    -0.00003791 [cm-1]
(  -0.000000  0.000000   0.197175  0.000000  -0.228104  0.000000 )
(   0.000000  0.000000   0.197175  0.000000  -0.228104  0.000000 )
(  -0.000000  0.000000   0.197175  0.000000  -0.228104  0.000000 )
(  -0.000000  0.000000   0.197175  0.000000  -0.228104  0.000000 )
(  -0.000000  0.000000   0.197175  0.000000  -0.228104  0.000000 )
(   0.000000  0.000000   0.197175  0.000000  -0.228104  0.000000 )
(  -0.000000  0.000000   0.197175  0.000000  -0.228104  0.000000 )
(  -0.000000  0.000000   0.197175  0.000000  -0.228104  0.000000 )
(  -0.000000  0.000000   0.197175  0.000000  -0.228104  0.000000 )
(   0.000000  0.000000   0.197175  0.000000  -0.228104  0.000000 )
(   0.000000  0.000000   0.197175  0.000000  -0.228104  0.000000 )
   freq (    2) =    -0.00000013 [THz] =    -0.00000436 [cm-1]
(   0.301511  0.000000   0.000000  0.000000  -0.000000  0.000000 )
(   0.301511  0.000000   0.000000  0.000000  -0.000000  0.000000 )
(   0.301511  0.000000   0.000000  0.000000  -0.000000  0.000000 )
(   0.301511  0.000000   0.000000  0.000000  -0.000000  0.000000 )
(   0.301511  0.000000   0.000000  0.000000  -0.000000  0.000000 )
(   0.301511  0.000000   0.000000  0.000000  -0.000000  0.000000 )
(   0.301511  0.000000   0.000000  0.000000  -0.000000  0.000000 )
(   0.301511  0.000000   0.000000  0.000000  -0.000000  0.000000 )
(   0.301511  0.000000   0.000000  0.000000  -0.000000  0.000000 )
(   0.301511  0.000000   0.000000  0.000000  -0.000000  0.000000 )
(   0.301511  0.000000   0.000000  0.000000  -0.000000  0.000000 )
   freq (    3) =     0.00000076 [THz] =     0.00002546 [cm-1]
(  -0.000000  0.000000   0.228104  0.000000   0.197175  0.000000 )
(  -0.000000  0.000000   0.228104  0.000000   0.197175  0.000000 )
(   0.000000  0.000000   0.228104  0.000000   0.197175  0.000000 )
(   0.000000  0.000000   0.228104  0.000000   0.197175  0.000000 )
(  -0.000000  0.000000   0.228104  0.000000   0.197175  0.000000 )
(  -0.000000  0.000000   0.228104  0.000000   0.197175  0.000000 )
(  -0.000000  0.000000   0.228104  0.000000   0.197175  0.000000 )
(  -0.000000  0.000000   0.228104  0.000000   0.197175  0.000000 )
(  -0.000000  0.000000   0.228104  0.000000   0.197175  0.000000 )
(  -0.000000  0.000000   0.228104  0.000000   0.197175  0.000000 )
(   0.000000  0.000000   0.228104  0.000000   0.197175  0.000000 )
   freq (    4) =    25.45587185 [THz] =   849.11636475 [cm-1]
(  -0.021222  0.000000   0.000000  0.000000   0.000000  0.000000 )
(   0.480724  0.000000  -0.000000  0.000000  -0.000000  0.000000 )
(   0.480724  0.000000  -0.000000  0.000000  -0.000000  0.000000 )
(   0.180669  0.000000  -0.000000  0.000000  -0.000000  0.000000 )
(   0.180669  0.000000  -0.000000  0.000000  -0.000000  0.000000 )
(   0.305335  0.000000   0.066509  0.000000  -0.047852  0.000000 )
(   0.190138  0.000000  -0.000000  0.000000  -0.000000  0.000000 )
(   0.305335  0.000000  -0.066509  0.000000   0.047852  0.000000 )
(   0.190138  0.000000  -0.000000  0.000000  -0.000000  0.000000 )
(   0.305335  0.000000  -0.066509  0.000000   0.047852  0.000000 )
(   0.305335  0.000000   0.066509  0.000000  -0.047852  0.000000 )
   freq (    5) =    25.45587185 [THz] =   849.11636475 [cm-1]
(   0.000000  0.000000   0.021222  0.000000  -0.000000  0.000000 )
(  -0.000000  0.000000  -0.480724  0.000000   0.000000  0.000000 )
(  -0.000000  0.000000  -0.480724  0.000000   0.000000  0.000000 )
(  -0.000000  0.000000  -0.180669  0.000000   0.000000  0.000000 )
(  -0.000000  0.000000  -0.180669  0.000000   0.000000  0.000000 )
(  -0.066509  0.000000  -0.228537  0.000000   0.027627  0.000000 )
(  -0.000000  0.000000  -0.343734  0.000000  -0.055254  0.000000 )
(   0.066509  0.000000  -0.228537  0.000000   0.027627  0.000000 )
(  -0.000000  0.000000  -0.343734  0.000000  -0.055254  0.000000 )
(   0.066509  0.000000  -0.228537  0.000000   0.027627  0.000000 )
(  -0.066509  0.000000  -0.228537  0.000000   0.027627  0.000000 )
   freq (    6) =    25.51364808 [THz] =   851.04357204 [cm-1]
(  -0.000000  0.000000  -0.000000  0.000000  -0.021241  0.000000 )
(   0.000000  0.000000   0.000000  0.000000   0.486899  0.000000 )
(   0.000000  0.000000   0.000000  0.000000   0.486899  0.000000 )
(   0.000000  0.000000   0.000000  0.000000   0.347375  0.000000 )
(   0.000000  0.000000   0.000000  0.000000   0.347375  0.000000 )
(  -0.050112  0.000000  -0.028932  0.000000   0.209754  0.000000 )
(   0.000000  0.000000   0.057864  0.000000   0.209754  0.000000 )
(   0.050112  0.000000  -0.028932  0.000000   0.209754  0.000000 )
(   0.000000  0.000000   0.057864  0.000000   0.209754  0.000000 )
(   0.050112  0.000000  -0.028932  0.000000   0.209754  0.000000 )
(  -0.050112  0.000000  -0.028932  0.000000   0.209754  0.000000 )
   freq (    7) =    27.51572746 [THz] =   917.82574216 [cm-1]
(  -0.000000  0.000000  -0.000000  0.000000   0.000000  0.000000 )
(   0.431414  0.000000  -0.004533  0.000000   0.000000  0.000000 )
(  -0.431414  0.000000   0.004533  0.000000  -0.000000  0.000000 )
(   0.054057  0.000000  -0.000568  0.000000   0.000000  0.000000 )
(  -0.054057  0.000000   0.000568  0.000000  -0.000000  0.000000 )
(  -0.339046  0.000000  -0.158679  0.000000   0.107353  0.000000 )
(  -0.063059  0.000000   0.004553  0.000000   0.001311  0.000000 )
(  -0.342416  0.000000   0.161949  0.000000  -0.108663  0.000000 )
(   0.063059  0.000000  -0.004553  0.000000  -0.001311  0.000000 )
(   0.342416  0.000000  -0.161949  0.000000   0.108663  0.000000 )
(   0.339046  0.000000   0.158679  0.000000  -0.107353  0.000000 )
   freq (    8) =    27.51572746 [THz] =   917.82574216 [cm-1]
(  -0.000000  0.000000   0.000000  0.000000  -0.000000  0.000000 )
(   0.004533  0.000000   0.431414  0.000000  -0.000000  0.000000 )
(  -0.004533  0.000000  -0.431414  0.000000   0.000000  0.000000 )
(   0.000568  0.000000   0.054057  0.000000  -0.000000  0.000000 )
(  -0.000568  0.000000  -0.054057  0.000000   0.000000  0.000000 )
(  -0.163894  0.000000  -0.157301  0.000000   0.063493  0.000000 )
(  -0.000663  0.000000  -0.433288  0.000000  -0.124717  0.000000 )
(   0.156734  0.000000  -0.153932  0.000000   0.061224  0.000000 )
(   0.000663  0.000000   0.433288  0.000000   0.124717  0.000000 )
(  -0.156734  0.000000   0.153932  0.000000  -0.061224  0.000000 )
(   0.163894  0.000000   0.157301  0.000000  -0.063493  0.000000 )
   freq (    9) =    27.55513734 [THz] =   919.14031387 [cm-1]
(  -0.000000  0.000000  -0.000000  0.000000  -0.000000  0.000000 )
(  -0.000000  0.000000  -0.000000  0.000000  -0.457732  0.000000 )
(   0.000000  0.000000   0.000000  0.000000   0.457732  0.000000 )
(  -0.000000  0.000000  -0.000000  0.000000  -0.461693  0.000000 )
(   0.000000  0.000000   0.000000  0.000000   0.461693  0.000000 )
(  -0.111910  0.000000  -0.064611  0.000000   0.095265  0.000000 )
(   0.000000  0.000000   0.129222  0.000000   0.095265  0.000000 )
(   0.111910  0.000000  -0.064611  0.000000   0.095265  0.000000 )
(  -0.000000  0.000000  -0.129222  0.000000  -0.095265  0.000000 )
(  -0.111910  0.000000   0.064611  0.000000  -0.095265  0.000000 )
(   0.111910  0.000000   0.064611  0.000000  -0.095265  0.000000 )
   freq (   10) =    32.21047287 [THz] =  1074.42557029 [cm-1]
(  -0.000000  0.000000   0.000000  0.000000  -0.000000  0.000000 )
(   0.000000  0.000000  -0.000000  0.000000  -0.000000  0.000000 )
(  -0.000000  0.000000   0.000000  0.000000   0.000000  0.000000 )
(   0.000000  0.000000  -0.000000  0.000000   0.000000  0.000000 )
(  -0.000000  0.000000   0.000000  0.000000  -0.000000  0.000000 )
(   0.204124  0.000000  -0.353553  0.000000   0.000000  0.000000 )
(  -0.408248  0.000000  -0.000000  0.000000   0.000000  0.000000 )
(   0.204124  0.000000   0.353553  0.000000  -0.000000  0.000000 )
(   0.408248  0.000000   0.000000  0.000000  -0.000000  0.000000 )
(  -0.204124  0.000000  -0.353553  0.000000   0.000000  0.000000 )
(  -0.204124  0.000000   0.353553  0.000000  -0.000000  0.000000 )
   freq (   11) =    32.28746094 [THz] =  1076.99361523 [cm-1]
(  -0.000000  0.000000   0.000000  0.000000  -0.000000  0.000000 )
(   0.015958  0.000000   0.000023  0.000000   0.000000  0.000000 )
(  -0.015958  0.000000  -0.000023  0.000000  -0.000000  0.000000 )
(   0.425468  0.000000   0.000612  0.000000   0.000000  0.000000 )
(  -0.425468  0.000000  -0.000612  0.000000  -0.000000  0.000000 )
(   0.143712  0.000000   0.002298  0.000000   0.359315  0.000000 )
(   0.140081  0.000000   0.000209  0.000000  -0.000597  0.000000 )
(   0.143706  0.000000  -0.001891  0.000000  -0.358718  0.000000 )
(  -0.140081  0.000000  -0.000209  0.000000   0.000597  0.000000 )
(  -0.143706  0.000000   0.001891  0.000000   0.358718  0.000000 )
(  -0.143712  0.000000  -0.002298  0.000000  -0.359315  0.000000 )
   freq (   12) =    32.28746094 [THz] =  1076.99361523 [cm-1]
(  -0.000000  0.000000  -0.000000  0.000000  -0.000000  0.000000 )
(   0.000023  0.000000  -0.015958  0.000000   0.000000  0.000000 )
(  -0.000023  0.000000   0.015958  0.000000  -0.000000  0.000000 )
(   0.000612  0.000000  -0.425468  0.000000  -0.000000  0.000000 )
(  -0.000612  0.000000   0.425468  0.000000   0.000000  0.000000 )
(  -0.001888  0.000000  -0.141287  0.000000  -0.206762  0.000000 )
(   0.000202  0.000000  -0.144918  0.000000   0.414556  0.000000 )
(   0.002301  0.000000  -0.141293  0.000000  -0.207795  0.000000 )
(  -0.000202  0.000000   0.144918  0.000000  -0.414556  0.000000 )
(  -0.002301  0.000000   0.141293  0.000000   0.207795  0.000000 )
(   0.001888  0.000000   0.141287  0.000000   0.206762  0.000000 )
   freq (   13) =    34.22527603 [THz] =  1141.63215974 [cm-1]
(  -0.000000  0.000000  -0.000000  0.000000  -0.000000  0.000000 )
(   0.000000  0.000000  -0.000000  0.000000  -0.431141  0.000000 )
(  -0.000000  0.000000   0.000000  0.000000   0.431141  0.000000 )
(  -0.000000  0.000000   0.000000  0.000000   0.258917  0.000000 )
(   0.000000  0.000000  -0.000000  0.000000  -0.258917  0.000000 )
(  -0.009281  0.000000  -0.005359  0.000000  -0.286784  0.000000 )
(   0.000000  0.000000   0.010717  0.000000  -0.286784  0.000000 )
(   0.009281  0.000000  -0.005359  0.000000  -0.286784  0.000000 )
(  -0.000000  0.000000  -0.010717  0.000000   0.286784  0.000000 )
(  -0.009281  0.000000   0.005359  0.000000   0.286784  0.000000 )
(   0.009281  0.000000   0.005359  0.000000   0.286784  0.000000 )
   freq (   14) =    34.30697957 [THz] =  1144.35749634 [cm-1]
(  -0.000000  0.000000  -0.000000  0.000000   0.000000  0.000000 )
(   0.456431  0.000000  -0.000336  0.000000   0.000000  0.000000 )
(  -0.456431  0.000000   0.000336  0.000000  -0.000000  0.000000 )
(  -0.294788  0.000000   0.000217  0.000000  -0.000000  0.000000 )
(   0.294788  0.000000  -0.000217  0.000000   0.000000  0.000000 )
(   0.250688  0.000000  -0.017064  0.000000   0.009681  0.000000 )
(   0.279887  0.000000  -0.000177  0.000000   0.000008  0.000000 )
(   0.250663  0.000000   0.016666  0.000000  -0.009689  0.000000 )
(  -0.279887  0.000000   0.000177  0.000000  -0.000008  0.000000 )
(  -0.250663  0.000000  -0.016666  0.000000   0.009689  0.000000 )
(  -0.250688  0.000000   0.017064  0.000000  -0.009681  0.000000 )
   freq (   15) =    34.30697957 [THz] =  1144.35749634 [cm-1]
(  -0.000000  0.000000   0.000000  0.000000   0.000000  0.000000 )
(   0.000336  0.000000   0.456431  0.000000  -0.000000  0.000000 )
(  -0.000336  0.000000  -0.456431  0.000000   0.000000  0.000000 )
(  -0.000217  0.000000  -0.294788  0.000000   0.000000  0.000000 )
(   0.000217  0.000000   0.294788  0.000000  -0.000000  0.000000 )
(  -0.016681  0.000000   0.270138  0.000000   0.005599  0.000000 )
(   0.000206  0.000000   0.240939  0.000000  -0.011183  0.000000 )
(   0.017050  0.000000   0.270162  0.000000   0.005585  0.000000 )
(  -0.000206  0.000000  -0.240939  0.000000   0.011183  0.000000 )
(  -0.017050  0.000000  -0.270162  0.000000  -0.005585  0.000000 )
(   0.016681  0.000000  -0.270138  0.000000  -0.005599  0.000000 )
   freq (   16) =    34.49318229 [THz] =  1150.56854954 [cm-1]
(  -0.000634  0.000000  -0.000000  0.000000  -0.000000  0.000000 )
(  -0.038027  0.000000  -0.000000  0.000000   0.000000  0.000000 )
(  -0.038027  0.000000  -0.000000  0.000000  -0.000000  0.000000 )
(   0.220469  0.000000   0.000000  0.000000  -0.000000  0.000000 )
(   0.220469  0.000000   0.000000  0.000000   0.000000  0.000000 )
(   0.065087  0.000000   0.192863  0.000000   0.383890  0.000000 )
(  -0.268961  0.000000   0.000000  0.000000  -0.000000  0.000000 )
(   0.065087  0.000000  -0.192863  0.000000  -0.383890  0.000000 )
(  -0.268961  0.000000   0.000000  0.000000  -0.000000  0.000000 )
(   0.065087  0.000000  -0.192863  0.000000  -0.383890  0.000000 )
(   0.065087  0.000000   0.192863  0.000000   0.383890  0.000000 )
   freq (   17) =    34.49318229 [THz] =  1150.56854954 [cm-1]
(  -0.000000  0.000000   0.000634  0.000000   0.000000  0.000000 )
(  -0.000000  0.000000   0.038027  0.000000   0.000000  0.000000 )
(  -0.000000  0.000000   0.038027  0.000000   0.000000  0.000000 )
(   0.000000  0.000000  -0.220469  0.000000  -0.000000  0.000000 )
(   0.000000  0.000000  -0.220469  0.000000  -0.000000  0.000000 )
(  -0.192863  0.000000   0.157611  0.000000  -0.221639  0.000000 )
(  -0.000000  0.000000  -0.176437  0.000000   0.443278  0.000000 )
(   0.192863  0.000000   0.157611  0.000000  -0.221639  0.000000 )
(  -0.000000  0.000000  -0.176437  0.000000   0.443278  0.000000 )
(   0.192863  0.000000   0.157611  0.000000  -0.221639  0.000000 )
(  -0.192863  0.000000   0.157611  0.000000  -0.221639  0.000000 )
   freq (   18) =    34.89088406 [THz] =  1163.83445064 [cm-1]
(   0.000000  0.000000  -0.000000  0.000000   0.000000  0.000000 )
(   0.000000  0.000000  -0.000000  0.000000   0.000000  0.000000 )
(   0.000000  0.000000   0.000000  0.000000  -0.000000  0.000000 )
(  -0.000000  0.000000   0.000000  0.000000  -0.000000  0.000000 )
(  -0.000000  0.000000   0.000000  0.000000   0.000000  0.000000 )
(   0.204124  0.000000  -0.353553  0.000000  -0.000000  0.000000 )
(  -0.408248  0.000000  -0.000000  0.000000   0.000000  0.000000 )
(   0.204124  0.000000   0.353553  0.000000   0.000000  0.000000 )
(  -0.408248  0.000000  -0.000000  0.000000   0.000000  0.000000 )
(   0.204124  0.000000   0.353553  0.000000   0.000000  0.000000 )
(   0.204124  0.000000  -0.353553  0.000000  -0.000000  0.000000 )
   freq (   19) =    35.20223102 [THz] =  1174.21986604 [cm-1]
(  -0.000427  0.000000  -0.000000  0.000000   0.000000  0.000000 )
(  -0.048004  0.000000  -0.000000  0.000000   0.000000  0.000000 )
(  -0.048004  0.000000  -0.000000  0.000000   0.000000  0.000000 )
(  -0.499592  0.000000  -0.000000  0.000000   0.000000  0.000000 )
(  -0.499592  0.000000  -0.000000  0.000000  -0.000000  0.000000 )
(   0.153307  0.000000  -0.067609  0.000000   0.243757  0.000000 )
(   0.270409  0.000000   0.000000  0.000000  -0.000000  0.000000 )
(   0.153307  0.000000   0.067609  0.000000  -0.243757  0.000000 )
(   0.270409  0.000000   0.000000  0.000000  -0.000000  0.000000 )
(   0.153307  0.000000   0.067609  0.000000  -0.243757  0.000000 )
(   0.153307  0.000000  -0.067609  0.000000   0.243757  0.000000 )
   freq (   20) =    35.20223102 [THz] =  1174.21986604 [cm-1]
(  -0.000000  0.000000   0.000427  0.000000  -0.000000  0.000000 )
(  -0.000000  0.000000   0.048004  0.000000  -0.000000  0.000000 )
(  -0.000000  0.000000   0.048004  0.000000   0.000000  0.000000 )
(  -0.000000  0.000000   0.499592  0.000000   0.000000  0.000000 )
(  -0.000000  0.000000   0.499592  0.000000   0.000000  0.000000 )
(   0.067609  0.000000  -0.231375  0.000000  -0.140733  0.000000 )
(   0.000000  0.000000  -0.114273  0.000000   0.281466  0.000000 )
(  -0.067609  0.000000  -0.231375  0.000000  -0.140733  0.000000 )
(   0.000000  0.000000  -0.114273  0.000000   0.281466  0.000000 )
(  -0.067609  0.000000  -0.231375  0.000000  -0.140733  0.000000 )
(   0.067609  0.000000  -0.231375  0.000000  -0.140733  0.000000 )
   freq (   21) =    36.92131811 [THz] =  1231.56243054 [cm-1]
(   0.007441  0.000000   0.000000  0.000000  -0.000000  0.000000 )
(   0.476653  0.000000   0.000000  0.000000  -0.000000  0.000000 )
(   0.476653  0.000000   0.000000  0.000000  -0.000000  0.000000 )
(  -0.328811  0.000000  -0.000000  0.000000   0.000000  0.000000 )
(  -0.328811  0.000000  -0.000000  0.000000   0.000000  0.000000 )
(  -0.180336  0.000000   0.069009  0.000000   0.009310  0.000000 )
(  -0.299863  0.000000  -0.000000  0.000000   0.000000  0.000000 )
(  -0.180336  0.000000  -0.069009  0.000000  -0.009310  0.000000 )
(  -0.299863  0.000000  -0.000000  0.000000   0.000000  0.000000 )
(  -0.180336  0.000000  -0.069009  0.000000  -0.009310  0.000000 )
(  -0.180336  0.000000   0.069009  0.000000   0.009310  0.000000 )
   freq (   22) =    36.92131811 [THz] =  1231.56243054 [cm-1]
(   0.000000  0.000000  -0.007441  0.000000   0.000000  0.000000 )
(   0.000000  0.000000  -0.476653  0.000000   0.000000  0.000000 )
(   0.000000  0.000000  -0.476653  0.000000   0.000000  0.000000 )
(  -0.000000  0.000000   0.328811  0.000000  -0.000000  0.000000 )
(  -0.000000  0.000000   0.328811  0.000000  -0.000000  0.000000 )
(  -0.069009  0.000000   0.260020  0.000000  -0.005375  0.000000 )
(  -0.000000  0.000000   0.140493  0.000000   0.010751  0.000000 )
(   0.069009  0.000000   0.260020  0.000000  -0.005375  0.000000 )
(  -0.000000  0.000000   0.140493  0.000000   0.010751  0.000000 )
(   0.069009  0.000000   0.260020  0.000000  -0.005375  0.000000 )
(  -0.069009  0.000000   0.260020  0.000000  -0.005375  0.000000 )
   freq (   23) =    36.97402251 [THz] =  1233.32046006 [cm-1]
(  -0.000000  0.000000  -0.000000  0.000000  -0.007524  0.000000 )
(  -0.000000  0.000000  -0.000000  0.000000  -0.481670  0.000000 )
(  -0.000000  0.000000  -0.000000  0.000000  -0.481670  0.000000 )
(   0.000000  0.000000   0.000000  0.000000   0.171403  0.000000 )
(   0.000000  0.000000   0.000000  0.000000   0.171403  0.000000 )
(   0.049160  0.000000   0.028383  0.000000   0.276236  0.000000 )
(   0.000000  0.000000  -0.056766  0.000000   0.276236  0.000000 )
(  -0.049160  0.000000   0.028383  0.000000   0.276236  0.000000 )
(   0.000000  0.000000  -0.056766  0.000000   0.276236  0.000000 )
(  -0.049160  0.000000   0.028383  0.000000   0.276236  0.000000 )
(   0.049160  0.000000   0.028383  0.000000   0.276236  0.000000 )
   freq (   24) =    40.74072715 [THz] =  1358.96418439 [cm-1]
(  -0.000000  0.000000   0.000000  0.000000  -0.000021  0.000000 )
(  -0.000000  0.000000  -0.000000  0.000000   0.023953  0.000000 )
(  -0.000000  0.000000  -0.000000  0.000000   0.023953  0.000000 )
(   0.000000  0.000000  -0.000000  0.000000   0.361207  0.000000 )
(  -0.000000  0.000000  -0.000000  0.000000   0.361207  0.000000 )
(   0.282789  0.000000   0.163268  0.000000  -0.127902  0.000000 )
(  -0.000000  0.000000  -0.326537  0.000000  -0.127902  0.000000 )
(  -0.282789  0.000000   0.163268  0.000000  -0.127902  0.000000 )
(  -0.000000  0.000000  -0.326537  0.000000  -0.127902  0.000000 )
(  -0.282789  0.000000   0.163268  0.000000  -0.127902  0.000000 )
(   0.282789  0.000000   0.163268  0.000000  -0.127902  0.000000 )
   freq (   25) =    44.07611254 [THz] =  1470.22064956 [cm-1]
(   0.000000  0.000000  -0.000000  0.000000   0.000000  0.000000 )
(   0.003508  0.000000  -0.000022  0.000000  -0.000000  0.000000 )
(  -0.003508  0.000000   0.000022  0.000000  -0.000000  0.000000 )
(  -0.350821  0.000000   0.002154  0.000000   0.000000  0.000000 )
(   0.350821  0.000000  -0.002154  0.000000   0.000000  0.000000 )
(  -0.003416  0.000000   0.211246  0.000000   0.277730  0.000000 )
(  -0.365418  0.000000  -0.000730  0.000000   0.001976  0.000000 )
(  -0.000841  0.000000  -0.208245  0.000000  -0.279706  0.000000 )
(   0.365418  0.000000   0.000730  0.000000  -0.001976  0.000000 )
(   0.000841  0.000000   0.208245  0.000000   0.279706  0.000000 )
(   0.003416  0.000000  -0.211246  0.000000  -0.277730  0.000000 )
   freq (   26) =    44.07611254 [THz] =  1470.22064956 [cm-1]
(   0.000000  0.000000   0.000000  0.000000  -0.000000  0.000000 )
(  -0.000022  0.000000  -0.003508  0.000000   0.000000  0.000000 )
(   0.000022  0.000000   0.003508  0.000000  -0.000000  0.000000 )
(   0.002154  0.000000   0.350821  0.000000  -0.000000  0.000000 )
(  -0.002154  0.000000  -0.350821  0.000000   0.000000  0.000000 )
(  -0.209732  0.000000   0.243034  0.000000  -0.162629  0.000000 )
(   0.002244  0.000000  -0.118968  0.000000   0.321836  0.000000 )
(   0.209759  0.000000   0.245610  0.000000  -0.159207  0.000000 )
(  -0.002244  0.000000   0.118968  0.000000  -0.321836  0.000000 )
(  -0.209759  0.000000  -0.245610  0.000000   0.159207  0.000000 )
(   0.209732  0.000000  -0.243034  0.000000   0.162629  0.000000 )
   freq (   27) =    45.74617318 [THz] =  1525.92786816 [cm-1]
(   0.000000  0.000000   0.000000  0.000000   0.000000  0.000000 )
(   0.000000  0.000000  -0.000000  0.000000   0.323416  0.000000 )
(  -0.000000  0.000000   0.000000  0.000000  -0.323416  0.000000 )
(   0.000000  0.000000  -0.000000  0.000000  -0.306927  0.000000 )
(  -0.000000  0.000000   0.000000  0.000000   0.306927  0.000000 )
(  -0.171856  0.000000  -0.099221  0.000000  -0.247022  0.000000 )
(  -0.000000  0.000000   0.198443  0.000000  -0.247022  0.000000 )
(   0.171856  0.000000  -0.099221  0.000000  -0.247022  0.000000 )
(   0.000000  0.000000  -0.198443  0.000000   0.247022  0.000000 )
(  -0.171856  0.000000   0.099221  0.000000   0.247022  0.000000 )
(   0.171856  0.000000   0.099221  0.000000   0.247022  0.000000 )
   freq (   28) =    45.82897297 [THz] =  1528.68977149 [cm-1]
(   0.000000  0.000000  -0.000000  0.000000  -0.000000  0.000000 )
(  -0.324445  0.000000  -0.000145  0.000000   0.000000  0.000000 )
(   0.324445  0.000000   0.000145  0.000000  -0.000000  0.000000 )
(  -0.325690  0.000000  -0.000146  0.000000  -0.000000  0.000000 )
(   0.325690  0.000000   0.000146  0.000000   0.000000  0.000000 )
(  -0.093527  0.000000  -0.234469  0.000000   0.177977  0.000000 )
(   0.312828  0.000000  -0.000103  0.000000  -0.000092  0.000000 )
(  -0.093317  0.000000   0.234628  0.000000  -0.177885  0.000000 )
(  -0.312828  0.000000   0.000103  0.000000   0.000092  0.000000 )
(   0.093317  0.000000  -0.234628  0.000000   0.177885  0.000000 )
(   0.093527  0.000000   0.234469  0.000000  -0.177977  0.000000 )
   freq (   29) =    45.82897297 [THz] =  1528.68977149 [cm-1]
(   0.000000  0.000000   0.000000  0.000000  -0.000000  0.000000 )
(  -0.000145  0.000000   0.324445  0.000000   0.000000  0.000000 )
(   0.000145  0.000000  -0.324445  0.000000  -0.000000  0.000000 )
(  -0.000146  0.000000   0.325690  0.000000  -0.000000  0.000000 )
(   0.000146  0.000000  -0.325690  0.000000   0.000000  0.000000 )
(   0.234506  0.000000  -0.177516  0.000000  -0.102649  0.000000 )
(   0.000140  0.000000   0.228838  0.000000   0.205457  0.000000 )
(  -0.234590  0.000000  -0.177306  0.000000  -0.102808  0.000000 )
(  -0.000140  0.000000  -0.228838  0.000000  -0.205457  0.000000 )
(   0.234590  0.000000   0.177306  0.000000   0.102808  0.000000 )
(  -0.234506  0.000000   0.177516  0.000000   0.102649  0.000000 )
   freq (   30) =    46.14201251 [THz] =  1539.13164511 [cm-1]
(   0.000000  0.000000  -0.000000  0.000000   0.003139  0.000000 )
(  -0.000000  0.000000   0.000000  0.000000  -0.197996  0.000000 )
(  -0.000000  0.000000   0.000000  0.000000  -0.197996  0.000000 )
(  -0.000000  0.000000   0.000000  0.000000   0.469311  0.000000 )
(  -0.000000  0.000000   0.000000  0.000000   0.469311  0.000000 )
(  -0.200802  0.000000  -0.115933  0.000000  -0.162537  0.000000 )
(  -0.000000  0.000000   0.231866  0.000000  -0.162537  0.000000 )
(   0.200802  0.000000  -0.115933  0.000000  -0.162537  0.000000 )
(  -0.000000  0.000000   0.231866  0.000000  -0.162537  0.000000 )
(   0.200802  0.000000  -0.115933  0.000000  -0.162537  0.000000 )
(  -0.200802  0.000000  -0.115933  0.000000  -0.162537  0.000000 )
   freq (   31) =    46.37554903 [THz] =  1546.92158382 [cm-1]
(  -0.003352  0.000000   0.000000  0.000000   0.000000  0.000000 )
(   0.215362  0.000000  -0.000000  0.000000  -0.000000  0.000000 )
(   0.215362  0.000000  -0.000000  0.000000  -0.000000  0.000000 )
(   0.238916  0.000000  -0.000000  0.000000   0.000000  0.000000 )
(   0.238916  0.000000  -0.000000  0.000000   0.000000  0.000000 )
(  -0.231983  0.000000  -0.272867  0.000000   0.202586  0.000000 )
(   0.240636  0.000000   0.000000  0.000000   0.000000  0.000000 )
(  -0.231983  0.000000   0.272867  0.000000  -0.202586  0.000000 )
(   0.240636  0.000000   0.000000  0.000000   0.000000  0.000000 )
(  -0.231983  0.000000   0.272867  0.000000  -0.202586  0.000000 )
(  -0.231983  0.000000  -0.272867  0.000000   0.202586  0.000000 )
   freq (   32) =    46.37554903 [THz] =  1546.92158382 [cm-1]
(  -0.000000  0.000000  -0.003352  0.000000  -0.000000  0.000000 )
(   0.000000  0.000000   0.215362  0.000000   0.000000  0.000000 )
(   0.000000  0.000000   0.215362  0.000000   0.000000  0.000000 )
(   0.000000  0.000000   0.238916  0.000000  -0.000000  0.000000 )
(   0.000000  0.000000   0.238916  0.000000  -0.000000  0.000000 )
(  -0.272867  0.000000   0.083096  0.000000   0.116963  0.000000 )
(   0.000000  0.000000  -0.389523  0.000000  -0.233926  0.000000 )
(   0.272867  0.000000   0.083096  0.000000   0.116963  0.000000 )
(   0.000000  0.000000  -0.389523  0.000000  -0.233926  0.000000 )
(   0.272867  0.000000   0.083096  0.000000   0.116963  0.000000 )
(  -0.272867  0.000000   0.083096  0.000000   0.116963  0.000000 )
   freq (   33) =    60.75540021 [THz] =  2026.58171988 [cm-1]
(  -0.000000  0.000000  -0.000000  0.000000   0.000000  0.000000 )
(   0.000000  0.000000  -0.000000  0.000000   0.001233  0.000000 )
(  -0.000000  0.000000   0.000000  0.000000  -0.001233  0.000000 )
(  -0.000000  0.000000  -0.000000  0.000000  -0.354398  0.000000 )
(   0.000000  0.000000   0.000000  0.000000   0.354398  0.000000 )
(   0.287846  0.000000   0.166188  0.000000  -0.119692  0.000000 )
(   0.000000  0.000000  -0.332376  0.000000  -0.119692  0.000000 )
(  -0.287846  0.000000   0.166188  0.000000  -0.119692  0.000000 )
(   0.000000  0.000000   0.332376  0.000000   0.119692  0.000000 )
(   0.287846  0.000000  -0.166188  0.000000   0.119692  0.000000 )
(  -0.287846  0.000000  -0.166188  0.000000   0.119692  0.000000 )
***************************************************************************
