Dynamical matrix file
File generated with the CellConstructor by Lorenzo Monacelli
2 11 0     1.8897259890000000     0.0000000000000000     0.0000000000000000     0.0000000000000000     0.0000000000000000     0.0000000000000000
Basis vectors
    1.8149924199601057    -1.0478863622408545     2.9650018498045694
   -0.0000000000000028     2.0957727244817073     2.9650018498045698
   -1.8149924199601097    -1.0478863622408556     2.9650018498045663
	1  'La '  126604.5951757480361266
	2  'H '    918.7358275894680446
    1     1    -0.0000000000000018    -0.0000000000000001     4.4475028191644093
    2     2    -0.0000000000000012    -0.0000000000000006     2.2240374851864191
    3     2     0.0000000000000012     0.0000000000000006    -2.2240374851864191
    4     2    -0.0000000000000004    -0.0000000000000001     1.0705719984033442
    5     2     0.0000000000000004     0.0000000000000001    -1.0705719984033442
    6     2     0.9417281612304318     0.5437070068170420     6.2843978250160824
    7     2    -0.0000000000000027    -1.0874140136340875     6.2843978250160788
    8     2    -0.9417281612304350     0.5437070068170412     6.2843978250160797
    9     2    -0.0000000000000017     1.0874140136340875     2.6106078096079450
   10     2     0.9417281612304329    -0.5437070068170440     2.6106078096079459
   11     2    -0.9417281612304349    -0.5437070068170441     2.6106078096079446

     Dynamical Matrix in cartesian axes

     q = (     0.000000000000     0.000000000000     0.000000000000 )

    1    1
     0.6560526542258447     0.0000000000000000        0.0000000000000001     0.0000000000000000       -0.0000000000000002     0.0000000000000000
     0.0000000000000000     0.0000000000000000        0.6560526542261508     0.0000000000000000       -0.0000000000000001     0.0000000000000000
    -0.0000000000000002     0.0000000000000000       -0.0000000000000002     0.0000000000000000        0.6572740466372051     0.0000000000000000
    1    2
    -0.0330391528364743     0.0000000000000000        0.0000000000000000     0.0000000000000000        0.0000000000000000     0.0000000000000000
     0.0000000000000000     0.0000000000000000       -0.0330391528364897     0.0000000000000000        0.0000000000000000     0.0000000000000000
     0.0000000000000000     0.0000000000000000        0.0000000000000000     0.0000000000000000       -0.0323341393640516     0.0000000000000000
    1    3
    -0.0330391528364743     0.0000000000000000       -0.0000000000000000     0.0000000000000000        0.0000000000000000     0.0000000000000000
     0.0000000000000000     0.0000000000000000       -0.0330391528364897     0.0000000000000000        0.0000000000000000     0.0000000000000000
     0.0000000000000000     0.0000000000000000        0.0000000000000000     0.0000000000000000       -0.0323341393640516     0.0000000000000000
    1    4
    -0.0980318660795457     0.0000000000000000       -0.0000000000000000     0.0000000000000000       -0.0000000000000001     0.0000000000000000
    -0.0000000000000000     0.0000000000000000       -0.0980318660795914     0.0000000000000000       -0.0000000000000000     0.0000000000000000
    -0.0000000000000001     0.0000000000000000       -0.0000000000000000     0.0000000000000000       -0.0277434121408809     0.0000000000000000
    1    5
    -0.0980318660795457     0.0000000000000000       -0.0000000000000000     0.0000000000000000       -0.0000000000000001     0.0000000000000000
     0.0000000000000000     0.0000000000000000       -0.0980318660795914     0.0000000000000000       -0.0000000000000000     0.0000000000000000
    -0.0000000000000001     0.0000000000000000       -0.0000000000000000     0.0000000000000000       -0.0277434121408809     0.0000000000000000
    1    6
    -0.0503352343705541     0.0000000000000000        0.0265290168651265     0.0000000000000000       -0.0182678847342353     0.0000000000000000
     0.0265290168651265     0.0000000000000000       -0.0809683044274184     0.0000000000000000       -0.0105469681688383     0.0000000000000000
    -0.0190276555733173     0.0000000000000000       -0.0109856220673047     0.0000000000000000       -0.0895198239378900     0.0000000000000000
    1    7
    -0.0962848394557940     0.0000000000000000       -0.0000000000000000     0.0000000000000000        0.0000000000000000     0.0000000000000000
    -0.0000000000000000     0.0000000000000000       -0.0350186993421571     0.0000000000000000        0.0210939363376767     0.0000000000000000
     0.0000000000000000     0.0000000000000000        0.0219712441346097     0.0000000000000000       -0.0895198239378900     0.0000000000000000
    1    8
    -0.0503352343705541     0.0000000000000000       -0.0265290168651265     0.0000000000000000        0.0182678847342355     0.0000000000000000
    -0.0265290168651265     0.0000000000000000       -0.0809683044274185     0.0000000000000000       -0.0105469681688383     0.0000000000000000
     0.0190276555733174     0.0000000000000000       -0.0109856220673048     0.0000000000000000       -0.0895198239378900     0.0000000000000000
    1    9
    -0.0962848394557940     0.0000000000000000       -0.0000000000000000     0.0000000000000000        0.0000000000000000     0.0000000000000000
    -0.0000000000000000     0.0000000000000000       -0.0350186993421571     0.0000000000000000        0.0210939363376767     0.0000000000000000
     0.0000000000000000     0.0000000000000000        0.0219712441346097     0.0000000000000000       -0.0895198239378900     0.0000000000000000
    1   10
    -0.0503352343705541     0.0000000000000000       -0.0265290168651265     0.0000000000000000        0.0182678847342355     0.0000000000000000
    -0.0265290168651265     0.0000000000000000       -0.0809683044274185     0.0000000000000000       -0.0105469681688383     0.0000000000000000
     0.0190276555733174     0.0000000000000000       -0.0109856220673048     0.0000000000000000       -0.0895198239378900     0.0000000000000000
    1   11
    -0.0503352343705541     0.0000000000000000        0.0265290168651265     0.0000000000000000       -0.0182678847342353     0.0000000000000000
     0.0265290168651265     0.0000000000000000       -0.0809683044274184     0.0000000000000000       -0.0105469681688383     0.0000000000000000
    -0.0190276555733173     0.0000000000000000       -0.0109856220673047     0.0000000000000000       -0.0895198239378900     0.0000000000000000
    2    1
    -0.0330391528364743     0.0000000000000000        0.0000000000000000     0.0000000000000000        0.0000000000000000     0.0000000000000000
     0.0000000000000000     0.0000000000000000       -0.0330391528364897     0.0000000000000000        0.0000000000000000     0.0000000000000000
     0.0000000000000000     0.0000000000000000        0.0000000000000000     0.0000000000000000       -0.0323341393640516     0.0000000000000000
    2    2
     0.0883796315393384     0.0000000000000000       -0.0000000000000000     0.0000000000000000       -0.0000000000000000     0.0000000000000000
     0.0000000000000000     0.0000000000000000        0.0883796315393797     0.0000000000000000       -0.0000000000000000     0.0000000000000000
    -0.0000000000000000     0.0000000000000000       -0.0000000000000000     0.0000000000000000        0.0886148364661542     0.0000000000000000
    2    3
    -0.0037137458264715     0.0000000000000000       -0.0000000000000000     0.0000000000000000        0.0000000000000000     0.0000000000000000
    -0.0000000000000000     0.0000000000000000       -0.0037137458264733     0.0000000000000000        0.0000000000000000     0.0000000000000000
     0.0000000000000000     0.0000000000000000        0.0000000000000000     0.0000000000000000       -0.0047831220907566     0.0000000000000000
    2    4
     0.0072949908048316     0.0000000000000000        0.0000000000000000     0.0000000000000000        0.0000000000000000     0.0000000000000000
     0.0000000000000000     0.0000000000000000        0.0072949908048350     0.0000000000000000        0.0000000000000000     0.0000000000000000
     0.0000000000000000     0.0000000000000000        0.0000000000000000     0.0000000000000000       -0.0228548199315151     0.0000000000000000
    2    5
    -0.0151525688268265     0.0000000000000000        0.0000000000000000     0.0000000000000000       -0.0000000000000000     0.0000000000000000
     0.0000000000000000     0.0000000000000000       -0.0151525688268336     0.0000000000000000       -0.0000000000000000     0.0000000000000000
    -0.0000000000000000     0.0000000000000000       -0.0000000000000000     0.0000000000000000        0.0018556954817738     0.0000000000000000
    2    6
    -0.0044117900339301     0.0000000000000000        0.0063342377173839     0.0000000000000000       -0.0042641615132586     0.0000000000000000
     0.0063342377173839     0.0000000000000000       -0.0117259377364192     0.0000000000000000       -0.0024619147975484     0.0000000000000000
    -0.0041236973647177     0.0000000000000000       -0.0023808177835769     0.0000000000000000       -0.0127497648955927     0.0000000000000000
    2    7
    -0.0153830115876556     0.0000000000000000       -0.0000000000000000     0.0000000000000000        0.0000000000000000     0.0000000000000000
    -0.0000000000000000     0.0000000000000000       -0.0007547161826886     0.0000000000000000        0.0049238295950969     0.0000000000000000
    -0.0000000000000000     0.0000000000000000        0.0047616355671538     0.0000000000000000       -0.0127497648955927     0.0000000000000000
    2    8
    -0.0044117900339301     0.0000000000000000       -0.0063342377173839     0.0000000000000000        0.0042641615132586     0.0000000000000000
    -0.0063342377173839     0.0000000000000000       -0.0117259377364192     0.0000000000000000       -0.0024619147975485     0.0000000000000000
     0.0041236973647178     0.0000000000000000       -0.0023808177835769     0.0000000000000000       -0.0127497648955927     0.0000000000000000
    2    9
     0.0066023190955400     0.0000000000000000        0.0000000000000000     0.0000000000000000        0.0000000000000000     0.0000000000000000
     0.0000000000000000     0.0000000000000000       -0.0196440278948037     0.0000000000000000       -0.0088224385621054     0.0000000000000000
     0.0000000000000000     0.0000000000000000       -0.0102700031765572     0.0000000000000000        0.0025836147083911     0.0000000000000000
    2   10
    -0.0130824411472109     0.0000000000000000        0.0113650016250882     0.0000000000000000       -0.0076404559181090     0.0000000000000000
     0.0113650016250882     0.0000000000000000        0.0000407323479564     0.0000000000000000        0.0044112192810527     0.0000000000000000
    -0.0088940836478433     0.0000000000000000        0.0051350015882786     0.0000000000000000        0.0025836147083910     0.0000000000000000
    2   11
    -0.0130824411472109     0.0000000000000000       -0.0113650016250882     0.0000000000000000        0.0076404559181089     0.0000000000000000
    -0.0113650016250882     0.0000000000000000        0.0000407323479564     0.0000000000000000        0.0044112192810527     0.0000000000000000
     0.0088940836478433     0.0000000000000000        0.0051350015882786     0.0000000000000000        0.0025836147083911     0.0000000000000000
    3    1
    -0.0330391528364743     0.0000000000000000       -0.0000000000000000     0.0000000000000000        0.0000000000000000     0.0000000000000000
    -0.0000000000000000     0.0000000000000000       -0.0330391528364897     0.0000000000000000        0.0000000000000000     0.0000000000000000
     0.0000000000000000     0.0000000000000000        0.0000000000000000     0.0000000000000000       -0.0323341393640516     0.0000000000000000
    3    2
    -0.0037137458264715     0.0000000000000000        0.0000000000000000     0.0000000000000000        0.0000000000000000     0.0000000000000000
     0.0000000000000000     0.0000000000000000       -0.0037137458264733     0.0000000000000000        0.0000000000000000     0.0000000000000000
     0.0000000000000000     0.0000000000000000        0.0000000000000000     0.0000000000000000       -0.0047831220907566     0.0000000000000000
    3    3
     0.0883796315393384     0.0000000000000000        0.0000000000000000     0.0000000000000000       -0.0000000000000000     0.0000000000000000
    -0.0000000000000000     0.0000000000000000        0.0883796315393797     0.0000000000000000       -0.0000000000000000     0.0000000000000000
    -0.0000000000000000     0.0000000000000000       -0.0000000000000000     0.0000000000000000        0.0886148364661542     0.0000000000000000
    3    4
    -0.0151525688268265     0.0000000000000000       -0.0000000000000000     0.0000000000000000       -0.0000000000000000     0.0000000000000000
     0.0000000000000000     0.0000000000000000       -0.0151525688268336     0.0000000000000000       -0.0000000000000000     0.0000000000000000
    -0.0000000000000000     0.0000000000000000       -0.0000000000000000     0.0000000000000000        0.0018556954817738     0.0000000000000000
    3    5
     0.0072949908048316     0.0000000000000000        0.0000000000000000     0.0000000000000000        0.0000000000000000     0.0000000000000000
     0.0000000000000000     0.0000000000000000        0.0072949908048350     0.0000000000000000        0.0000000000000000     0.0000000000000000
     0.0000000000000000     0.0000000000000000        0.0000000000000000     0.0000000000000000       -0.0228548199315151     0.0000000000000000
    3    6
    -0.0130824411472109     0.0000000000000000       -0.0113650016250882     0.0000000000000000        0.0076404559181089     0.0000000000000000
    -0.0113650016250882     0.0000000000000000        0.0000407323479564     0.0000000000000000        0.0044112192810527     0.0000000000000000
     0.0088940836478433     0.0000000000000000        0.0051350015882786     0.0000000000000000        0.0025836147083911     0.0000000000000000
    3    7
     0.0066023190955400     0.0000000000000000        0.0000000000000000     0.0000000000000000        0.0000000000000000     0.0000000000000000
     0.0000000000000000     0.0000000000000000       -0.0196440278948037     0.0000000000000000       -0.0088224385621054     0.0000000000000000
     0.0000000000000000     0.0000000000000000       -0.0102700031765572     0.0000000000000000        0.0025836147083911     0.0000000000000000
    3    8
    -0.0130824411472109     0.0000000000000000        0.0113650016250882     0.0000000000000000       -0.0076404559181090     0.0000000000000000
     0.0113650016250882     0.0000000000000000        0.0000407323479564     0.0000000000000000        0.0044112192810527     0.0000000000000000
    -0.0088940836478433     0.0000000000000000        0.0051350015882786     0.0000000000000000        0.0025836147083910     0.0000000000000000
    3    9
    -0.0153830115876556     0.0000000000000000       -0.0000000000000000     0.0000000000000000        0.0000000000000000     0.0000000000000000
    -0.0000000000000000     0.0000000000000000       -0.0007547161826886     0.0000000000000000        0.0049238295950969     0.0000000000000000
    -0.0000000000000000     0.0000000000000000        0.0047616355671538     0.0000000000000000       -0.0127497648955927     0.0000000000000000
    3   10
    -0.0044117900339301     0.0000000000000000       -0.0063342377173839     0.0000000000000000        0.0042641615132586     0.0000000000000000
    -0.0063342377173839     0.0000000000000000       -0.0117259377364192     0.0000000000000000       -0.0024619147975485     0.0000000000000000
     0.0041236973647178     0.0000000000000000       -0.0023808177835769     0.0000000000000000       -0.0127497648955927     0.0000000000000000
    3   11
    -0.0044117900339301     0.0000000000000000        0.0063342377173839     0.0000000000000000       -0.0042641615132586     0.0000000000000000
     0.0063342377173839     0.0000000000000000       -0.0117259377364192     0.0000000000000000       -0.0024619147975484     0.0000000000000000
    -0.0041236973647177     0.0000000000000000       -0.0023808177835769     0.0000000000000000       -0.0127497648955927     0.0000000000000000
    4    1
    -0.0980318660795457     0.0000000000000000        0.0000000000000000     0.0000000000000000       -0.0000000000000001     0.0000000000000000
     0.0000000000000000     0.0000000000000000       -0.0980318660795914     0.0000000000000000       -0.0000000000000000     0.0000000000000000
    -0.0000000000000001     0.0000000000000000       -0.0000000000000000     0.0000000000000000       -0.0277434121408809     0.0000000000000000
    4    2
     0.0072949908048316     0.0000000000000000        0.0000000000000000     0.0000000000000000        0.0000000000000000     0.0000000000000000
     0.0000000000000000     0.0000000000000000        0.0072949908048350     0.0000000000000000        0.0000000000000000     0.0000000000000000
     0.0000000000000000     0.0000000000000000        0.0000000000000000     0.0000000000000000       -0.0228548199315151     0.0000000000000000
    4    3
    -0.0151525688268265     0.0000000000000000        0.0000000000000000     0.0000000000000000       -0.0000000000000000     0.0000000000000000
     0.0000000000000000     0.0000000000000000       -0.0151525688268336     0.0000000000000000       -0.0000000000000000     0.0000000000000000
    -0.0000000000000000     0.0000000000000000       -0.0000000000000000     0.0000000000000000        0.0018556954817738     0.0000000000000000
    4    4
     0.1208513335640819     0.0000000000000000        0.0000000000000000     0.0000000000000000       -0.0000000000000000     0.0000000000000000
     0.0000000000000000     0.0000000000000000        0.1208513335641382     0.0000000000000000       -0.0000000000000001     0.0000000000000000
    -0.0000000000000001     0.0000000000000000       -0.0000000000000001     0.0000000000000000        0.1326742530928371     0.0000000000000000
    4    5
    -0.0065464043382787     0.0000000000000000       -0.0000000000000000     0.0000000000000000       -0.0000000000000000     0.0000000000000000
    -0.0000000000000000     0.0000000000000000       -0.0065464043382818     0.0000000000000000       -0.0000000000000000     0.0000000000000000
    -0.0000000000000000     0.0000000000000000       -0.0000000000000000     0.0000000000000000        0.0011054963498164     0.0000000000000000
    4    6
    -0.0016819301004693     0.0000000000000000       -0.0055245072833337     0.0000000000000000       -0.0060253191188942     0.0000000000000000
    -0.0055245072833337     0.0000000000000000        0.0046972214338769     0.0000000000000000       -0.0034787196152478     0.0000000000000000
    -0.0148592852525067     0.0000000000000000       -0.0085790123405022     0.0000000000000000        0.0031339028558193     0.0000000000000000
    4    7
     0.0078867972010467     0.0000000000000000       -0.0000000000000000     0.0000000000000000        0.0000000000000000     0.0000000000000000
    -0.0000000000000000     0.0000000000000000       -0.0048715058676437     0.0000000000000000        0.0069574392304956     0.0000000000000000
    -0.0000000000000000     0.0000000000000000        0.0171580246810044     0.0000000000000000        0.0031339028558193     0.0000000000000000
    4    8
    -0.0016819301004694     0.0000000000000000        0.0055245072833337     0.0000000000000000        0.0060253191188942     0.0000000000000000
     0.0055245072833337     0.0000000000000000        0.0046972214338769     0.0000000000000000       -0.0034787196152478     0.0000000000000000
     0.0148592852525067     0.0000000000000000       -0.0085790123405022     0.0000000000000000        0.0031339028558193     0.0000000000000000
    4    9
     0.0061657312772999     0.0000000000000000        0.0000000000000000     0.0000000000000000        0.0000000000000000     0.0000000000000000
     0.0000000000000000     0.0000000000000000       -0.0147913460268871     0.0000000000000000       -0.0219322547177623     0.0000000000000000
     0.0000000000000000     0.0000000000000000       -0.0252467427122897     0.0000000000000000       -0.0314796404731631     0.0000000000000000
    4   10
    -0.0095520767008352     0.0000000000000000        0.0090746806672493     0.0000000000000000       -0.0189938897478488     0.0000000000000000
     0.0090746806672493     0.0000000000000000        0.0009264619512553     0.0000000000000000        0.0109661273588812     0.0000000000000000
    -0.0218643205516474     0.0000000000000000        0.0126233713561449     0.0000000000000000       -0.0314796404731632     0.0000000000000000
    4   11
    -0.0095520767008353     0.0000000000000000       -0.0090746806672493     0.0000000000000000        0.0189938897478489     0.0000000000000000
    -0.0090746806672493     0.0000000000000000        0.0009264619512553     0.0000000000000000        0.0109661273588812     0.0000000000000000
     0.0218643205516474     0.0000000000000000        0.0126233713561449     0.0000000000000000       -0.0314796404731631     0.0000000000000000
    5    1
    -0.0980318660795457     0.0000000000000000        0.0000000000000000     0.0000000000000000       -0.0000000000000001     0.0000000000000000
     0.0000000000000000     0.0000000000000000       -0.0980318660795914     0.0000000000000000       -0.0000000000000000     0.0000000000000000
    -0.0000000000000001     0.0000000000000000       -0.0000000000000000     0.0000000000000000       -0.0277434121408809     0.0000000000000000
    5    2
    -0.0151525688268265     0.0000000000000000        0.0000000000000000     0.0000000000000000       -0.0000000000000000     0.0000000000000000
     0.0000000000000000     0.0000000000000000       -0.0151525688268336     0.0000000000000000       -0.0000000000000000     0.0000000000000000
    -0.0000000000000000     0.0000000000000000       -0.0000000000000000     0.0000000000000000        0.0018556954817738     0.0000000000000000
    5    3
     0.0072949908048316     0.0000000000000000        0.0000000000000000     0.0000000000000000        0.0000000000000000     0.0000000000000000
     0.0000000000000000     0.0000000000000000        0.0072949908048350     0.0000000000000000        0.0000000000000000     0.0000000000000000
     0.0000000000000000     0.0000000000000000        0.0000000000000000     0.0000000000000000       -0.0228548199315151     0.0000000000000000
    5    4
    -0.0065464043382787     0.0000000000000000       -0.0000000000000000     0.0000000000000000       -0.0000000000000000     0.0000000000000000
    -0.0000000000000000     0.0000000000000000       -0.0065464043382818     0.0000000000000000       -0.0000000000000000     0.0000000000000000
    -0.0000000000000000     0.0000000000000000       -0.0000000000000000     0.0000000000000000        0.0011054963498164     0.0000000000000000
    5    5
     0.1208513335640819     0.0000000000000000        0.0000000000000000     0.0000000000000000       -0.0000000000000001     0.0000000000000000
     0.0000000000000000     0.0000000000000000        0.1208513335641382     0.0000000000000000       -0.0000000000000001     0.0000000000000000
    -0.0000000000000000     0.0000000000000000       -0.0000000000000001     0.0000000000000000        0.1326742530928371     0.0000000000000000
    5    6
    -0.0095520767008353     0.0000000000000000       -0.0090746806672493     0.0000000000000000        0.0189938897478489     0.0000000000000000
    -0.0090746806672493     0.0000000000000000        0.0009264619512553     0.0000000000000000        0.0109661273588812     0.0000000000000000
     0.0218643205516474     0.0000000000000000        0.0126233713561449     0.0000000000000000       -0.0314796404731631     0.0000000000000000
    5    7
     0.0061657312772999     0.0000000000000000        0.0000000000000000     0.0000000000000000        0.0000000000000000     0.0000000000000000
     0.0000000000000000     0.0000000000000000       -0.0147913460268871     0.0000000000000000       -0.0219322547177623     0.0000000000000000
     0.0000000000000000     0.0000000000000000       -0.0252467427122897     0.0000000000000000       -0.0314796404731631     0.0000000000000000
    5    8
    -0.0095520767008352     0.0000000000000000        0.0090746806672493     0.0000000000000000       -0.0189938897478488     0.0000000000000000
     0.0090746806672493     0.0000000000000000        0.0009264619512553     0.0000000000000000        0.0109661273588812     0.0000000000000000
    -0.0218643205516474     0.0000000000000000        0.0126233713561449     0.0000000000000000       -0.0314796404731632     0.0000000000000000
    5    9
     0.0078867972010467     0.0000000000000000       -0.0000000000000000     0.0000000000000000        0.0000000000000000     0.0000000000000000
    -0.0000000000000000     0.0000000000000000       -0.0048715058676437     0.0000000000000000        0.0069574392304956     0.0000000000000000
    -0.0000000000000000     0.0000000000000000        0.0171580246810044     0.0000000000000000        0.0031339028558193     0.0000000000000000
    5   10
    -0.0016819301004694     0.0000000000000000        0.0055245072833337     0.0000000000000000        0.0060253191188942     0.0000000000000000
     0.0055245072833337     0.0000000000000000        0.0046972214338769     0.0000000000000000       -0.0034787196152478     0.0000000000000000
     0.0148592852525067     0.0000000000000000       -0.0085790123405022     0.0000000000000000        0.0031339028558193     0.0000000000000000
    5   11
    -0.0016819301004693     0.0000000000000000       -0.0055245072833337     0.0000000000000000       -0.0060253191188942     0.0000000000000000
    -0.0055245072833337     0.0000000000000000        0.0046972214338769     0.0000000000000000       -0.0034787196152478     0.0000000000000000
    -0.0148592852525067     0.0000000000000000       -0.0085790123405022     0.0000000000000000        0.0031339028558193     0.0000000000000000
    6    1
    -0.0503352343705540     0.0000000000000000        0.0265290168651265     0.0000000000000000       -0.0190276555733173     0.0000000000000000
     0.0265290168651265     0.0000000000000000       -0.0809683044274185     0.0000000000000000       -0.0109856220673048     0.0000000000000000
    -0.0182678847342354     0.0000000000000000       -0.0105469681688383     0.0000000000000000       -0.0895198239378900     0.0000000000000000
    6    2
    -0.0044117900339301     0.0000000000000000        0.0063342377173839     0.0000000000000000       -0.0041236973647177     0.0000000000000000
     0.0063342377173839     0.0000000000000000       -0.0117259377364192     0.0000000000000000       -0.0023808177835769     0.0000000000000000
    -0.0042641615132586     0.0000000000000000       -0.0024619147975484     0.0000000000000000       -0.0127497648955927     0.0000000000000000
    6    3
    -0.0130824411472109     0.0000000000000000       -0.0113650016250882     0.0000000000000000        0.0088940836478433     0.0000000000000000
    -0.0113650016250882     0.0000000000000000        0.0000407323479564     0.0000000000000000        0.0051350015882786     0.0000000000000000
     0.0076404559181089     0.0000000000000000        0.0044112192810527     0.0000000000000000        0.0025836147083911     0.0000000000000000
    6    4
    -0.0016819301004693     0.0000000000000000       -0.0055245072833337     0.0000000000000000       -0.0148592852525067     0.0000000000000000
    -0.0055245072833337     0.0000000000000000        0.0046972214338769     0.0000000000000000       -0.0085790123405022     0.0000000000000000
    -0.0060253191188942     0.0000000000000000       -0.0034787196152478     0.0000000000000000        0.0031339028558193     0.0000000000000000
    6    5
    -0.0095520767008352     0.0000000000000000       -0.0090746806672493     0.0000000000000000        0.0218643205516474     0.0000000000000000
    -0.0090746806672493     0.0000000000000000        0.0009264619512553     0.0000000000000000        0.0126233713561449     0.0000000000000000
     0.0189938897478489     0.0000000000000000        0.0109661273588812     0.0000000000000000       -0.0314796404731631     0.0000000000000000
    6    6
     0.1295072039024493     0.0000000000000000        0.0060102303510271     0.0000000000000000       -0.0041727382716803     0.0000000000000000
     0.0060102303510271     0.0000000000000000        0.1225671876803938     0.0000000000000000       -0.0024091315644131     0.0000000000000000
    -0.0041727382716803     0.0000000000000000       -0.0024091315644131     0.0000000000000000        0.1214291910212531     0.0000000000000000
    6    7
    -0.0097667237987419     0.0000000000000000       -0.0249075022400586     0.0000000000000000        0.0005733691747977     0.0000000000000000
    -0.0212741727019217     0.0000000000000000       -0.0364297262581328     0.0000000000000000       -0.0027754012727176     0.0000000000000000
     0.0026902525952674     0.0000000000000000        0.0008911483652369     0.0000000000000000        0.0058231809068064     0.0000000000000000
    6    8
    -0.0497612274878027     0.0000000000000000        0.0018166647690685     0.0000000000000000       -0.0021168834204697     0.0000000000000000
    -0.0018166647690685     0.0000000000000000        0.0035647774309467     0.0000000000000000        0.0018842529074806     0.0000000000000000
     0.0021168834204697     0.0000000000000000        0.0018842529074806     0.0000000000000000        0.0058231809068064     0.0000000000000000
    6    9
    -0.0013618675346162     0.0000000000000000        0.0125338378583198     0.0000000000000000        0.0106280562914373     0.0000000000000000
     0.0036025353278386     0.0000000000000000        0.0079544718681582     0.0000000000000000       -0.0016405291986824     0.0000000000000000
     0.0067347681074274     0.0000000000000000       -0.0083839021418967     0.0000000000000000        0.0000301788062425     0.0000000000000000
    6   10
     0.0126126415695398     0.0000000000000000       -0.0044656512652406     0.0000000000000000        0.0038932881840099     0.0000000000000000
     0.0044656512652406     0.0000000000000000       -0.0060200372360043     0.0000000000000000        0.0100244313405791     0.0000000000000000
    -0.0038932881840099     0.0000000000000000        0.0100244313405791     0.0000000000000000        0.0000301788062425     0.0000000000000000
    6   11
    -0.0021665542978287     0.0000000000000000        0.0021133555200446     0.0000000000000000       -0.0015528579670439     0.0000000000000000
     0.0021133555200446     0.0000000000000000       -0.0046068470546125     0.0000000000000000       -0.0008965429652862     0.0000000000000000
    -0.0015528579670439     0.0000000000000000       -0.0008965429652862     0.0000000000000000       -0.0051041987049155     0.0000000000000000
    7    1
    -0.0962848394557940     0.0000000000000000       -0.0000000000000000     0.0000000000000000        0.0000000000000000     0.0000000000000000
    -0.0000000000000000     0.0000000000000000       -0.0350186993421571     0.0000000000000000        0.0219712441346097     0.0000000000000000
     0.0000000000000000     0.0000000000000000        0.0210939363376767     0.0000000000000000       -0.0895198239378900     0.0000000000000000
    7    2
    -0.0153830115876556     0.0000000000000000       -0.0000000000000000     0.0000000000000000        0.0000000000000000     0.0000000000000000
    -0.0000000000000000     0.0000000000000000       -0.0007547161826886     0.0000000000000000        0.0047616355671538     0.0000000000000000
    -0.0000000000000000     0.0000000000000000        0.0049238295950969     0.0000000000000000       -0.0127497648955927     0.0000000000000000
    7    3
     0.0066023190955400     0.0000000000000000        0.0000000000000000     0.0000000000000000        0.0000000000000000     0.0000000000000000
     0.0000000000000000     0.0000000000000000       -0.0196440278948037     0.0000000000000000       -0.0102700031765572     0.0000000000000000
     0.0000000000000000     0.0000000000000000       -0.0088224385621054     0.0000000000000000        0.0025836147083911     0.0000000000000000
    7    4
     0.0078867972010467     0.0000000000000000       -0.0000000000000000     0.0000000000000000       -0.0000000000000000     0.0000000000000000
    -0.0000000000000000     0.0000000000000000       -0.0048715058676437     0.0000000000000000        0.0171580246810044     0.0000000000000000
     0.0000000000000000     0.0000000000000000        0.0069574392304956     0.0000000000000000        0.0031339028558193     0.0000000000000000
    7    5
     0.0061657312772999     0.0000000000000000        0.0000000000000000     0.0000000000000000        0.0000000000000000     0.0000000000000000
     0.0000000000000000     0.0000000000000000       -0.0147913460268871     0.0000000000000000       -0.0252467427122897     0.0000000000000000
     0.0000000000000000     0.0000000000000000       -0.0219322547177623     0.0000000000000000       -0.0314796404731631     0.0000000000000000
    7    6
    -0.0097667237987419     0.0000000000000000       -0.0212741727019217     0.0000000000000000        0.0026902525952674     0.0000000000000000
    -0.0249075022400586     0.0000000000000000       -0.0364297262581328     0.0000000000000000        0.0008911483652369     0.0000000000000000
     0.0005733691747977     0.0000000000000000       -0.0027754012727176     0.0000000000000000        0.0058231809068064     0.0000000000000000
    7    7
     0.1190971795692802     0.0000000000000000       -0.0000000000000000     0.0000000000000000       -0.0000000000000000     0.0000000000000000
     0.0000000000000000     0.0000000000000000        0.1329772120135676     0.0000000000000000        0.0048182631288260     0.0000000000000000
    -0.0000000000000000     0.0000000000000000        0.0048182631288260     0.0000000000000000        0.1214291910212531     0.0000000000000000
    7    8
    -0.0097667237987419     0.0000000000000000        0.0212741727019217     0.0000000000000000       -0.0026902525952674     0.0000000000000000
     0.0249075022400586     0.0000000000000000       -0.0364297262581328     0.0000000000000000        0.0008911483652370     0.0000000000000000
    -0.0005733691747977     0.0000000000000000       -0.0027754012727176     0.0000000000000000        0.0058231809068064     0.0000000000000000
    7    9
    -0.0058269934330012     0.0000000000000000       -0.0000000000000000     0.0000000000000000        0.0000000000000000     0.0000000000000000
    -0.0000000000000000     0.0000000000000000       -0.0009464079194383     0.0000000000000000        0.0017930859305725     0.0000000000000000
     0.0000000000000000     0.0000000000000000        0.0017930859305725     0.0000000000000000       -0.0051041987049155     0.0000000000000000
    7   10
    -0.0013618675346161     0.0000000000000000       -0.0036025353278386     0.0000000000000000       -0.0067347681074274     0.0000000000000000
    -0.0125338378583198     0.0000000000000000        0.0079544718681582     0.0000000000000000       -0.0083839021418967     0.0000000000000000
    -0.0106280562914373     0.0000000000000000       -0.0016405291986824     0.0000000000000000        0.0000301788062424     0.0000000000000000
    7   11
    -0.0013618675346162     0.0000000000000000        0.0036025353278386     0.0000000000000000        0.0067347681074274     0.0000000000000000
     0.0125338378583198     0.0000000000000000        0.0079544718681582     0.0000000000000000       -0.0083839021418967     0.0000000000000000
     0.0106280562914373     0.0000000000000000       -0.0016405291986824     0.0000000000000000        0.0000301788062425     0.0000000000000000
    8    1
    -0.0503352343705541     0.0000000000000000       -0.0265290168651265     0.0000000000000000        0.0190276555733174     0.0000000000000000
    -0.0265290168651265     0.0000000000000000       -0.0809683044274185     0.0000000000000000       -0.0109856220673048     0.0000000000000000
     0.0182678847342355     0.0000000000000000       -0.0105469681688383     0.0000000000000000       -0.0895198239378900     0.0000000000000000
    8    2
    -0.0044117900339301     0.0000000000000000       -0.0063342377173839     0.0000000000000000        0.0041236973647178     0.0000000000000000
    -0.0063342377173839     0.0000000000000000       -0.0117259377364192     0.0000000000000000       -0.0023808177835769     0.0000000000000000
     0.0042641615132586     0.0000000000000000       -0.0024619147975485     0.0000000000000000       -0.0127497648955927     0.0000000000000000
    8    3
    -0.0130824411472109     0.0000000000000000        0.0113650016250882     0.0000000000000000       -0.0088940836478433     0.0000000000000000
     0.0113650016250882     0.0000000000000000        0.0000407323479564     0.0000000000000000        0.0051350015882786     0.0000000000000000
    -0.0076404559181090     0.0000000000000000        0.0044112192810527     0.0000000000000000        0.0025836147083910     0.0000000000000000
    8    4
    -0.0016819301004694     0.0000000000000000        0.0055245072833337     0.0000000000000000        0.0148592852525067     0.0000000000000000
     0.0055245072833337     0.0000000000000000        0.0046972214338769     0.0000000000000000       -0.0085790123405022     0.0000000000000000
     0.0060253191188942     0.0000000000000000       -0.0034787196152478     0.0000000000000000        0.0031339028558193     0.0000000000000000
    8    5
    -0.0095520767008352     0.0000000000000000        0.0090746806672493     0.0000000000000000       -0.0218643205516474     0.0000000000000000
     0.0090746806672493     0.0000000000000000        0.0009264619512553     0.0000000000000000        0.0126233713561449     0.0000000000000000
    -0.0189938897478488     0.0000000000000000        0.0109661273588812     0.0000000000000000       -0.0314796404731632     0.0000000000000000
    8    6
    -0.0497612274878027     0.0000000000000000       -0.0018166647690685     0.0000000000000000        0.0021168834204697     0.0000000000000000
     0.0018166647690685     0.0000000000000000        0.0035647774309467     0.0000000000000000        0.0018842529074806     0.0000000000000000
    -0.0021168834204697     0.0000000000000000        0.0018842529074806     0.0000000000000000        0.0058231809068064     0.0000000000000000
    8    7
    -0.0097667237987419     0.0000000000000000        0.0249075022400586     0.0000000000000000       -0.0005733691747977     0.0000000000000000
     0.0212741727019217     0.0000000000000000       -0.0364297262581328     0.0000000000000000       -0.0027754012727176     0.0000000000000000
    -0.0026902525952674     0.0000000000000000        0.0008911483652370     0.0000000000000000        0.0058231809068064     0.0000000000000000
    8    8
     0.1295072039024493     0.0000000000000000       -0.0060102303510271     0.0000000000000000        0.0041727382716802     0.0000000000000000
    -0.0060102303510270     0.0000000000000000        0.1225671876803938     0.0000000000000000       -0.0024091315644131     0.0000000000000000
     0.0041727382716802     0.0000000000000000       -0.0024091315644131     0.0000000000000000        0.1214291910212531     0.0000000000000000
    8    9
    -0.0013618675346161     0.0000000000000000       -0.0125338378583198     0.0000000000000000       -0.0106280562914373     0.0000000000000000
    -0.0036025353278386     0.0000000000000000        0.0079544718681582     0.0000000000000000       -0.0016405291986824     0.0000000000000000
    -0.0067347681074274     0.0000000000000000       -0.0083839021418967     0.0000000000000000        0.0000301788062424     0.0000000000000000
    8   10
    -0.0021665542978287     0.0000000000000000       -0.0021133555200446     0.0000000000000000        0.0015528579670439     0.0000000000000000
    -0.0021133555200446     0.0000000000000000       -0.0046068470546125     0.0000000000000000       -0.0008965429652862     0.0000000000000000
     0.0015528579670439     0.0000000000000000       -0.0008965429652862     0.0000000000000000       -0.0051041987049155     0.0000000000000000
    8   11
     0.0126126415695398     0.0000000000000000        0.0044656512652406     0.0000000000000000       -0.0038932881840099     0.0000000000000000
    -0.0044656512652406     0.0000000000000000       -0.0060200372360043     0.0000000000000000        0.0100244313405791     0.0000000000000000
     0.0038932881840099     0.0000000000000000        0.0100244313405791     0.0000000000000000        0.0000301788062425     0.0000000000000000
    9    1
    -0.0962848394557940     0.0000000000000000       -0.0000000000000000     0.0000000000000000        0.0000000000000000     0.0000000000000000
    -0.0000000000000000     0.0000000000000000       -0.0350186993421571     0.0000000000000000        0.0219712441346097     0.0000000000000000
     0.0000000000000000     0.0000000000000000        0.0210939363376767     0.0000000000000000       -0.0895198239378900     0.0000000000000000
    9    2
     0.0066023190955400     0.0000000000000000        0.0000000000000000     0.0000000000000000        0.0000000000000000     0.0000000000000000
     0.0000000000000000     0.0000000000000000       -0.0196440278948037     0.0000000000000000       -0.0102700031765572     0.0000000000000000
     0.0000000000000000     0.0000000000000000       -0.0088224385621054     0.0000000000000000        0.0025836147083911     0.0000000000000000
    9    3
    -0.0153830115876556     0.0000000000000000       -0.0000000000000000     0.0000000000000000        0.0000000000000000     0.0000000000000000
    -0.0000000000000000     0.0000000000000000       -0.0007547161826886     0.0000000000000000        0.0047616355671538     0.0000000000000000
    -0.0000000000000000     0.0000000000000000        0.0049238295950969     0.0000000000000000       -0.0127497648955927     0.0000000000000000
    9    4
     0.0061657312772999     0.0000000000000000        0.0000000000000000     0.0000000000000000        0.0000000000000000     0.0000000000000000
     0.0000000000000000     0.0000000000000000       -0.0147913460268871     0.0000000000000000       -0.0252467427122897     0.0000000000000000
     0.0000000000000000     0.0000000000000000       -0.0219322547177623     0.0000000000000000       -0.0314796404731631     0.0000000000000000
    9    5
     0.0078867972010467     0.0000000000000000       -0.0000000000000000     0.0000000000000000       -0.0000000000000000     0.0000000000000000
    -0.0000000000000000     0.0000000000000000       -0.0048715058676437     0.0000000000000000        0.0171580246810044     0.0000000000000000
     0.0000000000000000     0.0000000000000000        0.0069574392304956     0.0000000000000000        0.0031339028558193     0.0000000000000000
    9    6
    -0.0013618675346162     0.0000000000000000        0.0036025353278386     0.0000000000000000        0.0067347681074274     0.0000000000000000
     0.0125338378583198     0.0000000000000000        0.0079544718681582     0.0000000000000000       -0.0083839021418967     0.0000000000000000
     0.0106280562914373     0.0000000000000000       -0.0016405291986824     0.0000000000000000        0.0000301788062425     0.0000000000000000
    9    7
    -0.0058269934330012     0.0000000000000000       -0.0000000000000000     0.0000000000000000        0.0000000000000000     0.0000000000000000
    -0.0000000000000000     0.0000000000000000       -0.0009464079194383     0.0000000000000000        0.0017930859305725     0.0000000000000000
     0.0000000000000000     0.0000000000000000        0.0017930859305725     0.0000000000000000       -0.0051041987049155     0.0000000000000000
    9    8
    -0.0013618675346161     0.0000000000000000       -0.0036025353278386     0.0000000000000000       -0.0067347681074274     0.0000000000000000
    -0.0125338378583198     0.0000000000000000        0.0079544718681582     0.0000000000000000       -0.0083839021418967     0.0000000000000000
    -0.0106280562914373     0.0000000000000000       -0.0016405291986824     0.0000000000000000        0.0000301788062424     0.0000000000000000
    9    9
     0.1190971795692803     0.0000000000000000        0.0000000000000000     0.0000000000000000       -0.0000000000000000     0.0000000000000000
     0.0000000000000000     0.0000000000000000        0.1329772120135677     0.0000000000000000        0.0048182631288260     0.0000000000000000
    -0.0000000000000000     0.0000000000000000        0.0048182631288260     0.0000000000000000        0.1214291910212531     0.0000000000000000
    9   10
    -0.0097667237987419     0.0000000000000000        0.0212741727019217     0.0000000000000000       -0.0026902525952674     0.0000000000000000
     0.0249075022400586     0.0000000000000000       -0.0364297262581328     0.0000000000000000        0.0008911483652370     0.0000000000000000
    -0.0005733691747977     0.0000000000000000       -0.0027754012727176     0.0000000000000000        0.0058231809068064     0.0000000000000000
    9   11
    -0.0097667237987419     0.0000000000000000       -0.0212741727019217     0.0000000000000000        0.0026902525952674     0.0000000000000000
    -0.0249075022400586     0.0000000000000000       -0.0364297262581328     0.0000000000000000        0.0008911483652369     0.0000000000000000
     0.0005733691747977     0.0000000000000000       -0.0027754012727176     0.0000000000000000        0.0058231809068064     0.0000000000000000
   10    1
    -0.0503352343705541     0.0000000000000000       -0.0265290168651265     0.0000000000000000        0.0190276555733174     0.0000000000000000
    -0.0265290168651265     0.0000000000000000       -0.0809683044274185     0.0000000000000000       -0.0109856220673048     0.0000000000000000
     0.0182678847342355     0.0000000000000000       -0.0105469681688383     0.0000000000000000       -0.0895198239378900     0.0000000000000000
   10    2
    -0.0130824411472109     0.0000000000000000        0.0113650016250882     0.0000000000000000       -0.0088940836478433     0.0000000000000000
     0.0113650016250882     0.0000000000000000        0.0000407323479564     0.0000000000000000        0.0051350015882786     0.0000000000000000
    -0.0076404559181090     0.0000000000000000        0.0044112192810527     0.0000000000000000        0.0025836147083910     0.0000000000000000
   10    3
    -0.0044117900339301     0.0000000000000000       -0.0063342377173839     0.0000000000000000        0.0041236973647178     0.0000000000000000
    -0.0063342377173839     0.0000000000000000       -0.0117259377364192     0.0000000000000000       -0.0023808177835769     0.0000000000000000
     0.0042641615132586     0.0000000000000000       -0.0024619147975485     0.0000000000000000       -0.0127497648955927     0.0000000000000000
   10    4
    -0.0095520767008352     0.0000000000000000        0.0090746806672493     0.0000000000000000       -0.0218643205516474     0.0000000000000000
     0.0090746806672493     0.0000000000000000        0.0009264619512553     0.0000000000000000        0.0126233713561449     0.0000000000000000
    -0.0189938897478488     0.0000000000000000        0.0109661273588812     0.0000000000000000       -0.0314796404731632     0.0000000000000000
   10    5
    -0.0016819301004694     0.0000000000000000        0.0055245072833337     0.0000000000000000        0.0148592852525067     0.0000000000000000
     0.0055245072833337     0.0000000000000000        0.0046972214338769     0.0000000000000000       -0.0085790123405022     0.0000000000000000
     0.0060253191188942     0.0000000000000000       -0.0034787196152478     0.0000000000000000        0.0031339028558193     0.0000000000000000
   10    6
     0.0126126415695398     0.0000000000000000        0.0044656512652406     0.0000000000000000       -0.0038932881840099     0.0000000000000000
    -0.0044656512652406     0.0000000000000000       -0.0060200372360043     0.0000000000000000        0.0100244313405791     0.0000000000000000
     0.0038932881840099     0.0000000000000000        0.0100244313405791     0.0000000000000000        0.0000301788062425     0.0000000000000000
   10    7
    -0.0013618675346161     0.0000000000000000       -0.0125338378583198     0.0000000000000000       -0.0106280562914373     0.0000000000000000
    -0.0036025353278386     0.0000000000000000        0.0079544718681582     0.0000000000000000       -0.0016405291986824     0.0000000000000000
    -0.0067347681074274     0.0000000000000000       -0.0083839021418967     0.0000000000000000        0.0000301788062424     0.0000000000000000
   10    8
    -0.0021665542978287     0.0000000000000000       -0.0021133555200446     0.0000000000000000        0.0015528579670439     0.0000000000000000
    -0.0021133555200446     0.0000000000000000       -0.0046068470546125     0.0000000000000000       -0.0008965429652862     0.0000000000000000
     0.0015528579670439     0.0000000000000000       -0.0008965429652862     0.0000000000000000       -0.0051041987049155     0.0000000000000000
   10    9
    -0.0097667237987419     0.0000000000000000        0.0249075022400586     0.0000000000000000       -0.0005733691747977     0.0000000000000000
     0.0212741727019217     0.0000000000000000       -0.0364297262581328     0.0000000000000000       -0.0027754012727176     0.0000000000000000
    -0.0026902525952674     0.0000000000000000        0.0008911483652370     0.0000000000000000        0.0058231809068064     0.0000000000000000
   10   10
     0.1295072039024493     0.0000000000000000       -0.0060102303510271     0.0000000000000000        0.0041727382716802     0.0000000000000000
    -0.0060102303510270     0.0000000000000000        0.1225671876803938     0.0000000000000000       -0.0024091315644131     0.0000000000000000
     0.0041727382716802     0.0000000000000000       -0.0024091315644131     0.0000000000000000        0.1214291910212531     0.0000000000000000
   10   11
    -0.0497612274878027     0.0000000000000000       -0.0018166647690685     0.0000000000000000        0.0021168834204697     0.0000000000000000
     0.0018166647690685     0.0000000000000000        0.0035647774309467     0.0000000000000000        0.0018842529074806     0.0000000000000000
    -0.0021168834204697     0.0000000000000000        0.0018842529074806     0.0000000000000000        0.0058231809068064     0.0000000000000000
   11    1
    -0.0503352343705540     0.0000000000000000        0.0265290168651265     0.0000000000000000       -0.0190276555733173     0.0000000000000000
     0.0265290168651265     0.0000000000000000       -0.0809683044274185     0.0000000000000000       -0.0109856220673048     0.0000000000000000
    -0.0182678847342354     0.0000000000000000       -0.0105469681688383     0.0000000000000000       -0.0895198239378900     0.0000000000000000
   11    2
    -0.0130824411472109     0.0000000000000000       -0.0113650016250882     0.0000000000000000        0.0088940836478433     0.0000000000000000
    -0.0113650016250882     0.0000000000000000        0.0000407323479564     0.0000000000000000        0.0051350015882786     0.0000000000000000
     0.0076404559181089     0.0000000000000000        0.0044112192810527     0.0000000000000000        0.0025836147083911     0.0000000000000000
   11    3
    -0.0044117900339301     0.0000000000000000        0.0063342377173839     0.0000000000000000       -0.0041236973647177     0.0000000000000000
     0.0063342377173839     0.0000000000000000       -0.0117259377364192     0.0000000000000000       -0.0023808177835769     0.0000000000000000
    -0.0042641615132586     0.0000000000000000       -0.0024619147975484     0.0000000000000000       -0.0127497648955927     0.0000000000000000
   11    4
    -0.0095520767008353     0.0000000000000000       -0.0090746806672493     0.0000000000000000        0.0218643205516474     0.0000000000000000
    -0.0090746806672493     0.0000000000000000        0.0009264619512553     0.0000000000000000        0.0126233713561449     0.0000000000000000
     0.0189938897478489     0.0000000000000000        0.0109661273588812     0.0000000000000000       -0.0314796404731631     0.0000000000000000
   11    5
    -0.0016819301004693     0.0000000000000000       -0.0055245072833337     0.0000000000000000       -0.0148592852525067     0.0000000000000000
    -0.0055245072833337     0.0000000000000000        0.0046972214338769     0.0000000000000000       -0.0085790123405022     0.0000000000000000
    -0.0060253191188942     0.0000000000000000       -0.0034787196152478     0.0000000000000000        0.0031339028558193     0.0000000000000000
   11    6
    -0.0021665542978287     0.0000000000000000        0.0021133555200446     0.0000000000000000       -0.0015528579670439     0.0000000000000000
     0.0021133555200446     0.0000000000000000       -0.0046068470546125     0.0000000000000000       -0.0008965429652862     0.0000000000000000
    -0.0015528579670439     0.0000000000000000       -0.0008965429652862     0.0000000000000000       -0.0051041987049155     0.0000000000000000
   11    7
    -0.0013618675346162     0.0000000000000000        0.0125338378583198     0.0000000000000000        0.0106280562914373     0.0000000000000000
     0.0036025353278386     0.0000000000000000        0.0079544718681582     0.0000000000000000       -0.0016405291986824     0.0000000000000000
     0.0067347681074274     0.0000000000000000       -0.0083839021418967     0.0000000000000000        0.0000301788062425     0.0000000000000000
   11    8
     0.0126126415695398     0.0000000000000000       -0.0044656512652406     0.0000000000000000        0.0038932881840099     0.0000000000000000
     0.0044656512652406     0.0000000000000000       -0.0060200372360043     0.0000000000000000        0.0100244313405791     0.0000000000000000
    -0.0038932881840099     0.0000000000000000        0.0100244313405791     0.0000000000000000        0.0000301788062425     0.0000000000000000
   11    9
    -0.0097667237987419     0.0000000000000000       -0.0249075022400586     0.0000000000000000        0.0005733691747977     0.0000000000000000
    -0.0212741727019217     0.0000000000000000       -0.0364297262581328     0.0000000000000000       -0.0027754012727176     0.0000000000000000
     0.0026902525952674     0.0000000000000000        0.0008911483652369     0.0000000000000000        0.0058231809068064     0.0000000000000000
   11   10
    -0.0497612274878027     0.0000000000000000        0.0018166647690685     0.0000000000000000       -0.0021168834204697     0.0000000000000000
    -0.0018166647690685     0.0000000000000000        0.0035647774309467     0.0000000000000000        0.0018842529074806     0.0000000000000000
     0.0021168834204697     0.0000000000000000        0.0018842529074806     0.0000000000000000        0.0058231809068064     0.0000000000000000
   11   11
     0.1295072039024493     0.0000000000000000        0.0060102303510271     0.0000000000000000       -0.0041727382716803     0.0000000000000000
     0.0060102303510271     0.0000000000000000        0.1225671876803938     0.0000000000000000       -0.0024091315644130     0.0000000000000000
    -0.0041727382716803     0.0000000000000000       -0.0024091315644131     0.0000000000000000        0.1214291910212531     0.0000000000000000

     Diagonalizing the dynamical matrix

     q = (     0.000000000000     0.000000000000     0.000000000000 )

***************************************************************************
   freq (    1) =    -0.00000033 [THz] =    -0.00001091 [cm-1]
(   0.000000  0.000000   0.196693  0.000000  -0.228519  0.000000 )
(   0.000000  0.000000   0.196693  0.000000  -0.228519  0.000000 )
(   0.000000  0.000000   0.196693  0.000000  -0.228519  0.000000 )
(   0.000000  0.000000   0.196693  0.000000  -0.228519  0.000000 )
(   0.000000  0.000000   0.196693  0.000000  -0.228519  0.000000 )
(   0.000000  0.000000   0.196693  0.000000  -0.228519  0.000000 )
(   0.000000  0.000000   0.196693  0.000000  -0.228519  0.000000 )
(   0.000000  0.000000   0.196693  0.000000  -0.228519  0.000000 )
(   0.000000  0.000000   0.196693  0.000000  -0.228519  0.000000 )
(   0.000000  0.000000   0.196693  0.000000  -0.228519  0.000000 )
(   0.000000  0.000000   0.196693  0.000000  -0.228519  0.000000 )
   freq (    2) =     0.00000020 [THz] =     0.00000670 [cm-1]
(   0.301511  0.000000  -0.000000  0.000000   0.000000  0.000000 )
(   0.301511  0.000000  -0.000000  0.000000   0.000000  0.000000 )
(   0.301511  0.000000  -0.000000  0.000000   0.000000  0.000000 )
(   0.301511  0.000000  -0.000000  0.000000   0.000000  0.000000 )
(   0.301511  0.000000  -0.000000  0.000000   0.000000  0.000000 )
(   0.301511  0.000000  -0.000000  0.000000   0.000000  0.000000 )
(   0.301511  0.000000  -0.000000  0.000000   0.000000  0.000000 )
(   0.301511  0.000000  -0.000000  0.000000   0.000000  0.000000 )
(   0.301511  0.000000  -0.000000  0.000000   0.000000  0.000000 )
(   0.301511  0.000000  -0.000000  0.000000   0.000000  0.000000 )
(   0.301511  0.000000  -0.000000  0.000000   0.000000  0.000000 )
   freq (    3) =     0.00000122 [THz] =     0.00004074 [cm-1]
(  -0.000000  0.000000   0.228519  0.000000   0.196693  0.000000 )
(   0.000000  0.000000   0.228519  0.000000   0.196693  0.000000 )
(  -0.000000  0.000000   0.228519  0.000000   0.196693  0.000000 )
(  -0.000000  0.000000   0.228519  0.000000   0.196693  0.000000 )
(  -0.000000  0.000000   0.228519  0.000000   0.196693  0.000000 )
(   0.000000  0.000000   0.228519  0.000000   0.196693  0.000000 )
(  -0.000000  0.000000   0.228519  0.000000   0.196693  0.000000 )
(   0.000000  0.000000   0.228519  0.000000   0.196693  0.000000 )
(  -0.000000  0.000000   0.228519  0.000000   0.196693  0.000000 )
(  -0.000000  0.000000   0.228519  0.000000   0.196693  0.000000 )
(   0.000000  0.000000   0.228519  0.000000   0.196693  0.000000 )
   freq (    4) =    25.71497704 [THz] =   857.75918238 [cm-1]
(   0.000000  0.000000   0.000000  0.000000   0.000000  0.000000 )
(   0.309526  0.000000  -0.000098  0.000000  -0.000000  0.000000 )
(  -0.309526  0.000000   0.000098  0.000000  -0.000000  0.000000 )
(   0.094139  0.000000  -0.000030  0.000000  -0.000000  0.000000 )
(  -0.094139  0.000000   0.000030  0.000000  -0.000000  0.000000 )
(  -0.387166  0.000000  -0.164390  0.000000   0.124245  0.000000 )
(  -0.102379  0.000000   0.000153  0.000000   0.000045  0.000000 )
(  -0.387270  0.000000   0.164514  0.000000  -0.124290  0.000000 )
(   0.102379  0.000000  -0.000153  0.000000  -0.000045  0.000000 )
(   0.387270  0.000000  -0.164514  0.000000   0.124290  0.000000 )
(   0.387166  0.000000   0.164390  0.000000  -0.124245  0.000000 )
   freq (    5) =    25.71497704 [THz] =   857.75918238 [cm-1]
(   0.000000  0.000000   0.000000  0.000000  -0.000000  0.000000 )
(   0.000098  0.000000   0.309526  0.000000  -0.000000  0.000000 )
(  -0.000098  0.000000  -0.309526  0.000000   0.000000  0.000000 )
(   0.000030  0.000000   0.094139  0.000000  -0.000000  0.000000 )
(  -0.000030  0.000000  -0.094139  0.000000   0.000000  0.000000 )
(  -0.164575  0.000000  -0.197378  0.000000   0.071785  0.000000 )
(  -0.000032  0.000000  -0.482165  0.000000  -0.143492  0.000000 )
(   0.164329  0.000000  -0.197273  0.000000   0.071707  0.000000 )
(   0.000032  0.000000   0.482165  0.000000   0.143492  0.000000 )
(  -0.164329  0.000000   0.197273  0.000000  -0.071707  0.000000 )
(   0.164575  0.000000   0.197378  0.000000  -0.071785  0.000000 )
   freq (    6) =    25.73410465 [THz] =   858.39721055 [cm-1]
(   0.000000  0.000000  -0.000000  0.000000   0.020840  0.000000 )
(  -0.000000  0.000000   0.000000  0.000000  -0.498136  0.000000 )
(   0.000000  0.000000   0.000000  0.000000  -0.498136  0.000000 )
(  -0.000000  0.000000   0.000000  0.000000  -0.358365  0.000000 )
(   0.000000  0.000000   0.000000  0.000000  -0.358365  0.000000 )
(   0.053164  0.000000   0.030694  0.000000  -0.193142  0.000000 )
(   0.000000  0.000000  -0.061389  0.000000  -0.193142  0.000000 )
(  -0.053164  0.000000   0.030694  0.000000  -0.193142  0.000000 )
(  -0.000000  0.000000  -0.061389  0.000000  -0.193142  0.000000 )
(  -0.053164  0.000000   0.030694  0.000000  -0.193142  0.000000 )
(   0.053164  0.000000   0.030694  0.000000  -0.193142  0.000000 )
   freq (    7) =    25.79868428 [THz] =   860.55135468 [cm-1]
(   0.020929  0.000000   0.000000  0.000000  -0.000000  0.000000 )
(  -0.491361  0.000000  -0.000000  0.000000   0.000000  0.000000 )
(  -0.491361  0.000000  -0.000000  0.000000   0.000000  0.000000 )
(  -0.162782  0.000000  -0.000000  0.000000   0.000000  0.000000 )
(  -0.162782  0.000000  -0.000000  0.000000   0.000000  0.000000 )
(  -0.304210  0.000000  -0.072015  0.000000   0.045691  0.000000 )
(  -0.179476  0.000000  -0.000000  0.000000   0.000000  0.000000 )
(  -0.304210  0.000000   0.072015  0.000000  -0.045691  0.000000 )
(  -0.179476  0.000000  -0.000000  0.000000   0.000000  0.000000 )
(  -0.304210  0.000000   0.072015  0.000000  -0.045691  0.000000 )
(  -0.304210  0.000000  -0.072015  0.000000   0.045691  0.000000 )
   freq (    8) =    25.79868428 [THz] =   860.55135468 [cm-1]
(  -0.000000  0.000000   0.020929  0.000000   0.000000  0.000000 )
(  -0.000000  0.000000  -0.491361  0.000000  -0.000000  0.000000 )
(   0.000000  0.000000  -0.491361  0.000000  -0.000000  0.000000 )
(  -0.000000  0.000000  -0.162782  0.000000  -0.000000  0.000000 )
(   0.000000  0.000000  -0.162782  0.000000  -0.000000  0.000000 )
(  -0.072015  0.000000  -0.221054  0.000000   0.026380  0.000000 )
(   0.000000  0.000000  -0.345788  0.000000  -0.052759  0.000000 )
(   0.072015  0.000000  -0.221054  0.000000   0.026380  0.000000 )
(  -0.000000  0.000000  -0.345788  0.000000  -0.052759  0.000000 )
(   0.072015  0.000000  -0.221054  0.000000   0.026380  0.000000 )
(  -0.072015  0.000000  -0.221054  0.000000   0.026380  0.000000 )
   freq (    9) =    25.98996399 [THz] =   866.93175829 [cm-1]
(  -0.000000  0.000000   0.000000  0.000000   0.000000  0.000000 )
(  -0.000000  0.000000   0.000000  0.000000   0.377331  0.000000 )
(   0.000000  0.000000  -0.000000  0.000000  -0.377331  0.000000 )
(  -0.000000  0.000000   0.000000  0.000000   0.514627  0.000000 )
(   0.000000  0.000000  -0.000000  0.000000  -0.514627  0.000000 )
(   0.116791  0.000000   0.067429  0.000000  -0.112870  0.000000 )
(   0.000000  0.000000  -0.134859  0.000000  -0.112870  0.000000 )
(  -0.116791  0.000000   0.067429  0.000000  -0.112870  0.000000 )
(  -0.000000  0.000000   0.134859  0.000000   0.112870  0.000000 )
(   0.116791  0.000000  -0.067429  0.000000   0.112870  0.000000 )
(  -0.116791  0.000000  -0.067429  0.000000   0.112870  0.000000 )
   freq (   10) =    29.31594166 [THz] =   977.87441551 [cm-1]
(   0.000000  0.000000  -0.000000  0.000000   0.000000  0.000000 )
(  -0.545904  0.000000   0.001191  0.000000  -0.000000  0.000000 )
(   0.545904  0.000000  -0.001191  0.000000   0.000000  0.000000 )
(   0.267189  0.000000  -0.000583  0.000000   0.000000  0.000000 )
(  -0.267189  0.000000   0.000583  0.000000  -0.000000  0.000000 )
(  -0.175309  0.000000   0.046250  0.000000  -0.011543  0.000000 )
(  -0.254454  0.000000   0.000325  0.000000  -0.000029  0.000000 )
(  -0.175109  0.000000  -0.045255  0.000000   0.011572  0.000000 )
(   0.254454  0.000000  -0.000325  0.000000   0.000029  0.000000 )
(   0.175109  0.000000   0.045255  0.000000  -0.011572  0.000000 )
(   0.175309  0.000000  -0.046250  0.000000   0.011543  0.000000 )
   freq (   11) =    29.31594166 [THz] =   977.87441552 [cm-1]
(   0.000000  0.000000   0.000000  0.000000  -0.000000  0.000000 )
(  -0.001191  0.000000  -0.545904  0.000000  -0.000000  0.000000 )
(   0.001191  0.000000   0.545904  0.000000   0.000000  0.000000 )
(   0.000583  0.000000   0.267189  0.000000  -0.000000  0.000000 )
(  -0.000583  0.000000  -0.267189  0.000000   0.000000  0.000000 )
(   0.045370  0.000000  -0.227939  0.000000  -0.006698  0.000000 )
(  -0.000555  0.000000  -0.148794  0.000000   0.013345  0.000000 )
(  -0.046135  0.000000  -0.228139  0.000000  -0.006647  0.000000 )
(   0.000555  0.000000   0.148794  0.000000  -0.013345  0.000000 )
(   0.046135  0.000000   0.228139  0.000000   0.006647  0.000000 )
(  -0.045370  0.000000   0.227939  0.000000   0.006698  0.000000 )
   freq (   12) =    30.30100877 [THz] =  1010.73271290 [cm-1]
(  -0.000000  0.000000  -0.000000  0.000000  -0.000000  0.000000 )
(   0.000000  0.000000  -0.000000  0.000000  -0.499910  0.000000 )
(  -0.000000  0.000000   0.000000  0.000000   0.499910  0.000000 )
(  -0.000000  0.000000   0.000000  0.000000   0.214793  0.000000 )
(   0.000000  0.000000  -0.000000  0.000000  -0.214793  0.000000 )
(  -0.021005  0.000000  -0.012127  0.000000  -0.259608  0.000000 )
(   0.000000  0.000000   0.024255  0.000000  -0.259608  0.000000 )
(   0.021005  0.000000  -0.012127  0.000000  -0.259608  0.000000 )
(  -0.000000  0.000000  -0.024255  0.000000   0.259608  0.000000 )
(  -0.021005  0.000000   0.012127  0.000000   0.259608  0.000000 )
(   0.021005  0.000000   0.012127  0.000000   0.259608  0.000000 )
   freq (   13) =    32.60488228 [THz] =  1087.58165002 [cm-1]
(  -0.000000  0.000000  -0.000000  0.000000  -0.000000  0.000000 )
(   0.000000  0.000000   0.000000  0.000000   0.000000  0.000000 )
(  -0.000000  0.000000  -0.000000  0.000000  -0.000000  0.000000 )
(  -0.000000  0.000000   0.000000  0.000000  -0.000000  0.000000 )
(   0.000000  0.000000  -0.000000  0.000000   0.000000  0.000000 )
(   0.204124  0.000000  -0.353553  0.000000   0.000000  0.000000 )
(  -0.408248  0.000000   0.000000  0.000000  -0.000000  0.000000 )
(   0.204124  0.000000   0.353553  0.000000  -0.000000  0.000000 )
(   0.408248  0.000000  -0.000000  0.000000   0.000000  0.000000 )
(  -0.204124  0.000000  -0.353553  0.000000   0.000000  0.000000 )
(  -0.204124  0.000000   0.353553  0.000000  -0.000000  0.000000 )
   freq (   14) =    32.77448348 [THz] =  1093.23893620 [cm-1]
(  -0.000000  0.000000  -0.000000  0.000000  -0.000000  0.000000 )
(  -0.017678  0.000000  -0.000008  0.000000   0.000000  0.000000 )
(   0.017678  0.000000   0.000008  0.000000  -0.000000  0.000000 )
(  -0.412922  0.000000  -0.000178  0.000000  -0.000000  0.000000 )
(   0.412922  0.000000   0.000178  0.000000   0.000000  0.000000 )
(  -0.152637  0.000000  -0.000011  0.000000  -0.360131  0.000000 )
(  -0.152732  0.000000  -0.000066  0.000000   0.000180  0.000000 )
(  -0.152637  0.000000  -0.000121  0.000000   0.359951  0.000000 )
(   0.152732  0.000000   0.000066  0.000000  -0.000180  0.000000 )
(   0.152637  0.000000   0.000121  0.000000  -0.359951  0.000000 )
(   0.152637  0.000000   0.000011  0.000000   0.360131  0.000000 )
   freq (   15) =    32.77448348 [THz] =  1093.23893620 [cm-1]
(  -0.000000  0.000000  -0.000000  0.000000   0.000000  0.000000 )
(  -0.000008  0.000000   0.017678  0.000000  -0.000000  0.000000 )
(   0.000008  0.000000  -0.017678  0.000000  -0.000000  0.000000 )
(  -0.000178  0.000000   0.412922  0.000000  -0.000000  0.000000 )
(   0.000178  0.000000  -0.412922  0.000000  -0.000000  0.000000 )
(  -0.000121  0.000000   0.152701  0.000000   0.207714  0.000000 )
(  -0.000066  0.000000   0.152606  0.000000  -0.415740  0.000000 )
(  -0.000011  0.000000   0.152701  0.000000   0.208025  0.000000 )
(   0.000066  0.000000  -0.152606  0.000000   0.415740  0.000000 )
(   0.000011  0.000000  -0.152701  0.000000  -0.208025  0.000000 )
(   0.000121  0.000000  -0.152701  0.000000  -0.207714  0.000000 )
   freq (   16) =    33.23989274 [THz] =  1108.76331585 [cm-1]
(  -0.000000  0.000000  -0.000000  0.000000   0.000000  0.000000 )
(   0.000000  0.000000   0.000000  0.000000   0.000000  0.000000 )
(   0.000000  0.000000  -0.000000  0.000000   0.000000  0.000000 )
(  -0.000000  0.000000   0.000000  0.000000  -0.000000  0.000000 )
(  -0.000000  0.000000   0.000000  0.000000  -0.000000  0.000000 )
(  -0.204124  0.000000   0.353553  0.000000  -0.000000  0.000000 )
(   0.408248  0.000000  -0.000000  0.000000   0.000000  0.000000 )
(  -0.204124  0.000000  -0.353553  0.000000   0.000000  0.000000 )
(   0.408248  0.000000  -0.000000  0.000000   0.000000  0.000000 )
(  -0.204124  0.000000  -0.353553  0.000000   0.000000  0.000000 )
(  -0.204124  0.000000   0.353553  0.000000  -0.000000  0.000000 )
   freq (   17) =    33.54079148 [THz] =  1118.80021609 [cm-1]
(  -0.000521  0.000000  -0.000000  0.000000  -0.000000  0.000000 )
(   0.001700  0.000000   0.000000  0.000000  -0.000000  0.000000 )
(   0.001700  0.000000   0.000000  0.000000  -0.000000  0.000000 )
(   0.431720  0.000000   0.000000  0.000000   0.000000  0.000000 )
(   0.431720  0.000000   0.000000  0.000000   0.000000  0.000000 )
(  -0.133449  0.000000  -0.001639  0.000000  -0.361202  0.000000 )
(  -0.130610  0.000000  -0.000000  0.000000   0.000000  0.000000 )
(  -0.133449  0.000000   0.001639  0.000000   0.361202  0.000000 )
(  -0.130610  0.000000  -0.000000  0.000000   0.000000  0.000000 )
(  -0.133449  0.000000   0.001639  0.000000   0.361202  0.000000 )
(  -0.133449  0.000000  -0.001639  0.000000  -0.361202  0.000000 )
   freq (   18) =    33.54079148 [THz] =  1118.80021609 [cm-1]
(   0.000000  0.000000  -0.000521  0.000000   0.000000  0.000000 )
(  -0.000000  0.000000   0.001700  0.000000  -0.000000  0.000000 )
(  -0.000000  0.000000   0.001700  0.000000  -0.000000  0.000000 )
(  -0.000000  0.000000   0.431720  0.000000  -0.000000  0.000000 )
(  -0.000000  0.000000   0.431720  0.000000   0.000000  0.000000 )
(  -0.001639  0.000000  -0.131557  0.000000  -0.208540  0.000000 )
(   0.000000  0.000000  -0.134395  0.000000   0.417080  0.000000 )
(   0.001639  0.000000  -0.131557  0.000000  -0.208540  0.000000 )
(   0.000000  0.000000  -0.134395  0.000000   0.417080  0.000000 )
(   0.001639  0.000000  -0.131557  0.000000  -0.208540  0.000000 )
(  -0.001639  0.000000  -0.131557  0.000000  -0.208540  0.000000 )
   freq (   19) =    35.04534998 [THz] =  1168.98687858 [cm-1]
(   0.000292  0.000000   0.000000  0.000000  -0.000000  0.000000 )
(   0.011706  0.000000   0.000000  0.000000  -0.000000  0.000000 )
(   0.011706  0.000000   0.000000  0.000000  -0.000000  0.000000 )
(  -0.368343  0.000000  -0.000000  0.000000  -0.000000  0.000000 )
(  -0.368343  0.000000  -0.000000  0.000000  -0.000000  0.000000 )
(  -0.006747  0.000000  -0.205962  0.000000  -0.279965  0.000000 )
(   0.349990  0.000000  -0.000000  0.000000   0.000000  0.000000 )
(  -0.006747  0.000000   0.205962  0.000000   0.279965  0.000000 )
(   0.349990  0.000000  -0.000000  0.000000   0.000000  0.000000 )
(  -0.006747  0.000000   0.205962  0.000000   0.279965  0.000000 )
(  -0.006747  0.000000  -0.205962  0.000000  -0.279965  0.000000 )
   freq (   20) =    35.04534998 [THz] =  1168.98687858 [cm-1]
(  -0.000000  0.000000   0.000292  0.000000   0.000000  0.000000 )
(  -0.000000  0.000000   0.011706  0.000000  -0.000000  0.000000 )
(  -0.000000  0.000000   0.011706  0.000000  -0.000000  0.000000 )
(   0.000000  0.000000  -0.368343  0.000000   0.000000  0.000000 )
(   0.000000  0.000000  -0.368343  0.000000   0.000000  0.000000 )
(  -0.205962  0.000000   0.231078  0.000000  -0.161638  0.000000 )
(  -0.000000  0.000000  -0.125659  0.000000   0.323276  0.000000 )
(   0.205962  0.000000   0.231078  0.000000  -0.161638  0.000000 )
(  -0.000000  0.000000  -0.125659  0.000000   0.323276  0.000000 )
(   0.205962  0.000000   0.231078  0.000000  -0.161638  0.000000 )
(  -0.205962  0.000000   0.231078  0.000000  -0.161638  0.000000 )
   freq (   21) =    36.05766475 [THz] =  1202.75405964 [cm-1]
(   0.000000  0.000000  -0.000000  0.000000   0.006542  0.000000 )
(   0.000000  0.000000  -0.000000  0.000000   0.508123  0.000000 )
(   0.000000  0.000000  -0.000000  0.000000   0.508123  0.000000 )
(  -0.000000  0.000000   0.000000  0.000000  -0.326934  0.000000 )
(  -0.000000  0.000000   0.000000  0.000000  -0.326934  0.000000 )
(   0.021214  0.000000   0.012248  0.000000  -0.210637  0.000000 )
(  -0.000000  0.000000  -0.024495  0.000000  -0.210637  0.000000 )
(  -0.021214  0.000000   0.012248  0.000000  -0.210637  0.000000 )
(  -0.000000  0.000000  -0.024495  0.000000  -0.210637  0.000000 )
(  -0.021214  0.000000   0.012248  0.000000  -0.210637  0.000000 )
(   0.021214  0.000000   0.012248  0.000000  -0.210637  0.000000 )
   freq (   22) =    36.09753376 [THz] =  1204.08394652 [cm-1]
(   0.006207  0.000000   0.000000  0.000000  -0.000000  0.000000 )
(   0.514932  0.000000   0.000000  0.000000  -0.000000  0.000000 )
(   0.514932  0.000000   0.000000  0.000000  -0.000000  0.000000 )
(  -0.179452  0.000000  -0.000000  0.000000   0.000000  0.000000 )
(  -0.179452  0.000000  -0.000000  0.000000   0.000000  0.000000 )
(  -0.277075  0.000000  -0.039303  0.000000   0.033993  0.000000 )
(  -0.208999  0.000000  -0.000000  0.000000   0.000000  0.000000 )
(  -0.277075  0.000000   0.039303  0.000000  -0.033993  0.000000 )
(  -0.208999  0.000000  -0.000000  0.000000   0.000000  0.000000 )
(  -0.277075  0.000000   0.039303  0.000000  -0.033993  0.000000 )
(  -0.277075  0.000000  -0.039303  0.000000   0.033993  0.000000 )
   freq (   23) =    36.09753376 [THz] =  1204.08394652 [cm-1]
(   0.000000  0.000000  -0.006207  0.000000  -0.000000  0.000000 )
(   0.000000  0.000000  -0.514932  0.000000  -0.000000  0.000000 )
(   0.000000  0.000000  -0.514932  0.000000  -0.000000  0.000000 )
(  -0.000000  0.000000   0.179452  0.000000   0.000000  0.000000 )
(  -0.000000  0.000000   0.179452  0.000000   0.000000  0.000000 )
(   0.039303  0.000000   0.231691  0.000000  -0.019626  0.000000 )
(  -0.000000  0.000000   0.299767  0.000000   0.039252  0.000000 )
(  -0.039303  0.000000   0.231691  0.000000  -0.019626  0.000000 )
(  -0.000000  0.000000   0.299767  0.000000   0.039252  0.000000 )
(  -0.039303  0.000000   0.231691  0.000000  -0.019626  0.000000 )
(   0.039303  0.000000   0.231691  0.000000  -0.019626  0.000000 )
   freq (   24) =    43.82218591 [THz] =  1461.75057013 [cm-1]
(   0.000000  0.000000   0.000000  0.000000  -0.000000  0.000000 )
(   0.005260  0.000000   0.000015  0.000000  -0.000000  0.000000 )
(  -0.005260  0.000000  -0.000015  0.000000   0.000000  0.000000 )
(  -0.363497  0.000000  -0.001041  0.000000  -0.000000  0.000000 )
(   0.363497  0.000000   0.001041  0.000000   0.000000  0.000000 )
(   0.007058  0.000000   0.206734  0.000000   0.280892  0.000000 )
(  -0.352766  0.000000   0.000361  0.000000  -0.000927  0.000000 )
(   0.005870  0.000000  -0.208069  0.000000  -0.279964  0.000000 )
(   0.352766  0.000000  -0.000361  0.000000   0.000927  0.000000 )
(  -0.005870  0.000000   0.208069  0.000000   0.279964  0.000000 )
(  -0.007058  0.000000  -0.206734  0.000000  -0.280892  0.000000 )
   freq (   25) =    43.82218591 [THz] =  1461.75057013 [cm-1]
(   0.000000  0.000000   0.000000  0.000000  -0.000000  0.000000 )
(  -0.000015  0.000000   0.005260  0.000000  -0.000000  0.000000 )
(   0.000015  0.000000  -0.005260  0.000000   0.000000  0.000000 )
(   0.001041  0.000000  -0.363497  0.000000   0.000000  0.000000 )
(  -0.001041  0.000000   0.363497  0.000000  -0.000000  0.000000 )
(   0.207383  0.000000  -0.233616  0.000000   0.161102  0.000000 )
(   0.001010  0.000000   0.126207  0.000000  -0.323810  0.000000 )
(  -0.207420  0.000000  -0.232429  0.000000   0.162708  0.000000 )
(  -0.001010  0.000000  -0.126207  0.000000   0.323810  0.000000 )
(   0.207420  0.000000   0.232429  0.000000  -0.162708  0.000000 )
(  -0.207383  0.000000   0.233616  0.000000  -0.161102  0.000000 )
   freq (   26) =    45.64936559 [THz] =  1522.69871522 [cm-1]
(   0.000000  0.000000   0.000000  0.000000   0.000000  0.000000 )
(   0.000000  0.000000  -0.000000  0.000000   0.328141  0.000000 )
(  -0.000000  0.000000   0.000000  0.000000  -0.328141  0.000000 )
(  -0.000000  0.000000  -0.000000  0.000000  -0.270652  0.000000 )
(  -0.000000  0.000000   0.000000  0.000000   0.270652  0.000000 )
(  -0.161067  0.000000  -0.092992  0.000000  -0.267894  0.000000 )
(  -0.000000  0.000000   0.185984  0.000000  -0.267894  0.000000 )
(   0.161067  0.000000  -0.092992  0.000000  -0.267894  0.000000 )
(  -0.000000  0.000000  -0.185984  0.000000   0.267894  0.000000 )
(  -0.161067  0.000000   0.092992  0.000000   0.267894  0.000000 )
(   0.161067  0.000000   0.092992  0.000000   0.267894  0.000000 )
   freq (   27) =    45.71862144 [THz] =  1525.00884117 [cm-1]
(  -0.006264  0.000000   0.000000  0.000000  -0.000000  0.000000 )
(   0.039383  0.000000  -0.000000  0.000000   0.000000  0.000000 )
(   0.039383  0.000000  -0.000000  0.000000  -0.000000  0.000000 )
(   0.338767  0.000000  -0.000000  0.000000  -0.000000  0.000000 )
(   0.338767  0.000000  -0.000000  0.000000  -0.000000  0.000000 )
(  -0.141922  0.000000  -0.276688  0.000000   0.195559  0.000000 )
(   0.337316  0.000000   0.000000  0.000000   0.000000  0.000000 )
(  -0.141922  0.000000   0.276688  0.000000  -0.195559  0.000000 )
(   0.337316  0.000000   0.000000  0.000000   0.000000  0.000000 )
(  -0.141922  0.000000   0.276688  0.000000  -0.195559  0.000000 )
(  -0.141922  0.000000  -0.276688  0.000000   0.195559  0.000000 )
   freq (   28) =    45.71862144 [THz] =  1525.00884117 [cm-1]
(   0.000000  0.000000   0.006264  0.000000  -0.000000  0.000000 )
(  -0.000000  0.000000  -0.039383  0.000000   0.000000  0.000000 )
(  -0.000000  0.000000  -0.039383  0.000000   0.000000  0.000000 )
(  -0.000000  0.000000  -0.338767  0.000000  -0.000000  0.000000 )
(  -0.000000  0.000000  -0.338767  0.000000  -0.000000  0.000000 )
(   0.276688  0.000000  -0.177570  0.000000  -0.112906  0.000000 )
(  -0.000000  0.000000   0.301668  0.000000   0.225813  0.000000 )
(  -0.276688  0.000000  -0.177570  0.000000  -0.112906  0.000000 )
(  -0.000000  0.000000   0.301668  0.000000   0.225813  0.000000 )
(  -0.276688  0.000000  -0.177570  0.000000  -0.112906  0.000000 )
(   0.276688  0.000000  -0.177570  0.000000  -0.112906  0.000000 )
   freq (   29) =    45.85883034 [THz] =  1529.68570620 [cm-1]
(  -0.000000  0.000000  -0.000000  0.000000  -0.000000  0.000000 )
(   0.325332  0.000000  -0.000392  0.000000   0.000000  0.000000 )
(  -0.325332  0.000000   0.000392  0.000000   0.000000  0.000000 )
(   0.342216  0.000000  -0.000412  0.000000  -0.000000  0.000000 )
(  -0.342216  0.000000   0.000412  0.000000  -0.000000  0.000000 )
(   0.065730  0.000000   0.230124  0.000000  -0.161609  0.000000 )
(  -0.332163  0.000000  -0.000239  0.000000  -0.000225  0.000000 )
(   0.066284  0.000000  -0.229643  0.000000   0.161834  0.000000 )
(   0.332163  0.000000   0.000239  0.000000   0.000225  0.000000 )
(  -0.066284  0.000000   0.229643  0.000000  -0.161834  0.000000 )
(  -0.065730  0.000000  -0.230124  0.000000   0.161609  0.000000 )
   freq (   30) =    45.85883034 [THz] =  1529.68570620 [cm-1]
(  -0.000000  0.000000   0.000000  0.000000  -0.000000  0.000000 )
(   0.000392  0.000000   0.325332  0.000000   0.000000  0.000000 )
(  -0.000392  0.000000  -0.325332  0.000000  -0.000000  0.000000 )
(   0.000412  0.000000   0.342216  0.000000  -0.000000  0.000000 )
(  -0.000412  0.000000  -0.342216  0.000000   0.000000  0.000000 )
(   0.229963  0.000000  -0.199163  0.000000  -0.093564  0.000000 )
(  -0.000400  0.000000   0.198730  0.000000   0.186740  0.000000 )
(  -0.229804  0.000000  -0.199716  0.000000  -0.093175  0.000000 )
(   0.000400  0.000000  -0.198730  0.000000  -0.186740  0.000000 )
(   0.229804  0.000000   0.199716  0.000000   0.093175  0.000000 )
(  -0.229963  0.000000   0.199163  0.000000   0.093564  0.000000 )
   freq (   31) =    45.86646842 [THz] =  1529.94048488 [cm-1]
(  -0.000000  0.000000   0.000000  0.000000   0.006213  0.000000 )
(   0.000000  0.000000  -0.000000  0.000000  -0.042917  0.000000 )
(  -0.000000  0.000000  -0.000000  0.000000  -0.042917  0.000000 )
(   0.000000  0.000000  -0.000000  0.000000   0.403988  0.000000 )
(  -0.000000  0.000000  -0.000000  0.000000   0.403988  0.000000 )
(  -0.178428  0.000000  -0.103015  0.000000  -0.263051  0.000000 )
(  -0.000000  0.000000   0.206030  0.000000  -0.263051  0.000000 )
(   0.178428  0.000000  -0.103015  0.000000  -0.263051  0.000000 )
(   0.000000  0.000000   0.206030  0.000000  -0.263051  0.000000 )
(   0.178428  0.000000  -0.103015  0.000000  -0.263051  0.000000 )
(  -0.178428  0.000000  -0.103015  0.000000  -0.263051  0.000000 )
   freq (   32) =    46.95923806 [THz] =  1566.39135145 [cm-1]
(   0.000000  0.000000  -0.000000  0.000000  -0.000270  0.000000 )
(  -0.000000  0.000000   0.000000  0.000000   0.022187  0.000000 )
(   0.000000  0.000000   0.000000  0.000000   0.022187  0.000000 )
(  -0.000000  0.000000   0.000000  0.000000   0.321559  0.000000 )
(  -0.000000  0.000000   0.000000  0.000000   0.321559  0.000000 )
(   0.300361  0.000000   0.173413  0.000000  -0.108385  0.000000 )
(  -0.000000  0.000000  -0.346826  0.000000  -0.108385  0.000000 )
(  -0.300361  0.000000   0.173413  0.000000  -0.108385  0.000000 )
(  -0.000000  0.000000  -0.346826  0.000000  -0.108385  0.000000 )
(  -0.300361  0.000000   0.173413  0.000000  -0.108385  0.000000 )
(   0.300361  0.000000   0.173413  0.000000  -0.108385  0.000000 )
   freq (   33) =    58.85833226 [THz] =  1963.30235373 [cm-1]
(  -0.000000  0.000000  -0.000000  0.000000  -0.000000  0.000000 )
(   0.000000  0.000000  -0.000000  0.000000  -0.005890  0.000000 )
(  -0.000000  0.000000   0.000000  0.000000   0.005890  0.000000 )
(   0.000000  0.000000  -0.000000  0.000000  -0.340250  0.000000 )
(  -0.000000  0.000000   0.000000  0.000000   0.340250  0.000000 )
(   0.291507  0.000000   0.168301  0.000000  -0.121505  0.000000 )
(   0.000000  0.000000  -0.336603  0.000000  -0.121505  0.000000 )
(  -0.291507  0.000000   0.168301  0.000000  -0.121505  0.000000 )
(  -0.000000  0.000000   0.336603  0.000000   0.121505  0.000000 )
(   0.291507  0.000000  -0.168301  0.000000   0.121505  0.000000 )
(  -0.291507  0.000000  -0.168301  0.000000   0.121505  0.000000 )
***************************************************************************
