Dynamical matrix file
File generated with the CellConstructor by Lorenzo Monacelli
2 11 0     1.8897259890000000     0.0000000000000000     0.0000000000000000     0.0000000000000000     0.0000000000000000     0.0000000000000000
Basis vectors
    1.8005539958613026    -1.0395503342008527     2.9434775816890388
   -0.0000000000000025     2.0791006684017015     2.9434775816890411
   -1.8005539958613053    -1.0395503342008541     2.9434775816890371
	1  'La '  126604.5951757480361266
	2  'H '    918.7358275894680446
    1     1     0.0000000000000004    -0.0000000000000010     4.4152164166683754
    2     2    -0.0000000000000003    -0.0000000000000015     2.2077871641388795
    3     2     0.0000000000000003     0.0000000000000015    -2.2077871641388795
    4     2    -0.0000000000000001    -0.0000000000000003     1.0614572547366916
    5     2     0.0000000000000001     0.0000000000000003    -1.0614572547366916
    6     2     0.9335258852691136     0.5389714205874213     6.2397211030660094
    7     2    -0.0000000000000009    -1.0779428411748491     6.2397211030660049
    8     2    -0.9335258852691133     0.5389714205874193     6.2397211030660067
    9     2    -0.0000000000000011     1.0779428411748460     2.5907117265928492
   10     2     0.9335258852691146    -0.5389714205874245     2.5907117265928501
   11     2    -0.9335258852691134    -0.5389714205874244     2.5907117265928488

     Dynamical Matrix in cartesian axes

     q = (     0.000000000000     0.000000000000     0.000000000000 )

    1    1
     0.6411360741518528     0.0000000000000000       -0.0000000000000001     0.0000000000000000        0.0000000000000000     0.0000000000000000
    -0.0000000000000001     0.0000000000000000        0.6411360741520117     0.0000000000000000       -0.0000000000000003     0.0000000000000000
     0.0000000000000001     0.0000000000000000       -0.0000000000000002     0.0000000000000000        0.6381363031818194     0.0000000000000000
    1    2
    -0.0319416428784925     0.0000000000000000        0.0000000000000000     0.0000000000000000       -0.0000000000000000     0.0000000000000000
     0.0000000000000000     0.0000000000000000       -0.0319416428785004     0.0000000000000000        0.0000000000000000     0.0000000000000000
    -0.0000000000000000     0.0000000000000000        0.0000000000000000     0.0000000000000000       -0.0308412452631593     0.0000000000000000
    1    3
    -0.0319416428784925     0.0000000000000000        0.0000000000000000     0.0000000000000000       -0.0000000000000000     0.0000000000000000
     0.0000000000000000     0.0000000000000000       -0.0319416428785004     0.0000000000000000        0.0000000000000000     0.0000000000000000
    -0.0000000000000000     0.0000000000000000        0.0000000000000000     0.0000000000000000       -0.0308412452631593     0.0000000000000000
    1    4
    -0.0936656274429055     0.0000000000000000        0.0000000000000000     0.0000000000000000       -0.0000000000000000     0.0000000000000000
     0.0000000000000000     0.0000000000000000       -0.0936656274429286     0.0000000000000000       -0.0000000000000000     0.0000000000000000
    -0.0000000000000000     0.0000000000000000       -0.0000000000000000     0.0000000000000000       -0.0300104994163802     0.0000000000000000
    1    5
    -0.0936656274429055     0.0000000000000000        0.0000000000000000     0.0000000000000000       -0.0000000000000000     0.0000000000000000
     0.0000000000000000     0.0000000000000000       -0.0936656274429286     0.0000000000000000       -0.0000000000000000     0.0000000000000000
    -0.0000000000000000     0.0000000000000000       -0.0000000000000000     0.0000000000000000       -0.0300104994163802     0.0000000000000000
    1    6
    -0.0507355532966415     0.0000000000000000        0.0246840951072444     0.0000000000000000       -0.0180208221310276     0.0000000000000000
     0.0246840951072444     0.0000000000000000       -0.0792382912063972     0.0000000000000000       -0.0104043265083684     0.0000000000000000
    -0.0174579868760935     0.0000000000000000       -0.0100793734224228     0.0000000000000000       -0.0860721356371235     0.0000000000000000
    1    7
    -0.0934896601612457     0.0000000000000000       -0.0000000000000000     0.0000000000000000       -0.0000000000000000     0.0000000000000000
    -0.0000000000000000     0.0000000000000000       -0.0364841843417824     0.0000000000000000        0.0208086530167370     0.0000000000000000
    -0.0000000000000000     0.0000000000000000        0.0201587468448457     0.0000000000000000       -0.0860721356371235     0.0000000000000000
    1    8
    -0.0507355532966414     0.0000000000000000       -0.0246840951072443     0.0000000000000000        0.0180208221310276     0.0000000000000000
    -0.0246840951072443     0.0000000000000000       -0.0792382912063972     0.0000000000000000       -0.0104043265083684     0.0000000000000000
     0.0174579868760935     0.0000000000000000       -0.0100793734224228     0.0000000000000000       -0.0860721356371235     0.0000000000000000
    1    9
    -0.0934896601612457     0.0000000000000000       -0.0000000000000000     0.0000000000000000       -0.0000000000000000     0.0000000000000000
    -0.0000000000000000     0.0000000000000000       -0.0364841843417824     0.0000000000000000        0.0208086530167370     0.0000000000000000
    -0.0000000000000000     0.0000000000000000        0.0201587468448457     0.0000000000000000       -0.0860721356371235     0.0000000000000000
    1   10
    -0.0507355532966414     0.0000000000000000       -0.0246840951072443     0.0000000000000000        0.0180208221310276     0.0000000000000000
    -0.0246840951072443     0.0000000000000000       -0.0792382912063972     0.0000000000000000       -0.0104043265083684     0.0000000000000000
     0.0174579868760935     0.0000000000000000       -0.0100793734224228     0.0000000000000000       -0.0860721356371235     0.0000000000000000
    1   11
    -0.0507355532966415     0.0000000000000000        0.0246840951072444     0.0000000000000000       -0.0180208221310276     0.0000000000000000
     0.0246840951072444     0.0000000000000000       -0.0792382912063972     0.0000000000000000       -0.0104043265083684     0.0000000000000000
    -0.0174579868760935     0.0000000000000000       -0.0100793734224228     0.0000000000000000       -0.0860721356371235     0.0000000000000000
    2    1
    -0.0319416428784925     0.0000000000000000        0.0000000000000000     0.0000000000000000       -0.0000000000000000     0.0000000000000000
     0.0000000000000000     0.0000000000000000       -0.0319416428785004     0.0000000000000000        0.0000000000000000     0.0000000000000000
    -0.0000000000000000     0.0000000000000000        0.0000000000000000     0.0000000000000000       -0.0308412452631593     0.0000000000000000
    2    2
     0.0870424141058701     0.0000000000000000       -0.0000000000000000     0.0000000000000000        0.0000000000000000     0.0000000000000000
    -0.0000000000000000     0.0000000000000000        0.0870424141058916     0.0000000000000000       -0.0000000000000000     0.0000000000000000
     0.0000000000000000     0.0000000000000000       -0.0000000000000000     0.0000000000000000        0.0881442374805267     0.0000000000000000
    2    3
    -0.0040406935568058     0.0000000000000000        0.0000000000000000     0.0000000000000000       -0.0000000000000000     0.0000000000000000
     0.0000000000000000     0.0000000000000000       -0.0040406935568068     0.0000000000000000        0.0000000000000000     0.0000000000000000
    -0.0000000000000000     0.0000000000000000        0.0000000000000000     0.0000000000000000       -0.0037137722960983     0.0000000000000000
    2    4
     0.0067090094197034     0.0000000000000000        0.0000000000000000     0.0000000000000000        0.0000000000000000     0.0000000000000000
    -0.0000000000000000     0.0000000000000000        0.0067090094197051     0.0000000000000000        0.0000000000000000     0.0000000000000000
     0.0000000000000000     0.0000000000000000        0.0000000000000000     0.0000000000000000       -0.0258652342395576     0.0000000000000000
    2    5
    -0.0155478524314969     0.0000000000000000       -0.0000000000000000     0.0000000000000000       -0.0000000000000000     0.0000000000000000
     0.0000000000000000     0.0000000000000000       -0.0155478524315008     0.0000000000000000       -0.0000000000000000     0.0000000000000000
    -0.0000000000000000     0.0000000000000000       -0.0000000000000000     0.0000000000000000        0.0000857274396047     0.0000000000000000
    2    6
    -0.0038505309979141     0.0000000000000000        0.0067811648692374     0.0000000000000000       -0.0038516131701115     0.0000000000000000
     0.0067811648692374     0.0000000000000000       -0.0116807457232629     0.0000000000000000       -0.0022237299005785     0.0000000000000000
    -0.0039383880778085     0.0000000000000000       -0.0022738294168962     0.0000000000000000       -0.0129801789966737     0.0000000000000000
    2    7
    -0.0155958530859330     0.0000000000000000       -0.0000000000000000     0.0000000000000000       -0.0000000000000000     0.0000000000000000
    -0.0000000000000000     0.0000000000000000        0.0000645763647589     0.0000000000000000        0.0044474598011570     0.0000000000000000
    -0.0000000000000000     0.0000000000000000        0.0045476588337925     0.0000000000000000       -0.0129801789966737     0.0000000000000000
    2    8
    -0.0038505309979141     0.0000000000000000       -0.0067811648692374     0.0000000000000000        0.0038516131701115     0.0000000000000000
    -0.0067811648692374     0.0000000000000000       -0.0116807457232629     0.0000000000000000       -0.0022237299005785     0.0000000000000000
     0.0039383880778085     0.0000000000000000       -0.0022738294168962     0.0000000000000000       -0.0129801789966737     0.0000000000000000
    2    9
     0.0068257333917790     0.0000000000000000        0.0000000000000000     0.0000000000000000        0.0000000000000000     0.0000000000000000
     0.0000000000000000     0.0000000000000000       -0.0194419464431284     0.0000000000000000       -0.0090860451984218     0.0000000000000000
     0.0000000000000000     0.0000000000000000       -0.0085892961951753     0.0000000000000000        0.0037102746229016     0.0000000000000000
    2   10
    -0.0128750264843980     0.0000000000000000        0.0113742390177523     0.0000000000000000       -0.0078687459617659     0.0000000000000000
     0.0113742390177523     0.0000000000000000        0.0002588134330534     0.0000000000000000        0.0045430225992109     0.0000000000000000
    -0.0074385487056499     0.0000000000000000        0.0042946480975876     0.0000000000000000        0.0037102746229017     0.0000000000000000
    2   11
    -0.0128750264843980     0.0000000000000000       -0.0113742390177524     0.0000000000000000        0.0078687459617659     0.0000000000000000
    -0.0113742390177524     0.0000000000000000        0.0002588134330534     0.0000000000000000        0.0045430225992109     0.0000000000000000
     0.0074385487056498     0.0000000000000000        0.0042946480975876     0.0000000000000000        0.0037102746229017     0.0000000000000000
    3    1
    -0.0319416428784925     0.0000000000000000        0.0000000000000000     0.0000000000000000       -0.0000000000000000     0.0000000000000000
     0.0000000000000000     0.0000000000000000       -0.0319416428785004     0.0000000000000000        0.0000000000000000     0.0000000000000000
    -0.0000000000000000     0.0000000000000000        0.0000000000000000     0.0000000000000000       -0.0308412452631593     0.0000000000000000
    3    2
    -0.0040406935568058     0.0000000000000000        0.0000000000000000     0.0000000000000000       -0.0000000000000000     0.0000000000000000
     0.0000000000000000     0.0000000000000000       -0.0040406935568068     0.0000000000000000        0.0000000000000000     0.0000000000000000
    -0.0000000000000000     0.0000000000000000        0.0000000000000000     0.0000000000000000       -0.0037137722960983     0.0000000000000000
    3    3
     0.0870424141058701     0.0000000000000000       -0.0000000000000000     0.0000000000000000        0.0000000000000000     0.0000000000000000
    -0.0000000000000000     0.0000000000000000        0.0870424141058916     0.0000000000000000       -0.0000000000000000     0.0000000000000000
     0.0000000000000000     0.0000000000000000       -0.0000000000000000     0.0000000000000000        0.0881442374805267     0.0000000000000000
    3    4
    -0.0155478524314969     0.0000000000000000        0.0000000000000000     0.0000000000000000       -0.0000000000000000     0.0000000000000000
     0.0000000000000000     0.0000000000000000       -0.0155478524315008     0.0000000000000000       -0.0000000000000000     0.0000000000000000
    -0.0000000000000000     0.0000000000000000       -0.0000000000000000     0.0000000000000000        0.0000857274396047     0.0000000000000000
    3    5
     0.0067090094197034     0.0000000000000000        0.0000000000000000     0.0000000000000000        0.0000000000000000     0.0000000000000000
    -0.0000000000000000     0.0000000000000000        0.0067090094197051     0.0000000000000000        0.0000000000000000     0.0000000000000000
     0.0000000000000000     0.0000000000000000        0.0000000000000000     0.0000000000000000       -0.0258652342395576     0.0000000000000000
    3    6
    -0.0128750264843980     0.0000000000000000       -0.0113742390177523     0.0000000000000000        0.0078687459617659     0.0000000000000000
    -0.0113742390177524     0.0000000000000000        0.0002588134330534     0.0000000000000000        0.0045430225992109     0.0000000000000000
     0.0074385487056498     0.0000000000000000        0.0042946480975876     0.0000000000000000        0.0037102746229017     0.0000000000000000
    3    7
     0.0068257333917790     0.0000000000000000        0.0000000000000000     0.0000000000000000        0.0000000000000000     0.0000000000000000
     0.0000000000000000     0.0000000000000000       -0.0194419464431284     0.0000000000000000       -0.0090860451984218     0.0000000000000000
     0.0000000000000000     0.0000000000000000       -0.0085892961951753     0.0000000000000000        0.0037102746229016     0.0000000000000000
    3    8
    -0.0128750264843980     0.0000000000000000        0.0113742390177523     0.0000000000000000       -0.0078687459617659     0.0000000000000000
     0.0113742390177523     0.0000000000000000        0.0002588134330534     0.0000000000000000        0.0045430225992109     0.0000000000000000
    -0.0074385487056499     0.0000000000000000        0.0042946480975876     0.0000000000000000        0.0037102746229017     0.0000000000000000
    3    9
    -0.0155958530859330     0.0000000000000000       -0.0000000000000000     0.0000000000000000       -0.0000000000000000     0.0000000000000000
    -0.0000000000000000     0.0000000000000000        0.0000645763647589     0.0000000000000000        0.0044474598011570     0.0000000000000000
    -0.0000000000000000     0.0000000000000000        0.0045476588337925     0.0000000000000000       -0.0129801789966737     0.0000000000000000
    3   10
    -0.0038505309979141     0.0000000000000000       -0.0067811648692374     0.0000000000000000        0.0038516131701115     0.0000000000000000
    -0.0067811648692374     0.0000000000000000       -0.0116807457232629     0.0000000000000000       -0.0022237299005785     0.0000000000000000
     0.0039383880778085     0.0000000000000000       -0.0022738294168962     0.0000000000000000       -0.0129801789966737     0.0000000000000000
    3   11
    -0.0038505309979141     0.0000000000000000        0.0067811648692374     0.0000000000000000       -0.0038516131701115     0.0000000000000000
     0.0067811648692374     0.0000000000000000       -0.0116807457232629     0.0000000000000000       -0.0022237299005785     0.0000000000000000
    -0.0039383880778085     0.0000000000000000       -0.0022738294168962     0.0000000000000000       -0.0129801789966737     0.0000000000000000
    4    1
    -0.0936656274429055     0.0000000000000000        0.0000000000000000     0.0000000000000000       -0.0000000000000000     0.0000000000000000
     0.0000000000000000     0.0000000000000000       -0.0936656274429286     0.0000000000000000       -0.0000000000000000     0.0000000000000000
    -0.0000000000000000     0.0000000000000000       -0.0000000000000000     0.0000000000000000       -0.0300104994163802     0.0000000000000000
    4    2
     0.0067090094197034     0.0000000000000000        0.0000000000000000     0.0000000000000000        0.0000000000000000     0.0000000000000000
    -0.0000000000000000     0.0000000000000000        0.0067090094197051     0.0000000000000000        0.0000000000000000     0.0000000000000000
     0.0000000000000000     0.0000000000000000        0.0000000000000000     0.0000000000000000       -0.0258652342395576     0.0000000000000000
    4    3
    -0.0155478524314969     0.0000000000000000        0.0000000000000000     0.0000000000000000       -0.0000000000000000     0.0000000000000000
    -0.0000000000000000     0.0000000000000000       -0.0155478524315008     0.0000000000000000       -0.0000000000000000     0.0000000000000000
    -0.0000000000000000     0.0000000000000000       -0.0000000000000000     0.0000000000000000        0.0000857274396047     0.0000000000000000
    4    4
     0.1164756027657778     0.0000000000000000       -0.0000000000000000     0.0000000000000000        0.0000000000000000     0.0000000000000000
     0.0000000000000000     0.0000000000000000        0.1164756027658067     0.0000000000000000       -0.0000000000000001     0.0000000000000000
     0.0000000000000000     0.0000000000000000       -0.0000000000000001     0.0000000000000000        0.1347853956554263     0.0000000000000000
    4    5
    -0.0061130295223451     0.0000000000000000        0.0000000000000000     0.0000000000000000       -0.0000000000000000     0.0000000000000000
     0.0000000000000000     0.0000000000000000       -0.0061130295223466     0.0000000000000000       -0.0000000000000000     0.0000000000000000
    -0.0000000000000000     0.0000000000000000       -0.0000000000000000     0.0000000000000000        0.0002196982924973     0.0000000000000000
    4    6
    -0.0011062656352531     0.0000000000000000       -0.0048122350916310     0.0000000000000000       -0.0061097459292706     0.0000000000000000
    -0.0048122350916310     0.0000000000000000        0.0044504248158612     0.0000000000000000       -0.0035274634569450     0.0000000000000000
    -0.0154968595090194     0.0000000000000000       -0.0089471160091273     0.0000000000000000        0.0042448760326915     0.0000000000000000
    4    7
     0.0072287700414167     0.0000000000000000       -0.0000000000000000     0.0000000000000000       -0.0000000000000000     0.0000000000000000
     0.0000000000000000     0.0000000000000000       -0.0038846108608107     0.0000000000000000        0.0070549269138901     0.0000000000000000
    -0.0000000000000000     0.0000000000000000        0.0178942320182545     0.0000000000000000        0.0042448760326915     0.0000000000000000
    4    8
    -0.0011062656352531     0.0000000000000000        0.0048122350916310     0.0000000000000000        0.0061097459292706     0.0000000000000000
     0.0048122350916310     0.0000000000000000        0.0044504248158612     0.0000000000000000       -0.0035274634569450     0.0000000000000000
     0.0154968595090194     0.0000000000000000       -0.0089471160091273     0.0000000000000000        0.0042448760326915     0.0000000000000000
    4    9
     0.0056418981536453     0.0000000000000000        0.0000000000000000     0.0000000000000000        0.0000000000000000     0.0000000000000000
     0.0000000000000000     0.0000000000000000       -0.0142247925267449     0.0000000000000000       -0.0207794077421386     0.0000000000000000
     0.0000000000000000     0.0000000000000000       -0.0252286854280972     0.0000000000000000       -0.0306499052765551     0.0000000000000000
    4   10
    -0.0092581198566448     0.0000000000000000        0.0086025294091723     0.0000000000000000       -0.0179954949802849     0.0000000000000000
     0.0086025294091723     0.0000000000000000        0.0006752254835487     0.0000000000000000        0.0103897038710694     0.0000000000000000
    -0.0218486824848158     0.0000000000000000        0.0126143427140486     0.0000000000000000       -0.0306499052765550     0.0000000000000000
    4   11
    -0.0092581198566448     0.0000000000000000       -0.0086025294091723     0.0000000000000000        0.0179954949802849     0.0000000000000000
    -0.0086025294091723     0.0000000000000000        0.0006752254835487     0.0000000000000000        0.0103897038710694     0.0000000000000000
     0.0218486824848158     0.0000000000000000        0.0126143427140486     0.0000000000000000       -0.0306499052765550     0.0000000000000000
    5    1
    -0.0936656274429055     0.0000000000000000        0.0000000000000000     0.0000000000000000       -0.0000000000000000     0.0000000000000000
     0.0000000000000000     0.0000000000000000       -0.0936656274429286     0.0000000000000000       -0.0000000000000000     0.0000000000000000
    -0.0000000000000000     0.0000000000000000       -0.0000000000000000     0.0000000000000000       -0.0300104994163802     0.0000000000000000
    5    2
    -0.0155478524314969     0.0000000000000000        0.0000000000000000     0.0000000000000000       -0.0000000000000000     0.0000000000000000
    -0.0000000000000000     0.0000000000000000       -0.0155478524315008     0.0000000000000000       -0.0000000000000000     0.0000000000000000
    -0.0000000000000000     0.0000000000000000       -0.0000000000000000     0.0000000000000000        0.0000857274396047     0.0000000000000000
    5    3
     0.0067090094197034     0.0000000000000000        0.0000000000000000     0.0000000000000000        0.0000000000000000     0.0000000000000000
    -0.0000000000000000     0.0000000000000000        0.0067090094197051     0.0000000000000000        0.0000000000000000     0.0000000000000000
     0.0000000000000000     0.0000000000000000        0.0000000000000000     0.0000000000000000       -0.0258652342395576     0.0000000000000000
    5    4
    -0.0061130295223451     0.0000000000000000        0.0000000000000000     0.0000000000000000       -0.0000000000000000     0.0000000000000000
     0.0000000000000000     0.0000000000000000       -0.0061130295223466     0.0000000000000000       -0.0000000000000000     0.0000000000000000
    -0.0000000000000000     0.0000000000000000       -0.0000000000000000     0.0000000000000000        0.0002196982924973     0.0000000000000000
    5    5
     0.1164756027657778     0.0000000000000000       -0.0000000000000000     0.0000000000000000        0.0000000000000001     0.0000000000000000
    -0.0000000000000000     0.0000000000000000        0.1164756027658067     0.0000000000000000       -0.0000000000000001     0.0000000000000000
     0.0000000000000000     0.0000000000000000       -0.0000000000000001     0.0000000000000000        0.1347853956554263     0.0000000000000000
    5    6
    -0.0092581198566448     0.0000000000000000       -0.0086025294091723     0.0000000000000000        0.0179954949802849     0.0000000000000000
    -0.0086025294091723     0.0000000000000000        0.0006752254835487     0.0000000000000000        0.0103897038710694     0.0000000000000000
     0.0218486824848158     0.0000000000000000        0.0126143427140486     0.0000000000000000       -0.0306499052765550     0.0000000000000000
    5    7
     0.0056418981536453     0.0000000000000000        0.0000000000000000     0.0000000000000000        0.0000000000000000     0.0000000000000000
     0.0000000000000000     0.0000000000000000       -0.0142247925267449     0.0000000000000000       -0.0207794077421386     0.0000000000000000
     0.0000000000000000     0.0000000000000000       -0.0252286854280972     0.0000000000000000       -0.0306499052765551     0.0000000000000000
    5    8
    -0.0092581198566448     0.0000000000000000        0.0086025294091723     0.0000000000000000       -0.0179954949802849     0.0000000000000000
     0.0086025294091723     0.0000000000000000        0.0006752254835487     0.0000000000000000        0.0103897038710694     0.0000000000000000
    -0.0218486824848158     0.0000000000000000        0.0126143427140486     0.0000000000000000       -0.0306499052765550     0.0000000000000000
    5    9
     0.0072287700414167     0.0000000000000000       -0.0000000000000000     0.0000000000000000        0.0000000000000000     0.0000000000000000
     0.0000000000000000     0.0000000000000000       -0.0038846108608107     0.0000000000000000        0.0070549269138901     0.0000000000000000
    -0.0000000000000000     0.0000000000000000        0.0178942320182545     0.0000000000000000        0.0042448760326915     0.0000000000000000
    5   10
    -0.0011062656352531     0.0000000000000000        0.0048122350916310     0.0000000000000000        0.0061097459292706     0.0000000000000000
     0.0048122350916310     0.0000000000000000        0.0044504248158612     0.0000000000000000       -0.0035274634569450     0.0000000000000000
     0.0154968595090194     0.0000000000000000       -0.0089471160091273     0.0000000000000000        0.0042448760326915     0.0000000000000000
    5   11
    -0.0011062656352531     0.0000000000000000       -0.0048122350916310     0.0000000000000000       -0.0061097459292706     0.0000000000000000
    -0.0048122350916310     0.0000000000000000        0.0044504248158612     0.0000000000000000       -0.0035274634569450     0.0000000000000000
    -0.0154968595090194     0.0000000000000000       -0.0089471160091273     0.0000000000000000        0.0042448760326915     0.0000000000000000
    6    1
    -0.0507355532966415     0.0000000000000000        0.0246840951072444     0.0000000000000000       -0.0174579868760935     0.0000000000000000
     0.0246840951072444     0.0000000000000000       -0.0792382912063972     0.0000000000000000       -0.0100793734224228     0.0000000000000000
    -0.0180208221310276     0.0000000000000000       -0.0104043265083684     0.0000000000000000       -0.0860721356371235     0.0000000000000000
    6    2
    -0.0038505309979141     0.0000000000000000        0.0067811648692374     0.0000000000000000       -0.0039383880778085     0.0000000000000000
     0.0067811648692374     0.0000000000000000       -0.0116807457232629     0.0000000000000000       -0.0022738294168962     0.0000000000000000
    -0.0038516131701115     0.0000000000000000       -0.0022237299005785     0.0000000000000000       -0.0129801789966737     0.0000000000000000
    6    3
    -0.0128750264843980     0.0000000000000000       -0.0113742390177524     0.0000000000000000        0.0074385487056499     0.0000000000000000
    -0.0113742390177524     0.0000000000000000        0.0002588134330534     0.0000000000000000        0.0042946480975876     0.0000000000000000
     0.0078687459617659     0.0000000000000000        0.0045430225992109     0.0000000000000000        0.0037102746229017     0.0000000000000000
    6    4
    -0.0011062656352531     0.0000000000000000       -0.0048122350916310     0.0000000000000000       -0.0154968595090194     0.0000000000000000
    -0.0048122350916310     0.0000000000000000        0.0044504248158612     0.0000000000000000       -0.0089471160091273     0.0000000000000000
    -0.0061097459292706     0.0000000000000000       -0.0035274634569450     0.0000000000000000        0.0042448760326915     0.0000000000000000
    6    5
    -0.0092581198566448     0.0000000000000000       -0.0086025294091723     0.0000000000000000        0.0218486824848158     0.0000000000000000
    -0.0086025294091723     0.0000000000000000        0.0006752254835487     0.0000000000000000        0.0126143427140486     0.0000000000000000
     0.0179954949802849     0.0000000000000000        0.0103897038710694     0.0000000000000000       -0.0306499052765550     0.0000000000000000
    6    6
     0.1271619596124693     0.0000000000000000        0.0062027402754496     0.0000000000000000       -0.0036227847683005     0.0000000000000000
     0.0062027402754496     0.0000000000000000        0.1199996520770116     0.0000000000000000       -0.0020916157611947     0.0000000000000000
    -0.0036227847683005     0.0000000000000000       -0.0020916157611947     0.0000000000000000        0.1174234450554743     0.0000000000000000
    6    7
    -0.0094003137828513     0.0000000000000000       -0.0238296508918691     0.0000000000000000        0.0013140594514543     0.0000000000000000
    -0.0203903707627822     0.0000000000000000       -0.0349307551887409     0.0000000000000000       -0.0022680178351017     0.0000000000000000
     0.0026211907871611     0.0000000000000000       -0.0000039999494918     0.0000000000000000        0.0043949629533127     0.0000000000000000
    6    8
    -0.0476959758916727     0.0000000000000000        0.0017196400645435     0.0000000000000000       -0.0013071313357069     0.0000000000000000
    -0.0017196400645435     0.0000000000000000        0.0033649069200899     0.0000000000000000        0.0022720177845935     0.0000000000000000
     0.0013071313357068     0.0000000000000000        0.0022720177845935     0.0000000000000000        0.0043949629533127     0.0000000000000000
    6    9
    -0.0010587106415965     0.0000000000000000        0.0111186826479756     0.0000000000000000        0.0095616624444797     0.0000000000000000
     0.0042546211549636     0.0000000000000000        0.0078170704473652     0.0000000000000000       -0.0018987267016825     0.0000000000000000
     0.0064251767807405     0.0000000000000000       -0.0073312792284908     0.0000000000000000        0.0001246450203603     0.0000000000000000
    6   10
     0.0122549609918432     0.0000000000000000       -0.0034320307465060     0.0000000000000000        0.0031364856637392     0.0000000000000000
     0.0034320307465060     0.0000000000000000       -0.0054966011860778     0.0000000000000000        0.0092300059301733     0.0000000000000000
    -0.0031364856637392     0.0000000000000000        0.0092300059301733     0.0000000000000000        0.0001246450203603     0.0000000000000000
    6   11
    -0.0034364240173405     0.0000000000000000        0.0015443621924804     0.0000000000000000       -0.0014762881832099     0.0000000000000000
     0.0015443621924804     0.0000000000000000       -0.0052196998724512     0.0000000000000000       -0.0008523353799778     0.0000000000000000
    -0.0014762881832099     0.0000000000000000       -0.0008523353799778     0.0000000000000000       -0.0047155917480612     0.0000000000000000
    7    1
    -0.0934896601612457     0.0000000000000000       -0.0000000000000000     0.0000000000000000       -0.0000000000000000     0.0000000000000000
    -0.0000000000000000     0.0000000000000000       -0.0364841843417824     0.0000000000000000        0.0201587468448457     0.0000000000000000
    -0.0000000000000000     0.0000000000000000        0.0208086530167370     0.0000000000000000       -0.0860721356371235     0.0000000000000000
    7    2
    -0.0155958530859330     0.0000000000000000       -0.0000000000000000     0.0000000000000000       -0.0000000000000000     0.0000000000000000
    -0.0000000000000000     0.0000000000000000        0.0000645763647589     0.0000000000000000        0.0045476588337925     0.0000000000000000
    -0.0000000000000000     0.0000000000000000        0.0044474598011570     0.0000000000000000       -0.0129801789966737     0.0000000000000000
    7    3
     0.0068257333917790     0.0000000000000000        0.0000000000000000     0.0000000000000000        0.0000000000000000     0.0000000000000000
     0.0000000000000000     0.0000000000000000       -0.0194419464431284     0.0000000000000000       -0.0085892961951753     0.0000000000000000
     0.0000000000000000     0.0000000000000000       -0.0090860451984218     0.0000000000000000        0.0037102746229016     0.0000000000000000
    7    4
     0.0072287700414167     0.0000000000000000        0.0000000000000000     0.0000000000000000       -0.0000000000000000     0.0000000000000000
    -0.0000000000000000     0.0000000000000000       -0.0038846108608107     0.0000000000000000        0.0178942320182545     0.0000000000000000
    -0.0000000000000000     0.0000000000000000        0.0070549269138901     0.0000000000000000        0.0042448760326915     0.0000000000000000
    7    5
     0.0056418981536453     0.0000000000000000        0.0000000000000000     0.0000000000000000        0.0000000000000000     0.0000000000000000
     0.0000000000000000     0.0000000000000000       -0.0142247925267449     0.0000000000000000       -0.0252286854280972     0.0000000000000000
     0.0000000000000000     0.0000000000000000       -0.0207794077421386     0.0000000000000000       -0.0306499052765551     0.0000000000000000
    7    6
    -0.0094003137828513     0.0000000000000000       -0.0203903707627822     0.0000000000000000        0.0026211907871611     0.0000000000000000
    -0.0238296508918691     0.0000000000000000       -0.0349307551887409     0.0000000000000000       -0.0000039999494918     0.0000000000000000
     0.0013140594514543     0.0000000000000000       -0.0022680178351017     0.0000000000000000        0.0043949629533127     0.0000000000000000
    7    7
     0.1164184983092383     0.0000000000000000        0.0000000000000000     0.0000000000000000        0.0000000000000000     0.0000000000000000
     0.0000000000000000     0.0000000000000000        0.1307431133802454     0.0000000000000000        0.0041832315223892     0.0000000000000000
     0.0000000000000000     0.0000000000000000        0.0041832315223892     0.0000000000000000        0.1174234450554743     0.0000000000000000
    7    8
    -0.0094003137828514     0.0000000000000000        0.0203903707627822     0.0000000000000000       -0.0026211907871612     0.0000000000000000
     0.0238296508918692     0.0000000000000000       -0.0349307551887409     0.0000000000000000       -0.0000039999494918     0.0000000000000000
    -0.0013140594514543     0.0000000000000000       -0.0022680178351017     0.0000000000000000        0.0043949629533127     0.0000000000000000
    7    9
    -0.0061113378000046     0.0000000000000000       -0.0000000000000000     0.0000000000000000       -0.0000000000000000     0.0000000000000000
    -0.0000000000000000     0.0000000000000000       -0.0025447860897864     0.0000000000000000        0.0017046707599557     0.0000000000000000
    -0.0000000000000000     0.0000000000000000        0.0017046707599557     0.0000000000000000       -0.0047155917480612     0.0000000000000000
    7   10
    -0.0010587106415965     0.0000000000000000       -0.0042546211549636     0.0000000000000000       -0.0064251767807405     0.0000000000000000
    -0.0111186826479756     0.0000000000000000        0.0078170704473652     0.0000000000000000       -0.0073312792284908     0.0000000000000000
    -0.0095616624444797     0.0000000000000000       -0.0018987267016825     0.0000000000000000        0.0001246450203603     0.0000000000000000
    7   11
    -0.0010587106415965     0.0000000000000000        0.0042546211549636     0.0000000000000000        0.0064251767807405     0.0000000000000000
     0.0111186826479756     0.0000000000000000        0.0078170704473652     0.0000000000000000       -0.0073312792284908     0.0000000000000000
     0.0095616624444797     0.0000000000000000       -0.0018987267016825     0.0000000000000000        0.0001246450203603     0.0000000000000000
    8    1
    -0.0507355532966414     0.0000000000000000       -0.0246840951072443     0.0000000000000000        0.0174579868760936     0.0000000000000000
    -0.0246840951072444     0.0000000000000000       -0.0792382912063972     0.0000000000000000       -0.0100793734224228     0.0000000000000000
     0.0180208221310276     0.0000000000000000       -0.0104043265083684     0.0000000000000000       -0.0860721356371235     0.0000000000000000
    8    2
    -0.0038505309979141     0.0000000000000000       -0.0067811648692374     0.0000000000000000        0.0039383880778085     0.0000000000000000
    -0.0067811648692374     0.0000000000000000       -0.0116807457232629     0.0000000000000000       -0.0022738294168962     0.0000000000000000
     0.0038516131701115     0.0000000000000000       -0.0022237299005785     0.0000000000000000       -0.0129801789966737     0.0000000000000000
    8    3
    -0.0128750264843980     0.0000000000000000        0.0113742390177523     0.0000000000000000       -0.0074385487056499     0.0000000000000000
     0.0113742390177523     0.0000000000000000        0.0002588134330534     0.0000000000000000        0.0042946480975876     0.0000000000000000
    -0.0078687459617659     0.0000000000000000        0.0045430225992109     0.0000000000000000        0.0037102746229017     0.0000000000000000
    8    4
    -0.0011062656352531     0.0000000000000000        0.0048122350916310     0.0000000000000000        0.0154968595090194     0.0000000000000000
     0.0048122350916310     0.0000000000000000        0.0044504248158612     0.0000000000000000       -0.0089471160091273     0.0000000000000000
     0.0061097459292706     0.0000000000000000       -0.0035274634569450     0.0000000000000000        0.0042448760326915     0.0000000000000000
    8    5
    -0.0092581198566448     0.0000000000000000        0.0086025294091723     0.0000000000000000       -0.0218486824848158     0.0000000000000000
     0.0086025294091723     0.0000000000000000        0.0006752254835487     0.0000000000000000        0.0126143427140486     0.0000000000000000
    -0.0179954949802849     0.0000000000000000        0.0103897038710694     0.0000000000000000       -0.0306499052765550     0.0000000000000000
    8    6
    -0.0476959758916727     0.0000000000000000       -0.0017196400645435     0.0000000000000000        0.0013071313357068     0.0000000000000000
     0.0017196400645435     0.0000000000000000        0.0033649069200899     0.0000000000000000        0.0022720177845935     0.0000000000000000
    -0.0013071313357069     0.0000000000000000        0.0022720177845935     0.0000000000000000        0.0043949629533127     0.0000000000000000
    8    7
    -0.0094003137828514     0.0000000000000000        0.0238296508918692     0.0000000000000000       -0.0013140594514543     0.0000000000000000
     0.0203903707627822     0.0000000000000000       -0.0349307551887409     0.0000000000000000       -0.0022680178351017     0.0000000000000000
    -0.0026211907871612     0.0000000000000000       -0.0000039999494918     0.0000000000000000        0.0043949629533127     0.0000000000000000
    8    8
     0.1271619596124693     0.0000000000000000       -0.0062027402754496     0.0000000000000000        0.0036227847683005     0.0000000000000000
    -0.0062027402754496     0.0000000000000000        0.1199996520770116     0.0000000000000000       -0.0020916157611947     0.0000000000000000
     0.0036227847683006     0.0000000000000000       -0.0020916157611947     0.0000000000000000        0.1174234450554743     0.0000000000000000
    8    9
    -0.0010587106415965     0.0000000000000000       -0.0111186826479756     0.0000000000000000       -0.0095616624444797     0.0000000000000000
    -0.0042546211549636     0.0000000000000000        0.0078170704473652     0.0000000000000000       -0.0018987267016825     0.0000000000000000
    -0.0064251767807405     0.0000000000000000       -0.0073312792284908     0.0000000000000000        0.0001246450203603     0.0000000000000000
    8   10
    -0.0034364240173405     0.0000000000000000       -0.0015443621924804     0.0000000000000000        0.0014762881832099     0.0000000000000000
    -0.0015443621924804     0.0000000000000000       -0.0052196998724512     0.0000000000000000       -0.0008523353799778     0.0000000000000000
     0.0014762881832099     0.0000000000000000       -0.0008523353799778     0.0000000000000000       -0.0047155917480612     0.0000000000000000
    8   11
     0.0122549609918432     0.0000000000000000        0.0034320307465060     0.0000000000000000       -0.0031364856637392     0.0000000000000000
    -0.0034320307465060     0.0000000000000000       -0.0054966011860778     0.0000000000000000        0.0092300059301733     0.0000000000000000
     0.0031364856637392     0.0000000000000000        0.0092300059301733     0.0000000000000000        0.0001246450203603     0.0000000000000000
    9    1
    -0.0934896601612457     0.0000000000000000       -0.0000000000000000     0.0000000000000000       -0.0000000000000000     0.0000000000000000
    -0.0000000000000000     0.0000000000000000       -0.0364841843417824     0.0000000000000000        0.0201587468448457     0.0000000000000000
    -0.0000000000000000     0.0000000000000000        0.0208086530167370     0.0000000000000000       -0.0860721356371235     0.0000000000000000
    9    2
     0.0068257333917790     0.0000000000000000        0.0000000000000000     0.0000000000000000        0.0000000000000000     0.0000000000000000
     0.0000000000000000     0.0000000000000000       -0.0194419464431284     0.0000000000000000       -0.0085892961951753     0.0000000000000000
     0.0000000000000000     0.0000000000000000       -0.0090860451984218     0.0000000000000000        0.0037102746229016     0.0000000000000000
    9    3
    -0.0155958530859330     0.0000000000000000       -0.0000000000000000     0.0000000000000000       -0.0000000000000000     0.0000000000000000
    -0.0000000000000000     0.0000000000000000        0.0000645763647589     0.0000000000000000        0.0045476588337925     0.0000000000000000
    -0.0000000000000000     0.0000000000000000        0.0044474598011570     0.0000000000000000       -0.0129801789966737     0.0000000000000000
    9    4
     0.0056418981536453     0.0000000000000000        0.0000000000000000     0.0000000000000000        0.0000000000000000     0.0000000000000000
     0.0000000000000000     0.0000000000000000       -0.0142247925267449     0.0000000000000000       -0.0252286854280972     0.0000000000000000
     0.0000000000000000     0.0000000000000000       -0.0207794077421386     0.0000000000000000       -0.0306499052765551     0.0000000000000000
    9    5
     0.0072287700414167     0.0000000000000000        0.0000000000000000     0.0000000000000000       -0.0000000000000000     0.0000000000000000
    -0.0000000000000000     0.0000000000000000       -0.0038846108608107     0.0000000000000000        0.0178942320182545     0.0000000000000000
     0.0000000000000000     0.0000000000000000        0.0070549269138901     0.0000000000000000        0.0042448760326915     0.0000000000000000
    9    6
    -0.0010587106415965     0.0000000000000000        0.0042546211549636     0.0000000000000000        0.0064251767807405     0.0000000000000000
     0.0111186826479756     0.0000000000000000        0.0078170704473652     0.0000000000000000       -0.0073312792284908     0.0000000000000000
     0.0095616624444797     0.0000000000000000       -0.0018987267016825     0.0000000000000000        0.0001246450203603     0.0000000000000000
    9    7
    -0.0061113378000046     0.0000000000000000       -0.0000000000000000     0.0000000000000000       -0.0000000000000000     0.0000000000000000
    -0.0000000000000000     0.0000000000000000       -0.0025447860897864     0.0000000000000000        0.0017046707599557     0.0000000000000000
    -0.0000000000000000     0.0000000000000000        0.0017046707599557     0.0000000000000000       -0.0047155917480612     0.0000000000000000
    9    8
    -0.0010587106415965     0.0000000000000000       -0.0042546211549636     0.0000000000000000       -0.0064251767807405     0.0000000000000000
    -0.0111186826479756     0.0000000000000000        0.0078170704473652     0.0000000000000000       -0.0073312792284908     0.0000000000000000
    -0.0095616624444797     0.0000000000000000       -0.0018987267016825     0.0000000000000000        0.0001246450203603     0.0000000000000000
    9    9
     0.1164184983092382     0.0000000000000000       -0.0000000000000000     0.0000000000000000        0.0000000000000000     0.0000000000000000
    -0.0000000000000000     0.0000000000000000        0.1307431133802454     0.0000000000000000        0.0041832315223892     0.0000000000000000
     0.0000000000000000     0.0000000000000000        0.0041832315223892     0.0000000000000000        0.1174234450554743     0.0000000000000000
    9   10
    -0.0094003137828514     0.0000000000000000        0.0203903707627822     0.0000000000000000       -0.0026211907871612     0.0000000000000000
     0.0238296508918692     0.0000000000000000       -0.0349307551887409     0.0000000000000000       -0.0000039999494918     0.0000000000000000
    -0.0013140594514543     0.0000000000000000       -0.0022680178351017     0.0000000000000000        0.0043949629533127     0.0000000000000000
    9   11
    -0.0094003137828513     0.0000000000000000       -0.0203903707627822     0.0000000000000000        0.0026211907871611     0.0000000000000000
    -0.0238296508918691     0.0000000000000000       -0.0349307551887409     0.0000000000000000       -0.0000039999494918     0.0000000000000000
     0.0013140594514543     0.0000000000000000       -0.0022680178351017     0.0000000000000000        0.0043949629533127     0.0000000000000000
   10    1
    -0.0507355532966414     0.0000000000000000       -0.0246840951072443     0.0000000000000000        0.0174579868760936     0.0000000000000000
    -0.0246840951072443     0.0000000000000000       -0.0792382912063972     0.0000000000000000       -0.0100793734224228     0.0000000000000000
     0.0180208221310276     0.0000000000000000       -0.0104043265083684     0.0000000000000000       -0.0860721356371235     0.0000000000000000
   10    2
    -0.0128750264843980     0.0000000000000000        0.0113742390177523     0.0000000000000000       -0.0074385487056499     0.0000000000000000
     0.0113742390177523     0.0000000000000000        0.0002588134330534     0.0000000000000000        0.0042946480975876     0.0000000000000000
    -0.0078687459617659     0.0000000000000000        0.0045430225992109     0.0000000000000000        0.0037102746229017     0.0000000000000000
   10    3
    -0.0038505309979141     0.0000000000000000       -0.0067811648692374     0.0000000000000000        0.0039383880778085     0.0000000000000000
    -0.0067811648692374     0.0000000000000000       -0.0116807457232629     0.0000000000000000       -0.0022738294168962     0.0000000000000000
     0.0038516131701115     0.0000000000000000       -0.0022237299005785     0.0000000000000000       -0.0129801789966737     0.0000000000000000
   10    4
    -0.0092581198566448     0.0000000000000000        0.0086025294091723     0.0000000000000000       -0.0218486824848158     0.0000000000000000
     0.0086025294091723     0.0000000000000000        0.0006752254835487     0.0000000000000000        0.0126143427140486     0.0000000000000000
    -0.0179954949802849     0.0000000000000000        0.0103897038710694     0.0000000000000000       -0.0306499052765550     0.0000000000000000
   10    5
    -0.0011062656352531     0.0000000000000000        0.0048122350916310     0.0000000000000000        0.0154968595090194     0.0000000000000000
     0.0048122350916310     0.0000000000000000        0.0044504248158612     0.0000000000000000       -0.0089471160091273     0.0000000000000000
     0.0061097459292706     0.0000000000000000       -0.0035274634569450     0.0000000000000000        0.0042448760326915     0.0000000000000000
   10    6
     0.0122549609918432     0.0000000000000000        0.0034320307465060     0.0000000000000000       -0.0031364856637392     0.0000000000000000
    -0.0034320307465060     0.0000000000000000       -0.0054966011860778     0.0000000000000000        0.0092300059301733     0.0000000000000000
     0.0031364856637392     0.0000000000000000        0.0092300059301733     0.0000000000000000        0.0001246450203603     0.0000000000000000
   10    7
    -0.0010587106415965     0.0000000000000000       -0.0111186826479756     0.0000000000000000       -0.0095616624444797     0.0000000000000000
    -0.0042546211549636     0.0000000000000000        0.0078170704473652     0.0000000000000000       -0.0018987267016825     0.0000000000000000
    -0.0064251767807405     0.0000000000000000       -0.0073312792284908     0.0000000000000000        0.0001246450203603     0.0000000000000000
   10    8
    -0.0034364240173405     0.0000000000000000       -0.0015443621924804     0.0000000000000000        0.0014762881832099     0.0000000000000000
    -0.0015443621924804     0.0000000000000000       -0.0052196998724512     0.0000000000000000       -0.0008523353799778     0.0000000000000000
     0.0014762881832099     0.0000000000000000       -0.0008523353799778     0.0000000000000000       -0.0047155917480612     0.0000000000000000
   10    9
    -0.0094003137828514     0.0000000000000000        0.0238296508918692     0.0000000000000000       -0.0013140594514543     0.0000000000000000
     0.0203903707627822     0.0000000000000000       -0.0349307551887409     0.0000000000000000       -0.0022680178351017     0.0000000000000000
    -0.0026211907871612     0.0000000000000000       -0.0000039999494918     0.0000000000000000        0.0043949629533127     0.0000000000000000
   10   10
     0.1271619596124693     0.0000000000000000       -0.0062027402754496     0.0000000000000000        0.0036227847683006     0.0000000000000000
    -0.0062027402754495     0.0000000000000000        0.1199996520770116     0.0000000000000000       -0.0020916157611947     0.0000000000000000
     0.0036227847683006     0.0000000000000000       -0.0020916157611947     0.0000000000000000        0.1174234450554743     0.0000000000000000
   10   11
    -0.0476959758916727     0.0000000000000000       -0.0017196400645435     0.0000000000000000        0.0013071313357068     0.0000000000000000
     0.0017196400645435     0.0000000000000000        0.0033649069200899     0.0000000000000000        0.0022720177845935     0.0000000000000000
    -0.0013071313357069     0.0000000000000000        0.0022720177845935     0.0000000000000000        0.0043949629533127     0.0000000000000000
   11    1
    -0.0507355532966415     0.0000000000000000        0.0246840951072444     0.0000000000000000       -0.0174579868760935     0.0000000000000000
     0.0246840951072444     0.0000000000000000       -0.0792382912063972     0.0000000000000000       -0.0100793734224228     0.0000000000000000
    -0.0180208221310276     0.0000000000000000       -0.0104043265083684     0.0000000000000000       -0.0860721356371235     0.0000000000000000
   11    2
    -0.0128750264843980     0.0000000000000000       -0.0113742390177524     0.0000000000000000        0.0074385487056499     0.0000000000000000
    -0.0113742390177524     0.0000000000000000        0.0002588134330534     0.0000000000000000        0.0042946480975876     0.0000000000000000
     0.0078687459617659     0.0000000000000000        0.0045430225992109     0.0000000000000000        0.0037102746229017     0.0000000000000000
   11    3
    -0.0038505309979141     0.0000000000000000        0.0067811648692374     0.0000000000000000       -0.0039383880778085     0.0000000000000000
     0.0067811648692374     0.0000000000000000       -0.0116807457232629     0.0000000000000000       -0.0022738294168962     0.0000000000000000
    -0.0038516131701115     0.0000000000000000       -0.0022237299005785     0.0000000000000000       -0.0129801789966737     0.0000000000000000
   11    4
    -0.0092581198566448     0.0000000000000000       -0.0086025294091723     0.0000000000000000        0.0218486824848158     0.0000000000000000
    -0.0086025294091723     0.0000000000000000        0.0006752254835487     0.0000000000000000        0.0126143427140486     0.0000000000000000
     0.0179954949802849     0.0000000000000000        0.0103897038710694     0.0000000000000000       -0.0306499052765550     0.0000000000000000
   11    5
    -0.0011062656352531     0.0000000000000000       -0.0048122350916310     0.0000000000000000       -0.0154968595090194     0.0000000000000000
    -0.0048122350916310     0.0000000000000000        0.0044504248158612     0.0000000000000000       -0.0089471160091273     0.0000000000000000
    -0.0061097459292706     0.0000000000000000       -0.0035274634569450     0.0000000000000000        0.0042448760326915     0.0000000000000000
   11    6
    -0.0034364240173405     0.0000000000000000        0.0015443621924804     0.0000000000000000       -0.0014762881832099     0.0000000000000000
     0.0015443621924804     0.0000000000000000       -0.0052196998724512     0.0000000000000000       -0.0008523353799778     0.0000000000000000
    -0.0014762881832099     0.0000000000000000       -0.0008523353799778     0.0000000000000000       -0.0047155917480612     0.0000000000000000
   11    7
    -0.0010587106415965     0.0000000000000000        0.0111186826479756     0.0000000000000000        0.0095616624444797     0.0000000000000000
     0.0042546211549636     0.0000000000000000        0.0078170704473652     0.0000000000000000       -0.0018987267016825     0.0000000000000000
     0.0064251767807405     0.0000000000000000       -0.0073312792284908     0.0000000000000000        0.0001246450203603     0.0000000000000000
   11    8
     0.0122549609918432     0.0000000000000000       -0.0034320307465060     0.0000000000000000        0.0031364856637392     0.0000000000000000
     0.0034320307465060     0.0000000000000000       -0.0054966011860778     0.0000000000000000        0.0092300059301733     0.0000000000000000
    -0.0031364856637392     0.0000000000000000        0.0092300059301733     0.0000000000000000        0.0001246450203603     0.0000000000000000
   11    9
    -0.0094003137828513     0.0000000000000000       -0.0238296508918691     0.0000000000000000        0.0013140594514543     0.0000000000000000
    -0.0203903707627822     0.0000000000000000       -0.0349307551887409     0.0000000000000000       -0.0022680178351017     0.0000000000000000
     0.0026211907871611     0.0000000000000000       -0.0000039999494918     0.0000000000000000        0.0043949629533127     0.0000000000000000
   11   10
    -0.0476959758916727     0.0000000000000000        0.0017196400645435     0.0000000000000000       -0.0013071313357069     0.0000000000000000
    -0.0017196400645435     0.0000000000000000        0.0033649069200899     0.0000000000000000        0.0022720177845935     0.0000000000000000
     0.0013071313357068     0.0000000000000000        0.0022720177845935     0.0000000000000000        0.0043949629533127     0.0000000000000000
   11   11
     0.1271619596124693     0.0000000000000000        0.0062027402754496     0.0000000000000000       -0.0036227847683005     0.0000000000000000
     0.0062027402754496     0.0000000000000000        0.1199996520770117     0.0000000000000000       -0.0020916157611947     0.0000000000000000
    -0.0036227847683005     0.0000000000000000       -0.0020916157611947     0.0000000000000000        0.1174234450554743     0.0000000000000000

     Diagonalizing the dynamical matrix

     q = (     0.000000000000     0.000000000000     0.000000000000 )

***************************************************************************
   freq (    1) =     0.00000000 [THz] =     0.00000016 [cm-1]
(  -0.301511  0.000000   0.000000  0.000000  -0.000000  0.000000 )
(  -0.301511  0.000000  -0.000000  0.000000  -0.000000  0.000000 )
(  -0.301511  0.000000  -0.000000  0.000000   0.000000  0.000000 )
(  -0.301511  0.000000   0.000000  0.000000  -0.000000  0.000000 )
(  -0.301511  0.000000  -0.000000  0.000000  -0.000000  0.000000 )
(  -0.301511  0.000000   0.000000  0.000000  -0.000000  0.000000 )
(  -0.301511  0.000000   0.000000  0.000000  -0.000000  0.000000 )
(  -0.301511  0.000000   0.000000  0.000000  -0.000000  0.000000 )
(  -0.301511  0.000000   0.000000  0.000000   0.000000  0.000000 )
(  -0.301511  0.000000   0.000000  0.000000   0.000000  0.000000 )
(  -0.301511  0.000000   0.000000  0.000000  -0.000000  0.000000 )
   freq (    2) =     0.00000025 [THz] =     0.00000841 [cm-1]
(   0.000000  0.000000   0.218622  0.000000  -0.207638  0.000000 )
(   0.000000  0.000000   0.218622  0.000000  -0.207638  0.000000 )
(  -0.000000  0.000000   0.218622  0.000000  -0.207638  0.000000 )
(   0.000000  0.000000   0.218622  0.000000  -0.207638  0.000000 )
(   0.000000  0.000000   0.218622  0.000000  -0.207638  0.000000 )
(  -0.000000  0.000000   0.218622  0.000000  -0.207638  0.000000 )
(   0.000000  0.000000   0.218622  0.000000  -0.207638  0.000000 )
(  -0.000000  0.000000   0.218622  0.000000  -0.207638  0.000000 )
(   0.000000  0.000000   0.218622  0.000000  -0.207638  0.000000 )
(   0.000000  0.000000   0.218622  0.000000  -0.207638  0.000000 )
(  -0.000000  0.000000   0.218622  0.000000  -0.207638  0.000000 )
   freq (    3) =     0.00000106 [THz] =     0.00003541 [cm-1]
(  -0.000000  0.000000  -0.207638  0.000000  -0.218622  0.000000 )
(   0.000000  0.000000  -0.207638  0.000000  -0.218622  0.000000 )
(  -0.000000  0.000000  -0.207638  0.000000  -0.218622  0.000000 )
(  -0.000000  0.000000  -0.207638  0.000000  -0.218622  0.000000 )
(  -0.000000  0.000000  -0.207638  0.000000  -0.218622  0.000000 )
(   0.000000  0.000000  -0.207638  0.000000  -0.218622  0.000000 )
(   0.000000  0.000000  -0.207638  0.000000  -0.218622  0.000000 )
(   0.000000  0.000000  -0.207638  0.000000  -0.218622  0.000000 )
(  -0.000000  0.000000  -0.207638  0.000000  -0.218622  0.000000 )
(  -0.000000  0.000000  -0.207638  0.000000  -0.218622  0.000000 )
(  -0.000000  0.000000  -0.207638  0.000000  -0.218622  0.000000 )
   freq (    4) =    25.48316566 [THz] =   850.02678797 [cm-1]
(  -0.000000  0.000000  -0.000000  0.000000   0.020859  0.000000 )
(   0.000000  0.000000   0.000000  0.000000  -0.500042  0.000000 )
(   0.000000  0.000000   0.000000  0.000000  -0.500042  0.000000 )
(   0.000000  0.000000   0.000000  0.000000  -0.359688  0.000000 )
(   0.000000  0.000000   0.000000  0.000000  -0.359688  0.000000 )
(   0.047979  0.000000   0.027700  0.000000  -0.192490  0.000000 )
(   0.000000  0.000000  -0.055401  0.000000  -0.192490  0.000000 )
(  -0.047979  0.000000   0.027700  0.000000  -0.192490  0.000000 )
(   0.000000  0.000000  -0.055401  0.000000  -0.192490  0.000000 )
(  -0.047979  0.000000   0.027700  0.000000  -0.192490  0.000000 )
(   0.047979  0.000000   0.027700  0.000000  -0.192490  0.000000 )
   freq (    5) =    25.58685702 [THz] =   853.48555902 [cm-1]
(  -0.020930  0.000000  -0.000000  0.000000  -0.000000  0.000000 )
(   0.493046  0.000000   0.000000  0.000000   0.000000  0.000000 )
(   0.493046  0.000000   0.000000  0.000000   0.000000  0.000000 )
(   0.174209  0.000000   0.000000  0.000000   0.000000  0.000000 )
(   0.174209  0.000000   0.000000  0.000000   0.000000  0.000000 )
(   0.299092  0.000000   0.070667  0.000000  -0.055760  0.000000 )
(   0.176693  0.000000   0.000000  0.000000   0.000000  0.000000 )
(   0.299092  0.000000  -0.070667  0.000000   0.055760  0.000000 )
(   0.176693  0.000000   0.000000  0.000000   0.000000  0.000000 )
(   0.299092  0.000000  -0.070667  0.000000   0.055760  0.000000 )
(   0.299092  0.000000   0.070667  0.000000  -0.055760  0.000000 )
   freq (    6) =    25.58685702 [THz] =   853.48555902 [cm-1]
(   0.000000  0.000000  -0.020930  0.000000  -0.000000  0.000000 )
(  -0.000000  0.000000   0.493046  0.000000   0.000000  0.000000 )
(  -0.000000  0.000000   0.493046  0.000000   0.000000  0.000000 )
(  -0.000000  0.000000   0.174209  0.000000   0.000000  0.000000 )
(  -0.000000  0.000000   0.174209  0.000000   0.000000  0.000000 )
(   0.070667  0.000000   0.217493  0.000000  -0.032193  0.000000 )
(  -0.000000  0.000000   0.339891  0.000000   0.064386  0.000000 )
(  -0.070667  0.000000   0.217493  0.000000  -0.032193  0.000000 )
(  -0.000000  0.000000   0.339891  0.000000   0.064386  0.000000 )
(  -0.070667  0.000000   0.217493  0.000000  -0.032193  0.000000 )
(   0.070667  0.000000   0.217493  0.000000  -0.032193  0.000000 )
   freq (    7) =    25.75788232 [THz] =   859.19034812 [cm-1]
(   0.000000  0.000000   0.000000  0.000000  -0.000000  0.000000 )
(   0.000000  0.000000   0.000000  0.000000  -0.338983  0.000000 )
(  -0.000000  0.000000  -0.000000  0.000000   0.338983  0.000000 )
(   0.000000  0.000000   0.000000  0.000000  -0.522024  0.000000 )
(  -0.000000  0.000000  -0.000000  0.000000   0.522024  0.000000 )
(  -0.118241  0.000000  -0.068267  0.000000   0.137425  0.000000 )
(  -0.000000  0.000000   0.136533  0.000000   0.137425  0.000000 )
(   0.118241  0.000000  -0.068267  0.000000   0.137425  0.000000 )
(   0.000000  0.000000  -0.136533  0.000000  -0.137425  0.000000 )
(  -0.118241  0.000000   0.068267  0.000000  -0.137425  0.000000 )
(   0.118241  0.000000   0.068267  0.000000  -0.137425  0.000000 )
   freq (    8) =    25.98517135 [THz] =   866.77189294 [cm-1]
(  -0.000000  0.000000  -0.000000  0.000000  -0.000000  0.000000 )
(   0.346616  0.000000   0.000019  0.000000   0.000000  0.000000 )
(  -0.346616  0.000000  -0.000019  0.000000  -0.000000  0.000000 )
(   0.089960  0.000000   0.000005  0.000000   0.000000  0.000000 )
(  -0.089960  0.000000  -0.000005  0.000000  -0.000000  0.000000 )
(  -0.372628  0.000000  -0.164447  0.000000   0.127059  0.000000 )
(  -0.087806  0.000000  -0.000026  0.000000  -0.000008  0.000000 )
(  -0.372610  0.000000   0.164427  0.000000  -0.127051  0.000000 )
(   0.087806  0.000000   0.000026  0.000000   0.000008  0.000000 )
(   0.372610  0.000000  -0.164427  0.000000   0.127051  0.000000 )
(   0.372628  0.000000   0.164447  0.000000  -0.127059  0.000000 )
   freq (    9) =    25.98517135 [THz] =   866.77189294 [cm-1]
(  -0.000000  0.000000  -0.000000  0.000000  -0.000000  0.000000 )
(  -0.000019  0.000000   0.346616  0.000000   0.000000  0.000000 )
(   0.000019  0.000000  -0.346616  0.000000  -0.000000  0.000000 )
(  -0.000005  0.000000   0.089960  0.000000   0.000000  0.000000 )
(   0.000005  0.000000  -0.089960  0.000000  -0.000000  0.000000 )
(  -0.164416  0.000000  -0.182735  0.000000   0.073348  0.000000 )
(   0.000005  0.000000  -0.467557  0.000000  -0.146711  0.000000 )
(   0.164457  0.000000  -0.182753  0.000000   0.073362  0.000000 )
(  -0.000005  0.000000   0.467557  0.000000   0.146711  0.000000 )
(  -0.164457  0.000000   0.182753  0.000000  -0.073362  0.000000 )
(   0.164416  0.000000   0.182735  0.000000  -0.073348  0.000000 )
   freq (   10) =    28.99592484 [THz] =   967.19980509 [cm-1]
(  -0.000000  0.000000  -0.000000  0.000000   0.000000  0.000000 )
(   0.519428  0.000000  -0.000705  0.000000  -0.000000  0.000000 )
(  -0.519428  0.000000   0.000705  0.000000   0.000000  0.000000 )
(  -0.292839  0.000000   0.000398  0.000000   0.000000  0.000000 )
(   0.292839  0.000000  -0.000398  0.000000  -0.000000  0.000000 )
(   0.191704  0.000000  -0.040002  0.000000  -0.004168  0.000000 )
(   0.260377  0.000000  -0.000229  0.000000  -0.000007  0.000000 )
(   0.191596  0.000000   0.039357  0.000000   0.004174  0.000000 )
(  -0.260377  0.000000   0.000229  0.000000   0.000007  0.000000 )
(  -0.191596  0.000000  -0.039357  0.000000  -0.004174  0.000000 )
(  -0.191704  0.000000   0.040002  0.000000   0.004168  0.000000 )
   freq (   11) =    28.99592484 [THz] =   967.19980509 [cm-1]
(  -0.000000  0.000000   0.000000  0.000000  -0.000000  0.000000 )
(  -0.000705  0.000000  -0.519428  0.000000  -0.000000  0.000000 )
(   0.000705  0.000000   0.519428  0.000000   0.000000  0.000000 )
(   0.000398  0.000000   0.292839  0.000000  -0.000000  0.000000 )
(  -0.000398  0.000000  -0.292839  0.000000   0.000000  0.000000 )
(   0.039419  0.000000  -0.237414  0.000000   0.002414  0.000000 )
(  -0.000354  0.000000  -0.168741  0.000000  -0.004816  0.000000 )
(  -0.039940  0.000000  -0.237522  0.000000   0.002402  0.000000 )
(   0.000354  0.000000   0.168741  0.000000   0.004816  0.000000 )
(   0.039940  0.000000   0.237522  0.000000  -0.002402  0.000000 )
(  -0.039419  0.000000   0.237414  0.000000  -0.002414  0.000000 )
   freq (   12) =    29.35983102 [THz] =   979.33840682 [cm-1]
(  -0.000000  0.000000   0.000000  0.000000  -0.000000  0.000000 )
(  -0.000000  0.000000  -0.000000  0.000000  -0.524255  0.000000 )
(   0.000000  0.000000   0.000000  0.000000   0.524255  0.000000 )
(   0.000000  0.000000   0.000000  0.000000   0.158975  0.000000 )
(  -0.000000  0.000000  -0.000000  0.000000  -0.158975  0.000000 )
(  -0.023478  0.000000  -0.013555  0.000000  -0.256696  0.000000 )
(  -0.000000  0.000000   0.027110  0.000000  -0.256696  0.000000 )
(   0.023478  0.000000  -0.013555  0.000000  -0.256696  0.000000 )
(   0.000000  0.000000  -0.027110  0.000000   0.256696  0.000000 )
(  -0.023478  0.000000   0.013555  0.000000   0.256696  0.000000 )
(   0.023478  0.000000   0.013555  0.000000   0.256696  0.000000 )
   freq (   13) =    32.23127296 [THz] =  1075.11938637 [cm-1]
(   0.000000  0.000000  -0.000000  0.000000  -0.000000  0.000000 )
(  -0.000000  0.000000   0.000000  0.000000   0.000000  0.000000 )
(   0.000000  0.000000  -0.000000  0.000000   0.000000  0.000000 )
(   0.000000  0.000000   0.000000  0.000000  -0.000000  0.000000 )
(  -0.000000  0.000000  -0.000000  0.000000  -0.000000  0.000000 )
(  -0.204124  0.000000   0.353553  0.000000  -0.000000  0.000000 )
(   0.408248  0.000000   0.000000  0.000000  -0.000000  0.000000 )
(  -0.204124  0.000000  -0.353553  0.000000   0.000000  0.000000 )
(  -0.408248  0.000000  -0.000000  0.000000   0.000000  0.000000 )
(   0.204124  0.000000   0.353553  0.000000  -0.000000  0.000000 )
(   0.204124  0.000000  -0.353553  0.000000   0.000000  0.000000 )
   freq (   14) =    32.36728319 [THz] =  1079.65619861 [cm-1]
(   0.000000  0.000000   0.000000  0.000000  -0.000000  0.000000 )
(   0.029720  0.000000   0.000036  0.000000  -0.000000  0.000000 )
(  -0.029720  0.000000  -0.000036  0.000000   0.000000  0.000000 )
(   0.403928  0.000000   0.000488  0.000000   0.000000  0.000000 )
(  -0.403928  0.000000  -0.000488  0.000000  -0.000000  0.000000 )
(   0.164764  0.000000   0.000630  0.000000   0.357154  0.000000 )
(   0.164016  0.000000   0.000200  0.000000  -0.000498  0.000000 )
(   0.164763  0.000000  -0.000233  0.000000  -0.356656  0.000000 )
(  -0.164016  0.000000  -0.000200  0.000000   0.000498  0.000000 )
(  -0.164763  0.000000   0.000233  0.000000   0.356656  0.000000 )
(  -0.164764  0.000000  -0.000630  0.000000  -0.357154  0.000000 )
   freq (   15) =    32.36728319 [THz] =  1079.65619861 [cm-1]
(   0.000000  0.000000  -0.000000  0.000000  -0.000000  0.000000 )
(  -0.000036  0.000000   0.029720  0.000000  -0.000000  0.000000 )
(   0.000036  0.000000  -0.029720  0.000000   0.000000  0.000000 )
(  -0.000488  0.000000   0.403928  0.000000   0.000000  0.000000 )
(   0.000488  0.000000  -0.403928  0.000000  -0.000000  0.000000 )
(   0.000232  0.000000   0.164265  0.000000   0.205628  0.000000 )
(  -0.000198  0.000000   0.165013  0.000000  -0.412119  0.000000 )
(  -0.000631  0.000000   0.164266  0.000000   0.206491  0.000000 )
(   0.000198  0.000000  -0.165013  0.000000   0.412119  0.000000 )
(   0.000631  0.000000  -0.164266  0.000000  -0.206491  0.000000 )
(  -0.000232  0.000000  -0.164265  0.000000  -0.205628  0.000000 )
   freq (   16) =    33.06713958 [THz] =  1103.00089151 [cm-1]
(   0.000000  0.000000   0.000000  0.000000  -0.000000  0.000000 )
(  -0.000000  0.000000   0.000000  0.000000  -0.000000  0.000000 )
(  -0.000000  0.000000   0.000000  0.000000  -0.000000  0.000000 )
(   0.000000  0.000000   0.000000  0.000000   0.000000  0.000000 )
(   0.000000  0.000000   0.000000  0.000000   0.000000  0.000000 )
(   0.204124  0.000000  -0.353553  0.000000   0.000000  0.000000 )
(  -0.408248  0.000000  -0.000000  0.000000   0.000000  0.000000 )
(   0.204124  0.000000   0.353553  0.000000  -0.000000  0.000000 )
(  -0.408248  0.000000  -0.000000  0.000000   0.000000  0.000000 )
(   0.204124  0.000000   0.353553  0.000000  -0.000000  0.000000 )
(   0.204124  0.000000  -0.353553  0.000000   0.000000  0.000000 )
   freq (   17) =    33.26009746 [THz] =  1109.43727287 [cm-1]
(  -0.000406  0.000000  -0.000000  0.000000   0.000000  0.000000 )
(  -0.027064  0.000000  -0.000000  0.000000  -0.000000  0.000000 )
(  -0.027064  0.000000  -0.000000  0.000000   0.000000  0.000000 )
(  -0.423063  0.000000  -0.000000  0.000000  -0.000000  0.000000 )
(  -0.423063  0.000000  -0.000000  0.000000  -0.000000  0.000000 )
(   0.163279  0.000000   0.006777  0.000000   0.349219  0.000000 )
(   0.151541  0.000000   0.000000  0.000000  -0.000000  0.000000 )
(   0.163279  0.000000  -0.006777  0.000000  -0.349219  0.000000 )
(   0.151541  0.000000   0.000000  0.000000  -0.000000  0.000000 )
(   0.163279  0.000000  -0.006777  0.000000  -0.349219  0.000000 )
(   0.163279  0.000000   0.006777  0.000000   0.349219  0.000000 )
   freq (   18) =    33.26009746 [THz] =  1109.43727287 [cm-1]
(  -0.000000  0.000000   0.000406  0.000000   0.000000  0.000000 )
(  -0.000000  0.000000   0.027064  0.000000  -0.000000  0.000000 )
(  -0.000000  0.000000   0.027064  0.000000  -0.000000  0.000000 )
(  -0.000000  0.000000   0.423063  0.000000   0.000000  0.000000 )
(  -0.000000  0.000000   0.423063  0.000000   0.000000  0.000000 )
(  -0.006777  0.000000  -0.155454  0.000000  -0.201622  0.000000 )
(   0.000000  0.000000  -0.167192  0.000000   0.403244  0.000000 )
(   0.006777  0.000000  -0.155454  0.000000  -0.201622  0.000000 )
(   0.000000  0.000000  -0.167192  0.000000   0.403244  0.000000 )
(   0.006777  0.000000  -0.155454  0.000000  -0.201622  0.000000 )
(  -0.006777  0.000000  -0.155454  0.000000  -0.201622  0.000000 )
   freq (   19) =    34.55073558 [THz] =  1152.48832046 [cm-1]
(  -0.000538  0.000000  -0.000000  0.000000  -0.000000  0.000000 )
(  -0.027821  0.000000  -0.000000  0.000000  -0.000000  0.000000 )
(  -0.027821  0.000000  -0.000000  0.000000  -0.000000  0.000000 )
(   0.368270  0.000000   0.000000  0.000000   0.000000  0.000000 )
(   0.368270  0.000000   0.000000  0.000000   0.000000  0.000000 )
(   0.018808  0.000000   0.207726  0.000000   0.283130  0.000000 )
(  -0.340984  0.000000   0.000000  0.000000  -0.000000  0.000000 )
(   0.018808  0.000000  -0.207726  0.000000  -0.283130  0.000000 )
(  -0.340984  0.000000   0.000000  0.000000  -0.000000  0.000000 )
(   0.018808  0.000000  -0.207726  0.000000  -0.283130  0.000000 )
(   0.018808  0.000000   0.207726  0.000000   0.283130  0.000000 )
   freq (   20) =    34.55073558 [THz] =  1152.48832046 [cm-1]
(   0.000000  0.000000  -0.000538  0.000000  -0.000000  0.000000 )
(   0.000000  0.000000  -0.027821  0.000000   0.000000  0.000000 )
(   0.000000  0.000000  -0.027821  0.000000   0.000000  0.000000 )
(  -0.000000  0.000000   0.368270  0.000000  -0.000000  0.000000 )
(  -0.000000  0.000000   0.368270  0.000000  -0.000000  0.000000 )
(   0.207726  0.000000  -0.221053  0.000000   0.163465  0.000000 )
(   0.000000  0.000000   0.138739  0.000000  -0.326931  0.000000 )
(  -0.207726  0.000000  -0.221053  0.000000   0.163465  0.000000 )
(   0.000000  0.000000   0.138739  0.000000  -0.326931  0.000000 )
(  -0.207726  0.000000  -0.221053  0.000000   0.163465  0.000000 )
(   0.207726  0.000000  -0.221053  0.000000   0.163465  0.000000 )
   freq (   21) =    35.79102154 [THz] =  1193.85980084 [cm-1]
(   0.006212  0.000000   0.000000  0.000000   0.000000  0.000000 )
(   0.512339  0.000000  -0.000000  0.000000   0.000000  0.000000 )
(   0.512339  0.000000  -0.000000  0.000000   0.000000  0.000000 )
(  -0.197911  0.000000   0.000000  0.000000  -0.000000  0.000000 )
(  -0.197911  0.000000   0.000000  0.000000  -0.000000  0.000000 )
(  -0.266862  0.000000  -0.033554  0.000000   0.070937  0.000000 )
(  -0.208745  0.000000   0.000000  0.000000  -0.000000  0.000000 )
(  -0.266862  0.000000   0.033554  0.000000  -0.070937  0.000000 )
(  -0.208745  0.000000  -0.000000  0.000000  -0.000000  0.000000 )
(  -0.266862  0.000000   0.033554  0.000000  -0.070937  0.000000 )
(  -0.266862  0.000000  -0.033554  0.000000   0.070937  0.000000 )
   freq (   22) =    35.79102154 [THz] =  1193.85980084 [cm-1]
(  -0.000000  0.000000  -0.006212  0.000000   0.000000  0.000000 )
(  -0.000000  0.000000  -0.512339  0.000000   0.000000  0.000000 )
(  -0.000000  0.000000  -0.512339  0.000000   0.000000  0.000000 )
(   0.000000  0.000000   0.197911  0.000000  -0.000000  0.000000 )
(  -0.000000  0.000000   0.197911  0.000000  -0.000000  0.000000 )
(   0.033554  0.000000   0.228117  0.000000  -0.040955  0.000000 )
(  -0.000000  0.000000   0.286234  0.000000   0.081911  0.000000 )
(  -0.033554  0.000000   0.228117  0.000000  -0.040955  0.000000 )
(  -0.000000  0.000000   0.286234  0.000000   0.081911  0.000000 )
(  -0.033554  0.000000   0.228117  0.000000  -0.040955  0.000000 )
(   0.033554  0.000000   0.228117  0.000000  -0.040955  0.000000 )
   freq (   23) =    36.32763937 [THz] =  1211.75944243 [cm-1]
(  -0.000000  0.000000   0.000000  0.000000   0.007005  0.000000 )
(  -0.000000  0.000000   0.000000  0.000000   0.502701  0.000000 )
(  -0.000000  0.000000   0.000000  0.000000   0.502701  0.000000 )
(   0.000000  0.000000  -0.000000  0.000000  -0.275228  0.000000 )
(   0.000000  0.000000  -0.000000  0.000000  -0.275228  0.000000 )
(   0.029269  0.000000   0.016898  0.000000  -0.236707  0.000000 )
(   0.000000  0.000000  -0.033797  0.000000  -0.236707  0.000000 )
(  -0.029269  0.000000   0.016898  0.000000  -0.236707  0.000000 )
(   0.000000  0.000000  -0.033797  0.000000  -0.236707  0.000000 )
(  -0.029269  0.000000   0.016898  0.000000  -0.236707  0.000000 )
(   0.029269  0.000000   0.016898  0.000000  -0.236707  0.000000 )
   freq (   24) =    43.17177800 [THz] =  1440.05530070 [cm-1]
(  -0.000000  0.000000  -0.000000  0.000000  -0.000000  0.000000 )
(   0.021421  0.000000   0.000076  0.000000  -0.000000  0.000000 )
(  -0.021421  0.000000  -0.000076  0.000000  -0.000000  0.000000 )
(   0.387092  0.000000   0.001367  0.000000  -0.000000  0.000000 )
(  -0.387092  0.000000  -0.001367  0.000000  -0.000000  0.000000 )
(  -0.000072  0.000000  -0.186642  0.000000  -0.295305  0.000000 )
(   0.325191  0.000000  -0.000380  0.000000   0.001202  0.000000 )
(   0.001252  0.000000   0.188175  0.000000   0.294103  0.000000 )
(  -0.325191  0.000000   0.000380  0.000000  -0.001202  0.000000 )
(  -0.001252  0.000000  -0.188175  0.000000  -0.294103  0.000000 )
(   0.000072  0.000000   0.186642  0.000000   0.295305  0.000000 )
   freq (   25) =    43.17177800 [THz] =  1440.05530070 [cm-1]
(  -0.000000  0.000000   0.000000  0.000000   0.000000  0.000000 )
(   0.000076  0.000000  -0.021421  0.000000  -0.000000  0.000000 )
(  -0.000076  0.000000   0.021421  0.000000   0.000000  0.000000 )
(   0.001367  0.000000  -0.387092  0.000000   0.000000  0.000000 )
(  -0.001367  0.000000   0.387092  0.000000  -0.000000  0.000000 )
(   0.187410  0.000000  -0.217653  0.000000   0.169107  0.000000 )
(   0.001149  0.000000   0.107610  0.000000  -0.340295  0.000000 )
(  -0.187406  0.000000  -0.216329  0.000000   0.171189  0.000000 )
(  -0.001149  0.000000  -0.107610  0.000000   0.340295  0.000000 )
(   0.187406  0.000000   0.216329  0.000000  -0.171189  0.000000 )
(  -0.187410  0.000000   0.217653  0.000000  -0.169107  0.000000 )
   freq (   26) =    44.66389921 [THz] =  1489.82709979 [cm-1]
(   0.006247  0.000000   0.000000  0.000000   0.000000  0.000000 )
(  -0.035682  0.000000  -0.000000  0.000000  -0.000000  0.000000 )
(  -0.035682  0.000000   0.000000  0.000000  -0.000000  0.000000 )
(  -0.334118  0.000000  -0.000000  0.000000   0.000000  0.000000 )
(  -0.334118  0.000000  -0.000000  0.000000   0.000000  0.000000 )
(   0.139350  0.000000   0.276369  0.000000  -0.200408  0.000000 )
(  -0.339336  0.000000   0.000000  0.000000  -0.000000  0.000000 )
(   0.139350  0.000000  -0.276369  0.000000   0.200408  0.000000 )
(  -0.339336  0.000000   0.000000  0.000000  -0.000000  0.000000 )
(   0.139350  0.000000  -0.276369  0.000000   0.200408  0.000000 )
(   0.139350  0.000000   0.276369  0.000000  -0.200408  0.000000 )
   freq (   27) =    44.66389921 [THz] =  1489.82709979 [cm-1]
(  -0.000000  0.000000   0.006247  0.000000  -0.000000  0.000000 )
(  -0.000000  0.000000  -0.035682  0.000000   0.000000  0.000000 )
(   0.000000  0.000000  -0.035682  0.000000   0.000000  0.000000 )
(   0.000000  0.000000  -0.334118  0.000000  -0.000000  0.000000 )
(   0.000000  0.000000  -0.334118  0.000000  -0.000000  0.000000 )
(   0.276369  0.000000  -0.179774  0.000000  -0.115706  0.000000 )
(   0.000000  0.000000   0.298912  0.000000   0.231411  0.000000 )
(  -0.276369  0.000000  -0.179774  0.000000  -0.115706  0.000000 )
(  -0.000000  0.000000   0.298912  0.000000   0.231411  0.000000 )
(  -0.276369  0.000000  -0.179774  0.000000  -0.115706  0.000000 )
(   0.276369  0.000000  -0.179774  0.000000  -0.115706  0.000000 )
   freq (   28) =    45.30825537 [THz] =  1511.32050436 [cm-1]
(   0.000000  0.000000  -0.000000  0.000000  -0.005594  0.000000 )
(  -0.000000  0.000000   0.000000  0.000000   0.077226  0.000000 )
(   0.000000  0.000000   0.000000  0.000000   0.077226  0.000000 )
(  -0.000000  0.000000   0.000000  0.000000  -0.438250  0.000000 )
(   0.000000  0.000000   0.000000  0.000000  -0.438250  0.000000 )
(   0.170452  0.000000   0.098410  0.000000   0.248825  0.000000 )
(   0.000000  0.000000  -0.196821  0.000000   0.248825  0.000000 )
(  -0.170452  0.000000   0.098410  0.000000   0.248825  0.000000 )
(  -0.000000  0.000000  -0.196821  0.000000   0.248825  0.000000 )
(  -0.170452  0.000000   0.098410  0.000000   0.248825  0.000000 )
(   0.170452  0.000000   0.098410  0.000000   0.248825  0.000000 )
   freq (   29) =    45.45239288 [THz] =  1516.12841350 [cm-1]
(   0.000000  0.000000   0.000000  0.000000  -0.000000  0.000000 )
(   0.000000  0.000000  -0.000000  0.000000   0.331870  0.000000 )
(  -0.000000  0.000000   0.000000  0.000000  -0.331870  0.000000 )
(   0.000000  0.000000  -0.000000  0.000000  -0.270762  0.000000 )
(  -0.000000  0.000000   0.000000  0.000000   0.270762  0.000000 )
(  -0.166926  0.000000  -0.096375  0.000000  -0.261466  0.000000 )
(  -0.000000  0.000000   0.192749  0.000000  -0.261466  0.000000 )
(   0.166926  0.000000  -0.096375  0.000000  -0.261466  0.000000 )
(   0.000000  0.000000  -0.192749  0.000000   0.261466  0.000000 )
(  -0.166926  0.000000   0.096375  0.000000   0.261466  0.000000 )
(   0.166926  0.000000   0.096375  0.000000   0.261466  0.000000 )
   freq (   30) =    45.67092287 [THz] =  1523.41778845 [cm-1]
(   0.000000  0.000000   0.000000  0.000000  -0.000000  0.000000 )
(   0.329712  0.000000   0.000173  0.000000  -0.000000  0.000000 )
(  -0.329712  0.000000  -0.000173  0.000000   0.000000  0.000000 )
(   0.305209  0.000000   0.000160  0.000000  -0.000000  0.000000 )
(  -0.305209  0.000000  -0.000160  0.000000  -0.000000  0.000000 )
(   0.075037  0.000000   0.247405  0.000000  -0.140065  0.000000 )
(  -0.353802  0.000000   0.000114  0.000000   0.000085  0.000000 )
(   0.074777  0.000000  -0.247625  0.000000   0.139980  0.000000 )
(   0.353802  0.000000  -0.000114  0.000000  -0.000085  0.000000 )
(  -0.074777  0.000000   0.247625  0.000000  -0.139980  0.000000 )
(  -0.075037  0.000000  -0.247405  0.000000   0.140065  0.000000 )
   freq (   31) =    45.67092287 [THz] =  1523.41778845 [cm-1]
(   0.000000  0.000000  -0.000000  0.000000  -0.000000  0.000000 )
(  -0.000173  0.000000   0.329712  0.000000   0.000000  0.000000 )
(   0.000173  0.000000  -0.329712  0.000000  -0.000000  0.000000 )
(  -0.000160  0.000000   0.305209  0.000000  -0.000000  0.000000 )
(   0.000160  0.000000  -0.305209  0.000000   0.000000  0.000000 )
(   0.247476  0.000000  -0.211028  0.000000  -0.080769  0.000000 )
(   0.000185  0.000000   0.217810  0.000000   0.161684  0.000000 )
(  -0.247554  0.000000  -0.210769  0.000000  -0.080915  0.000000 )
(  -0.000185  0.000000  -0.217810  0.000000  -0.161684  0.000000 )
(   0.247554  0.000000   0.210769  0.000000   0.080915  0.000000 )
(  -0.247476  0.000000   0.211028  0.000000   0.080769  0.000000 )
   freq (   32) =    46.26971619 [THz] =  1543.39138067 [cm-1]
(  -0.000000  0.000000  -0.000000  0.000000  -0.000652  0.000000 )
(  -0.000000  0.000000   0.000000  0.000000  -0.016651  0.000000 )
(   0.000000  0.000000   0.000000  0.000000  -0.016651  0.000000 )
(  -0.000000  0.000000   0.000000  0.000000   0.323486  0.000000 )
(   0.000000  0.000000   0.000000  0.000000   0.323486  0.000000 )
(   0.305044  0.000000   0.176117  0.000000  -0.087315  0.000000 )
(   0.000000  0.000000  -0.352235  0.000000  -0.087315  0.000000 )
(  -0.305044  0.000000   0.176117  0.000000  -0.087315  0.000000 )
(  -0.000000  0.000000  -0.352235  0.000000  -0.087315  0.000000 )
(  -0.305044  0.000000   0.176117  0.000000  -0.087315  0.000000 )
(   0.305044  0.000000   0.176117  0.000000  -0.087315  0.000000 )
   freq (   33) =    58.32920388 [THz] =  1945.65253338 [cm-1]
(   0.000000  0.000000  -0.000000  0.000000   0.000000  0.000000 )
(   0.000000  0.000000   0.000000  0.000000  -0.010463  0.000000 )
(  -0.000000  0.000000  -0.000000  0.000000   0.010463  0.000000 )
(   0.000000  0.000000   0.000000  0.000000   0.359034  0.000000 )
(  -0.000000  0.000000  -0.000000  0.000000  -0.359034  0.000000 )
(  -0.287408  0.000000  -0.165935  0.000000   0.116290  0.000000 )
(  -0.000000  0.000000   0.331871  0.000000   0.116290  0.000000 )
(   0.287408  0.000000  -0.165935  0.000000   0.116290  0.000000 )
(   0.000000  0.000000  -0.331871  0.000000  -0.116290  0.000000 )
(  -0.287408  0.000000   0.165935  0.000000  -0.116290  0.000000 )
(   0.287408  0.000000   0.165935  0.000000  -0.116290  0.000000 )
***************************************************************************
