Dynamical matrix file
File generated with the CellConstructor by Lorenzo Monacelli
2 11 0     1.8897259890000000     0.0000000000000000     0.0000000000000000     0.0000000000000000     0.0000000000000000     0.0000000000000000
Basis vectors
    1.8013531736827466    -1.0400117397310129     2.9438878127088963
   -0.0000000000000028     2.0800234794620245     2.9438878127088981
   -1.8013531736827502    -1.0400117397310140     2.9438878127088941
	1  'La '  126604.5951757480361266
	2  'H '    918.7358275894680446
    1     1    -0.0000000000000014     0.0000000000000006     4.4158317632043147
    2     2    -0.0000000000000011    -0.0000000000000007     2.2066670514864031
    3     2     0.0000000000000011     0.0000000000000007    -2.2066670514864031
    4     2    -0.0000000000000004     0.0000000000000001     1.0653063059202341
    5     2     0.0000000000000004    -0.0000000000000001    -1.0653063059202341
    6     2     0.9350952413439443     0.5398774887393362     6.2399985995395548
    7     2    -0.0000000000000029    -1.0797549774786745     6.2399985995395522
    8     2    -0.9350952413439472     0.5398774887393354     6.2399985995395522
    9     2    -0.0000000000000015     1.0797549774786741     2.5916649231906650
   10     2     0.9350952413439464    -0.5398774887393374     2.5916649231906663
   11     2    -0.9350952413439473    -0.5398774887393372     2.5916649231906645

     Dynamical Matrix in cartesian axes

     q = (     0.000000000000     0.000000000000     0.000000000000 )

    1    1
     0.6290330144806375     0.0000000000000000        0.0000000000000000     0.0000000000000000       -0.0000000000000002     0.0000000000000000
     0.0000000000000000     0.0000000000000000        0.6290330144810110     0.0000000000000000       -0.0000000000000003     0.0000000000000000
    -0.0000000000000001     0.0000000000000000       -0.0000000000000004     0.0000000000000000        0.6307176980688840     0.0000000000000000
    1    2
    -0.0296302088255272     0.0000000000000000        0.0000000000000000     0.0000000000000000       -0.0000000000000000     0.0000000000000000
    -0.0000000000000000     0.0000000000000000       -0.0296302088255447     0.0000000000000000        0.0000000000000000     0.0000000000000000
     0.0000000000000000     0.0000000000000000        0.0000000000000000     0.0000000000000000       -0.0285777164009237     0.0000000000000000
    1    3
    -0.0296302088255272     0.0000000000000000        0.0000000000000000     0.0000000000000000       -0.0000000000000000     0.0000000000000000
    -0.0000000000000000     0.0000000000000000       -0.0296302088255447     0.0000000000000000        0.0000000000000000     0.0000000000000000
     0.0000000000000000     0.0000000000000000        0.0000000000000000     0.0000000000000000       -0.0285777164009237     0.0000000000000000
    1    4
    -0.0935454467560854     0.0000000000000000       -0.0000000000000000     0.0000000000000000       -0.0000000000000000     0.0000000000000000
    -0.0000000000000000     0.0000000000000000       -0.0935454467561409     0.0000000000000000        0.0000000000000000     0.0000000000000000
    -0.0000000000000000     0.0000000000000000       -0.0000000000000000     0.0000000000000000       -0.0286451628755352     0.0000000000000000
    1    5
    -0.0935454467560854     0.0000000000000000       -0.0000000000000000     0.0000000000000000       -0.0000000000000000     0.0000000000000000
    -0.0000000000000000     0.0000000000000000       -0.0935454467561409     0.0000000000000000        0.0000000000000000     0.0000000000000000
    -0.0000000000000000     0.0000000000000000       -0.0000000000000000     0.0000000000000000       -0.0286451628755352     0.0000000000000000
    1    6
    -0.0494460588647133     0.0000000000000000        0.0248276060244088     0.0000000000000000       -0.0175261016807206     0.0000000000000000
     0.0248276060244088     0.0000000000000000       -0.0781145089078039     0.0000000000000000       -0.0101186995232117     0.0000000000000000
    -0.0179058431217747     0.0000000000000000       -0.0103379433464269     0.0000000000000000       -0.0860453232526612     0.0000000000000000
    1    7
    -0.0924487339292797     0.0000000000000000       -0.0000000000000001     0.0000000000000000        0.0000000000000000     0.0000000000000000
    -0.0000000000000000     0.0000000000000000       -0.0351118338432121     0.0000000000000000        0.0202373990464237     0.0000000000000000
     0.0000000000000000     0.0000000000000000        0.0206758866928539     0.0000000000000000       -0.0860453232526611     0.0000000000000000
    1    8
    -0.0494460588647133     0.0000000000000000       -0.0248276060244088     0.0000000000000000        0.0175261016807207     0.0000000000000000
    -0.0248276060244088     0.0000000000000000       -0.0781145089078040     0.0000000000000000       -0.0101186995232118     0.0000000000000000
     0.0179058431217748     0.0000000000000000       -0.0103379433464269     0.0000000000000000       -0.0860453232526611     0.0000000000000000
    1    9
    -0.0924487339292797     0.0000000000000000       -0.0000000000000001     0.0000000000000000        0.0000000000000000     0.0000000000000000
    -0.0000000000000000     0.0000000000000000       -0.0351118338432121     0.0000000000000000        0.0202373990464237     0.0000000000000000
     0.0000000000000000     0.0000000000000000        0.0206758866928539     0.0000000000000000       -0.0860453232526611     0.0000000000000000
    1   10
    -0.0494460588647133     0.0000000000000000       -0.0248276060244088     0.0000000000000000        0.0175261016807207     0.0000000000000000
    -0.0248276060244088     0.0000000000000000       -0.0781145089078040     0.0000000000000000       -0.0101186995232118     0.0000000000000000
     0.0179058431217748     0.0000000000000000       -0.0103379433464269     0.0000000000000000       -0.0860453232526611     0.0000000000000000
    1   11
    -0.0494460588647133     0.0000000000000000        0.0248276060244088     0.0000000000000000       -0.0175261016807206     0.0000000000000000
     0.0248276060244088     0.0000000000000000       -0.0781145089078039     0.0000000000000000       -0.0101186995232117     0.0000000000000000
    -0.0179058431217747     0.0000000000000000       -0.0103379433464269     0.0000000000000000       -0.0860453232526612     0.0000000000000000
    2    1
    -0.0296302088255272     0.0000000000000000       -0.0000000000000000     0.0000000000000000        0.0000000000000000     0.0000000000000000
     0.0000000000000000     0.0000000000000000       -0.0296302088255447     0.0000000000000000        0.0000000000000000     0.0000000000000000
    -0.0000000000000000     0.0000000000000000        0.0000000000000000     0.0000000000000000       -0.0285777164009237     0.0000000000000000
    2    2
     0.0829718818019648     0.0000000000000000        0.0000000000000000     0.0000000000000000       -0.0000000000000000     0.0000000000000000
     0.0000000000000000     0.0000000000000000        0.0829718818020141     0.0000000000000000       -0.0000000000000001     0.0000000000000000
    -0.0000000000000000     0.0000000000000000       -0.0000000000000000     0.0000000000000000        0.0825887363286148     0.0000000000000000
    2    3
    -0.0046730870919872     0.0000000000000000        0.0000000000000000     0.0000000000000000       -0.0000000000000000     0.0000000000000000
    -0.0000000000000000     0.0000000000000000       -0.0046730870919899     0.0000000000000000        0.0000000000000000     0.0000000000000000
     0.0000000000000000     0.0000000000000000        0.0000000000000000     0.0000000000000000       -0.0038009419395882     0.0000000000000000
    2    4
     0.0060829169413329     0.0000000000000000       -0.0000000000000000     0.0000000000000000        0.0000000000000000     0.0000000000000000
     0.0000000000000000     0.0000000000000000        0.0060829169413365     0.0000000000000000        0.0000000000000000     0.0000000000000000
     0.0000000000000000     0.0000000000000000        0.0000000000000000     0.0000000000000000       -0.0205913589746432     0.0000000000000000
    2    5
    -0.0141808347492958     0.0000000000000000       -0.0000000000000000     0.0000000000000000       -0.0000000000000000     0.0000000000000000
    -0.0000000000000000     0.0000000000000000       -0.0141808347493042     0.0000000000000000       -0.0000000000000000     0.0000000000000000
    -0.0000000000000000     0.0000000000000000       -0.0000000000000000     0.0000000000000000        0.0012120927744731     0.0000000000000000
    2    6
    -0.0037106654294674     0.0000000000000000        0.0064288816377043     0.0000000000000000       -0.0041332203211693     0.0000000000000000
     0.0064288816377043     0.0000000000000000       -0.0111340985177054     0.0000000000000000       -0.0023863158650478     0.0000000000000000
    -0.0048751030013742     0.0000000000000000       -0.0028146420301714     0.0000000000000000       -0.0130123198265397     0.0000000000000000
    2    7
    -0.0148458150618145     0.0000000000000000       -0.0000000000000000     0.0000000000000000        0.0000000000000000     0.0000000000000000
    -0.0000000000000000     0.0000000000000000        0.0000010511146483     0.0000000000000000        0.0047726317300957     0.0000000000000000
    -0.0000000000000000     0.0000000000000000        0.0056292840603427     0.0000000000000000       -0.0130123198265397     0.0000000000000000
    2    8
    -0.0037106654294674     0.0000000000000000       -0.0064288816377043     0.0000000000000000        0.0041332203211693     0.0000000000000000
    -0.0064288816377043     0.0000000000000000       -0.0111340985177054     0.0000000000000000       -0.0023863158650478     0.0000000000000000
     0.0048751030013742     0.0000000000000000       -0.0028146420301714     0.0000000000000000       -0.0130123198265397     0.0000000000000000
    2    9
     0.0061889972018816     0.0000000000000000        0.0000000000000000     0.0000000000000000        0.0000000000000000     0.0000000000000000
     0.0000000000000000     0.0000000000000000       -0.0183913453057180     0.0000000000000000       -0.0080324078511060     0.0000000000000000
     0.0000000000000000     0.0000000000000000       -0.0094929960644013     0.0000000000000000        0.0027353825638954     0.0000000000000000
    2   10
    -0.0122462596788099     0.0000000000000000        0.0106436005226503     0.0000000000000000       -0.0069562692526133     0.0000000000000000
     0.0106436005226503     0.0000000000000000        0.0000439115749844     0.0000000000000000        0.0040162039255530     0.0000000000000000
    -0.0082211757497948     0.0000000000000000        0.0047464980322007     0.0000000000000000        0.0027353825638954     0.0000000000000000
    2   11
    -0.0122462596788100     0.0000000000000000       -0.0106436005226503     0.0000000000000000        0.0069562692526132     0.0000000000000000
    -0.0106436005226503     0.0000000000000000        0.0000439115749844     0.0000000000000000        0.0040162039255530     0.0000000000000000
     0.0082211757497948     0.0000000000000000        0.0047464980322007     0.0000000000000000        0.0027353825638954     0.0000000000000000
    3    1
    -0.0296302088255272     0.0000000000000000        0.0000000000000000     0.0000000000000000       -0.0000000000000000     0.0000000000000000
    -0.0000000000000000     0.0000000000000000       -0.0296302088255448     0.0000000000000000        0.0000000000000000     0.0000000000000000
     0.0000000000000000     0.0000000000000000        0.0000000000000000     0.0000000000000000       -0.0285777164009237     0.0000000000000000
    3    2
    -0.0046730870919872     0.0000000000000000        0.0000000000000000     0.0000000000000000       -0.0000000000000000     0.0000000000000000
    -0.0000000000000000     0.0000000000000000       -0.0046730870919899     0.0000000000000000        0.0000000000000000     0.0000000000000000
     0.0000000000000000     0.0000000000000000        0.0000000000000000     0.0000000000000000       -0.0038009419395882     0.0000000000000000
    3    3
     0.0829718818019648     0.0000000000000000        0.0000000000000000     0.0000000000000000       -0.0000000000000000     0.0000000000000000
     0.0000000000000000     0.0000000000000000        0.0829718818020141     0.0000000000000000       -0.0000000000000001     0.0000000000000000
    -0.0000000000000000     0.0000000000000000       -0.0000000000000000     0.0000000000000000        0.0825887363286148     0.0000000000000000
    3    4
    -0.0141808347492958     0.0000000000000000       -0.0000000000000000     0.0000000000000000       -0.0000000000000000     0.0000000000000000
    -0.0000000000000000     0.0000000000000000       -0.0141808347493042     0.0000000000000000       -0.0000000000000000     0.0000000000000000
    -0.0000000000000000     0.0000000000000000       -0.0000000000000000     0.0000000000000000        0.0012120927744731     0.0000000000000000
    3    5
     0.0060829169413329     0.0000000000000000        0.0000000000000000     0.0000000000000000        0.0000000000000000     0.0000000000000000
     0.0000000000000000     0.0000000000000000        0.0060829169413365     0.0000000000000000        0.0000000000000000     0.0000000000000000
     0.0000000000000000     0.0000000000000000        0.0000000000000000     0.0000000000000000       -0.0205913589746432     0.0000000000000000
    3    6
    -0.0122462596788100     0.0000000000000000       -0.0106436005226503     0.0000000000000000        0.0069562692526132     0.0000000000000000
    -0.0106436005226503     0.0000000000000000        0.0000439115749844     0.0000000000000000        0.0040162039255530     0.0000000000000000
     0.0082211757497948     0.0000000000000000        0.0047464980322007     0.0000000000000000        0.0027353825638954     0.0000000000000000
    3    7
     0.0061889972018816     0.0000000000000000        0.0000000000000000     0.0000000000000000        0.0000000000000000     0.0000000000000000
     0.0000000000000000     0.0000000000000000       -0.0183913453057180     0.0000000000000000       -0.0080324078511060     0.0000000000000000
     0.0000000000000000     0.0000000000000000       -0.0094929960644013     0.0000000000000000        0.0027353825638954     0.0000000000000000
    3    8
    -0.0122462596788099     0.0000000000000000        0.0106436005226503     0.0000000000000000       -0.0069562692526133     0.0000000000000000
     0.0106436005226503     0.0000000000000000        0.0000439115749844     0.0000000000000000        0.0040162039255530     0.0000000000000000
    -0.0082211757497948     0.0000000000000000        0.0047464980322007     0.0000000000000000        0.0027353825638954     0.0000000000000000
    3    9
    -0.0148458150618145     0.0000000000000000       -0.0000000000000000     0.0000000000000000       -0.0000000000000000     0.0000000000000000
    -0.0000000000000000     0.0000000000000000        0.0000010511146483     0.0000000000000000        0.0047726317300957     0.0000000000000000
    -0.0000000000000000     0.0000000000000000        0.0056292840603427     0.0000000000000000       -0.0130123198265397     0.0000000000000000
    3   10
    -0.0037106654294674     0.0000000000000000       -0.0064288816377043     0.0000000000000000        0.0041332203211693     0.0000000000000000
    -0.0064288816377043     0.0000000000000000       -0.0111340985177054     0.0000000000000000       -0.0023863158650478     0.0000000000000000
     0.0048751030013742     0.0000000000000000       -0.0028146420301714     0.0000000000000000       -0.0130123198265397     0.0000000000000000
    3   11
    -0.0037106654294674     0.0000000000000000        0.0064288816377043     0.0000000000000000       -0.0041332203211693     0.0000000000000000
     0.0064288816377043     0.0000000000000000       -0.0111340985177054     0.0000000000000000       -0.0023863158650478     0.0000000000000000
    -0.0048751030013742     0.0000000000000000       -0.0028146420301714     0.0000000000000000       -0.0130123198265397     0.0000000000000000
    4    1
    -0.0935454467560854     0.0000000000000000       -0.0000000000000000     0.0000000000000000       -0.0000000000000000     0.0000000000000000
    -0.0000000000000000     0.0000000000000000       -0.0935454467561409     0.0000000000000000       -0.0000000000000000     0.0000000000000000
    -0.0000000000000000     0.0000000000000000       -0.0000000000000000     0.0000000000000000       -0.0286451628755351     0.0000000000000000
    4    2
     0.0060829169413329     0.0000000000000000       -0.0000000000000000     0.0000000000000000        0.0000000000000000     0.0000000000000000
     0.0000000000000000     0.0000000000000000        0.0060829169413365     0.0000000000000000        0.0000000000000000     0.0000000000000000
     0.0000000000000000     0.0000000000000000        0.0000000000000000     0.0000000000000000       -0.0205913589746432     0.0000000000000000
    4    3
    -0.0141808347492958     0.0000000000000000       -0.0000000000000000     0.0000000000000000       -0.0000000000000000     0.0000000000000000
    -0.0000000000000000     0.0000000000000000       -0.0141808347493042     0.0000000000000000       -0.0000000000000000     0.0000000000000000
    -0.0000000000000000     0.0000000000000000       -0.0000000000000000     0.0000000000000000        0.0012120927744731     0.0000000000000000
    4    4
     0.1163104686414626     0.0000000000000000       -0.0000000000000000     0.0000000000000000       -0.0000000000000000     0.0000000000000000
     0.0000000000000000     0.0000000000000000        0.1163104686415317     0.0000000000000000       -0.0000000000000001     0.0000000000000000
    -0.0000000000000000     0.0000000000000000       -0.0000000000000001     0.0000000000000000        0.1294100920260656     0.0000000000000000
    4    5
    -0.0056768154600409     0.0000000000000000       -0.0000000000000000     0.0000000000000000       -0.0000000000000000     0.0000000000000000
    -0.0000000000000000     0.0000000000000000       -0.0056768154600443     0.0000000000000000        0.0000000000000000     0.0000000000000000
    -0.0000000000000000     0.0000000000000000        0.0000000000000000     0.0000000000000000       -0.0023051444880371     0.0000000000000000
    4    6
    -0.0015839844544862     0.0000000000000000       -0.0047238539496603     0.0000000000000000       -0.0058579487581661     0.0000000000000000
    -0.0047238539496603     0.0000000000000000        0.0038706522444122     0.0000000000000000       -0.0033820882924272     0.0000000000000000
    -0.0144454676228015     0.0000000000000000       -0.0083400946205969     0.0000000000000000        0.0033766207840830     0.0000000000000000
    4    7
     0.0065979705938580     0.0000000000000000       -0.0000000000000000     0.0000000000000000       -0.0000000000000000     0.0000000000000000
    -0.0000000000000000     0.0000000000000000       -0.0043113028039369     0.0000000000000000        0.0067641765848544     0.0000000000000000
    -0.0000000000000000     0.0000000000000000        0.0166801892411939     0.0000000000000000        0.0033766207840830     0.0000000000000000
    4    8
    -0.0015839844544862     0.0000000000000000        0.0047238539496604     0.0000000000000000        0.0058579487581661     0.0000000000000000
     0.0047238539496603     0.0000000000000000        0.0038706522444123     0.0000000000000000       -0.0033820882924272     0.0000000000000000
     0.0144454676228015     0.0000000000000000       -0.0083400946205969     0.0000000000000000        0.0033766207840830     0.0000000000000000
    4    9
     0.0063591816286139     0.0000000000000000        0.0000000000000000     0.0000000000000000        0.0000000000000000     0.0000000000000000
     0.0000000000000000     0.0000000000000000       -0.0146393751634620     0.0000000000000000       -0.0203682486102783     0.0000000000000000
     0.0000000000000000     0.0000000000000000       -0.0245838560106953     0.0000000000000000       -0.0297367936048574     0.0000000000000000
    4   10
    -0.0093897359654365     0.0000000000000000        0.0090926418123730     0.0000000000000000       -0.0176394207270929     0.0000000000000000
     0.0090926418123730     0.0000000000000000        0.0011095424305978     0.0000000000000000        0.0101841243051392     0.0000000000000000
    -0.0212902438282346     0.0000000000000000        0.0122919280053477     0.0000000000000000       -0.0297367936048574     0.0000000000000000
    4   11
    -0.0093897359654366     0.0000000000000000       -0.0090926418123730     0.0000000000000000        0.0176394207270929     0.0000000000000000
    -0.0090926418123730     0.0000000000000000        0.0011095424305977     0.0000000000000000        0.0101841243051392     0.0000000000000000
     0.0212902438282346     0.0000000000000000        0.0122919280053477     0.0000000000000000       -0.0297367936048574     0.0000000000000000
    5    1
    -0.0935454467560854     0.0000000000000000       -0.0000000000000000     0.0000000000000000       -0.0000000000000000     0.0000000000000000
    -0.0000000000000000     0.0000000000000000       -0.0935454467561409     0.0000000000000000       -0.0000000000000000     0.0000000000000000
    -0.0000000000000000     0.0000000000000000       -0.0000000000000000     0.0000000000000000       -0.0286451628755351     0.0000000000000000
    5    2
    -0.0141808347492958     0.0000000000000000       -0.0000000000000000     0.0000000000000000       -0.0000000000000000     0.0000000000000000
    -0.0000000000000000     0.0000000000000000       -0.0141808347493042     0.0000000000000000       -0.0000000000000000     0.0000000000000000
    -0.0000000000000000     0.0000000000000000       -0.0000000000000000     0.0000000000000000        0.0012120927744731     0.0000000000000000
    5    3
     0.0060829169413329     0.0000000000000000        0.0000000000000000     0.0000000000000000        0.0000000000000000     0.0000000000000000
     0.0000000000000000     0.0000000000000000        0.0060829169413365     0.0000000000000000        0.0000000000000000     0.0000000000000000
     0.0000000000000000     0.0000000000000000        0.0000000000000000     0.0000000000000000       -0.0205913589746432     0.0000000000000000
    5    4
    -0.0056768154600409     0.0000000000000000       -0.0000000000000000     0.0000000000000000       -0.0000000000000000     0.0000000000000000
    -0.0000000000000000     0.0000000000000000       -0.0056768154600443     0.0000000000000000        0.0000000000000000     0.0000000000000000
    -0.0000000000000000     0.0000000000000000        0.0000000000000000     0.0000000000000000       -0.0023051444880371     0.0000000000000000
    5    5
     0.1163104686414626     0.0000000000000000        0.0000000000000000     0.0000000000000000       -0.0000000000000000     0.0000000000000000
    -0.0000000000000000     0.0000000000000000        0.1163104686415317     0.0000000000000000       -0.0000000000000001     0.0000000000000000
    -0.0000000000000000     0.0000000000000000       -0.0000000000000001     0.0000000000000000        0.1294100920260656     0.0000000000000000
    5    6
    -0.0093897359654366     0.0000000000000000       -0.0090926418123730     0.0000000000000000        0.0176394207270929     0.0000000000000000
    -0.0090926418123730     0.0000000000000000        0.0011095424305977     0.0000000000000000        0.0101841243051392     0.0000000000000000
     0.0212902438282346     0.0000000000000000        0.0122919280053477     0.0000000000000000       -0.0297367936048574     0.0000000000000000
    5    7
     0.0063591816286139     0.0000000000000000        0.0000000000000000     0.0000000000000000        0.0000000000000000     0.0000000000000000
     0.0000000000000000     0.0000000000000000       -0.0146393751634620     0.0000000000000000       -0.0203682486102783     0.0000000000000000
     0.0000000000000000     0.0000000000000000       -0.0245838560106953     0.0000000000000000       -0.0297367936048574     0.0000000000000000
    5    8
    -0.0093897359654365     0.0000000000000000        0.0090926418123730     0.0000000000000000       -0.0176394207270929     0.0000000000000000
     0.0090926418123730     0.0000000000000000        0.0011095424305978     0.0000000000000000        0.0101841243051392     0.0000000000000000
    -0.0212902438282346     0.0000000000000000        0.0122919280053477     0.0000000000000000       -0.0297367936048574     0.0000000000000000
    5    9
     0.0065979705938580     0.0000000000000000       -0.0000000000000000     0.0000000000000000        0.0000000000000000     0.0000000000000000
    -0.0000000000000000     0.0000000000000000       -0.0043113028039369     0.0000000000000000        0.0067641765848544     0.0000000000000000
    -0.0000000000000000     0.0000000000000000        0.0166801892411939     0.0000000000000000        0.0033766207840830     0.0000000000000000
    5   10
    -0.0015839844544862     0.0000000000000000        0.0047238539496604     0.0000000000000000        0.0058579487581661     0.0000000000000000
     0.0047238539496603     0.0000000000000000        0.0038706522444123     0.0000000000000000       -0.0033820882924272     0.0000000000000000
     0.0144454676228015     0.0000000000000000       -0.0083400946205969     0.0000000000000000        0.0033766207840830     0.0000000000000000
    5   11
    -0.0015839844544862     0.0000000000000000       -0.0047238539496603     0.0000000000000000       -0.0058579487581661     0.0000000000000000
    -0.0047238539496603     0.0000000000000000        0.0038706522444122     0.0000000000000000       -0.0033820882924272     0.0000000000000000
    -0.0144454676228015     0.0000000000000000       -0.0083400946205969     0.0000000000000000        0.0033766207840830     0.0000000000000000
    6    1
    -0.0494460588647133     0.0000000000000000        0.0248276060244088     0.0000000000000000       -0.0179058431217747     0.0000000000000000
     0.0248276060244088     0.0000000000000000       -0.0781145089078039     0.0000000000000000       -0.0103379433464269     0.0000000000000000
    -0.0175261016807206     0.0000000000000000       -0.0101186995232117     0.0000000000000000       -0.0860453232526612     0.0000000000000000
    6    2
    -0.0037106654294674     0.0000000000000000        0.0064288816377043     0.0000000000000000       -0.0048751030013742     0.0000000000000000
     0.0064288816377043     0.0000000000000000       -0.0111340985177054     0.0000000000000000       -0.0028146420301714     0.0000000000000000
    -0.0041332203211693     0.0000000000000000       -0.0023863158650478     0.0000000000000000       -0.0130123198265397     0.0000000000000000
    6    3
    -0.0122462596788100     0.0000000000000000       -0.0106436005226503     0.0000000000000000        0.0082211757497948     0.0000000000000000
    -0.0106436005226503     0.0000000000000000        0.0000439115749844     0.0000000000000000        0.0047464980322007     0.0000000000000000
     0.0069562692526132     0.0000000000000000        0.0040162039255530     0.0000000000000000        0.0027353825638954     0.0000000000000000
    6    4
    -0.0015839844544862     0.0000000000000000       -0.0047238539496603     0.0000000000000000       -0.0144454676228015     0.0000000000000000
    -0.0047238539496603     0.0000000000000000        0.0038706522444122     0.0000000000000000       -0.0083400946205969     0.0000000000000000
    -0.0058579487581661     0.0000000000000000       -0.0033820882924272     0.0000000000000000        0.0033766207840830     0.0000000000000000
    6    5
    -0.0093897359654365     0.0000000000000000       -0.0090926418123730     0.0000000000000000        0.0212902438282346     0.0000000000000000
    -0.0090926418123730     0.0000000000000000        0.0011095424305978     0.0000000000000000        0.0122919280053477     0.0000000000000000
     0.0176394207270929     0.0000000000000000        0.0101841243051392     0.0000000000000000       -0.0297367936048574     0.0000000000000000
    6    6
     0.1253922506754754     0.0000000000000000        0.0057349615633549     0.0000000000000000       -0.0029901575271153     0.0000000000000000
     0.0057349615633549     0.0000000000000000        0.1187700874707577     0.0000000000000000       -0.0017263682532000     0.0000000000000000
    -0.0029901575271153     0.0000000000000000       -0.0017263682532000     0.0000000000000000        0.1175484453477094     0.0000000000000000
    6    7
    -0.0092617994880691     0.0000000000000000       -0.0238159146004954     0.0000000000000000        0.0013977232828428     0.0000000000000000
    -0.0197974918379391     0.0000000000000000       -0.0344420114355888     0.0000000000000000       -0.0021278144035206     0.0000000000000000
     0.0025416029694081     0.0000000000000000       -0.0001465566686430     0.0000000000000000        0.0043779403187338     0.0000000000000000
    6    8
    -0.0470321174093179     0.0000000000000000        0.0020092113812781     0.0000000000000000       -0.0011438796865653     0.0000000000000000
    -0.0020092113812782     0.0000000000000000        0.0033283064856824     0.0000000000000000        0.0022743710721635     0.0000000000000000
     0.0011438796865653     0.0000000000000000        0.0022743710721635     0.0000000000000000        0.0043779403187338     0.0000000000000000
    6    9
    -0.0012876477589677     0.0000000000000000        0.0118419748724700     0.0000000000000000        0.0091562702225658     0.0000000000000000
     0.0037238094601999     0.0000000000000000        0.0076992620156489     0.0000000000000000       -0.0021205509147530     0.0000000000000000
     0.0064145860734768     0.0000000000000000       -0.0068692871592828     0.0000000000000000        0.0006007722219510     0.0000000000000000
    6   10
     0.0121927169029503     0.0000000000000000       -0.0040590827061350     0.0000000000000000        0.0027416841490890     0.0000000000000000
     0.0040590827061350     0.0000000000000000       -0.0057811026462771     0.0000000000000000        0.0089898380740358     0.0000000000000000
    -0.0027416841490890     0.0000000000000000        0.0089898380740358     0.0000000000000000        0.0006007722219510     0.0000000000000000
    6   11
    -0.0036266985291575     0.0000000000000000        0.0014924581120979     0.0000000000000000       -0.0014466462728960     0.0000000000000000
     0.0014924581120979     0.0000000000000000       -0.0053500407147081     0.0000000000000000       -0.0008352216150789     0.0000000000000000
    -0.0014466462728960     0.0000000000000000       -0.0008352216150789     0.0000000000000000       -0.0048234370929992     0.0000000000000000
    7    1
    -0.0924487339292797     0.0000000000000000       -0.0000000000000000     0.0000000000000000        0.0000000000000000     0.0000000000000000
    -0.0000000000000000     0.0000000000000000       -0.0351118338432121     0.0000000000000000        0.0206758866928539     0.0000000000000000
     0.0000000000000000     0.0000000000000000        0.0202373990464237     0.0000000000000000       -0.0860453232526611     0.0000000000000000
    7    2
    -0.0148458150618145     0.0000000000000000       -0.0000000000000000     0.0000000000000000       -0.0000000000000000     0.0000000000000000
    -0.0000000000000000     0.0000000000000000        0.0000010511146483     0.0000000000000000        0.0056292840603427     0.0000000000000000
    -0.0000000000000000     0.0000000000000000        0.0047726317300957     0.0000000000000000       -0.0130123198265397     0.0000000000000000
    7    3
     0.0061889972018816     0.0000000000000000        0.0000000000000000     0.0000000000000000        0.0000000000000000     0.0000000000000000
     0.0000000000000000     0.0000000000000000       -0.0183913453057180     0.0000000000000000       -0.0094929960644013     0.0000000000000000
     0.0000000000000000     0.0000000000000000       -0.0080324078511060     0.0000000000000000        0.0027353825638954     0.0000000000000000
    7    4
     0.0065979705938580     0.0000000000000000       -0.0000000000000000     0.0000000000000000       -0.0000000000000000     0.0000000000000000
    -0.0000000000000000     0.0000000000000000       -0.0043113028039369     0.0000000000000000        0.0166801892411939     0.0000000000000000
     0.0000000000000000     0.0000000000000000        0.0067641765848544     0.0000000000000000        0.0033766207840830     0.0000000000000000
    7    5
     0.0063591816286139     0.0000000000000000        0.0000000000000000     0.0000000000000000        0.0000000000000000     0.0000000000000000
     0.0000000000000000     0.0000000000000000       -0.0146393751634620     0.0000000000000000       -0.0245838560106953     0.0000000000000000
     0.0000000000000000     0.0000000000000000       -0.0203682486102783     0.0000000000000000       -0.0297367936048574     0.0000000000000000
    7    6
    -0.0092617994880691     0.0000000000000000       -0.0197974918379391     0.0000000000000000        0.0025416029694081     0.0000000000000000
    -0.0238159146004954     0.0000000000000000       -0.0344420114355888     0.0000000000000000       -0.0001465566686430     0.0000000000000000
     0.0013977232828428     0.0000000000000000       -0.0021278144035206     0.0000000000000000        0.0043779403187338     0.0000000000000000
    7    7
     0.1154590058682930     0.0000000000000000        0.0000000000000000     0.0000000000000000       -0.0000000000000000     0.0000000000000000
     0.0000000000000000     0.0000000000000000        0.1287033322779459     0.0000000000000000        0.0034527365063997     0.0000000000000000
    -0.0000000000000000     0.0000000000000000        0.0034527365063998     0.0000000000000000        0.1175484453477094     0.0000000000000000
    7    8
    -0.0092617994880691     0.0000000000000000        0.0197974918379391     0.0000000000000000       -0.0025416029694082     0.0000000000000000
     0.0238159146004954     0.0000000000000000       -0.0344420114355888     0.0000000000000000       -0.0001465566686429     0.0000000000000000
    -0.0013977232828428     0.0000000000000000       -0.0021278144035206     0.0000000000000000        0.0043779403187338     0.0000000000000000
    7    9
    -0.0062117118074786     0.0000000000000000       -0.0000000000000000     0.0000000000000000        0.0000000000000000     0.0000000000000000
    -0.0000000000000000     0.0000000000000000       -0.0027650274363855     0.0000000000000000        0.0016704432301579     0.0000000000000000
    -0.0000000000000000     0.0000000000000000        0.0016704432301579     0.0000000000000000       -0.0048234370929992     0.0000000000000000
    7   10
    -0.0012876477589677     0.0000000000000000       -0.0037238094601999     0.0000000000000000       -0.0064145860734768     0.0000000000000000
    -0.0118419748724700     0.0000000000000000        0.0076992620156489     0.0000000000000000       -0.0068692871592828     0.0000000000000000
    -0.0091562702225658     0.0000000000000000       -0.0021205509147530     0.0000000000000000        0.0006007722219510     0.0000000000000000
    7   11
    -0.0012876477589677     0.0000000000000000        0.0037238094601999     0.0000000000000000        0.0064145860734768     0.0000000000000000
     0.0118419748724700     0.0000000000000000        0.0076992620156489     0.0000000000000000       -0.0068692871592828     0.0000000000000000
     0.0091562702225658     0.0000000000000000       -0.0021205509147530     0.0000000000000000        0.0006007722219510     0.0000000000000000
    8    1
    -0.0494460588647133     0.0000000000000000       -0.0248276060244088     0.0000000000000000        0.0179058431217748     0.0000000000000000
    -0.0248276060244088     0.0000000000000000       -0.0781145089078039     0.0000000000000000       -0.0103379433464269     0.0000000000000000
     0.0175261016807207     0.0000000000000000       -0.0101186995232118     0.0000000000000000       -0.0860453232526611     0.0000000000000000
    8    2
    -0.0037106654294674     0.0000000000000000       -0.0064288816377043     0.0000000000000000        0.0048751030013742     0.0000000000000000
    -0.0064288816377043     0.0000000000000000       -0.0111340985177054     0.0000000000000000       -0.0028146420301714     0.0000000000000000
     0.0041332203211693     0.0000000000000000       -0.0023863158650478     0.0000000000000000       -0.0130123198265397     0.0000000000000000
    8    3
    -0.0122462596788099     0.0000000000000000        0.0106436005226503     0.0000000000000000       -0.0082211757497948     0.0000000000000000
     0.0106436005226503     0.0000000000000000        0.0000439115749844     0.0000000000000000        0.0047464980322007     0.0000000000000000
    -0.0069562692526133     0.0000000000000000        0.0040162039255530     0.0000000000000000        0.0027353825638954     0.0000000000000000
    8    4
    -0.0015839844544862     0.0000000000000000        0.0047238539496603     0.0000000000000000        0.0144454676228015     0.0000000000000000
     0.0047238539496604     0.0000000000000000        0.0038706522444123     0.0000000000000000       -0.0083400946205969     0.0000000000000000
     0.0058579487581661     0.0000000000000000       -0.0033820882924272     0.0000000000000000        0.0033766207840830     0.0000000000000000
    8    5
    -0.0093897359654365     0.0000000000000000        0.0090926418123730     0.0000000000000000       -0.0212902438282346     0.0000000000000000
     0.0090926418123730     0.0000000000000000        0.0011095424305978     0.0000000000000000        0.0122919280053477     0.0000000000000000
    -0.0176394207270929     0.0000000000000000        0.0101841243051392     0.0000000000000000       -0.0297367936048574     0.0000000000000000
    8    6
    -0.0470321174093179     0.0000000000000000       -0.0020092113812782     0.0000000000000000        0.0011438796865653     0.0000000000000000
     0.0020092113812781     0.0000000000000000        0.0033283064856824     0.0000000000000000        0.0022743710721635     0.0000000000000000
    -0.0011438796865653     0.0000000000000000        0.0022743710721635     0.0000000000000000        0.0043779403187338     0.0000000000000000
    8    7
    -0.0092617994880691     0.0000000000000000        0.0238159146004954     0.0000000000000000       -0.0013977232828428     0.0000000000000000
     0.0197974918379391     0.0000000000000000       -0.0344420114355888     0.0000000000000000       -0.0021278144035206     0.0000000000000000
    -0.0025416029694082     0.0000000000000000       -0.0001465566686429     0.0000000000000000        0.0043779403187338     0.0000000000000000
    8    8
     0.1253922506754754     0.0000000000000000       -0.0057349615633549     0.0000000000000000        0.0029901575271153     0.0000000000000000
    -0.0057349615633549     0.0000000000000000        0.1187700874707577     0.0000000000000000       -0.0017263682532000     0.0000000000000000
     0.0029901575271153     0.0000000000000000       -0.0017263682532000     0.0000000000000000        0.1175484453477094     0.0000000000000000
    8    9
    -0.0012876477589677     0.0000000000000000       -0.0118419748724700     0.0000000000000000       -0.0091562702225658     0.0000000000000000
    -0.0037238094601999     0.0000000000000000        0.0076992620156489     0.0000000000000000       -0.0021205509147530     0.0000000000000000
    -0.0064145860734768     0.0000000000000000       -0.0068692871592828     0.0000000000000000        0.0006007722219510     0.0000000000000000
    8   10
    -0.0036266985291575     0.0000000000000000       -0.0014924581120979     0.0000000000000000        0.0014466462728960     0.0000000000000000
    -0.0014924581120979     0.0000000000000000       -0.0053500407147081     0.0000000000000000       -0.0008352216150789     0.0000000000000000
     0.0014466462728960     0.0000000000000000       -0.0008352216150789     0.0000000000000000       -0.0048234370929992     0.0000000000000000
    8   11
     0.0121927169029503     0.0000000000000000        0.0040590827061350     0.0000000000000000       -0.0027416841490890     0.0000000000000000
    -0.0040590827061350     0.0000000000000000       -0.0057811026462771     0.0000000000000000        0.0089898380740358     0.0000000000000000
     0.0027416841490890     0.0000000000000000        0.0089898380740358     0.0000000000000000        0.0006007722219510     0.0000000000000000
    9    1
    -0.0924487339292797     0.0000000000000000       -0.0000000000000000     0.0000000000000000        0.0000000000000000     0.0000000000000000
    -0.0000000000000000     0.0000000000000000       -0.0351118338432121     0.0000000000000000        0.0206758866928539     0.0000000000000000
     0.0000000000000000     0.0000000000000000        0.0202373990464237     0.0000000000000000       -0.0860453232526611     0.0000000000000000
    9    2
     0.0061889972018816     0.0000000000000000        0.0000000000000000     0.0000000000000000        0.0000000000000000     0.0000000000000000
     0.0000000000000000     0.0000000000000000       -0.0183913453057180     0.0000000000000000       -0.0094929960644013     0.0000000000000000
     0.0000000000000000     0.0000000000000000       -0.0080324078511060     0.0000000000000000        0.0027353825638954     0.0000000000000000
    9    3
    -0.0148458150618145     0.0000000000000000       -0.0000000000000000     0.0000000000000000        0.0000000000000000     0.0000000000000000
    -0.0000000000000000     0.0000000000000000        0.0000010511146483     0.0000000000000000        0.0056292840603427     0.0000000000000000
    -0.0000000000000000     0.0000000000000000        0.0047726317300957     0.0000000000000000       -0.0130123198265397     0.0000000000000000
    9    4
     0.0063591816286139     0.0000000000000000        0.0000000000000000     0.0000000000000000        0.0000000000000000     0.0000000000000000
     0.0000000000000000     0.0000000000000000       -0.0146393751634620     0.0000000000000000       -0.0245838560106953     0.0000000000000000
     0.0000000000000000     0.0000000000000000       -0.0203682486102783     0.0000000000000000       -0.0297367936048574     0.0000000000000000
    9    5
     0.0065979705938580     0.0000000000000000       -0.0000000000000000     0.0000000000000000       -0.0000000000000000     0.0000000000000000
    -0.0000000000000000     0.0000000000000000       -0.0043113028039369     0.0000000000000000        0.0166801892411939     0.0000000000000000
     0.0000000000000000     0.0000000000000000        0.0067641765848544     0.0000000000000000        0.0033766207840830     0.0000000000000000
    9    6
    -0.0012876477589677     0.0000000000000000        0.0037238094601999     0.0000000000000000        0.0064145860734768     0.0000000000000000
     0.0118419748724700     0.0000000000000000        0.0076992620156489     0.0000000000000000       -0.0068692871592828     0.0000000000000000
     0.0091562702225658     0.0000000000000000       -0.0021205509147530     0.0000000000000000        0.0006007722219510     0.0000000000000000
    9    7
    -0.0062117118074786     0.0000000000000000       -0.0000000000000000     0.0000000000000000        0.0000000000000000     0.0000000000000000
    -0.0000000000000000     0.0000000000000000       -0.0027650274363855     0.0000000000000000        0.0016704432301579     0.0000000000000000
    -0.0000000000000000     0.0000000000000000        0.0016704432301579     0.0000000000000000       -0.0048234370929992     0.0000000000000000
    9    8
    -0.0012876477589677     0.0000000000000000       -0.0037238094601999     0.0000000000000000       -0.0064145860734768     0.0000000000000000
    -0.0118419748724700     0.0000000000000000        0.0076992620156489     0.0000000000000000       -0.0068692871592828     0.0000000000000000
    -0.0091562702225658     0.0000000000000000       -0.0021205509147530     0.0000000000000000        0.0006007722219510     0.0000000000000000
    9    9
     0.1154590058682930     0.0000000000000000        0.0000000000000000     0.0000000000000000       -0.0000000000000000     0.0000000000000000
     0.0000000000000000     0.0000000000000000        0.1287033322779459     0.0000000000000000        0.0034527365063997     0.0000000000000000
    -0.0000000000000000     0.0000000000000000        0.0034527365063998     0.0000000000000000        0.1175484453477094     0.0000000000000000
    9   10
    -0.0092617994880691     0.0000000000000000        0.0197974918379391     0.0000000000000000       -0.0025416029694082     0.0000000000000000
     0.0238159146004954     0.0000000000000000       -0.0344420114355888     0.0000000000000000       -0.0001465566686429     0.0000000000000000
    -0.0013977232828428     0.0000000000000000       -0.0021278144035206     0.0000000000000000        0.0043779403187338     0.0000000000000000
    9   11
    -0.0092617994880691     0.0000000000000000       -0.0197974918379391     0.0000000000000000        0.0025416029694081     0.0000000000000000
    -0.0238159146004954     0.0000000000000000       -0.0344420114355888     0.0000000000000000       -0.0001465566686430     0.0000000000000000
     0.0013977232828428     0.0000000000000000       -0.0021278144035206     0.0000000000000000        0.0043779403187338     0.0000000000000000
   10    1
    -0.0494460588647133     0.0000000000000000       -0.0248276060244088     0.0000000000000000        0.0179058431217748     0.0000000000000000
    -0.0248276060244088     0.0000000000000000       -0.0781145089078039     0.0000000000000000       -0.0103379433464269     0.0000000000000000
     0.0175261016807207     0.0000000000000000       -0.0101186995232118     0.0000000000000000       -0.0860453232526611     0.0000000000000000
   10    2
    -0.0122462596788099     0.0000000000000000        0.0106436005226503     0.0000000000000000       -0.0082211757497948     0.0000000000000000
     0.0106436005226503     0.0000000000000000        0.0000439115749844     0.0000000000000000        0.0047464980322007     0.0000000000000000
    -0.0069562692526133     0.0000000000000000        0.0040162039255530     0.0000000000000000        0.0027353825638954     0.0000000000000000
   10    3
    -0.0037106654294674     0.0000000000000000       -0.0064288816377043     0.0000000000000000        0.0048751030013742     0.0000000000000000
    -0.0064288816377043     0.0000000000000000       -0.0111340985177054     0.0000000000000000       -0.0028146420301714     0.0000000000000000
     0.0041332203211693     0.0000000000000000       -0.0023863158650478     0.0000000000000000       -0.0130123198265397     0.0000000000000000
   10    4
    -0.0093897359654365     0.0000000000000000        0.0090926418123730     0.0000000000000000       -0.0212902438282346     0.0000000000000000
     0.0090926418123730     0.0000000000000000        0.0011095424305978     0.0000000000000000        0.0122919280053477     0.0000000000000000
    -0.0176394207270929     0.0000000000000000        0.0101841243051392     0.0000000000000000       -0.0297367936048574     0.0000000000000000
   10    5
    -0.0015839844544862     0.0000000000000000        0.0047238539496603     0.0000000000000000        0.0144454676228015     0.0000000000000000
     0.0047238539496604     0.0000000000000000        0.0038706522444123     0.0000000000000000       -0.0083400946205969     0.0000000000000000
     0.0058579487581661     0.0000000000000000       -0.0033820882924272     0.0000000000000000        0.0033766207840830     0.0000000000000000
   10    6
     0.0121927169029503     0.0000000000000000        0.0040590827061350     0.0000000000000000       -0.0027416841490890     0.0000000000000000
    -0.0040590827061350     0.0000000000000000       -0.0057811026462771     0.0000000000000000        0.0089898380740358     0.0000000000000000
     0.0027416841490890     0.0000000000000000        0.0089898380740358     0.0000000000000000        0.0006007722219510     0.0000000000000000
   10    7
    -0.0012876477589677     0.0000000000000000       -0.0118419748724700     0.0000000000000000       -0.0091562702225658     0.0000000000000000
    -0.0037238094601999     0.0000000000000000        0.0076992620156489     0.0000000000000000       -0.0021205509147530     0.0000000000000000
    -0.0064145860734768     0.0000000000000000       -0.0068692871592828     0.0000000000000000        0.0006007722219510     0.0000000000000000
   10    8
    -0.0036266985291575     0.0000000000000000       -0.0014924581120979     0.0000000000000000        0.0014466462728960     0.0000000000000000
    -0.0014924581120979     0.0000000000000000       -0.0053500407147081     0.0000000000000000       -0.0008352216150789     0.0000000000000000
     0.0014466462728960     0.0000000000000000       -0.0008352216150789     0.0000000000000000       -0.0048234370929992     0.0000000000000000
   10    9
    -0.0092617994880691     0.0000000000000000        0.0238159146004954     0.0000000000000000       -0.0013977232828428     0.0000000000000000
     0.0197974918379391     0.0000000000000000       -0.0344420114355888     0.0000000000000000       -0.0021278144035206     0.0000000000000000
    -0.0025416029694082     0.0000000000000000       -0.0001465566686429     0.0000000000000000        0.0043779403187338     0.0000000000000000
   10   10
     0.1253922506754754     0.0000000000000000       -0.0057349615633549     0.0000000000000000        0.0029901575271153     0.0000000000000000
    -0.0057349615633549     0.0000000000000000        0.1187700874707577     0.0000000000000000       -0.0017263682532000     0.0000000000000000
     0.0029901575271153     0.0000000000000000       -0.0017263682532000     0.0000000000000000        0.1175484453477094     0.0000000000000000
   10   11
    -0.0470321174093179     0.0000000000000000       -0.0020092113812782     0.0000000000000000        0.0011438796865653     0.0000000000000000
     0.0020092113812781     0.0000000000000000        0.0033283064856824     0.0000000000000000        0.0022743710721635     0.0000000000000000
    -0.0011438796865653     0.0000000000000000        0.0022743710721635     0.0000000000000000        0.0043779403187338     0.0000000000000000
   11    1
    -0.0494460588647133     0.0000000000000000        0.0248276060244088     0.0000000000000000       -0.0179058431217747     0.0000000000000000
     0.0248276060244088     0.0000000000000000       -0.0781145089078039     0.0000000000000000       -0.0103379433464269     0.0000000000000000
    -0.0175261016807206     0.0000000000000000       -0.0101186995232117     0.0000000000000000       -0.0860453232526612     0.0000000000000000
   11    2
    -0.0122462596788100     0.0000000000000000       -0.0106436005226503     0.0000000000000000        0.0082211757497948     0.0000000000000000
    -0.0106436005226503     0.0000000000000000        0.0000439115749844     0.0000000000000000        0.0047464980322007     0.0000000000000000
     0.0069562692526132     0.0000000000000000        0.0040162039255530     0.0000000000000000        0.0027353825638954     0.0000000000000000
   11    3
    -0.0037106654294674     0.0000000000000000        0.0064288816377043     0.0000000000000000       -0.0048751030013742     0.0000000000000000
     0.0064288816377043     0.0000000000000000       -0.0111340985177054     0.0000000000000000       -0.0028146420301714     0.0000000000000000
    -0.0041332203211693     0.0000000000000000       -0.0023863158650478     0.0000000000000000       -0.0130123198265397     0.0000000000000000
   11    4
    -0.0093897359654365     0.0000000000000000       -0.0090926418123730     0.0000000000000000        0.0212902438282346     0.0000000000000000
    -0.0090926418123730     0.0000000000000000        0.0011095424305978     0.0000000000000000        0.0122919280053477     0.0000000000000000
     0.0176394207270929     0.0000000000000000        0.0101841243051392     0.0000000000000000       -0.0297367936048574     0.0000000000000000
   11    5
    -0.0015839844544862     0.0000000000000000       -0.0047238539496603     0.0000000000000000       -0.0144454676228015     0.0000000000000000
    -0.0047238539496603     0.0000000000000000        0.0038706522444122     0.0000000000000000       -0.0083400946205969     0.0000000000000000
    -0.0058579487581661     0.0000000000000000       -0.0033820882924272     0.0000000000000000        0.0033766207840830     0.0000000000000000
   11    6
    -0.0036266985291575     0.0000000000000000        0.0014924581120979     0.0000000000000000       -0.0014466462728960     0.0000000000000000
     0.0014924581120979     0.0000000000000000       -0.0053500407147081     0.0000000000000000       -0.0008352216150789     0.0000000000000000
    -0.0014466462728960     0.0000000000000000       -0.0008352216150789     0.0000000000000000       -0.0048234370929992     0.0000000000000000
   11    7
    -0.0012876477589677     0.0000000000000000        0.0118419748724700     0.0000000000000000        0.0091562702225658     0.0000000000000000
     0.0037238094601999     0.0000000000000000        0.0076992620156489     0.0000000000000000       -0.0021205509147530     0.0000000000000000
     0.0064145860734768     0.0000000000000000       -0.0068692871592828     0.0000000000000000        0.0006007722219510     0.0000000000000000
   11    8
     0.0121927169029503     0.0000000000000000       -0.0040590827061350     0.0000000000000000        0.0027416841490890     0.0000000000000000
     0.0040590827061350     0.0000000000000000       -0.0057811026462771     0.0000000000000000        0.0089898380740358     0.0000000000000000
    -0.0027416841490890     0.0000000000000000        0.0089898380740358     0.0000000000000000        0.0006007722219510     0.0000000000000000
   11    9
    -0.0092617994880691     0.0000000000000000       -0.0238159146004954     0.0000000000000000        0.0013977232828428     0.0000000000000000
    -0.0197974918379391     0.0000000000000000       -0.0344420114355888     0.0000000000000000       -0.0021278144035206     0.0000000000000000
     0.0025416029694081     0.0000000000000000       -0.0001465566686430     0.0000000000000000        0.0043779403187338     0.0000000000000000
   11   10
    -0.0470321174093179     0.0000000000000000        0.0020092113812781     0.0000000000000000       -0.0011438796865653     0.0000000000000000
    -0.0020092113812782     0.0000000000000000        0.0033283064856824     0.0000000000000000        0.0022743710721635     0.0000000000000000
     0.0011438796865653     0.0000000000000000        0.0022743710721635     0.0000000000000000        0.0043779403187338     0.0000000000000000
   11   11
     0.1253922506754754     0.0000000000000000        0.0057349615633549     0.0000000000000000       -0.0029901575271153     0.0000000000000000
     0.0057349615633549     0.0000000000000000        0.1187700874707577     0.0000000000000000       -0.0017263682532000     0.0000000000000000
    -0.0029901575271153     0.0000000000000000       -0.0017263682532000     0.0000000000000000        0.1175484453477094     0.0000000000000000

     Diagonalizing the dynamical matrix

     q = (     0.000000000000     0.000000000000     0.000000000000 )

***************************************************************************
   freq (    1) =    -0.00000076 [THz] =    -0.00002552 [cm-1]
(  -0.000000  0.000000  -0.273209  0.000000  -0.127538  0.000000 )
(   0.000000  0.000000  -0.273209  0.000000  -0.127538  0.000000 )
(  -0.000000  0.000000  -0.273209  0.000000  -0.127538  0.000000 )
(  -0.000000  0.000000  -0.273209  0.000000  -0.127538  0.000000 )
(  -0.000000  0.000000  -0.273209  0.000000  -0.127538  0.000000 )
(   0.000000  0.000000  -0.273209  0.000000  -0.127538  0.000000 )
(   0.000000  0.000000  -0.273209  0.000000  -0.127538  0.000000 )
(  -0.000000  0.000000  -0.273209  0.000000  -0.127538  0.000000 )
(   0.000000  0.000000  -0.273209  0.000000  -0.127538  0.000000 )
(   0.000000  0.000000  -0.273209  0.000000  -0.127538  0.000000 )
(   0.000000  0.000000  -0.273209  0.000000  -0.127538  0.000000 )
   freq (    2) =    -0.00000023 [THz] =    -0.00000763 [cm-1]
(   0.301511  0.000000  -0.000000  0.000000  -0.000000  0.000000 )
(   0.301511  0.000000  -0.000000  0.000000  -0.000000  0.000000 )
(   0.301511  0.000000  -0.000000  0.000000  -0.000000  0.000000 )
(   0.301511  0.000000  -0.000000  0.000000  -0.000000  0.000000 )
(   0.301511  0.000000   0.000000  0.000000  -0.000000  0.000000 )
(   0.301511  0.000000  -0.000000  0.000000  -0.000000  0.000000 )
(   0.301511  0.000000  -0.000000  0.000000  -0.000000  0.000000 )
(   0.301511  0.000000  -0.000000  0.000000  -0.000000  0.000000 )
(   0.301511  0.000000  -0.000000  0.000000  -0.000000  0.000000 )
(   0.301511  0.000000  -0.000000  0.000000   0.000000  0.000000 )
(   0.301511  0.000000  -0.000000  0.000000  -0.000000  0.000000 )
   freq (    3) =     0.00000074 [THz] =     0.00002469 [cm-1]
(   0.000000  0.000000   0.127538  0.000000  -0.273209  0.000000 )
(   0.000000  0.000000   0.127538  0.000000  -0.273209  0.000000 )
(  -0.000000  0.000000   0.127538  0.000000  -0.273209  0.000000 )
(  -0.000000  0.000000   0.127538  0.000000  -0.273209  0.000000 )
(   0.000000  0.000000   0.127538  0.000000  -0.273209  0.000000 )
(   0.000000  0.000000   0.127538  0.000000  -0.273209  0.000000 )
(   0.000000  0.000000   0.127538  0.000000  -0.273209  0.000000 )
(  -0.000000  0.000000   0.127538  0.000000  -0.273209  0.000000 )
(  -0.000000  0.000000   0.127538  0.000000  -0.273209  0.000000 )
(  -0.000000  0.000000   0.127538  0.000000  -0.273209  0.000000 )
(   0.000000  0.000000   0.127538  0.000000  -0.273209  0.000000 )
   freq (    4) =    25.15036968 [THz] =   838.92591073 [cm-1]
(  -0.000000  0.000000  -0.000000  0.000000   0.020767  0.000000 )
(   0.000000  0.000000   0.000000  0.000000  -0.507863  0.000000 )
(   0.000000  0.000000   0.000000  0.000000  -0.507863  0.000000 )
(   0.000000  0.000000   0.000000  0.000000  -0.350173  0.000000 )
(   0.000000  0.000000   0.000000  0.000000  -0.350173  0.000000 )
(   0.049624  0.000000   0.028650  0.000000  -0.190952  0.000000 )
(   0.000000  0.000000  -0.057301  0.000000  -0.190952  0.000000 )
(  -0.049624  0.000000   0.028650  0.000000  -0.190952  0.000000 )
(   0.000000  0.000000  -0.057301  0.000000  -0.190952  0.000000 )
(  -0.049624  0.000000   0.028650  0.000000  -0.190952  0.000000 )
(   0.049624  0.000000   0.028650  0.000000  -0.190952  0.000000 )
   freq (    5) =    25.15445410 [THz] =   839.06215225 [cm-1]
(   0.020772  0.000000  -0.000000  0.000000   0.000000  0.000000 )
(  -0.506035  0.000000   0.000000  0.000000  -0.000000  0.000000 )
(  -0.506035  0.000000   0.000000  0.000000  -0.000000  0.000000 )
(  -0.165072  0.000000   0.000000  0.000000  -0.000000  0.000000 )
(  -0.165072  0.000000   0.000000  0.000000  -0.000000  0.000000 )
(  -0.293600  0.000000  -0.069688  0.000000   0.047204  0.000000 )
(  -0.172897  0.000000   0.000000  0.000000  -0.000000  0.000000 )
(  -0.293600  0.000000   0.069688  0.000000  -0.047204  0.000000 )
(  -0.172897  0.000000   0.000000  0.000000  -0.000000  0.000000 )
(  -0.293600  0.000000   0.069688  0.000000  -0.047204  0.000000 )
(  -0.293600  0.000000  -0.069688  0.000000   0.047204  0.000000 )
   freq (    6) =    25.15445410 [THz] =   839.06215225 [cm-1]
(  -0.000000  0.000000  -0.020772  0.000000  -0.000000  0.000000 )
(   0.000000  0.000000   0.506035  0.000000   0.000000  0.000000 )
(   0.000000  0.000000   0.506035  0.000000   0.000000  0.000000 )
(   0.000000  0.000000   0.165072  0.000000   0.000000  0.000000 )
(   0.000000  0.000000   0.165072  0.000000   0.000000  0.000000 )
(   0.069688  0.000000   0.213131  0.000000  -0.027253  0.000000 )
(   0.000000  0.000000   0.333834  0.000000   0.054507  0.000000 )
(  -0.069688  0.000000   0.213131  0.000000  -0.027253  0.000000 )
(   0.000000  0.000000   0.333834  0.000000   0.054507  0.000000 )
(  -0.069688  0.000000   0.213131  0.000000  -0.027253  0.000000 )
(   0.069688  0.000000   0.213131  0.000000  -0.027253  0.000000 )
   freq (    7) =    25.76355291 [THz] =   859.37949868 [cm-1]
(   0.000000  0.000000  -0.000000  0.000000   0.000000  0.000000 )
(  -0.358985  0.000000   0.000360  0.000000   0.000000  0.000000 )
(   0.358985  0.000000  -0.000360  0.000000  -0.000000  0.000000 )
(  -0.085978  0.000000   0.000086  0.000000   0.000000  0.000000 )
(   0.085978  0.000000  -0.000086  0.000000  -0.000000  0.000000 )
(   0.368954  0.000000   0.166457  0.000000  -0.120805  0.000000 )
(   0.080502  0.000000  -0.000467  0.000000  -0.000140  0.000000 )
(   0.369289  0.000000  -0.166812  0.000000   0.120945  0.000000 )
(  -0.080502  0.000000   0.000467  0.000000   0.000140  0.000000 )
(  -0.369289  0.000000   0.166812  0.000000  -0.120945  0.000000 )
(  -0.368954  0.000000  -0.166457  0.000000   0.120805  0.000000 )
   freq (    8) =    25.76355291 [THz] =   859.37949868 [cm-1]
(   0.000000  0.000000  -0.000000  0.000000   0.000000  0.000000 )
(  -0.000360  0.000000  -0.358985  0.000000   0.000000  0.000000 )
(   0.000360  0.000000   0.358985  0.000000  -0.000000  0.000000 )
(  -0.000086  0.000000  -0.085978  0.000000   0.000000  0.000000 )
(   0.000086  0.000000   0.085978  0.000000  -0.000000  0.000000 )
(   0.167005  0.000000   0.176875  0.000000  -0.069908  0.000000 )
(   0.000081  0.000000   0.465328  0.000000   0.139574  0.000000 )
(  -0.166264  0.000000   0.176541  0.000000  -0.069666  0.000000 )
(  -0.000081  0.000000  -0.465328  0.000000  -0.139574  0.000000 )
(   0.166264  0.000000  -0.176541  0.000000   0.069666  0.000000 )
(  -0.167005  0.000000  -0.176875  0.000000   0.069908  0.000000 )
   freq (    9) =    25.91979782 [THz] =   864.59126697 [cm-1]
(   0.000000  0.000000   0.000000  0.000000   0.000000  0.000000 )
(  -0.000000  0.000000  -0.000000  0.000000  -0.410410  0.000000 )
(   0.000000  0.000000   0.000000  0.000000   0.410410  0.000000 )
(  -0.000000  0.000000  -0.000000  0.000000  -0.490242  0.000000 )
(   0.000000  0.000000   0.000000  0.000000   0.490242  0.000000 )
(  -0.120612  0.000000  -0.069635  0.000000   0.104941  0.000000 )
(   0.000000  0.000000   0.139271  0.000000   0.104941  0.000000 )
(   0.120612  0.000000  -0.069635  0.000000   0.104941  0.000000 )
(  -0.000000  0.000000  -0.139271  0.000000  -0.104941  0.000000 )
(  -0.120612  0.000000   0.069635  0.000000  -0.104941  0.000000 )
(   0.120612  0.000000   0.069635  0.000000  -0.104941  0.000000 )
   freq (   10) =    28.83499142 [THz] =   961.83164454 [cm-1]
(   0.000000  0.000000   0.000000  0.000000  -0.000000  0.000000 )
(   0.000000  0.000000   0.000000  0.000000   0.481861  0.000000 )
(  -0.000000  0.000000  -0.000000  0.000000  -0.481861  0.000000 )
(  -0.000000  0.000000  -0.000000  0.000000  -0.240762  0.000000 )
(   0.000000  0.000000   0.000000  0.000000   0.240762  0.000000 )
(   0.007239  0.000000   0.004179  0.000000   0.264345  0.000000 )
(   0.000000  0.000000  -0.008358  0.000000   0.264345  0.000000 )
(  -0.007239  0.000000   0.004179  0.000000   0.264345  0.000000 )
(  -0.000000  0.000000   0.008358  0.000000  -0.264345  0.000000 )
(   0.007239  0.000000  -0.004179  0.000000  -0.264345  0.000000 )
(  -0.007239  0.000000  -0.004179  0.000000  -0.264345  0.000000 )
   freq (   11) =    29.03272734 [THz] =   968.42740394 [cm-1]
(  -0.000000  0.000000   0.000000  0.000000   0.000000  0.000000 )
(   0.521802  0.000000  -0.002061  0.000000  -0.000000  0.000000 )
(  -0.521802  0.000000   0.002061  0.000000   0.000000  0.000000 )
(  -0.266173  0.000000   0.001051  0.000000   0.000000  0.000000 )
(   0.266173  0.000000  -0.001051  0.000000  -0.000000  0.000000 )
(   0.209282  0.000000  -0.030308  0.000000   0.004670  0.000000 )
(   0.259999  0.000000  -0.000759  0.000000   0.000021  0.000000 )
(   0.209051  0.000000   0.028388  0.000000  -0.004691  0.000000 )
(  -0.259999  0.000000   0.000759  0.000000  -0.000021  0.000000 )
(  -0.209051  0.000000  -0.028388  0.000000   0.004691  0.000000 )
(  -0.209282  0.000000   0.030308  0.000000  -0.004670  0.000000 )
   freq (   12) =    29.03272734 [THz] =   968.42740394 [cm-1]
(   0.000000  0.000000   0.000000  0.000000   0.000000  0.000000 )
(  -0.002061  0.000000  -0.521802  0.000000  -0.000000  0.000000 )
(   0.002061  0.000000   0.521802  0.000000   0.000000  0.000000 )
(   0.001051  0.000000   0.266173  0.000000  -0.000000  0.000000 )
(  -0.001051  0.000000  -0.266173  0.000000   0.000000  0.000000 )
(   0.028522  0.000000  -0.242939  0.000000  -0.002721  0.000000 )
(  -0.001027  0.000000  -0.192222  0.000000   0.005404  0.000000 )
(  -0.030174  0.000000  -0.243171  0.000000  -0.002684  0.000000 )
(   0.001027  0.000000   0.192222  0.000000  -0.005404  0.000000 )
(   0.030174  0.000000   0.243171  0.000000   0.002684  0.000000 )
(  -0.028522  0.000000   0.242939  0.000000   0.002721  0.000000 )
   freq (   13) =    32.36253291 [THz] =  1079.49774636 [cm-1]
(   0.000000  0.000000   0.000000  0.000000   0.000000  0.000000 )
(  -0.000000  0.000000   0.000000  0.000000   0.000000  0.000000 )
(   0.000000  0.000000   0.000000  0.000000   0.000000  0.000000 )
(   0.000000  0.000000  -0.000000  0.000000  -0.000000  0.000000 )
(  -0.000000  0.000000  -0.000000  0.000000   0.000000  0.000000 )
(  -0.204124  0.000000   0.353553  0.000000   0.000000  0.000000 )
(   0.408248  0.000000  -0.000000  0.000000  -0.000000  0.000000 )
(  -0.204124  0.000000  -0.353553  0.000000  -0.000000  0.000000 )
(  -0.408248  0.000000   0.000000  0.000000  -0.000000  0.000000 )
(   0.204124  0.000000   0.353553  0.000000   0.000000  0.000000 )
(   0.204124  0.000000  -0.353553  0.000000  -0.000000  0.000000 )
   freq (   14) =    32.41008868 [THz] =  1081.08403601 [cm-1]
(   0.000000  0.000000   0.000000  0.000000   0.000000  0.000000 )
(  -0.008909  0.000000  -0.000019  0.000000  -0.000000  0.000000 )
(   0.008909  0.000000   0.000019  0.000000  -0.000000  0.000000 )
(  -0.425013  0.000000  -0.000922  0.000000  -0.000000  0.000000 )
(   0.425013  0.000000   0.000922  0.000000   0.000000  0.000000 )
(  -0.153047  0.000000   0.002343  0.000000  -0.352257  0.000000 )
(  -0.157697  0.000000  -0.000329  0.000000   0.000881  0.000000 )
(  -0.153058  0.000000  -0.003020  0.000000   0.351376  0.000000 )
(   0.157697  0.000000   0.000329  0.000000  -0.000881  0.000000 )
(   0.153058  0.000000   0.003020  0.000000  -0.351376  0.000000 )
(   0.153047  0.000000  -0.002343  0.000000   0.352257  0.000000 )
   freq (   15) =    32.41008868 [THz] =  1081.08403601 [cm-1]
(   0.000000  0.000000  -0.000000  0.000000   0.000000  0.000000 )
(   0.000019  0.000000  -0.008909  0.000000  -0.000000  0.000000 )
(  -0.000019  0.000000   0.008909  0.000000  -0.000000  0.000000 )
(   0.000922  0.000000  -0.425013  0.000000  -0.000000  0.000000 )
(  -0.000922  0.000000   0.425013  0.000000   0.000000  0.000000 )
(   0.003013  0.000000  -0.156155  0.000000  -0.202358  0.000000 )
(   0.000342  0.000000  -0.151505  0.000000   0.406242  0.000000 )
(  -0.002349  0.000000  -0.156143  0.000000  -0.203884  0.000000 )
(  -0.000342  0.000000   0.151505  0.000000  -0.406242  0.000000 )
(   0.002349  0.000000   0.156143  0.000000   0.203884  0.000000 )
(  -0.003013  0.000000   0.156155  0.000000   0.202358  0.000000 )
   freq (   16) =    32.91324543 [THz] =  1097.86753608 [cm-1]
(   0.000000  0.000000  -0.000000  0.000000   0.000000  0.000000 )
(  -0.000000  0.000000  -0.000000  0.000000   0.000000  0.000000 )
(  -0.000000  0.000000  -0.000000  0.000000  -0.000000  0.000000 )
(   0.000000  0.000000   0.000000  0.000000   0.000000  0.000000 )
(   0.000000  0.000000   0.000000  0.000000  -0.000000  0.000000 )
(   0.204124  0.000000  -0.353553  0.000000   0.000000  0.000000 )
(  -0.408248  0.000000   0.000000  0.000000  -0.000000  0.000000 )
(   0.204124  0.000000   0.353553  0.000000  -0.000000  0.000000 )
(  -0.408248  0.000000   0.000000  0.000000  -0.000000  0.000000 )
(   0.204124  0.000000   0.353553  0.000000  -0.000000  0.000000 )
(   0.204124  0.000000  -0.353553  0.000000   0.000000  0.000000 )
   freq (   17) =    33.34598381 [THz] =  1112.30213259 [cm-1]
(   0.000392  0.000000   0.000000  0.000000  -0.000000  0.000000 )
(   0.012189  0.000000   0.000000  0.000000  -0.000000  0.000000 )
(   0.012189  0.000000   0.000000  0.000000  -0.000000  0.000000 )
(  -0.454014  0.000000  -0.000000  0.000000   0.000000  0.000000 )
(  -0.454014  0.000000  -0.000000  0.000000   0.000000  0.000000 )
(   0.131345  0.000000  -0.011989  0.000000   0.343361  0.000000 )
(   0.152111  0.000000  -0.000000  0.000000  -0.000000  0.000000 )
(   0.131345  0.000000   0.011989  0.000000  -0.343361  0.000000 )
(   0.152111  0.000000  -0.000000  0.000000  -0.000000  0.000000 )
(   0.131345  0.000000   0.011989  0.000000  -0.343361  0.000000 )
(   0.131345  0.000000  -0.011989  0.000000   0.343361  0.000000 )
   freq (   18) =    33.34598381 [THz] =  1112.30213259 [cm-1]
(  -0.000000  0.000000   0.000392  0.000000   0.000000  0.000000 )
(   0.000000  0.000000   0.012189  0.000000  -0.000000  0.000000 )
(  -0.000000  0.000000   0.012189  0.000000  -0.000000  0.000000 )
(   0.000000  0.000000  -0.454014  0.000000   0.000000  0.000000 )
(   0.000000  0.000000  -0.454014  0.000000  -0.000000  0.000000 )
(  -0.011989  0.000000   0.145189  0.000000   0.198240  0.000000 )
(  -0.000000  0.000000   0.124423  0.000000  -0.396480  0.000000 )
(   0.011989  0.000000   0.145189  0.000000   0.198240  0.000000 )
(  -0.000000  0.000000   0.124423  0.000000  -0.396480  0.000000 )
(   0.011989  0.000000   0.145189  0.000000   0.198240  0.000000 )
(  -0.011989  0.000000   0.145189  0.000000   0.198240  0.000000 )
   freq (   19) =    34.46297827 [THz] =  1149.56105211 [cm-1]
(  -0.000095  0.000000   0.000000  0.000000  -0.000000  0.000000 )
(  -0.005159  0.000000   0.000000  0.000000  -0.000000  0.000000 )
(  -0.005159  0.000000   0.000000  0.000000  -0.000000  0.000000 )
(   0.335465  0.000000  -0.000000  0.000000   0.000000  0.000000 )
(   0.335465  0.000000  -0.000000  0.000000   0.000000  0.000000 )
(   0.011359  0.000000   0.206584  0.000000   0.301491  0.000000 )
(  -0.346456  0.000000  -0.000000  0.000000   0.000000  0.000000 )
(   0.011359  0.000000  -0.206584  0.000000  -0.301491  0.000000 )
(  -0.346456  0.000000  -0.000000  0.000000   0.000000  0.000000 )
(   0.011359  0.000000  -0.206584  0.000000  -0.301491  0.000000 )
(   0.011359  0.000000   0.206584  0.000000   0.301491  0.000000 )
   freq (   20) =    34.46297827 [THz] =  1149.56105211 [cm-1]
(  -0.000000  0.000000  -0.000095  0.000000   0.000000  0.000000 )
(  -0.000000  0.000000  -0.005159  0.000000   0.000000  0.000000 )
(  -0.000000  0.000000  -0.005159  0.000000   0.000000  0.000000 )
(   0.000000  0.000000   0.335465  0.000000  -0.000000  0.000000 )
(   0.000000  0.000000   0.335465  0.000000  -0.000000  0.000000 )
(   0.206584  0.000000  -0.227184  0.000000   0.174066  0.000000 )
(  -0.000000  0.000000   0.130630  0.000000  -0.348131  0.000000 )
(  -0.206584  0.000000  -0.227184  0.000000   0.174066  0.000000 )
(  -0.000000  0.000000   0.130630  0.000000  -0.348131  0.000000 )
(  -0.206584  0.000000  -0.227184  0.000000   0.174066  0.000000 )
(   0.206584  0.000000  -0.227184  0.000000   0.174066  0.000000 )
   freq (   21) =    34.98493620 [THz] =  1166.97169204 [cm-1]
(   0.006634  0.000000   0.000000  0.000000  -0.000000  0.000000 )
(   0.502144  0.000000   0.000000  0.000000  -0.000000  0.000000 )
(   0.502144  0.000000   0.000000  0.000000  -0.000000  0.000000 )
(  -0.174216  0.000000  -0.000000  0.000000   0.000000  0.000000 )
(  -0.174216  0.000000   0.000000  0.000000   0.000000  0.000000 )
(  -0.290890  0.000000  -0.050614  0.000000   0.030167  0.000000 )
(  -0.203224  0.000000  -0.000000  0.000000   0.000000  0.000000 )
(  -0.290890  0.000000   0.050614  0.000000  -0.030167  0.000000 )
(  -0.203224  0.000000  -0.000000  0.000000   0.000000  0.000000 )
(  -0.290890  0.000000   0.050614  0.000000  -0.030167  0.000000 )
(  -0.290890  0.000000  -0.050614  0.000000   0.030167  0.000000 )
   freq (   22) =    34.98493620 [THz] =  1166.97169204 [cm-1]
(   0.000000  0.000000  -0.006634  0.000000   0.000000  0.000000 )
(   0.000000  0.000000  -0.502144  0.000000   0.000000  0.000000 )
(   0.000000  0.000000  -0.502144  0.000000   0.000000  0.000000 )
(  -0.000000  0.000000   0.174216  0.000000  -0.000000  0.000000 )
(  -0.000000  0.000000   0.174216  0.000000  -0.000000  0.000000 )
(   0.050614  0.000000   0.232446  0.000000  -0.017417  0.000000 )
(   0.000000  0.000000   0.320113  0.000000   0.034834  0.000000 )
(  -0.050614  0.000000   0.232446  0.000000  -0.017417  0.000000 )
(   0.000000  0.000000   0.320113  0.000000   0.034834  0.000000 )
(  -0.050614  0.000000   0.232446  0.000000  -0.017417  0.000000 )
(   0.050614  0.000000   0.232446  0.000000  -0.017417  0.000000 )
   freq (   23) =    35.21372289 [THz] =  1174.60319349 [cm-1]
(   0.000000  0.000000   0.000000  0.000000   0.006689  0.000000 )
(   0.000000  0.000000   0.000000  0.000000   0.500674  0.000000 )
(   0.000000  0.000000   0.000000  0.000000   0.500674  0.000000 )
(  -0.000000  0.000000  -0.000000  0.000000  -0.340318  0.000000 )
(  -0.000000  0.000000  -0.000000  0.000000  -0.340318  0.000000 )
(   0.034793  0.000000   0.020088  0.000000  -0.207079  0.000000 )
(  -0.000000  0.000000  -0.040175  0.000000  -0.207079  0.000000 )
(  -0.034793  0.000000   0.020088  0.000000  -0.207079  0.000000 )
(   0.000000  0.000000  -0.040175  0.000000  -0.207079  0.000000 )
(  -0.034793  0.000000   0.020088  0.000000  -0.207079  0.000000 )
(   0.034793  0.000000   0.020088  0.000000  -0.207079  0.000000 )
   freq (   24) =    42.85280063 [THz] =  1429.41536239 [cm-1]
(   0.000000  0.000000   0.000000  0.000000   0.000000  0.000000 )
(  -0.004062  0.000000  -0.000008  0.000000  -0.000000  0.000000 )
(   0.004062  0.000000   0.000008  0.000000   0.000000  0.000000 )
(  -0.366342  0.000000  -0.000745  0.000000   0.000000  0.000000 )
(   0.366342  0.000000   0.000745  0.000000   0.000000  0.000000 )
(   0.001858  0.000000   0.194362  0.000000   0.297828  0.000000 )
(  -0.335971  0.000000   0.000232  0.000000  -0.000699  0.000000 )
(   0.001066  0.000000  -0.195272  0.000000  -0.297129  0.000000 )
(   0.335971  0.000000  -0.000232  0.000000   0.000699  0.000000 )
(  -0.001066  0.000000   0.195272  0.000000   0.297129  0.000000 )
(  -0.001858  0.000000  -0.194362  0.000000  -0.297828  0.000000 )
   freq (   25) =    42.85280063 [THz] =  1429.41536239 [cm-1]
(   0.000000  0.000000   0.000000  0.000000  -0.000000  0.000000 )
(  -0.000008  0.000000   0.004062  0.000000   0.000000  0.000000 )
(   0.000008  0.000000  -0.004062  0.000000  -0.000000  0.000000 )
(  -0.000745  0.000000   0.366342  0.000000  -0.000000  0.000000 )
(   0.000745  0.000000  -0.366342  0.000000   0.000000  0.000000 )
(  -0.194814  0.000000   0.223890  0.000000  -0.171144  0.000000 )
(  -0.000683  0.000000  -0.113940  0.000000   0.343498  0.000000 )
(   0.194820  0.000000   0.223097  0.000000  -0.172354  0.000000 )
(   0.000683  0.000000   0.113940  0.000000  -0.343498  0.000000 )
(  -0.194820  0.000000  -0.223097  0.000000   0.172354  0.000000 )
(   0.194814  0.000000  -0.223890  0.000000   0.171144  0.000000 )
   freq (   26) =    44.55525510 [THz] =  1486.20312287 [cm-1]
(   0.006314  0.000000  -0.000000  0.000000  -0.000000  0.000000 )
(  -0.024976  0.000000   0.000000  0.000000   0.000000  0.000000 )
(  -0.024976  0.000000  -0.000000  0.000000  -0.000000  0.000000 )
(  -0.345428  0.000000   0.000000  0.000000  -0.000000  0.000000 )
(  -0.345428  0.000000   0.000000  0.000000  -0.000000  0.000000 )
(   0.137047  0.000000   0.274693  0.000000  -0.195981  0.000000 )
(  -0.338735  0.000000   0.000000  0.000000   0.000000  0.000000 )
(   0.137047  0.000000  -0.274693  0.000000   0.195981  0.000000 )
(  -0.338735  0.000000  -0.000000  0.000000   0.000000  0.000000 )
(   0.137047  0.000000  -0.274693  0.000000   0.195981  0.000000 )
(   0.137047  0.000000   0.274693  0.000000  -0.195981  0.000000 )
   freq (   27) =    44.55525510 [THz] =  1486.20312287 [cm-1]
(  -0.000000  0.000000  -0.006314  0.000000   0.000000  0.000000 )
(  -0.000000  0.000000   0.024976  0.000000  -0.000000  0.000000 )
(   0.000000  0.000000   0.024976  0.000000  -0.000000  0.000000 )
(  -0.000000  0.000000   0.345428  0.000000   0.000000  0.000000 )
(   0.000000  0.000000   0.345428  0.000000   0.000000  0.000000 )
(  -0.274693  0.000000   0.180141  0.000000   0.113150  0.000000 )
(   0.000000  0.000000  -0.295642  0.000000  -0.226300  0.000000 )
(   0.274693  0.000000   0.180141  0.000000   0.113150  0.000000 )
(  -0.000000  0.000000  -0.295642  0.000000  -0.226300  0.000000 )
(   0.274693  0.000000   0.180141  0.000000   0.113150  0.000000 )
(  -0.274693  0.000000   0.180141  0.000000   0.113150  0.000000 )
   freq (   28) =    44.70692683 [THz] =  1491.26234630 [cm-1]
(  -0.000000  0.000000  -0.000000  0.000000  -0.006225  0.000000 )
(   0.000000  0.000000   0.000000  0.000000   0.020338  0.000000 )
(  -0.000000  0.000000   0.000000  0.000000   0.020338  0.000000 )
(   0.000000  0.000000   0.000000  0.000000  -0.421446  0.000000 )
(  -0.000000  0.000000   0.000000  0.000000  -0.421446  0.000000 )
(   0.151907  0.000000   0.087703  0.000000   0.276675  0.000000 )
(  -0.000000  0.000000  -0.175407  0.000000   0.276675  0.000000 )
(  -0.151907  0.000000   0.087703  0.000000   0.276675  0.000000 )
(   0.000000  0.000000  -0.175407  0.000000   0.276675  0.000000 )
(  -0.151907  0.000000   0.087703  0.000000   0.276675  0.000000 )
(   0.151907  0.000000   0.087703  0.000000   0.276675  0.000000 )
   freq (   29) =    45.12512943 [THz] =  1505.21208154 [cm-1]
(  -0.000000  0.000000  -0.000000  0.000000   0.000000  0.000000 )
(   0.314249  0.000000  -0.000022  0.000000   0.000000  0.000000 )
(  -0.314249  0.000000   0.000022  0.000000  -0.000000  0.000000 )
(   0.326977  0.000000  -0.000023  0.000000  -0.000000  0.000000 )
(  -0.326977  0.000000   0.000023  0.000000   0.000000  0.000000 )
(   0.070011  0.000000   0.241697  0.000000  -0.151976  0.000000 )
(  -0.348579  0.000000  -0.000015  0.000000  -0.000012  0.000000 )
(   0.070045  0.000000  -0.241668  0.000000   0.151988  0.000000 )
(   0.348579  0.000000   0.000015  0.000000   0.000012  0.000000 )
(  -0.070045  0.000000   0.241668  0.000000  -0.151988  0.000000 )
(  -0.070011  0.000000  -0.241697  0.000000   0.151976  0.000000 )
   freq (   30) =    45.12512943 [THz] =  1505.21208154 [cm-1]
(  -0.000000  0.000000  -0.000000  0.000000   0.000000  0.000000 )
(   0.000022  0.000000   0.314249  0.000000  -0.000000  0.000000 )
(  -0.000022  0.000000  -0.314249  0.000000   0.000000  0.000000 )
(   0.000023  0.000000   0.326977  0.000000   0.000000  0.000000 )
(  -0.000023  0.000000  -0.326977  0.000000  -0.000000  0.000000 )
(   0.241688  0.000000  -0.209026  0.000000  -0.087758  0.000000 )
(  -0.000024  0.000000   0.209564  0.000000   0.175494  0.000000 )
(  -0.241678  0.000000  -0.209060  0.000000  -0.087736  0.000000 )
(   0.000024  0.000000  -0.209564  0.000000  -0.175494  0.000000 )
(   0.241678  0.000000   0.209060  0.000000   0.087736  0.000000 )
(  -0.241688  0.000000   0.209026  0.000000   0.087758  0.000000 )
   freq (   31) =    45.12777842 [THz] =  1505.30044229 [cm-1]
(  -0.000000  0.000000  -0.000000  0.000000   0.000000  0.000000 )
(  -0.000000  0.000000   0.000000  0.000000   0.314919  0.000000 )
(   0.000000  0.000000  -0.000000  0.000000  -0.314919  0.000000 )
(  -0.000000  0.000000   0.000000  0.000000  -0.286042  0.000000 )
(   0.000000  0.000000  -0.000000  0.000000   0.286042  0.000000 )
(  -0.155072  0.000000  -0.089531  0.000000  -0.272529  0.000000 )
(   0.000000  0.000000   0.179062  0.000000  -0.272529  0.000000 )
(   0.155072  0.000000  -0.089531  0.000000  -0.272529  0.000000 )
(  -0.000000  0.000000  -0.179062  0.000000   0.272529  0.000000 )
(  -0.155072  0.000000   0.089531  0.000000   0.272529  0.000000 )
(   0.155072  0.000000   0.089531  0.000000   0.272529  0.000000 )
   freq (   32) =    45.78613163 [THz] =  1527.26073843 [cm-1]
(   0.000000  0.000000  -0.000000  0.000000  -0.000840  0.000000 )
(   0.000000  0.000000   0.000000  0.000000   0.010867  0.000000 )
(  -0.000000  0.000000   0.000000  0.000000   0.010867  0.000000 )
(  -0.000000  0.000000   0.000000  0.000000   0.292679  0.000000 )
(  -0.000000  0.000000   0.000000  0.000000   0.292679  0.000000 )
(   0.313890  0.000000   0.181225  0.000000  -0.081878  0.000000 )
(  -0.000000  0.000000  -0.362449  0.000000  -0.081878  0.000000 )
(  -0.313890  0.000000   0.181225  0.000000  -0.081878  0.000000 )
(  -0.000000  0.000000  -0.362449  0.000000  -0.081878  0.000000 )
(  -0.313890  0.000000   0.181225  0.000000  -0.081878  0.000000 )
(   0.313890  0.000000   0.181225  0.000000  -0.081878  0.000000 )
   freq (   33) =    57.73125810 [THz] =  1925.70721160 [cm-1]
(  -0.000000  0.000000  -0.000000  0.000000  -0.000000  0.000000 )
(   0.000000  0.000000  -0.000000  0.000000  -0.014133  0.000000 )
(  -0.000000  0.000000   0.000000  0.000000   0.014133  0.000000 )
(   0.000000  0.000000  -0.000000  0.000000  -0.346233  0.000000 )
(  -0.000000  0.000000   0.000000  0.000000   0.346233  0.000000 )
(   0.293859  0.000000   0.169659  0.000000  -0.107256  0.000000 )
(   0.000000  0.000000  -0.339319  0.000000  -0.107256  0.000000 )
(  -0.293859  0.000000   0.169659  0.000000  -0.107256  0.000000 )
(   0.000000  0.000000   0.339319  0.000000   0.107256  0.000000 )
(   0.293859  0.000000  -0.169659  0.000000   0.107256  0.000000 )
(  -0.293859  0.000000  -0.169659  0.000000   0.107256  0.000000 )
***************************************************************************
