Dynamical matrix file
File generated with the CellConstructor by Lorenzo Monacelli
2 11 0     1.8897259890000000     0.0000000000000000     0.0000000000000000     0.0000000000000000     0.0000000000000000     0.0000000000000000
Basis vectors
    1.7926141418716162    -1.0349662573621714     2.9307312732309811
   -0.0000000000000021     2.0699325147243433     2.9307312732309811
   -1.7926141418716193    -1.0349662573621723     2.9307312732309772
	1  'La '  126604.5951757480361266
	2  'H '    918.7358275894680446
    1     1    -0.0000000000000017     0.0000000000000009     4.3960969537901686
    2     2    -0.0000000000000010     0.0000000000000002     2.1986613619336781
    3     2     0.0000000000000010    -0.0000000000000002    -2.1986613619336781
    4     2    -0.0000000000000003     0.0000000000000003     1.0596774971573535
    5     2     0.0000000000000003    -0.0000000000000003    -1.0596774971573535
    6     2     0.9301889827585831     0.5370448590270052     6.2101418709337759
    7     2    -0.0000000000000022    -1.0740897180540074     6.2101418709337741
    8     2    -0.9301889827585861     0.5370448590270037     6.2101418709337750
    9     2    -0.0000000000000016     1.0740897180540094     2.5820520329845893
   10     2     0.9301889827585847    -0.5370448590270037     2.5820520329845902
   11     2    -0.9301889827585863    -0.5370448590270039     2.5820520329845884

     Dynamical Matrix in cartesian axes

     q = (     0.000000000000     0.000000000000     0.000000000000 )

    1    1
     0.6500654089815380     0.0000000000000000       -0.0000000000000001     0.0000000000000000       -0.0000000000000004     0.0000000000000000
     0.0000000000000000     0.0000000000000000        0.6500654089822122     0.0000000000000000       -0.0000000000000004     0.0000000000000000
    -0.0000000000000004     0.0000000000000000       -0.0000000000000005     0.0000000000000000        0.6612691946686645     0.0000000000000000
    1    2
    -0.0359921669255396     0.0000000000000000       -0.0000000000000000     0.0000000000000000        0.0000000000000000     0.0000000000000000
     0.0000000000000000     0.0000000000000000       -0.0359921669255769     0.0000000000000000        0.0000000000000000     0.0000000000000000
     0.0000000000000000     0.0000000000000000        0.0000000000000000     0.0000000000000000       -0.0342894565130381     0.0000000000000000
    1    3
    -0.0359921669255396     0.0000000000000000        0.0000000000000000     0.0000000000000000        0.0000000000000000     0.0000000000000000
     0.0000000000000000     0.0000000000000000       -0.0359921669255769     0.0000000000000000        0.0000000000000000     0.0000000000000000
     0.0000000000000000     0.0000000000000000        0.0000000000000000     0.0000000000000000       -0.0342894565130381     0.0000000000000000
    1    4
    -0.0972692763858572     0.0000000000000000        0.0000000000000000     0.0000000000000000       -0.0000000000000000     0.0000000000000000
     0.0000000000000000     0.0000000000000000       -0.0972692763859581     0.0000000000000000        0.0000000000000000     0.0000000000000000
    -0.0000000000000000     0.0000000000000000        0.0000000000000000     0.0000000000000000       -0.0227172228596590     0.0000000000000000
    1    5
    -0.0972692763858572     0.0000000000000000        0.0000000000000000     0.0000000000000000       -0.0000000000000000     0.0000000000000000
     0.0000000000000000     0.0000000000000000       -0.0972692763859581     0.0000000000000000        0.0000000000000000     0.0000000000000000
    -0.0000000000000000     0.0000000000000000        0.0000000000000000     0.0000000000000000       -0.0227172228596590     0.0000000000000000
    1    6
    -0.0480437271523911     0.0000000000000000        0.0275050128518411     0.0000000000000000       -0.0177176705340211     0.0000000000000000
     0.0275050128518411     0.0000000000000000       -0.0798037803006065     0.0000000000000000       -0.0102293018522354     0.0000000000000000
    -0.0193537713322887     0.0000000000000000       -0.0111739050885371     0.0000000000000000       -0.0912093059872117     0.0000000000000000
    1    7
    -0.0956838068745901     0.0000000000000000       -0.0000000000000000     0.0000000000000000        0.0000000000000000     0.0000000000000000
    -0.0000000000000000     0.0000000000000000       -0.0321637005783581     0.0000000000000000        0.0204586037044711     0.0000000000000000
     0.0000000000000000     0.0000000000000000        0.0223478101770744     0.0000000000000000       -0.0912093059872116     0.0000000000000000
    1    8
    -0.0480437271523911     0.0000000000000000       -0.0275050128518411     0.0000000000000000        0.0177176705340212     0.0000000000000000
    -0.0275050128518411     0.0000000000000000       -0.0798037803006064     0.0000000000000000       -0.0102293018522354     0.0000000000000000
     0.0193537713322888     0.0000000000000000       -0.0111739050885371     0.0000000000000000       -0.0912093059872116     0.0000000000000000
    1    9
    -0.0956838068745901     0.0000000000000000       -0.0000000000000000     0.0000000000000000        0.0000000000000001     0.0000000000000000
    -0.0000000000000000     0.0000000000000000       -0.0321637005783581     0.0000000000000000        0.0204586037044711     0.0000000000000000
     0.0000000000000000     0.0000000000000000        0.0223478101770744     0.0000000000000000       -0.0912093059872116     0.0000000000000000
    1   10
    -0.0480437271523911     0.0000000000000000       -0.0275050128518410     0.0000000000000000        0.0177176705340212     0.0000000000000000
    -0.0275050128518411     0.0000000000000000       -0.0798037803006065     0.0000000000000000       -0.0102293018522354     0.0000000000000000
     0.0193537713322888     0.0000000000000000       -0.0111739050885371     0.0000000000000000       -0.0912093059872116     0.0000000000000000
    1   11
    -0.0480437271523911     0.0000000000000000        0.0275050128518411     0.0000000000000000       -0.0177176705340210     0.0000000000000000
     0.0275050128518411     0.0000000000000000       -0.0798037803006064     0.0000000000000000       -0.0102293018522354     0.0000000000000000
    -0.0193537713322887     0.0000000000000000       -0.0111739050885371     0.0000000000000000       -0.0912093059872117     0.0000000000000000
    2    1
    -0.0359921669255395     0.0000000000000000        0.0000000000000000     0.0000000000000000        0.0000000000000000     0.0000000000000000
    -0.0000000000000000     0.0000000000000000       -0.0359921669255769     0.0000000000000000        0.0000000000000000     0.0000000000000000
     0.0000000000000000     0.0000000000000000        0.0000000000000000     0.0000000000000000       -0.0342894565130381     0.0000000000000000
    2    2
     0.0918189408159931     0.0000000000000000       -0.0000000000000000     0.0000000000000000       -0.0000000000000000     0.0000000000000000
     0.0000000000000000     0.0000000000000000        0.0918189408160883     0.0000000000000000       -0.0000000000000001     0.0000000000000000
    -0.0000000000000001     0.0000000000000000       -0.0000000000000001     0.0000000000000000        0.0927925046683435     0.0000000000000000
    2    3
    -0.0032333188232974     0.0000000000000000        0.0000000000000000     0.0000000000000000        0.0000000000000000     0.0000000000000000
     0.0000000000000000     0.0000000000000000       -0.0032333188233008     0.0000000000000000        0.0000000000000000     0.0000000000000000
     0.0000000000000000     0.0000000000000000        0.0000000000000000     0.0000000000000000       -0.0038059018287043     0.0000000000000000
    2    4
     0.0071386893024670     0.0000000000000000        0.0000000000000000     0.0000000000000000        0.0000000000000000     0.0000000000000000
    -0.0000000000000000     0.0000000000000000        0.0071386893024744     0.0000000000000000        0.0000000000000000     0.0000000000000000
     0.0000000000000000     0.0000000000000000        0.0000000000000000     0.0000000000000000       -0.0260725033591486     0.0000000000000000
    2    5
    -0.0151556988733041     0.0000000000000000       -0.0000000000000000     0.0000000000000000       -0.0000000000000000     0.0000000000000000
    -0.0000000000000000     0.0000000000000000       -0.0151556988733199     0.0000000000000000       -0.0000000000000000     0.0000000000000000
    -0.0000000000000000     0.0000000000000000       -0.0000000000000000     0.0000000000000000       -0.0004459610701617     0.0000000000000000
    2    6
    -0.0041497194212402     0.0000000000000000        0.0064022010284777     0.0000000000000000       -0.0045572564363059     0.0000000000000000
     0.0064022010284777     0.0000000000000000       -0.0115423443956437     0.0000000000000000       -0.0026311332302687     0.0000000000000000
    -0.0048070023025879     0.0000000000000000       -0.0027753240733957     0.0000000000000000       -0.0130532882061668     0.0000000000000000
    2    7
    -0.0152386568828275     0.0000000000000000       -0.0000000000000000     0.0000000000000000        0.0000000000000000     0.0000000000000000
    -0.0000000000000000     0.0000000000000000       -0.0004534069340449     0.0000000000000000        0.0052622664605375     0.0000000000000000
     0.0000000000000000     0.0000000000000000        0.0055506481467914     0.0000000000000000       -0.0130532882061668     0.0000000000000000
    2    8
    -0.0041497194212402     0.0000000000000000       -0.0064022010284777     0.0000000000000000        0.0045572564363059     0.0000000000000000
    -0.0064022010284777     0.0000000000000000       -0.0115423443956437     0.0000000000000000       -0.0026311332302687     0.0000000000000000
     0.0048070023025879     0.0000000000000000       -0.0027753240733957     0.0000000000000000       -0.0130532882061668     0.0000000000000000
    2    9
     0.0075387121425579     0.0000000000000000        0.0000000000000000     0.0000000000000000        0.0000000000000000     0.0000000000000000
     0.0000000000000000     0.0000000000000000       -0.0215642786565876     0.0000000000000000       -0.0101370150908366     0.0000000000000000
     0.0000000000000000     0.0000000000000000       -0.0111355586164734     0.0000000000000000        0.0036603942404032     0.0000000000000000
    2   10
    -0.0142885309567844     0.0000000000000000        0.0126019646790792     0.0000000000000000       -0.0087789125872062     0.0000000000000000
     0.0126019646790792     0.0000000000000000        0.0002629644427774     0.0000000000000000        0.0050685075454183     0.0000000000000000
    -0.0096436766471917     0.0000000000000000        0.0055677793082367     0.0000000000000000        0.0036603942404032     0.0000000000000000
    2   11
    -0.0142885309567845     0.0000000000000000       -0.0126019646790792     0.0000000000000000        0.0087789125872062     0.0000000000000000
    -0.0126019646790792     0.0000000000000000        0.0002629644427773     0.0000000000000000        0.0050685075454183     0.0000000000000000
     0.0096436766471916     0.0000000000000000        0.0055677793082367     0.0000000000000000        0.0036603942404032     0.0000000000000000
    3    1
    -0.0359921669255395     0.0000000000000000        0.0000000000000000     0.0000000000000000        0.0000000000000000     0.0000000000000000
     0.0000000000000000     0.0000000000000000       -0.0359921669255769     0.0000000000000000        0.0000000000000000     0.0000000000000000
     0.0000000000000000     0.0000000000000000        0.0000000000000000     0.0000000000000000       -0.0342894565130381     0.0000000000000000
    3    2
    -0.0032333188232974     0.0000000000000000       -0.0000000000000000     0.0000000000000000        0.0000000000000000     0.0000000000000000
     0.0000000000000000     0.0000000000000000       -0.0032333188233008     0.0000000000000000        0.0000000000000000     0.0000000000000000
     0.0000000000000000     0.0000000000000000        0.0000000000000000     0.0000000000000000       -0.0038059018287043     0.0000000000000000
    3    3
     0.0918189408159931     0.0000000000000000       -0.0000000000000000     0.0000000000000000       -0.0000000000000000     0.0000000000000000
     0.0000000000000000     0.0000000000000000        0.0918189408160883     0.0000000000000000       -0.0000000000000001     0.0000000000000000
    -0.0000000000000001     0.0000000000000000       -0.0000000000000001     0.0000000000000000        0.0927925046683435     0.0000000000000000
    3    4
    -0.0151556988733041     0.0000000000000000        0.0000000000000000     0.0000000000000000       -0.0000000000000000     0.0000000000000000
     0.0000000000000000     0.0000000000000000       -0.0151556988733199     0.0000000000000000        0.0000000000000000     0.0000000000000000
    -0.0000000000000000     0.0000000000000000       -0.0000000000000000     0.0000000000000000       -0.0004459610701617     0.0000000000000000
    3    5
     0.0071386893024670     0.0000000000000000       -0.0000000000000000     0.0000000000000000        0.0000000000000000     0.0000000000000000
     0.0000000000000000     0.0000000000000000        0.0071386893024744     0.0000000000000000        0.0000000000000000     0.0000000000000000
     0.0000000000000000     0.0000000000000000        0.0000000000000000     0.0000000000000000       -0.0260725033591486     0.0000000000000000
    3    6
    -0.0142885309567845     0.0000000000000000       -0.0126019646790792     0.0000000000000000        0.0087789125872062     0.0000000000000000
    -0.0126019646790792     0.0000000000000000        0.0002629644427773     0.0000000000000000        0.0050685075454183     0.0000000000000000
     0.0096436766471916     0.0000000000000000        0.0055677793082367     0.0000000000000000        0.0036603942404032     0.0000000000000000
    3    7
     0.0075387121425579     0.0000000000000000        0.0000000000000000     0.0000000000000000        0.0000000000000000     0.0000000000000000
     0.0000000000000000     0.0000000000000000       -0.0215642786565876     0.0000000000000000       -0.0101370150908366     0.0000000000000000
     0.0000000000000000     0.0000000000000000       -0.0111355586164734     0.0000000000000000        0.0036603942404032     0.0000000000000000
    3    8
    -0.0142885309567844     0.0000000000000000        0.0126019646790792     0.0000000000000000       -0.0087789125872062     0.0000000000000000
     0.0126019646790792     0.0000000000000000        0.0002629644427774     0.0000000000000000        0.0050685075454183     0.0000000000000000
    -0.0096436766471917     0.0000000000000000        0.0055677793082367     0.0000000000000000        0.0036603942404032     0.0000000000000000
    3    9
    -0.0152386568828275     0.0000000000000000       -0.0000000000000000     0.0000000000000000        0.0000000000000000     0.0000000000000000
    -0.0000000000000000     0.0000000000000000       -0.0004534069340449     0.0000000000000000        0.0052622664605375     0.0000000000000000
     0.0000000000000000     0.0000000000000000        0.0055506481467914     0.0000000000000000       -0.0130532882061668     0.0000000000000000
    3   10
    -0.0041497194212402     0.0000000000000000       -0.0064022010284777     0.0000000000000000        0.0045572564363059     0.0000000000000000
    -0.0064022010284777     0.0000000000000000       -0.0115423443956437     0.0000000000000000       -0.0026311332302687     0.0000000000000000
     0.0048070023025879     0.0000000000000000       -0.0027753240733957     0.0000000000000000       -0.0130532882061668     0.0000000000000000
    3   11
    -0.0041497194212402     0.0000000000000000        0.0064022010284777     0.0000000000000000       -0.0045572564363059     0.0000000000000000
     0.0064022010284777     0.0000000000000000       -0.0115423443956437     0.0000000000000000       -0.0026311332302687     0.0000000000000000
    -0.0048070023025879     0.0000000000000000       -0.0027753240733957     0.0000000000000000       -0.0130532882061668     0.0000000000000000
    4    1
    -0.0972692763858572     0.0000000000000000        0.0000000000000000     0.0000000000000000       -0.0000000000000000     0.0000000000000000
     0.0000000000000000     0.0000000000000000       -0.0972692763859581     0.0000000000000000        0.0000000000000000     0.0000000000000000
    -0.0000000000000000     0.0000000000000000        0.0000000000000000     0.0000000000000000       -0.0227172228596590     0.0000000000000000
    4    2
     0.0071386893024670     0.0000000000000000        0.0000000000000000     0.0000000000000000        0.0000000000000000     0.0000000000000000
    -0.0000000000000000     0.0000000000000000        0.0071386893024744     0.0000000000000000        0.0000000000000000     0.0000000000000000
     0.0000000000000000     0.0000000000000000        0.0000000000000000     0.0000000000000000       -0.0260725033591486     0.0000000000000000
    4    3
    -0.0151556988733041     0.0000000000000000       -0.0000000000000000     0.0000000000000000       -0.0000000000000000     0.0000000000000000
    -0.0000000000000000     0.0000000000000000       -0.0151556988733199     0.0000000000000000       -0.0000000000000000     0.0000000000000000
    -0.0000000000000000     0.0000000000000000        0.0000000000000000     0.0000000000000000       -0.0004459610701617     0.0000000000000000
    4    4
     0.1191738185544497     0.0000000000000000        0.0000000000000000     0.0000000000000000       -0.0000000000000001     0.0000000000000000
    -0.0000000000000000     0.0000000000000000        0.1191738185545733     0.0000000000000000       -0.0000000000000001     0.0000000000000000
    -0.0000000000000001     0.0000000000000000       -0.0000000000000001     0.0000000000000000        0.1364156776192886     0.0000000000000000
    4    5
    -0.0064192906247898     0.0000000000000000        0.0000000000000000     0.0000000000000000       -0.0000000000000000     0.0000000000000000
     0.0000000000000000     0.0000000000000000       -0.0064192906247964     0.0000000000000000        0.0000000000000000     0.0000000000000000
    -0.0000000000000000     0.0000000000000000        0.0000000000000000     0.0000000000000000       -0.0014019975438608     0.0000000000000000
    4    6
    -0.0010040658463881     0.0000000000000000       -0.0054884745966343     0.0000000000000000       -0.0058777495190245     0.0000000000000000
    -0.0054884745966343     0.0000000000000000        0.0053334787252286     0.0000000000000000       -0.0033935202670398     0.0000000000000000
    -0.0161740450574694     0.0000000000000000       -0.0093380892678200     0.0000000000000000        0.0041865690763659     0.0000000000000000
    4    7
     0.0085022510110286     0.0000000000000000       -0.0000000000000000     0.0000000000000000        0.0000000000000000     0.0000000000000000
    -0.0000000000000000     0.0000000000000000       -0.0041728381321981     0.0000000000000000        0.0067870405340795     0.0000000000000000
    -0.0000000000000000     0.0000000000000000        0.0186761785356399     0.0000000000000000        0.0041865690763659     0.0000000000000000
    4    8
    -0.0010040658463882     0.0000000000000000        0.0054884745966343     0.0000000000000000        0.0058777495190245     0.0000000000000000
     0.0054884745966343     0.0000000000000000        0.0053334787252286     0.0000000000000000       -0.0033935202670398     0.0000000000000000
     0.0161740450574694     0.0000000000000000       -0.0093380892678200     0.0000000000000000        0.0041865690763659     0.0000000000000000
    4    9
     0.0057644276031064     0.0000000000000000        0.0000000000000000     0.0000000000000000        0.0000000000000000     0.0000000000000000
     0.0000000000000000     0.0000000000000000       -0.0150726684639339     0.0000000000000000       -0.0221788097720161     0.0000000000000000
     0.0000000000000001     0.0000000000000000       -0.0254694717901551     0.0000000000000000       -0.0327792333385188     0.0000000000000000
    4   10
    -0.0098633944471621     0.0000000000000000        0.0090227272675748     0.0000000000000000       -0.0192074126882585     0.0000000000000000
     0.0090227272675748     0.0000000000000000        0.0005551535863508     0.0000000000000000        0.0110894048860081     0.0000000000000000
    -0.0220572095912339     0.0000000000000000        0.0127347358950776     0.0000000000000000       -0.0327792333385188     0.0000000000000000
    4   11
    -0.0098633944471622     0.0000000000000000       -0.0090227272675748     0.0000000000000000        0.0192074126882586     0.0000000000000000
    -0.0090227272675748     0.0000000000000000        0.0005551535863508     0.0000000000000000        0.0110894048860081     0.0000000000000000
     0.0220572095912340     0.0000000000000000        0.0127347358950776     0.0000000000000000       -0.0327792333385187     0.0000000000000000
    5    1
    -0.0972692763858572     0.0000000000000000        0.0000000000000000     0.0000000000000000       -0.0000000000000000     0.0000000000000000
     0.0000000000000000     0.0000000000000000       -0.0972692763859581     0.0000000000000000        0.0000000000000000     0.0000000000000000
    -0.0000000000000000     0.0000000000000000        0.0000000000000000     0.0000000000000000       -0.0227172228596590     0.0000000000000000
    5    2
    -0.0151556988733041     0.0000000000000000        0.0000000000000000     0.0000000000000000       -0.0000000000000000     0.0000000000000000
     0.0000000000000000     0.0000000000000000       -0.0151556988733199     0.0000000000000000        0.0000000000000000     0.0000000000000000
    -0.0000000000000000     0.0000000000000000       -0.0000000000000000     0.0000000000000000       -0.0004459610701617     0.0000000000000000
    5    3
     0.0071386893024670     0.0000000000000000       -0.0000000000000000     0.0000000000000000        0.0000000000000000     0.0000000000000000
     0.0000000000000000     0.0000000000000000        0.0071386893024744     0.0000000000000000        0.0000000000000000     0.0000000000000000
     0.0000000000000000     0.0000000000000000        0.0000000000000000     0.0000000000000000       -0.0260725033591486     0.0000000000000000
    5    4
    -0.0064192906247898     0.0000000000000000        0.0000000000000000     0.0000000000000000       -0.0000000000000000     0.0000000000000000
     0.0000000000000000     0.0000000000000000       -0.0064192906247964     0.0000000000000000        0.0000000000000000     0.0000000000000000
    -0.0000000000000000     0.0000000000000000        0.0000000000000000     0.0000000000000000       -0.0014019975438608     0.0000000000000000
    5    5
     0.1191738185544497     0.0000000000000000        0.0000000000000000     0.0000000000000000       -0.0000000000000001     0.0000000000000000
    -0.0000000000000000     0.0000000000000000        0.1191738185545733     0.0000000000000000       -0.0000000000000001     0.0000000000000000
    -0.0000000000000001     0.0000000000000000       -0.0000000000000001     0.0000000000000000        0.1364156776192886     0.0000000000000000
    5    6
    -0.0098633944471622     0.0000000000000000       -0.0090227272675748     0.0000000000000000        0.0192074126882586     0.0000000000000000
    -0.0090227272675748     0.0000000000000000        0.0005551535863508     0.0000000000000000        0.0110894048860081     0.0000000000000000
     0.0220572095912340     0.0000000000000000        0.0127347358950776     0.0000000000000000       -0.0327792333385187     0.0000000000000000
    5    7
     0.0057644276031064     0.0000000000000000        0.0000000000000000     0.0000000000000000        0.0000000000000000     0.0000000000000000
     0.0000000000000000     0.0000000000000000       -0.0150726684639339     0.0000000000000000       -0.0221788097720161     0.0000000000000000
     0.0000000000000001     0.0000000000000000       -0.0254694717901551     0.0000000000000000       -0.0327792333385188     0.0000000000000000
    5    8
    -0.0098633944471621     0.0000000000000000        0.0090227272675748     0.0000000000000000       -0.0192074126882585     0.0000000000000000
     0.0090227272675748     0.0000000000000000        0.0005551535863508     0.0000000000000000        0.0110894048860081     0.0000000000000000
    -0.0220572095912339     0.0000000000000000        0.0127347358950776     0.0000000000000000       -0.0327792333385188     0.0000000000000000
    5    9
     0.0085022510110286     0.0000000000000000       -0.0000000000000000     0.0000000000000000        0.0000000000000000     0.0000000000000000
    -0.0000000000000000     0.0000000000000000       -0.0041728381321981     0.0000000000000000        0.0067870405340795     0.0000000000000000
    -0.0000000000000000     0.0000000000000000        0.0186761785356399     0.0000000000000000        0.0041865690763659     0.0000000000000000
    5   10
    -0.0010040658463882     0.0000000000000000        0.0054884745966343     0.0000000000000000        0.0058777495190245     0.0000000000000000
     0.0054884745966343     0.0000000000000000        0.0053334787252286     0.0000000000000000       -0.0033935202670398     0.0000000000000000
     0.0161740450574694     0.0000000000000000       -0.0093380892678200     0.0000000000000000        0.0041865690763659     0.0000000000000000
    5   11
    -0.0010040658463881     0.0000000000000000       -0.0054884745966343     0.0000000000000000       -0.0058777495190245     0.0000000000000000
    -0.0054884745966343     0.0000000000000000        0.0053334787252286     0.0000000000000000       -0.0033935202670398     0.0000000000000000
    -0.0161740450574694     0.0000000000000000       -0.0093380892678200     0.0000000000000000        0.0041865690763659     0.0000000000000000
    6    1
    -0.0480437271523911     0.0000000000000000        0.0275050128518411     0.0000000000000000       -0.0193537713322886     0.0000000000000000
     0.0275050128518411     0.0000000000000000       -0.0798037803006064     0.0000000000000000       -0.0111739050885371     0.0000000000000000
    -0.0177176705340210     0.0000000000000000       -0.0102293018522354     0.0000000000000000       -0.0912093059872117     0.0000000000000000
    6    2
    -0.0041497194212402     0.0000000000000000        0.0064022010284777     0.0000000000000000       -0.0048070023025879     0.0000000000000000
     0.0064022010284777     0.0000000000000000       -0.0115423443956437     0.0000000000000000       -0.0027753240733957     0.0000000000000000
    -0.0045572564363059     0.0000000000000000       -0.0026311332302687     0.0000000000000000       -0.0130532882061668     0.0000000000000000
    6    3
    -0.0142885309567845     0.0000000000000000       -0.0126019646790792     0.0000000000000000        0.0096436766471916     0.0000000000000000
    -0.0126019646790792     0.0000000000000000        0.0002629644427773     0.0000000000000000        0.0055677793082367     0.0000000000000000
     0.0087789125872062     0.0000000000000000        0.0050685075454183     0.0000000000000000        0.0036603942404032     0.0000000000000000
    6    4
    -0.0010040658463881     0.0000000000000000       -0.0054884745966343     0.0000000000000000       -0.0161740450574694     0.0000000000000000
    -0.0054884745966343     0.0000000000000000        0.0053334787252286     0.0000000000000000       -0.0093380892678200     0.0000000000000000
    -0.0058777495190245     0.0000000000000000       -0.0033935202670398     0.0000000000000000        0.0041865690763659     0.0000000000000000
    6    5
    -0.0098633944471622     0.0000000000000000       -0.0090227272675748     0.0000000000000000        0.0220572095912340     0.0000000000000000
    -0.0090227272675748     0.0000000000000000        0.0005551535863508     0.0000000000000000        0.0127347358950776     0.0000000000000000
     0.0192074126882586     0.0000000000000000        0.0110894048860081     0.0000000000000000       -0.0327792333385187     0.0000000000000000
    6    6
     0.1299301612476481     0.0000000000000000        0.0065445024276475     0.0000000000000000       -0.0047457489796379     0.0000000000000000
     0.0065445024276475     0.0000000000000000        0.1223732207711500     0.0000000000000000       -0.0027399594509018     0.0000000000000000
    -0.0047457489796379     0.0000000000000000       -0.0027399594509018     0.0000000000000000        0.1223698128634219     0.0000000000000000
    6    7
    -0.0097101191982225     0.0000000000000000       -0.0245698577635046     0.0000000000000000        0.0011893607247313     0.0000000000000000
    -0.0215106024251537     0.0000000000000000       -0.0363146852925500     0.0000000000000000       -0.0015335197472636     0.0000000000000000
     0.0019227474207003     0.0000000000000000       -0.0002632567282496     0.0000000000000000        0.0044567044109731     0.0000000000000000
    6    8
    -0.0496169683396573     0.0000000000000000        0.0015296276691755     0.0000000000000000       -0.0007333866959690     0.0000000000000000
    -0.0015296276691755     0.0000000000000000        0.0035921638489262     0.0000000000000000        0.0017967764755131     0.0000000000000000
     0.0007333866959690     0.0000000000000000        0.0017967764755131     0.0000000000000000        0.0044567044109731     0.0000000000000000
    6    9
    -0.0017314008560965     0.0000000000000000        0.0129995130499241     0.0000000000000000        0.0105172119286575     0.0000000000000000
     0.0032981802800552     0.0000000000000000        0.0076780767751401     0.0000000000000000       -0.0019660995865812     0.0000000000000000
     0.0069612981526773     0.0000000000000000       -0.0081251229139162     0.0000000000000000        0.0007229662904607     0.0000000000000000
    6   10
     0.0123828155907464     0.0000000000000000       -0.0048506663849345     0.0000000000000000        0.0035559137759802     0.0000000000000000
     0.0048506663849344     0.0000000000000000       -0.0064361396717174     0.0000000000000000        0.0100912225004974     0.0000000000000000
    -0.0035559137759802     0.0000000000000000        0.0100912225004974     0.0000000000000000        0.0007229662904607     0.0000000000000000
    6   11
    -0.0039050506204524     0.0000000000000000        0.0015528336646615     0.0000000000000000       -0.0011494182998418     0.0000000000000000
     0.0015528336646615     0.0000000000000000       -0.0056981084890554     0.0000000000000000       -0.0006636169648255     0.0000000000000000
    -0.0011494182998418     0.0000000000000000       -0.0006636169648255     0.0000000000000000       -0.0035342900511614     0.0000000000000000
    7    1
    -0.0956838068745901     0.0000000000000000       -0.0000000000000000     0.0000000000000000        0.0000000000000001     0.0000000000000000
    -0.0000000000000000     0.0000000000000000       -0.0321637005783581     0.0000000000000000        0.0223478101770744     0.0000000000000000
     0.0000000000000000     0.0000000000000000        0.0204586037044710     0.0000000000000000       -0.0912093059872116     0.0000000000000000
    7    2
    -0.0152386568828275     0.0000000000000000       -0.0000000000000000     0.0000000000000000        0.0000000000000000     0.0000000000000000
    -0.0000000000000000     0.0000000000000000       -0.0004534069340449     0.0000000000000000        0.0055506481467914     0.0000000000000000
     0.0000000000000000     0.0000000000000000        0.0052622664605375     0.0000000000000000       -0.0130532882061668     0.0000000000000000
    7    3
     0.0075387121425579     0.0000000000000000        0.0000000000000000     0.0000000000000000        0.0000000000000000     0.0000000000000000
     0.0000000000000000     0.0000000000000000       -0.0215642786565876     0.0000000000000000       -0.0111355586164734     0.0000000000000000
     0.0000000000000000     0.0000000000000000       -0.0101370150908366     0.0000000000000000        0.0036603942404032     0.0000000000000000
    7    4
     0.0085022510110286     0.0000000000000000       -0.0000000000000000     0.0000000000000000       -0.0000000000000000     0.0000000000000000
    -0.0000000000000000     0.0000000000000000       -0.0041728381321981     0.0000000000000000        0.0186761785356399     0.0000000000000000
    -0.0000000000000000     0.0000000000000000        0.0067870405340795     0.0000000000000000        0.0041865690763659     0.0000000000000000
    7    5
     0.0057644276031064     0.0000000000000000        0.0000000000000000     0.0000000000000000        0.0000000000000000     0.0000000000000000
     0.0000000000000000     0.0000000000000000       -0.0150726684639339     0.0000000000000000       -0.0254694717901551     0.0000000000000000
     0.0000000000000000     0.0000000000000000       -0.0221788097720161     0.0000000000000000       -0.0327792333385188     0.0000000000000000
    7    6
    -0.0097101191982225     0.0000000000000000       -0.0215106024251537     0.0000000000000000        0.0019227474207003     0.0000000000000000
    -0.0245698577635046     0.0000000000000000       -0.0363146852925500     0.0000000000000000       -0.0002632567282496     0.0000000000000000
     0.0011893607247313     0.0000000000000000       -0.0015335197472636     0.0000000000000000        0.0044567044109731     0.0000000000000000
    7    7
     0.1185947505327107     0.0000000000000000       -0.0000000000000000     0.0000000000000000       -0.0000000000000001     0.0000000000000000
     0.0000000000000000     0.0000000000000000        0.1337086314860992     0.0000000000000000        0.0054799189018033     0.0000000000000000
    -0.0000000000000001     0.0000000000000000        0.0054799189018033     0.0000000000000000        0.1223698128634219     0.0000000000000000
    7    8
    -0.0097101191982225     0.0000000000000000        0.0215106024251537     0.0000000000000000       -0.0019227474207004     0.0000000000000000
     0.0245698577635046     0.0000000000000000       -0.0363146852925500     0.0000000000000000       -0.0002632567282495     0.0000000000000000
    -0.0011893607247314     0.0000000000000000       -0.0015335197472636     0.0000000000000000        0.0044567044109731     0.0000000000000000
    7    9
    -0.0065946374233481     0.0000000000000000       -0.0000000000000000     0.0000000000000000       -0.0000000000000000     0.0000000000000000
    -0.0000000000000000     0.0000000000000000       -0.0030085216861569     0.0000000000000000        0.0013272339296510     0.0000000000000000
     0.0000000000000000     0.0000000000000000        0.0013272339296510     0.0000000000000000       -0.0035342900511614     0.0000000000000000
    7   10
    -0.0017314008560964     0.0000000000000000       -0.0032981802800552     0.0000000000000000       -0.0069612981526773     0.0000000000000000
    -0.0129995130499241     0.0000000000000000        0.0076780767751401     0.0000000000000000       -0.0081251229139162     0.0000000000000000
    -0.0105172119286575     0.0000000000000000       -0.0019660995865812     0.0000000000000000        0.0007229662904607     0.0000000000000000
    7   11
    -0.0017314008560965     0.0000000000000000        0.0032981802800552     0.0000000000000000        0.0069612981526773     0.0000000000000000
     0.0129995130499241     0.0000000000000000        0.0076780767751401     0.0000000000000000       -0.0081251229139162     0.0000000000000000
     0.0105172119286575     0.0000000000000000       -0.0019660995865812     0.0000000000000000        0.0007229662904607     0.0000000000000000
    8    1
    -0.0480437271523911     0.0000000000000000       -0.0275050128518410     0.0000000000000000        0.0193537713322888     0.0000000000000000
    -0.0275050128518411     0.0000000000000000       -0.0798037803006065     0.0000000000000000       -0.0111739050885371     0.0000000000000000
     0.0177176705340212     0.0000000000000000       -0.0102293018522355     0.0000000000000000       -0.0912093059872116     0.0000000000000000
    8    2
    -0.0041497194212402     0.0000000000000000       -0.0064022010284777     0.0000000000000000        0.0048070023025879     0.0000000000000000
    -0.0064022010284777     0.0000000000000000       -0.0115423443956437     0.0000000000000000       -0.0027753240733957     0.0000000000000000
     0.0045572564363059     0.0000000000000000       -0.0026311332302687     0.0000000000000000       -0.0130532882061668     0.0000000000000000
    8    3
    -0.0142885309567844     0.0000000000000000        0.0126019646790792     0.0000000000000000       -0.0096436766471917     0.0000000000000000
     0.0126019646790792     0.0000000000000000        0.0002629644427773     0.0000000000000000        0.0055677793082367     0.0000000000000000
    -0.0087789125872062     0.0000000000000000        0.0050685075454183     0.0000000000000000        0.0036603942404032     0.0000000000000000
    8    4
    -0.0010040658463882     0.0000000000000000        0.0054884745966343     0.0000000000000000        0.0161740450574694     0.0000000000000000
     0.0054884745966343     0.0000000000000000        0.0053334787252286     0.0000000000000000       -0.0093380892678200     0.0000000000000000
     0.0058777495190245     0.0000000000000000       -0.0033935202670398     0.0000000000000000        0.0041865690763659     0.0000000000000000
    8    5
    -0.0098633944471621     0.0000000000000000        0.0090227272675748     0.0000000000000000       -0.0220572095912340     0.0000000000000000
     0.0090227272675748     0.0000000000000000        0.0005551535863508     0.0000000000000000        0.0127347358950776     0.0000000000000000
    -0.0192074126882585     0.0000000000000000        0.0110894048860081     0.0000000000000000       -0.0327792333385188     0.0000000000000000
    8    6
    -0.0496169683396573     0.0000000000000000       -0.0015296276691755     0.0000000000000000        0.0007333866959690     0.0000000000000000
     0.0015296276691755     0.0000000000000000        0.0035921638489262     0.0000000000000000        0.0017967764755131     0.0000000000000000
    -0.0007333866959690     0.0000000000000000        0.0017967764755131     0.0000000000000000        0.0044567044109731     0.0000000000000000
    8    7
    -0.0097101191982225     0.0000000000000000        0.0245698577635046     0.0000000000000000       -0.0011893607247313     0.0000000000000000
     0.0215106024251537     0.0000000000000000       -0.0363146852925500     0.0000000000000000       -0.0015335197472636     0.0000000000000000
    -0.0019227474207004     0.0000000000000000       -0.0002632567282495     0.0000000000000000        0.0044567044109731     0.0000000000000000
    8    8
     0.1299301612476481     0.0000000000000000       -0.0065445024276475     0.0000000000000000        0.0047457489796377     0.0000000000000000
    -0.0065445024276475     0.0000000000000000        0.1223732207711501     0.0000000000000000       -0.0027399594509018     0.0000000000000000
     0.0047457489796377     0.0000000000000000       -0.0027399594509018     0.0000000000000000        0.1223698128634219     0.0000000000000000
    8    9
    -0.0017314008560964     0.0000000000000000       -0.0129995130499240     0.0000000000000000       -0.0105172119286575     0.0000000000000000
    -0.0032981802800552     0.0000000000000000        0.0076780767751401     0.0000000000000000       -0.0019660995865812     0.0000000000000000
    -0.0069612981526773     0.0000000000000000       -0.0081251229139162     0.0000000000000000        0.0007229662904607     0.0000000000000000
    8   10
    -0.0039050506204524     0.0000000000000000       -0.0015528336646615     0.0000000000000000        0.0011494182998418     0.0000000000000000
    -0.0015528336646615     0.0000000000000000       -0.0056981084890554     0.0000000000000000       -0.0006636169648255     0.0000000000000000
     0.0011494182998418     0.0000000000000000       -0.0006636169648255     0.0000000000000000       -0.0035342900511614     0.0000000000000000
    8   11
     0.0123828155907464     0.0000000000000000        0.0048506663849344     0.0000000000000000       -0.0035559137759802     0.0000000000000000
    -0.0048506663849345     0.0000000000000000       -0.0064361396717174     0.0000000000000000        0.0100912225004974     0.0000000000000000
     0.0035559137759802     0.0000000000000000        0.0100912225004974     0.0000000000000000        0.0007229662904607     0.0000000000000000
    9    1
    -0.0956838068745901     0.0000000000000000       -0.0000000000000000     0.0000000000000000        0.0000000000000000     0.0000000000000000
    -0.0000000000000000     0.0000000000000000       -0.0321637005783581     0.0000000000000000        0.0223478101770744     0.0000000000000000
     0.0000000000000000     0.0000000000000000        0.0204586037044710     0.0000000000000000       -0.0912093059872116     0.0000000000000000
    9    2
     0.0075387121425579     0.0000000000000000        0.0000000000000000     0.0000000000000000        0.0000000000000000     0.0000000000000000
     0.0000000000000000     0.0000000000000000       -0.0215642786565876     0.0000000000000000       -0.0111355586164734     0.0000000000000000
     0.0000000000000000     0.0000000000000000       -0.0101370150908366     0.0000000000000000        0.0036603942404032     0.0000000000000000
    9    3
    -0.0152386568828275     0.0000000000000000       -0.0000000000000000     0.0000000000000000        0.0000000000000000     0.0000000000000000
    -0.0000000000000000     0.0000000000000000       -0.0004534069340449     0.0000000000000000        0.0055506481467914     0.0000000000000000
     0.0000000000000000     0.0000000000000000        0.0052622664605375     0.0000000000000000       -0.0130532882061668     0.0000000000000000
    9    4
     0.0057644276031064     0.0000000000000000        0.0000000000000000     0.0000000000000000        0.0000000000000000     0.0000000000000000
     0.0000000000000000     0.0000000000000000       -0.0150726684639339     0.0000000000000000       -0.0254694717901551     0.0000000000000000
     0.0000000000000000     0.0000000000000000       -0.0221788097720161     0.0000000000000000       -0.0327792333385188     0.0000000000000000
    9    5
     0.0085022510110286     0.0000000000000000       -0.0000000000000000     0.0000000000000000       -0.0000000000000000     0.0000000000000000
    -0.0000000000000000     0.0000000000000000       -0.0041728381321981     0.0000000000000000        0.0186761785356399     0.0000000000000000
    -0.0000000000000000     0.0000000000000000        0.0067870405340795     0.0000000000000000        0.0041865690763659     0.0000000000000000
    9    6
    -0.0017314008560965     0.0000000000000000        0.0032981802800552     0.0000000000000000        0.0069612981526773     0.0000000000000000
     0.0129995130499241     0.0000000000000000        0.0076780767751401     0.0000000000000000       -0.0081251229139162     0.0000000000000000
     0.0105172119286575     0.0000000000000000       -0.0019660995865812     0.0000000000000000        0.0007229662904607     0.0000000000000000
    9    7
    -0.0065946374233481     0.0000000000000000       -0.0000000000000000     0.0000000000000000       -0.0000000000000000     0.0000000000000000
    -0.0000000000000000     0.0000000000000000       -0.0030085216861569     0.0000000000000000        0.0013272339296510     0.0000000000000000
     0.0000000000000000     0.0000000000000000        0.0013272339296510     0.0000000000000000       -0.0035342900511614     0.0000000000000000
    9    8
    -0.0017314008560964     0.0000000000000000       -0.0032981802800552     0.0000000000000000       -0.0069612981526773     0.0000000000000000
    -0.0129995130499241     0.0000000000000000        0.0076780767751401     0.0000000000000000       -0.0081251229139162     0.0000000000000000
    -0.0105172119286575     0.0000000000000000       -0.0019660995865812     0.0000000000000000        0.0007229662904607     0.0000000000000000
    9    9
     0.1185947505327107     0.0000000000000000       -0.0000000000000000     0.0000000000000000       -0.0000000000000000     0.0000000000000000
    -0.0000000000000000     0.0000000000000000        0.1337086314860992     0.0000000000000000        0.0054799189018033     0.0000000000000000
    -0.0000000000000001     0.0000000000000000        0.0054799189018033     0.0000000000000000        0.1223698128634219     0.0000000000000000
    9   10
    -0.0097101191982225     0.0000000000000000        0.0215106024251537     0.0000000000000000       -0.0019227474207004     0.0000000000000000
     0.0245698577635046     0.0000000000000000       -0.0363146852925500     0.0000000000000000       -0.0002632567282495     0.0000000000000000
    -0.0011893607247314     0.0000000000000000       -0.0015335197472636     0.0000000000000000        0.0044567044109731     0.0000000000000000
    9   11
    -0.0097101191982225     0.0000000000000000       -0.0215106024251537     0.0000000000000000        0.0019227474207003     0.0000000000000000
    -0.0245698577635046     0.0000000000000000       -0.0363146852925500     0.0000000000000000       -0.0002632567282496     0.0000000000000000
     0.0011893607247313     0.0000000000000000       -0.0015335197472636     0.0000000000000000        0.0044567044109731     0.0000000000000000
   10    1
    -0.0480437271523911     0.0000000000000000       -0.0275050128518411     0.0000000000000000        0.0193537713322888     0.0000000000000000
    -0.0275050128518411     0.0000000000000000       -0.0798037803006065     0.0000000000000000       -0.0111739050885371     0.0000000000000000
     0.0177176705340212     0.0000000000000000       -0.0102293018522354     0.0000000000000000       -0.0912093059872116     0.0000000000000000
   10    2
    -0.0142885309567844     0.0000000000000000        0.0126019646790792     0.0000000000000000       -0.0096436766471917     0.0000000000000000
     0.0126019646790792     0.0000000000000000        0.0002629644427773     0.0000000000000000        0.0055677793082367     0.0000000000000000
    -0.0087789125872062     0.0000000000000000        0.0050685075454183     0.0000000000000000        0.0036603942404032     0.0000000000000000
   10    3
    -0.0041497194212402     0.0000000000000000       -0.0064022010284777     0.0000000000000000        0.0048070023025879     0.0000000000000000
    -0.0064022010284777     0.0000000000000000       -0.0115423443956437     0.0000000000000000       -0.0027753240733957     0.0000000000000000
     0.0045572564363059     0.0000000000000000       -0.0026311332302687     0.0000000000000000       -0.0130532882061668     0.0000000000000000
   10    4
    -0.0098633944471621     0.0000000000000000        0.0090227272675748     0.0000000000000000       -0.0220572095912340     0.0000000000000000
     0.0090227272675748     0.0000000000000000        0.0005551535863508     0.0000000000000000        0.0127347358950776     0.0000000000000000
    -0.0192074126882585     0.0000000000000000        0.0110894048860081     0.0000000000000000       -0.0327792333385188     0.0000000000000000
   10    5
    -0.0010040658463882     0.0000000000000000        0.0054884745966343     0.0000000000000000        0.0161740450574694     0.0000000000000000
     0.0054884745966343     0.0000000000000000        0.0053334787252286     0.0000000000000000       -0.0093380892678200     0.0000000000000000
     0.0058777495190245     0.0000000000000000       -0.0033935202670398     0.0000000000000000        0.0041865690763659     0.0000000000000000
   10    6
     0.0123828155907464     0.0000000000000000        0.0048506663849344     0.0000000000000000       -0.0035559137759802     0.0000000000000000
    -0.0048506663849345     0.0000000000000000       -0.0064361396717174     0.0000000000000000        0.0100912225004974     0.0000000000000000
     0.0035559137759802     0.0000000000000000        0.0100912225004974     0.0000000000000000        0.0007229662904607     0.0000000000000000
   10    7
    -0.0017314008560964     0.0000000000000000       -0.0129995130499240     0.0000000000000000       -0.0105172119286575     0.0000000000000000
    -0.0032981802800552     0.0000000000000000        0.0076780767751401     0.0000000000000000       -0.0019660995865812     0.0000000000000000
    -0.0069612981526773     0.0000000000000000       -0.0081251229139162     0.0000000000000000        0.0007229662904607     0.0000000000000000
   10    8
    -0.0039050506204524     0.0000000000000000       -0.0015528336646615     0.0000000000000000        0.0011494182998418     0.0000000000000000
    -0.0015528336646615     0.0000000000000000       -0.0056981084890554     0.0000000000000000       -0.0006636169648255     0.0000000000000000
     0.0011494182998418     0.0000000000000000       -0.0006636169648255     0.0000000000000000       -0.0035342900511614     0.0000000000000000
   10    9
    -0.0097101191982225     0.0000000000000000        0.0245698577635046     0.0000000000000000       -0.0011893607247313     0.0000000000000000
     0.0215106024251537     0.0000000000000000       -0.0363146852925500     0.0000000000000000       -0.0015335197472636     0.0000000000000000
    -0.0019227474207004     0.0000000000000000       -0.0002632567282495     0.0000000000000000        0.0044567044109731     0.0000000000000000
   10   10
     0.1299301612476481     0.0000000000000000       -0.0065445024276475     0.0000000000000000        0.0047457489796377     0.0000000000000000
    -0.0065445024276475     0.0000000000000000        0.1223732207711500     0.0000000000000000       -0.0027399594509018     0.0000000000000000
     0.0047457489796377     0.0000000000000000       -0.0027399594509018     0.0000000000000000        0.1223698128634219     0.0000000000000000
   10   11
    -0.0496169683396573     0.0000000000000000       -0.0015296276691755     0.0000000000000000        0.0007333866959690     0.0000000000000000
     0.0015296276691755     0.0000000000000000        0.0035921638489262     0.0000000000000000        0.0017967764755131     0.0000000000000000
    -0.0007333866959690     0.0000000000000000        0.0017967764755131     0.0000000000000000        0.0044567044109731     0.0000000000000000
   11    1
    -0.0480437271523910     0.0000000000000000        0.0275050128518411     0.0000000000000000       -0.0193537713322886     0.0000000000000000
     0.0275050128518411     0.0000000000000000       -0.0798037803006065     0.0000000000000000       -0.0111739050885371     0.0000000000000000
    -0.0177176705340210     0.0000000000000000       -0.0102293018522354     0.0000000000000000       -0.0912093059872117     0.0000000000000000
   11    2
    -0.0142885309567845     0.0000000000000000       -0.0126019646790792     0.0000000000000000        0.0096436766471916     0.0000000000000000
    -0.0126019646790792     0.0000000000000000        0.0002629644427773     0.0000000000000000        0.0055677793082367     0.0000000000000000
     0.0087789125872062     0.0000000000000000        0.0050685075454183     0.0000000000000000        0.0036603942404032     0.0000000000000000
   11    3
    -0.0041497194212402     0.0000000000000000        0.0064022010284777     0.0000000000000000       -0.0048070023025879     0.0000000000000000
     0.0064022010284777     0.0000000000000000       -0.0115423443956437     0.0000000000000000       -0.0027753240733957     0.0000000000000000
    -0.0045572564363059     0.0000000000000000       -0.0026311332302687     0.0000000000000000       -0.0130532882061668     0.0000000000000000
   11    4
    -0.0098633944471622     0.0000000000000000       -0.0090227272675748     0.0000000000000000        0.0220572095912340     0.0000000000000000
    -0.0090227272675748     0.0000000000000000        0.0005551535863508     0.0000000000000000        0.0127347358950776     0.0000000000000000
     0.0192074126882586     0.0000000000000000        0.0110894048860081     0.0000000000000000       -0.0327792333385187     0.0000000000000000
   11    5
    -0.0010040658463881     0.0000000000000000       -0.0054884745966343     0.0000000000000000       -0.0161740450574694     0.0000000000000000
    -0.0054884745966343     0.0000000000000000        0.0053334787252286     0.0000000000000000       -0.0093380892678200     0.0000000000000000
    -0.0058777495190245     0.0000000000000000       -0.0033935202670398     0.0000000000000000        0.0041865690763659     0.0000000000000000
   11    6
    -0.0039050506204524     0.0000000000000000        0.0015528336646615     0.0000000000000000       -0.0011494182998418     0.0000000000000000
     0.0015528336646615     0.0000000000000000       -0.0056981084890554     0.0000000000000000       -0.0006636169648255     0.0000000000000000
    -0.0011494182998418     0.0000000000000000       -0.0006636169648255     0.0000000000000000       -0.0035342900511614     0.0000000000000000
   11    7
    -0.0017314008560965     0.0000000000000000        0.0129995130499241     0.0000000000000000        0.0105172119286575     0.0000000000000000
     0.0032981802800552     0.0000000000000000        0.0076780767751401     0.0000000000000000       -0.0019660995865812     0.0000000000000000
     0.0069612981526773     0.0000000000000000       -0.0081251229139162     0.0000000000000000        0.0007229662904607     0.0000000000000000
   11    8
     0.0123828155907464     0.0000000000000000       -0.0048506663849345     0.0000000000000000        0.0035559137759802     0.0000000000000000
     0.0048506663849344     0.0000000000000000       -0.0064361396717174     0.0000000000000000        0.0100912225004974     0.0000000000000000
    -0.0035559137759802     0.0000000000000000        0.0100912225004974     0.0000000000000000        0.0007229662904607     0.0000000000000000
   11    9
    -0.0097101191982225     0.0000000000000000       -0.0245698577635046     0.0000000000000000        0.0011893607247313     0.0000000000000000
    -0.0215106024251537     0.0000000000000000       -0.0363146852925500     0.0000000000000000       -0.0015335197472636     0.0000000000000000
     0.0019227474207003     0.0000000000000000       -0.0002632567282496     0.0000000000000000        0.0044567044109731     0.0000000000000000
   11   10
    -0.0496169683396573     0.0000000000000000        0.0015296276691755     0.0000000000000000       -0.0007333866959690     0.0000000000000000
    -0.0015296276691755     0.0000000000000000        0.0035921638489262     0.0000000000000000        0.0017967764755131     0.0000000000000000
     0.0007333866959690     0.0000000000000000        0.0017967764755131     0.0000000000000000        0.0044567044109731     0.0000000000000000
   11   11
     0.1299301612476481     0.0000000000000000        0.0065445024276475     0.0000000000000000       -0.0047457489796379     0.0000000000000000
     0.0065445024276475     0.0000000000000000        0.1223732207711500     0.0000000000000000       -0.0027399594509018     0.0000000000000000
    -0.0047457489796379     0.0000000000000000       -0.0027399594509018     0.0000000000000000        0.1223698128634219     0.0000000000000000

     Diagonalizing the dynamical matrix

     q = (     0.000000000000     0.000000000000     0.000000000000 )

***************************************************************************
   freq (    1) =     0.00000016 [THz] =     0.00000531 [cm-1]
(   0.301511  0.000000  -0.000000  0.000000  -0.000000  0.000000 )
(   0.301511  0.000000  -0.000000  0.000000   0.000000  0.000000 )
(   0.301511  0.000000  -0.000000  0.000000   0.000000  0.000000 )
(   0.301511  0.000000  -0.000000  0.000000   0.000000  0.000000 )
(   0.301511  0.000000  -0.000000  0.000000  -0.000000  0.000000 )
(   0.301511  0.000000   0.000000  0.000000   0.000000  0.000000 )
(   0.301511  0.000000  -0.000000  0.000000   0.000000  0.000000 )
(   0.301511  0.000000  -0.000000  0.000000  -0.000000  0.000000 )
(   0.301511  0.000000  -0.000000  0.000000   0.000000  0.000000 )
(   0.301511  0.000000  -0.000000  0.000000  -0.000000  0.000000 )
(   0.301511  0.000000  -0.000000  0.000000   0.000000  0.000000 )
   freq (    2) =     0.00000048 [THz] =     0.00001605 [cm-1]
(   0.000000  0.000000   0.268145  0.000000   0.137868  0.000000 )
(   0.000000  0.000000   0.268145  0.000000   0.137868  0.000000 )
(  -0.000000  0.000000   0.268145  0.000000   0.137868  0.000000 )
(   0.000000  0.000000   0.268145  0.000000   0.137868  0.000000 )
(   0.000000  0.000000   0.268145  0.000000   0.137868  0.000000 )
(  -0.000000  0.000000   0.268145  0.000000   0.137868  0.000000 )
(  -0.000000  0.000000   0.268145  0.000000   0.137868  0.000000 )
(  -0.000000  0.000000   0.268145  0.000000   0.137868  0.000000 )
(  -0.000000  0.000000   0.268145  0.000000   0.137868  0.000000 )
(   0.000000  0.000000   0.268145  0.000000   0.137868  0.000000 )
(   0.000000  0.000000   0.268145  0.000000   0.137868  0.000000 )
   freq (    3) =     0.00000060 [THz] =     0.00002005 [cm-1]
(   0.000000  0.000000   0.137868  0.000000  -0.268145  0.000000 )
(   0.000000  0.000000   0.137868  0.000000  -0.268145  0.000000 )
(  -0.000000  0.000000   0.137868  0.000000  -0.268145  0.000000 )
(   0.000000  0.000000   0.137868  0.000000  -0.268145  0.000000 )
(  -0.000000  0.000000   0.137868  0.000000  -0.268145  0.000000 )
(  -0.000000  0.000000   0.137868  0.000000  -0.268145  0.000000 )
(  -0.000000  0.000000   0.137868  0.000000  -0.268145  0.000000 )
(  -0.000000  0.000000   0.137868  0.000000  -0.268145  0.000000 )
(   0.000000  0.000000   0.137868  0.000000  -0.268145  0.000000 )
(   0.000000  0.000000   0.137868  0.000000  -0.268145  0.000000 )
(   0.000000  0.000000   0.137868  0.000000  -0.268145  0.000000 )
   freq (    4) =    25.68603240 [THz] =   856.79369305 [cm-1]
(  -0.000000  0.000000   0.000000  0.000000  -0.020912  0.000000 )
(   0.000000  0.000000  -0.000000  0.000000   0.481005  0.000000 )
(   0.000000  0.000000  -0.000000  0.000000   0.481005  0.000000 )
(   0.000000  0.000000  -0.000000  0.000000   0.380959  0.000000 )
(   0.000000  0.000000  -0.000000  0.000000   0.380959  0.000000 )
(  -0.053809  0.000000  -0.031067  0.000000   0.192963  0.000000 )
(   0.000000  0.000000   0.062133  0.000000   0.192963  0.000000 )
(   0.053809  0.000000  -0.031067  0.000000   0.192963  0.000000 )
(   0.000000  0.000000   0.062133  0.000000   0.192963  0.000000 )
(   0.053809  0.000000  -0.031067  0.000000   0.192963  0.000000 )
(  -0.053809  0.000000  -0.031067  0.000000   0.192963  0.000000 )
   freq (    5) =    25.80593694 [THz] =   860.79327762 [cm-1]
(   0.021121  0.000000   0.000000  0.000000  -0.000000  0.000000 )
(  -0.469194  0.000000  -0.000000  0.000000   0.000000  0.000000 )
(  -0.469194  0.000000  -0.000000  0.000000   0.000000  0.000000 )
(  -0.166652  0.000000  -0.000000  0.000000   0.000000  0.000000 )
(  -0.166652  0.000000  -0.000000  0.000000   0.000000  0.000000 )
(  -0.318855  0.000000  -0.079183  0.000000   0.038514  0.000000 )
(  -0.181705  0.000000  -0.000000  0.000000   0.000000  0.000000 )
(  -0.318855  0.000000   0.079183  0.000000  -0.038514  0.000000 )
(  -0.181705  0.000000  -0.000000  0.000000  -0.000000  0.000000 )
(  -0.318855  0.000000   0.079183  0.000000  -0.038514  0.000000 )
(  -0.318855  0.000000  -0.079183  0.000000   0.038514  0.000000 )
   freq (    6) =    25.80593694 [THz] =   860.79327762 [cm-1]
(   0.000000  0.000000  -0.021121  0.000000  -0.000000  0.000000 )
(  -0.000000  0.000000   0.469194  0.000000   0.000000  0.000000 )
(  -0.000000  0.000000   0.469194  0.000000   0.000000  0.000000 )
(  -0.000000  0.000000   0.166652  0.000000   0.000000  0.000000 )
(  -0.000000  0.000000   0.166652  0.000000   0.000000  0.000000 )
(   0.079183  0.000000   0.227422  0.000000  -0.022236  0.000000 )
(  -0.000000  0.000000   0.364572  0.000000   0.044473  0.000000 )
(  -0.079183  0.000000   0.227422  0.000000  -0.022236  0.000000 )
(  -0.000000  0.000000   0.364572  0.000000   0.044473  0.000000 )
(  -0.079183  0.000000   0.227422  0.000000  -0.022236  0.000000 )
(   0.079183  0.000000   0.227422  0.000000  -0.022236  0.000000 )
   freq (    7) =    25.84928392 [THz] =   862.23917690 [cm-1]
(   0.000000  0.000000   0.000000  0.000000   0.000000  0.000000 )
(  -0.000000  0.000000  -0.000000  0.000000   0.321289  0.000000 )
(  -0.000000  0.000000   0.000000  0.000000  -0.321289  0.000000 )
(  -0.000000  0.000000  -0.000000  0.000000   0.525271  0.000000 )
(  -0.000000  0.000000   0.000000  0.000000  -0.525271  0.000000 )
(   0.117288  0.000000   0.067716  0.000000  -0.148141  0.000000 )
(  -0.000000  0.000000  -0.135432  0.000000  -0.148141  0.000000 )
(  -0.117288  0.000000   0.067716  0.000000  -0.148141  0.000000 )
(  -0.000000  0.000000   0.135432  0.000000   0.148141  0.000000 )
(   0.117288  0.000000  -0.067716  0.000000   0.148141  0.000000 )
(  -0.117288  0.000000  -0.067716  0.000000   0.148141  0.000000 )
   freq (    8) =    25.99672841 [THz] =   867.15739479 [cm-1]
(  -0.000000  0.000000   0.000000  0.000000   0.000000  0.000000 )
(  -0.356261  0.000000   0.000027  0.000000   0.000000  0.000000 )
(   0.356261  0.000000  -0.000027  0.000000  -0.000000  0.000000 )
(  -0.089930  0.000000   0.000007  0.000000   0.000000  0.000000 )
(   0.089930  0.000000  -0.000007  0.000000  -0.000000  0.000000 )
(   0.368861  0.000000   0.168956  0.000000  -0.122359  0.000000 )
(   0.076210  0.000000  -0.000036  0.000000  -0.000011  0.000000 )
(   0.368886  0.000000  -0.168983  0.000000   0.122370  0.000000 )
(  -0.076210  0.000000   0.000036  0.000000   0.000011  0.000000 )
(  -0.368886  0.000000   0.168983  0.000000  -0.122370  0.000000 )
(  -0.368861  0.000000  -0.168956  0.000000   0.122359  0.000000 )
   freq (    9) =    25.99672841 [THz] =   867.15739479 [cm-1]
(  -0.000000  0.000000  -0.000000  0.000000   0.000000  0.000000 )
(   0.000027  0.000000   0.356261  0.000000   0.000000  0.000000 )
(  -0.000027  0.000000  -0.356261  0.000000  -0.000000  0.000000 )
(   0.000007  0.000000   0.089930  0.000000   0.000000  0.000000 )
(  -0.000007  0.000000  -0.089930  0.000000  -0.000000  0.000000 )
(  -0.168998  0.000000  -0.173777  0.000000   0.070656  0.000000 )
(  -0.000006  0.000000  -0.466428  0.000000  -0.141294  0.000000 )
(   0.168941  0.000000  -0.173751  0.000000   0.070638  0.000000 )
(   0.000006  0.000000   0.466428  0.000000   0.141294  0.000000 )
(  -0.168941  0.000000   0.173751  0.000000  -0.070638  0.000000 )
(   0.168998  0.000000   0.173777  0.000000  -0.070656  0.000000 )
   freq (   10) =    29.62731355 [THz] =   988.26066234 [cm-1]
(  -0.000000  0.000000   0.000000  0.000000   0.000000  0.000000 )
(  -0.505959  0.000000   0.000058  0.000000  -0.000000  0.000000 )
(   0.505959  0.000000  -0.000058  0.000000   0.000000  0.000000 )
(   0.275629  0.000000  -0.000031  0.000000   0.000000  0.000000 )
(  -0.275629  0.000000   0.000031  0.000000  -0.000000  0.000000 )
(  -0.209079  0.000000   0.038594  0.000000  -0.027659  0.000000 )
(  -0.275872  0.000000   0.000021  0.000000  -0.000004  0.000000 )
(  -0.209070  0.000000  -0.038536  0.000000   0.027662  0.000000 )
(   0.275872  0.000000  -0.000021  0.000000   0.000004  0.000000 )
(   0.209070  0.000000   0.038536  0.000000  -0.027662  0.000000 )
(   0.209079  0.000000  -0.038594  0.000000   0.027659  0.000000 )
   freq (   11) =    29.62731355 [THz] =   988.26066234 [cm-1]
(  -0.000000  0.000000   0.000000  0.000000  -0.000000  0.000000 )
(   0.000058  0.000000   0.505959  0.000000  -0.000000  0.000000 )
(  -0.000058  0.000000  -0.505959  0.000000   0.000000  0.000000 )
(  -0.000031  0.000000  -0.275629  0.000000   0.000000  0.000000 )
(   0.000031  0.000000   0.275629  0.000000  -0.000000  0.000000 )
(  -0.038542  0.000000   0.253602  0.000000   0.015973  0.000000 )
(   0.000032  0.000000   0.186809  0.000000  -0.031940  0.000000 )
(   0.038589  0.000000   0.253611  0.000000   0.015967  0.000000 )
(  -0.000032  0.000000  -0.186809  0.000000   0.031940  0.000000 )
(  -0.038589  0.000000  -0.253611  0.000000  -0.015967  0.000000 )
(   0.038542  0.000000  -0.253602  0.000000  -0.015973  0.000000 )
   freq (   12) =    29.71109179 [THz] =   991.05520318 [cm-1]
(  -0.000000  0.000000   0.000000  0.000000   0.000000  0.000000 )
(  -0.000000  0.000000   0.000000  0.000000   0.527564  0.000000 )
(   0.000000  0.000000  -0.000000  0.000000  -0.527564  0.000000 )
(   0.000000  0.000000  -0.000000  0.000000  -0.141198  0.000000 )
(  -0.000000  0.000000   0.000000  0.000000   0.141198  0.000000 )
(   0.038761  0.000000   0.022379  0.000000   0.255428  0.000000 )
(  -0.000000  0.000000  -0.044758  0.000000   0.255428  0.000000 )
(  -0.038761  0.000000   0.022379  0.000000   0.255428  0.000000 )
(   0.000000  0.000000   0.044758  0.000000  -0.255428  0.000000 )
(   0.038761  0.000000  -0.022379  0.000000  -0.255428  0.000000 )
(  -0.038761  0.000000  -0.022379  0.000000  -0.255428  0.000000 )
   freq (   13) =    32.59706393 [THz] =  1087.32085811 [cm-1]
(   0.000000  0.000000  -0.000000  0.000000  -0.000000  0.000000 )
(   0.000000  0.000000  -0.000000  0.000000   0.000000  0.000000 )
(  -0.000000  0.000000   0.000000  0.000000  -0.000000  0.000000 )
(   0.000000  0.000000   0.000000  0.000000  -0.000000  0.000000 )
(  -0.000000  0.000000  -0.000000  0.000000   0.000000  0.000000 )
(   0.204124  0.000000  -0.353553  0.000000   0.000000  0.000000 )
(  -0.408248  0.000000   0.000000  0.000000  -0.000000  0.000000 )
(   0.204124  0.000000   0.353553  0.000000  -0.000000  0.000000 )
(   0.408248  0.000000  -0.000000  0.000000   0.000000  0.000000 )
(  -0.204124  0.000000  -0.353553  0.000000   0.000000  0.000000 )
(  -0.204124  0.000000   0.353553  0.000000  -0.000000  0.000000 )
   freq (   14) =    32.68213971 [THz] =  1090.15868022 [cm-1]
(   0.000000  0.000000   0.000000  0.000000   0.000000  0.000000 )
(   0.006716  0.000000  -0.000000  0.000000   0.000000  0.000000 )
(  -0.006716  0.000000   0.000000  0.000000  -0.000000  0.000000 )
(  -0.426837  0.000000   0.000013  0.000000  -0.000000  0.000000 )
(   0.426837  0.000000  -0.000013  0.000000   0.000000  0.000000 )
(  -0.149892  0.000000  -0.004765  0.000000  -0.355469  0.000000 )
(  -0.141631  0.000000   0.000005  0.000000  -0.000013  0.000000 )
(  -0.149892  0.000000   0.004774  0.000000   0.355482  0.000000 )
(   0.141631  0.000000  -0.000005  0.000000   0.000013  0.000000 )
(   0.149892  0.000000  -0.004774  0.000000  -0.355482  0.000000 )
(   0.149892  0.000000   0.004765  0.000000   0.355469  0.000000 )
   freq (   15) =    32.68213971 [THz] =  1090.15868022 [cm-1]
(   0.000000  0.000000  -0.000000  0.000000   0.000000  0.000000 )
(   0.000000  0.000000   0.006716  0.000000   0.000000  0.000000 )
(  -0.000000  0.000000  -0.006716  0.000000  -0.000000  0.000000 )
(  -0.000013  0.000000  -0.426837  0.000000   0.000000  0.000000 )
(   0.000013  0.000000   0.426837  0.000000  -0.000000  0.000000 )
(  -0.004774  0.000000  -0.144385  0.000000  -0.205245  0.000000 )
(  -0.000004  0.000000  -0.152645  0.000000   0.410467  0.000000 )
(   0.004765  0.000000  -0.144385  0.000000  -0.205223  0.000000 )
(   0.000004  0.000000   0.152645  0.000000  -0.410467  0.000000 )
(  -0.004765  0.000000   0.144385  0.000000   0.205223  0.000000 )
(   0.004774  0.000000   0.144385  0.000000   0.205245  0.000000 )
   freq (   16) =    32.90259299 [THz] =  1097.51220886 [cm-1]
(   0.000000  0.000000  -0.000000  0.000000  -0.000000  0.000000 )
(  -0.000000  0.000000  -0.000000  0.000000  -0.000000  0.000000 )
(  -0.000000  0.000000  -0.000000  0.000000  -0.000000  0.000000 )
(   0.000000  0.000000  -0.000000  0.000000  -0.000000  0.000000 )
(   0.000000  0.000000  -0.000000  0.000000  -0.000000  0.000000 )
(   0.204124  0.000000  -0.353553  0.000000   0.000000  0.000000 )
(  -0.408248  0.000000   0.000000  0.000000  -0.000000  0.000000 )
(   0.204124  0.000000   0.353553  0.000000  -0.000000  0.000000 )
(  -0.408248  0.000000   0.000000  0.000000  -0.000000  0.000000 )
(   0.204124  0.000000   0.353553  0.000000  -0.000000  0.000000 )
(   0.204124  0.000000  -0.353553  0.000000   0.000000  0.000000 )
   freq (   17) =    33.36825895 [THz] =  1113.04515124 [cm-1]
(  -0.000458  0.000000   0.000000  0.000000  -0.000000  0.000000 )
(   0.047950  0.000000  -0.000000  0.000000  -0.000000  0.000000 )
(   0.047950  0.000000  -0.000000  0.000000  -0.000000  0.000000 )
(   0.484537  0.000000  -0.000000  0.000000   0.000000  0.000000 )
(   0.484537  0.000000  -0.000000  0.000000   0.000000  0.000000 )
(  -0.148542  0.000000   0.031938  0.000000  -0.295970  0.000000 )
(  -0.203861  0.000000   0.000000  0.000000  -0.000000  0.000000 )
(  -0.148542  0.000000  -0.031938  0.000000   0.295970  0.000000 )
(  -0.203861  0.000000   0.000000  0.000000  -0.000000  0.000000 )
(  -0.148542  0.000000  -0.031938  0.000000   0.295970  0.000000 )
(  -0.148542  0.000000   0.031938  0.000000  -0.295970  0.000000 )
   freq (   18) =    33.36825895 [THz] =  1113.04515124 [cm-1]
(  -0.000000  0.000000  -0.000458  0.000000  -0.000000  0.000000 )
(   0.000000  0.000000   0.047950  0.000000   0.000000  0.000000 )
(   0.000000  0.000000   0.047950  0.000000   0.000000  0.000000 )
(   0.000000  0.000000   0.484537  0.000000   0.000000  0.000000 )
(   0.000000  0.000000   0.484537  0.000000   0.000000  0.000000 )
(   0.031938  0.000000  -0.185421  0.000000  -0.170878  0.000000 )
(  -0.000000  0.000000  -0.130102  0.000000   0.341756  0.000000 )
(  -0.031938  0.000000  -0.185421  0.000000  -0.170878  0.000000 )
(  -0.000000  0.000000  -0.130102  0.000000   0.341756  0.000000 )
(  -0.031938  0.000000  -0.185421  0.000000  -0.170878  0.000000 )
(   0.031938  0.000000  -0.185421  0.000000  -0.170878  0.000000 )
   freq (   19) =    35.29446562 [THz] =  1177.29648060 [cm-1]
(  -0.000262  0.000000   0.000000  0.000000   0.000000  0.000000 )
(   0.019950  0.000000  -0.000000  0.000000   0.000000  0.000000 )
(   0.019950  0.000000  -0.000000  0.000000   0.000000  0.000000 )
(  -0.272839  0.000000   0.000000  0.000000  -0.000000  0.000000 )
(  -0.272839  0.000000   0.000000  0.000000  -0.000000  0.000000 )
(  -0.027498  0.000000  -0.204045  0.000000  -0.342167  0.000000 )
(   0.325919  0.000000   0.000000  0.000000  -0.000000  0.000000 )
(  -0.027498  0.000000   0.204045  0.000000   0.342167  0.000000 )
(   0.325919  0.000000   0.000000  0.000000  -0.000000  0.000000 )
(  -0.027498  0.000000   0.204045  0.000000   0.342167  0.000000 )
(  -0.027498  0.000000  -0.204045  0.000000  -0.342167  0.000000 )
   freq (   20) =    35.29446562 [THz] =  1177.29648060 [cm-1]
(   0.000000  0.000000   0.000262  0.000000  -0.000000  0.000000 )
(  -0.000000  0.000000  -0.019950  0.000000   0.000000  0.000000 )
(  -0.000000  0.000000  -0.019950  0.000000   0.000000  0.000000 )
(   0.000000  0.000000   0.272839  0.000000   0.000000  0.000000 )
(   0.000000  0.000000   0.272839  0.000000   0.000000  0.000000 )
(   0.204045  0.000000  -0.208113  0.000000   0.197550  0.000000 )
(  -0.000000  0.000000   0.145304  0.000000  -0.395101  0.000000 )
(  -0.204045  0.000000  -0.208113  0.000000   0.197550  0.000000 )
(  -0.000000  0.000000   0.145304  0.000000  -0.395101  0.000000 )
(  -0.204045  0.000000  -0.208113  0.000000   0.197550  0.000000 )
(   0.204045  0.000000  -0.208113  0.000000   0.197550  0.000000 )
   freq (   21) =    36.52251447 [THz] =  1218.25977506 [cm-1]
(  -0.005669  0.000000  -0.000000  0.000000  -0.000000  0.000000 )
(  -0.529497  0.000000  -0.000000  0.000000  -0.000000  0.000000 )
(  -0.529497  0.000000  -0.000000  0.000000  -0.000000  0.000000 )
(   0.225260  0.000000   0.000000  0.000000   0.000000  0.000000 )
(   0.225260  0.000000   0.000000  0.000000   0.000000  0.000000 )
(   0.248326  0.000000   0.028965  0.000000  -0.047951  0.000000 )
(   0.198158  0.000000   0.000000  0.000000   0.000000  0.000000 )
(   0.248326  0.000000  -0.028965  0.000000   0.047951  0.000000 )
(   0.198158  0.000000   0.000000  0.000000   0.000000  0.000000 )
(   0.248326  0.000000  -0.028965  0.000000   0.047951  0.000000 )
(   0.248326  0.000000   0.028965  0.000000  -0.047951  0.000000 )
   freq (   22) =    36.52251447 [THz] =  1218.25977506 [cm-1]
(  -0.000000  0.000000   0.005669  0.000000   0.000000  0.000000 )
(  -0.000000  0.000000   0.529497  0.000000  -0.000000  0.000000 )
(  -0.000000  0.000000   0.529497  0.000000  -0.000000  0.000000 )
(   0.000000  0.000000  -0.225260  0.000000   0.000000  0.000000 )
(   0.000000  0.000000  -0.225260  0.000000   0.000000  0.000000 )
(  -0.028965  0.000000  -0.214881  0.000000   0.027685  0.000000 )
(   0.000000  0.000000  -0.265049  0.000000  -0.055369  0.000000 )
(   0.028965  0.000000  -0.214881  0.000000   0.027685  0.000000 )
(   0.000000  0.000000  -0.265049  0.000000  -0.055369  0.000000 )
(   0.028965  0.000000  -0.214881  0.000000   0.027685  0.000000 )
(  -0.028965  0.000000  -0.214881  0.000000   0.027685  0.000000 )
   freq (   23) =    36.94424313 [THz] =  1232.32712693 [cm-1]
(   0.000000  0.000000  -0.000000  0.000000  -0.006233  0.000000 )
(   0.000000  0.000000  -0.000000  0.000000  -0.519735  0.000000 )
(   0.000000  0.000000  -0.000000  0.000000  -0.519735  0.000000 )
(  -0.000000  0.000000   0.000000  0.000000   0.286110  0.000000 )
(  -0.000000  0.000000   0.000000  0.000000   0.286110  0.000000 )
(  -0.018869  0.000000  -0.010894  0.000000   0.221038  0.000000 )
(  -0.000000  0.000000   0.021788  0.000000   0.221038  0.000000 )
(   0.018869  0.000000  -0.010894  0.000000   0.221038  0.000000 )
(  -0.000000  0.000000   0.021788  0.000000   0.221038  0.000000 )
(   0.018869  0.000000  -0.010894  0.000000   0.221038  0.000000 )
(  -0.018869  0.000000  -0.010894  0.000000   0.221038  0.000000 )
   freq (   24) =    43.99285683 [THz] =  1467.44353828 [cm-1]
(  -0.000000  0.000000   0.000000  0.000000   0.000000  0.000000 )
(   0.002608  0.000000   0.000003  0.000000  -0.000000  0.000000 )
(  -0.002608  0.000000  -0.000003  0.000000   0.000000  0.000000 )
(  -0.357852  0.000000  -0.000355  0.000000  -0.000000  0.000000 )
(   0.357852  0.000000   0.000355  0.000000   0.000000  0.000000 )
(  -0.003975  0.000000   0.203050  0.000000   0.285043  0.000000 )
(  -0.356280  0.000000   0.000112  0.000000  -0.000326  0.000000 )
(  -0.004378  0.000000  -0.203524  0.000000  -0.284716  0.000000 )
(   0.356280  0.000000  -0.000112  0.000000   0.000326  0.000000 )
(   0.004378  0.000000   0.203524  0.000000   0.284716  0.000000 )
(   0.003975  0.000000  -0.203050  0.000000  -0.285043  0.000000 )
   freq (   25) =    43.99285683 [THz] =  1467.44353828 [cm-1]
(  -0.000000  0.000000   0.000000  0.000000  -0.000000  0.000000 )
(   0.000003  0.000000  -0.002608  0.000000   0.000000  0.000000 )
(  -0.000003  0.000000   0.002608  0.000000  -0.000000  0.000000 )
(  -0.000355  0.000000   0.357852  0.000000  -0.000000  0.000000 )
(   0.000355  0.000000  -0.357852  0.000000   0.000000  0.000000 )
(  -0.203291  0.000000   0.239114  0.000000  -0.164193  0.000000 )
(  -0.000353  0.000000  -0.113192  0.000000   0.328951  0.000000 )
(   0.203283  0.000000   0.238711  0.000000  -0.164758  0.000000 )
(   0.000353  0.000000   0.113192  0.000000  -0.328951  0.000000 )
(  -0.203283  0.000000  -0.238711  0.000000   0.164758  0.000000 )
(   0.203291  0.000000  -0.239114  0.000000   0.164193  0.000000 )
   freq (   26) =    45.80577980 [THz] =  1527.91613072 [cm-1]
(   0.006202  0.000000  -0.000000  0.000000   0.000000  0.000000 )
(  -0.062744  0.000000   0.000000  0.000000  -0.000000  0.000000 )
(  -0.062744  0.000000   0.000000  0.000000  -0.000000  0.000000 )
(  -0.328472  0.000000   0.000000  0.000000   0.000000  0.000000 )
(  -0.328472  0.000000   0.000000  0.000000   0.000000  0.000000 )
(   0.147118  0.000000   0.275679  0.000000  -0.204595  0.000000 )
(  -0.330373  0.000000  -0.000000  0.000000  -0.000000  0.000000 )
(   0.147118  0.000000  -0.275679  0.000000   0.204595  0.000000 )
(  -0.330373  0.000000  -0.000000  0.000000  -0.000000  0.000000 )
(   0.147118  0.000000  -0.275679  0.000000   0.204595  0.000000 )
(   0.147118  0.000000   0.275679  0.000000  -0.204595  0.000000 )
   freq (   27) =    45.80577980 [THz] =  1527.91613072 [cm-1]
(  -0.000000  0.000000  -0.006202  0.000000   0.000000  0.000000 )
(   0.000000  0.000000   0.062744  0.000000  -0.000000  0.000000 )
(   0.000000  0.000000   0.062744  0.000000  -0.000000  0.000000 )
(   0.000000  0.000000   0.328472  0.000000   0.000000  0.000000 )
(   0.000000  0.000000   0.328472  0.000000   0.000000  0.000000 )
(  -0.275679  0.000000   0.171209  0.000000   0.118123  0.000000 )
(   0.000000  0.000000  -0.306281  0.000000  -0.236246  0.000000 )
(   0.275679  0.000000   0.171209  0.000000   0.118123  0.000000 )
(   0.000000  0.000000  -0.306281  0.000000  -0.236246  0.000000 )
(   0.275679  0.000000   0.171209  0.000000   0.118123  0.000000 )
(  -0.275679  0.000000   0.171209  0.000000   0.118123  0.000000 )
   freq (   28) =    46.15689844 [THz] =  1539.62818638 [cm-1]
(   0.000000  0.000000  -0.000000  0.000000   0.000000  0.000000 )
(   0.342099  0.000000  -0.000331  0.000000   0.000000  0.000000 )
(  -0.342099  0.000000   0.000331  0.000000  -0.000000  0.000000 )
(   0.325105  0.000000  -0.000315  0.000000  -0.000000  0.000000 )
(  -0.325105  0.000000   0.000315  0.000000   0.000000  0.000000 )
(   0.077677  0.000000   0.231729  0.000000  -0.163441  0.000000 )
(  -0.323148  0.000000  -0.000205  0.000000  -0.000183  0.000000 )
(   0.078125  0.000000  -0.231363  0.000000   0.163623  0.000000 )
(   0.323148  0.000000   0.000205  0.000000   0.000183  0.000000 )
(  -0.078125  0.000000   0.231363  0.000000  -0.163623  0.000000 )
(  -0.077677  0.000000  -0.231729  0.000000   0.163441  0.000000 )
   freq (   29) =    46.15689844 [THz] =  1539.62818638 [cm-1]
(   0.000000  0.000000  -0.000000  0.000000   0.000000  0.000000 )
(  -0.000331  0.000000  -0.342099  0.000000   0.000000  0.000000 )
(   0.000331  0.000000   0.342099  0.000000  -0.000000  0.000000 )
(  -0.000315  0.000000  -0.325105  0.000000  -0.000000  0.000000 )
(   0.000315  0.000000   0.325105  0.000000   0.000000  0.000000 )
(  -0.231621  0.000000   0.189241  0.000000   0.094573  0.000000 )
(   0.000313  0.000000  -0.211584  0.000000  -0.188831  0.000000 )
(   0.231471  0.000000   0.189689  0.000000   0.094257  0.000000 )
(  -0.000313  0.000000   0.211584  0.000000   0.188831  0.000000 )
(  -0.231471  0.000000  -0.189689  0.000000  -0.094257  0.000000 )
(   0.231621  0.000000  -0.189241  0.000000  -0.094573  0.000000 )
   freq (   30) =    46.28640130 [THz] =  1543.94793597 [cm-1]
(   0.000000  0.000000  -0.000000  0.000000  -0.005630  0.000000 )
(   0.000000  0.000000   0.000000  0.000000   0.070373  0.000000 )
(  -0.000000  0.000000   0.000000  0.000000   0.070373  0.000000 )
(  -0.000000  0.000000   0.000000  0.000000  -0.204512  0.000000 )
(  -0.000000  0.000000   0.000000  0.000000  -0.204512  0.000000 )
(   0.300985  0.000000   0.173774  0.000000   0.174009  0.000000 )
(  -0.000000  0.000000  -0.347548  0.000000   0.174009  0.000000 )
(  -0.300985  0.000000   0.173774  0.000000   0.174009  0.000000 )
(  -0.000000  0.000000  -0.347548  0.000000   0.174009  0.000000 )
(  -0.300985  0.000000   0.173774  0.000000   0.174009  0.000000 )
(   0.300985  0.000000   0.173774  0.000000   0.174009  0.000000 )
   freq (   31) =    46.32632288 [THz] =  1545.27957651 [cm-1]
(   0.000000  0.000000   0.000000  0.000000  -0.000000  0.000000 )
(  -0.000000  0.000000   0.000000  0.000000   0.344049  0.000000 )
(   0.000000  0.000000  -0.000000  0.000000  -0.344049  0.000000 )
(  -0.000000  0.000000   0.000000  0.000000  -0.283179  0.000000 )
(   0.000000  0.000000  -0.000000  0.000000   0.283179  0.000000 )
(  -0.161433  0.000000  -0.093203  0.000000  -0.256384  0.000000 )
(   0.000000  0.000000   0.186407  0.000000  -0.256384  0.000000 )
(   0.161433  0.000000  -0.093203  0.000000  -0.256384  0.000000 )
(  -0.000000  0.000000  -0.186407  0.000000   0.256384  0.000000 )
(  -0.161433  0.000000   0.093203  0.000000   0.256384  0.000000 )
(   0.161433  0.000000   0.093203  0.000000   0.256384  0.000000 )
   freq (   32) =    46.51195887 [THz] =  1551.47172554 [cm-1]
(   0.000000  0.000000   0.000000  0.000000  -0.002856  0.000000 )
(  -0.000000  0.000000  -0.000000  0.000000   0.036092  0.000000 )
(   0.000000  0.000000  -0.000000  0.000000   0.036092  0.000000 )
(  -0.000000  0.000000  -0.000000  0.000000  -0.483204  0.000000 )
(   0.000000  0.000000  -0.000000  0.000000  -0.483204  0.000000 )
(  -0.178180  0.000000  -0.102872  0.000000   0.214643  0.000000 )
(   0.000000  0.000000   0.205745  0.000000   0.214643  0.000000 )
(   0.178180  0.000000  -0.102872  0.000000   0.214643  0.000000 )
(  -0.000000  0.000000   0.205745  0.000000   0.214643  0.000000 )
(   0.178180  0.000000  -0.102872  0.000000   0.214643  0.000000 )
(  -0.178180  0.000000  -0.102872  0.000000   0.214643  0.000000 )
   freq (   33) =    59.42247670 [THz] =  1982.12018400 [cm-1]
(   0.000000  0.000000  -0.000000  0.000000   0.000000  0.000000 )
(  -0.000000  0.000000   0.000000  0.000000   0.008958  0.000000 )
(   0.000000  0.000000  -0.000000  0.000000  -0.008958  0.000000 )
(  -0.000000  0.000000   0.000000  0.000000   0.352084  0.000000 )
(   0.000000  0.000000  -0.000000  0.000000  -0.352084  0.000000 )
(  -0.289276  0.000000  -0.167014  0.000000   0.117239  0.000000 )
(  -0.000000  0.000000   0.334027  0.000000   0.117239  0.000000 )
(   0.289276  0.000000  -0.167014  0.000000   0.117239  0.000000 )
(   0.000000  0.000000  -0.334027  0.000000  -0.117239  0.000000 )
(  -0.289276  0.000000   0.167014  0.000000  -0.117239  0.000000 )
(   0.289276  0.000000   0.167014  0.000000  -0.117239  0.000000 )
***************************************************************************
