Dynamical matrix file
File generated with the CellConstructor by Lorenzo Monacelli
2 11 0     1.8897259890000000     0.0000000000000000     0.0000000000000000     0.0000000000000000     0.0000000000000000     0.0000000000000000
Basis vectors
    1.8013945869805141    -1.0400356497098595     2.9436660975548330
   -0.0000000000000024     2.0800712994197150     2.9436660975548365
   -1.8013945869805159    -1.0400356497098613     2.9436660975548321
	1  'La '  126604.5951757480361266
	2  'H '    918.7358275894680446
    1     1     0.0000000000000001     0.0000000000000003     4.4154991904698955
    2     2    -0.0000000000000002    -0.0000000000000014     2.2048527376946851
    3     2     0.0000000000000002     0.0000000000000014    -2.2048527376946851
    4     2    -0.0000000000000001    -0.0000000000000002     1.0639154791978269
    5     2     0.0000000000000001     0.0000000000000002    -1.0639154791978269
    6     2     0.9331343287665442     0.5387453553350221     6.2406002241454122
    7     2     0.0000000000000004    -1.0774907106700520     6.2406002241454095
    8     2    -0.9331343287665462     0.5387453553350208     6.2406002241454113
    9     2    -0.0000000000000012     1.0774907106700502     2.5903981531162499
   10     2     0.9331343287665477    -0.5387453553350252     2.5903981531162508
   11     2    -0.9331343287665457    -0.5387453553350259     2.5903981531162499

     Dynamical Matrix in cartesian axes

     q = (     0.000000000000     0.000000000000     0.000000000000 )

    1    1
     0.6432981909125906     0.0000000000000000        0.0000000000000000     0.0000000000000000       -0.0000000000000001     0.0000000000000000
     0.0000000000000001     0.0000000000000000        0.6432981909126857     0.0000000000000000       -0.0000000000000004     0.0000000000000000
    -0.0000000000000001     0.0000000000000000       -0.0000000000000005     0.0000000000000000        0.6490223438311247     0.0000000000000000
    1    2
    -0.0333879862141711     0.0000000000000000        0.0000000000000000     0.0000000000000000       -0.0000000000000000     0.0000000000000000
    -0.0000000000000000     0.0000000000000000       -0.0333879862141760     0.0000000000000000        0.0000000000000000     0.0000000000000000
     0.0000000000000000     0.0000000000000000        0.0000000000000000     0.0000000000000000       -0.0325988542071829     0.0000000000000000
    1    3
    -0.0333879862141711     0.0000000000000000        0.0000000000000000     0.0000000000000000       -0.0000000000000000     0.0000000000000000
    -0.0000000000000000     0.0000000000000000       -0.0333879862141760     0.0000000000000000        0.0000000000000000     0.0000000000000000
     0.0000000000000000     0.0000000000000000        0.0000000000000000     0.0000000000000000       -0.0325988542071829     0.0000000000000000
    1    4
    -0.0923228260643901     0.0000000000000000        0.0000000000000000     0.0000000000000000       -0.0000000000000000     0.0000000000000000
     0.0000000000000000     0.0000000000000000       -0.0923228260644038     0.0000000000000000       -0.0000000000000000     0.0000000000000000
    -0.0000000000000000     0.0000000000000000       -0.0000000000000000     0.0000000000000000       -0.0284512293412051     0.0000000000000000
    1    5
    -0.0923228260643901     0.0000000000000000        0.0000000000000000     0.0000000000000000       -0.0000000000000000     0.0000000000000000
     0.0000000000000000     0.0000000000000000       -0.0923228260644038     0.0000000000000000       -0.0000000000000000     0.0000000000000000
    -0.0000000000000000     0.0000000000000000       -0.0000000000000000     0.0000000000000000       -0.0284512293412051     0.0000000000000000
    1    6
    -0.0510998713777836     0.0000000000000000        0.0246174470506638     0.0000000000000000       -0.0185028472667283     0.0000000000000000
     0.0246174470506637     0.0000000000000000       -0.0795256507407173     0.0000000000000000       -0.0106826238502209     0.0000000000000000
    -0.0191314700943192     0.0000000000000000       -0.0110455594089492     0.0000000000000000       -0.0878203627890581     0.0000000000000000
    1    7
    -0.0937385404221667     0.0000000000000000       -0.0000000000000000     0.0000000000000000       -0.0000000000000000     0.0000000000000000
    -0.0000000000000001     0.0000000000000000       -0.0368869816963281     0.0000000000000000        0.0213652477004419     0.0000000000000000
    -0.0000000000000000     0.0000000000000000        0.0220911188178987     0.0000000000000000       -0.0878203627890581     0.0000000000000000
    1    8
    -0.0510998713777836     0.0000000000000000       -0.0246174470506637     0.0000000000000000        0.0185028472667283     0.0000000000000000
    -0.0246174470506638     0.0000000000000000       -0.0795256507407174     0.0000000000000000       -0.0106826238502209     0.0000000000000000
     0.0191314700943193     0.0000000000000000       -0.0110455594089492     0.0000000000000000       -0.0878203627890581     0.0000000000000000
    1    9
    -0.0937385404221667     0.0000000000000000       -0.0000000000000001     0.0000000000000000       -0.0000000000000000     0.0000000000000000
    -0.0000000000000001     0.0000000000000000       -0.0368869816963281     0.0000000000000000        0.0213652477004419     0.0000000000000000
    -0.0000000000000000     0.0000000000000000        0.0220911188178987     0.0000000000000000       -0.0878203627890581     0.0000000000000000
    1   10
    -0.0510998713777836     0.0000000000000000       -0.0246174470506637     0.0000000000000000        0.0185028472667283     0.0000000000000000
    -0.0246174470506637     0.0000000000000000       -0.0795256507407174     0.0000000000000000       -0.0106826238502209     0.0000000000000000
     0.0191314700943193     0.0000000000000000       -0.0110455594089492     0.0000000000000000       -0.0878203627890581     0.0000000000000000
    1   11
    -0.0510998713777836     0.0000000000000000        0.0246174470506638     0.0000000000000000       -0.0185028472667283     0.0000000000000000
     0.0246174470506638     0.0000000000000000       -0.0795256507407174     0.0000000000000000       -0.0106826238502209     0.0000000000000000
    -0.0191314700943192     0.0000000000000000       -0.0110455594089492     0.0000000000000000       -0.0878203627890581     0.0000000000000000
    2    1
    -0.0333879862141711     0.0000000000000000        0.0000000000000000     0.0000000000000000       -0.0000000000000000     0.0000000000000000
     0.0000000000000000     0.0000000000000000       -0.0333879862141760     0.0000000000000000        0.0000000000000000     0.0000000000000000
     0.0000000000000000     0.0000000000000000        0.0000000000000000     0.0000000000000000       -0.0325988542071829     0.0000000000000000
    2    2
     0.0877788842705883     0.0000000000000000       -0.0000000000000000     0.0000000000000000       -0.0000000000000000     0.0000000000000000
     0.0000000000000000     0.0000000000000000        0.0877788842706013     0.0000000000000000       -0.0000000000000001     0.0000000000000000
    -0.0000000000000000     0.0000000000000000       -0.0000000000000001     0.0000000000000000        0.0870604569311001     0.0000000000000000
    2    3
    -0.0018852611568159     0.0000000000000000        0.0000000000000000     0.0000000000000000        0.0000000000000000     0.0000000000000000
    -0.0000000000000000     0.0000000000000000       -0.0018852611568161     0.0000000000000000        0.0000000000000000     0.0000000000000000
     0.0000000000000000     0.0000000000000000        0.0000000000000000     0.0000000000000000       -0.0024742894503387     0.0000000000000000
    2    4
     0.0062461276505953     0.0000000000000000        0.0000000000000000     0.0000000000000000        0.0000000000000000     0.0000000000000000
     0.0000000000000000     0.0000000000000000        0.0062461276505963     0.0000000000000000        0.0000000000000000     0.0000000000000000
     0.0000000000000000     0.0000000000000000        0.0000000000000000     0.0000000000000000       -0.0240974165382652     0.0000000000000000
    2    5
    -0.0143025969304938     0.0000000000000000       -0.0000000000000000     0.0000000000000000       -0.0000000000000000     0.0000000000000000
    -0.0000000000000000     0.0000000000000000       -0.0143025969304959     0.0000000000000000       -0.0000000000000000     0.0000000000000000
    -0.0000000000000000     0.0000000000000000       -0.0000000000000000     0.0000000000000000       -0.0002213563072227     0.0000000000000000
    2    6
    -0.0044017227086770     0.0000000000000000        0.0060357831788453     0.0000000000000000       -0.0038124871516056     0.0000000000000000
     0.0060357831788453     0.0000000000000000       -0.0113712447948312     0.0000000000000000       -0.0022011404832616     0.0000000000000000
    -0.0050051094887593     0.0000000000000000       -0.0028897013106589     0.0000000000000000       -0.0131055840996746     0.0000000000000000
    2    7
    -0.0148560058379058     0.0000000000000000       -0.0000000000000000     0.0000000000000000       -0.0000000000000000     0.0000000000000000
    -0.0000000000000000     0.0000000000000000       -0.0009169616656009     0.0000000000000000        0.0044022809665233     0.0000000000000000
    -0.0000000000000000     0.0000000000000000        0.0057794026213179     0.0000000000000000       -0.0131055840996746     0.0000000000000000
    2    8
    -0.0044017227086770     0.0000000000000000       -0.0060357831788453     0.0000000000000000        0.0038124871516056     0.0000000000000000
    -0.0060357831788453     0.0000000000000000       -0.0113712447948312     0.0000000000000000       -0.0022011404832616     0.0000000000000000
     0.0050051094887593     0.0000000000000000       -0.0028897013106589     0.0000000000000000       -0.0131055840996746     0.0000000000000000
    2    9
     0.0065740636185786     0.0000000000000000        0.0000000000000000     0.0000000000000000        0.0000000000000000     0.0000000000000000
     0.0000000000000000     0.0000000000000000       -0.0204338745282102     0.0000000000000000       -0.0098488043237556     0.0000000000000000
     0.0000000000000000     0.0000000000000000       -0.0098178307487255     0.0000000000000000        0.0038827372903110     0.0000000000000000
    2   10
    -0.0136818899915108     0.0000000000000000        0.0116947802694785     0.0000000000000000       -0.0085293147412737     0.0000000000000000
     0.0116947802694785     0.0000000000000000       -0.0001779209181179     0.0000000000000000        0.0049244021618778     0.0000000000000000
    -0.0085024908384517     0.0000000000000000        0.0049089153743627     0.0000000000000000        0.0038827372903110     0.0000000000000000
    2   11
    -0.0136818899915108     0.0000000000000000       -0.0116947802694785     0.0000000000000000        0.0085293147412737     0.0000000000000000
    -0.0116947802694785     0.0000000000000000       -0.0001779209181179     0.0000000000000000        0.0049244021618778     0.0000000000000000
     0.0085024908384516     0.0000000000000000        0.0049089153743627     0.0000000000000000        0.0038827372903110     0.0000000000000000
    3    1
    -0.0333879862141711     0.0000000000000000        0.0000000000000000     0.0000000000000000       -0.0000000000000000     0.0000000000000000
    -0.0000000000000000     0.0000000000000000       -0.0333879862141760     0.0000000000000000        0.0000000000000000     0.0000000000000000
     0.0000000000000000     0.0000000000000000        0.0000000000000000     0.0000000000000000       -0.0325988542071829     0.0000000000000000
    3    2
    -0.0018852611568159     0.0000000000000000        0.0000000000000000     0.0000000000000000        0.0000000000000000     0.0000000000000000
    -0.0000000000000000     0.0000000000000000       -0.0018852611568161     0.0000000000000000        0.0000000000000000     0.0000000000000000
     0.0000000000000000     0.0000000000000000        0.0000000000000000     0.0000000000000000       -0.0024742894503387     0.0000000000000000
    3    3
     0.0877788842705883     0.0000000000000000        0.0000000000000000     0.0000000000000000       -0.0000000000000000     0.0000000000000000
     0.0000000000000000     0.0000000000000000        0.0877788842706012     0.0000000000000000       -0.0000000000000001     0.0000000000000000
     0.0000000000000000     0.0000000000000000       -0.0000000000000001     0.0000000000000000        0.0870604569311001     0.0000000000000000
    3    4
    -0.0143025969304938     0.0000000000000000        0.0000000000000000     0.0000000000000000       -0.0000000000000000     0.0000000000000000
    -0.0000000000000000     0.0000000000000000       -0.0143025969304959     0.0000000000000000       -0.0000000000000000     0.0000000000000000
    -0.0000000000000000     0.0000000000000000       -0.0000000000000000     0.0000000000000000       -0.0002213563072227     0.0000000000000000
    3    5
     0.0062461276505953     0.0000000000000000        0.0000000000000000     0.0000000000000000        0.0000000000000000     0.0000000000000000
     0.0000000000000000     0.0000000000000000        0.0062461276505963     0.0000000000000000        0.0000000000000000     0.0000000000000000
     0.0000000000000000     0.0000000000000000        0.0000000000000000     0.0000000000000000       -0.0240974165382652     0.0000000000000000
    3    6
    -0.0136818899915108     0.0000000000000000       -0.0116947802694785     0.0000000000000000        0.0085293147412737     0.0000000000000000
    -0.0116947802694785     0.0000000000000000       -0.0001779209181179     0.0000000000000000        0.0049244021618778     0.0000000000000000
     0.0085024908384516     0.0000000000000000        0.0049089153743627     0.0000000000000000        0.0038827372903110     0.0000000000000000
    3    7
     0.0065740636185786     0.0000000000000000        0.0000000000000000     0.0000000000000000        0.0000000000000000     0.0000000000000000
     0.0000000000000000     0.0000000000000000       -0.0204338745282102     0.0000000000000000       -0.0098488043237556     0.0000000000000000
     0.0000000000000000     0.0000000000000000       -0.0098178307487255     0.0000000000000000        0.0038827372903110     0.0000000000000000
    3    8
    -0.0136818899915108     0.0000000000000000        0.0116947802694785     0.0000000000000000       -0.0085293147412737     0.0000000000000000
     0.0116947802694785     0.0000000000000000       -0.0001779209181179     0.0000000000000000        0.0049244021618778     0.0000000000000000
    -0.0085024908384517     0.0000000000000000        0.0049089153743627     0.0000000000000000        0.0038827372903110     0.0000000000000000
    3    9
    -0.0148560058379058     0.0000000000000000       -0.0000000000000000     0.0000000000000000       -0.0000000000000000     0.0000000000000000
    -0.0000000000000000     0.0000000000000000       -0.0009169616656009     0.0000000000000000        0.0044022809665233     0.0000000000000000
    -0.0000000000000000     0.0000000000000000        0.0057794026213179     0.0000000000000000       -0.0131055840996746     0.0000000000000000
    3   10
    -0.0044017227086770     0.0000000000000000       -0.0060357831788453     0.0000000000000000        0.0038124871516056     0.0000000000000000
    -0.0060357831788453     0.0000000000000000       -0.0113712447948312     0.0000000000000000       -0.0022011404832616     0.0000000000000000
     0.0050051094887593     0.0000000000000000       -0.0028897013106589     0.0000000000000000       -0.0131055840996746     0.0000000000000000
    3   11
    -0.0044017227086770     0.0000000000000000        0.0060357831788453     0.0000000000000000       -0.0038124871516056     0.0000000000000000
     0.0060357831788453     0.0000000000000000       -0.0113712447948312     0.0000000000000000       -0.0022011404832616     0.0000000000000000
    -0.0050051094887593     0.0000000000000000       -0.0028897013106589     0.0000000000000000       -0.0131055840996746     0.0000000000000000
    4    1
    -0.0923228260643901     0.0000000000000000       -0.0000000000000000     0.0000000000000000       -0.0000000000000000     0.0000000000000000
     0.0000000000000000     0.0000000000000000       -0.0923228260644038     0.0000000000000000       -0.0000000000000000     0.0000000000000000
    -0.0000000000000000     0.0000000000000000       -0.0000000000000000     0.0000000000000000       -0.0284512293412051     0.0000000000000000
    4    2
     0.0062461276505953     0.0000000000000000        0.0000000000000000     0.0000000000000000        0.0000000000000000     0.0000000000000000
     0.0000000000000000     0.0000000000000000        0.0062461276505963     0.0000000000000000        0.0000000000000000     0.0000000000000000
     0.0000000000000000     0.0000000000000000        0.0000000000000000     0.0000000000000000       -0.0240974165382652     0.0000000000000000
    4    3
    -0.0143025969304938     0.0000000000000000       -0.0000000000000000     0.0000000000000000       -0.0000000000000000     0.0000000000000000
    -0.0000000000000000     0.0000000000000000       -0.0143025969304959     0.0000000000000000       -0.0000000000000000     0.0000000000000000
    -0.0000000000000000     0.0000000000000000       -0.0000000000000000     0.0000000000000000       -0.0002213563072227     0.0000000000000000
    4    4
     0.1167815442123971     0.0000000000000000        0.0000000000000000     0.0000000000000000       -0.0000000000000000     0.0000000000000000
     0.0000000000000000     0.0000000000000000        0.1167815442124144     0.0000000000000000       -0.0000000000000001     0.0000000000000000
     0.0000000000000000     0.0000000000000000       -0.0000000000000001     0.0000000000000000        0.1331606256799302     0.0000000000000000
    4    5
    -0.0060100494418355     0.0000000000000000       -0.0000000000000000     0.0000000000000000       -0.0000000000000000     0.0000000000000000
    -0.0000000000000000     0.0000000000000000       -0.0060100494418364     0.0000000000000000       -0.0000000000000000     0.0000000000000000
    -0.0000000000000000     0.0000000000000000       -0.0000000000000000     0.0000000000000000        0.0012975553965413     0.0000000000000000
    4    6
    -0.0017159442025527     0.0000000000000000       -0.0052994150260167     0.0000000000000000       -0.0058343287758236     0.0000000000000000
    -0.0052994150260167     0.0000000000000000        0.0044032931810840     0.0000000000000000       -0.0033684512892628     0.0000000000000000
    -0.0142212436187750     0.0000000000000000       -0.0082106388315116     0.0000000000000000        0.0044083610595291     0.0000000000000000
    4    7
     0.0074629118729014     0.0000000000000000       -0.0000000000000000     0.0000000000000000       -0.0000000000000000     0.0000000000000000
     0.0000000000000000     0.0000000000000000       -0.0047755628943715     0.0000000000000000        0.0067369025785255     0.0000000000000000
    -0.0000000000000000     0.0000000000000000        0.0164212776630231     0.0000000000000000        0.0044083610595291     0.0000000000000000
    4    8
    -0.0017159442025528     0.0000000000000000        0.0052994150260167     0.0000000000000000        0.0058343287758236     0.0000000000000000
     0.0052994150260167     0.0000000000000000        0.0044032931810840     0.0000000000000000       -0.0033684512892628     0.0000000000000000
     0.0142212436187750     0.0000000000000000       -0.0082106388315116     0.0000000000000000        0.0044083610595291     0.0000000000000000
    4    9
     0.0053398060314709     0.0000000000000000        0.0000000000000000     0.0000000000000000        0.0000000000000000     0.0000000000000000
     0.0000000000000000     0.0000000000000000       -0.0149552879608524     0.0000000000000000       -0.0202704759163501     0.0000000000000000
     0.0000000000000000     0.0000000000000000       -0.0251694939340461     0.0000000000000000       -0.0316377540227886     0.0000000000000000
    4   10
    -0.0098815144627699     0.0000000000000000        0.0087880334847722     0.0000000000000000       -0.0175547470903586     0.0000000000000000
     0.0087880334847722     0.0000000000000000        0.0002660325333907     0.0000000000000000        0.0101352379581751     0.0000000000000000
    -0.0217974211472807     0.0000000000000000        0.0125847469670231     0.0000000000000000       -0.0316377540227886     0.0000000000000000
    4   11
    -0.0098815144627699     0.0000000000000000       -0.0087880334847722     0.0000000000000000        0.0175547470903586     0.0000000000000000
    -0.0087880334847722     0.0000000000000000        0.0002660325333906     0.0000000000000000        0.0101352379581751     0.0000000000000000
     0.0217974211472807     0.0000000000000000        0.0125847469670231     0.0000000000000000       -0.0316377540227886     0.0000000000000000
    5    1
    -0.0923228260643901     0.0000000000000000        0.0000000000000000     0.0000000000000000       -0.0000000000000000     0.0000000000000000
    -0.0000000000000000     0.0000000000000000       -0.0923228260644038     0.0000000000000000       -0.0000000000000000     0.0000000000000000
    -0.0000000000000000     0.0000000000000000       -0.0000000000000000     0.0000000000000000       -0.0284512293412051     0.0000000000000000
    5    2
    -0.0143025969304938     0.0000000000000000       -0.0000000000000000     0.0000000000000000       -0.0000000000000000     0.0000000000000000
    -0.0000000000000000     0.0000000000000000       -0.0143025969304959     0.0000000000000000       -0.0000000000000000     0.0000000000000000
    -0.0000000000000000     0.0000000000000000       -0.0000000000000000     0.0000000000000000       -0.0002213563072227     0.0000000000000000
    5    3
     0.0062461276505953     0.0000000000000000        0.0000000000000000     0.0000000000000000        0.0000000000000000     0.0000000000000000
     0.0000000000000000     0.0000000000000000        0.0062461276505963     0.0000000000000000        0.0000000000000000     0.0000000000000000
     0.0000000000000000     0.0000000000000000        0.0000000000000000     0.0000000000000000       -0.0240974165382652     0.0000000000000000
    5    4
    -0.0060100494418355     0.0000000000000000       -0.0000000000000000     0.0000000000000000       -0.0000000000000000     0.0000000000000000
    -0.0000000000000000     0.0000000000000000       -0.0060100494418364     0.0000000000000000       -0.0000000000000000     0.0000000000000000
    -0.0000000000000000     0.0000000000000000       -0.0000000000000000     0.0000000000000000        0.0012975553965413     0.0000000000000000
    5    5
     0.1167815442123971     0.0000000000000000        0.0000000000000000     0.0000000000000000       -0.0000000000000000     0.0000000000000000
     0.0000000000000000     0.0000000000000000        0.1167815442124144     0.0000000000000000       -0.0000000000000001     0.0000000000000000
     0.0000000000000000     0.0000000000000000       -0.0000000000000001     0.0000000000000000        0.1331606256799302     0.0000000000000000
    5    6
    -0.0098815144627699     0.0000000000000000       -0.0087880334847722     0.0000000000000000        0.0175547470903586     0.0000000000000000
    -0.0087880334847722     0.0000000000000000        0.0002660325333906     0.0000000000000000        0.0101352379581751     0.0000000000000000
     0.0217974211472807     0.0000000000000000        0.0125847469670231     0.0000000000000000       -0.0316377540227886     0.0000000000000000
    5    7
     0.0053398060314709     0.0000000000000000        0.0000000000000000     0.0000000000000000        0.0000000000000000     0.0000000000000000
     0.0000000000000000     0.0000000000000000       -0.0149552879608524     0.0000000000000000       -0.0202704759163501     0.0000000000000000
     0.0000000000000000     0.0000000000000000       -0.0251694939340461     0.0000000000000000       -0.0316377540227886     0.0000000000000000
    5    8
    -0.0098815144627699     0.0000000000000000        0.0087880334847722     0.0000000000000000       -0.0175547470903586     0.0000000000000000
     0.0087880334847722     0.0000000000000000        0.0002660325333907     0.0000000000000000        0.0101352379581751     0.0000000000000000
    -0.0217974211472807     0.0000000000000000        0.0125847469670231     0.0000000000000000       -0.0316377540227886     0.0000000000000000
    5    9
     0.0074629118729014     0.0000000000000000       -0.0000000000000000     0.0000000000000000       -0.0000000000000000     0.0000000000000000
     0.0000000000000000     0.0000000000000000       -0.0047755628943715     0.0000000000000000        0.0067369025785255     0.0000000000000000
    -0.0000000000000000     0.0000000000000000        0.0164212776630231     0.0000000000000000        0.0044083610595291     0.0000000000000000
    5   10
    -0.0017159442025528     0.0000000000000000        0.0052994150260167     0.0000000000000000        0.0058343287758236     0.0000000000000000
     0.0052994150260167     0.0000000000000000        0.0044032931810840     0.0000000000000000       -0.0033684512892628     0.0000000000000000
     0.0142212436187750     0.0000000000000000       -0.0082106388315116     0.0000000000000000        0.0044083610595291     0.0000000000000000
    5   11
    -0.0017159442025527     0.0000000000000000       -0.0052994150260167     0.0000000000000000       -0.0058343287758236     0.0000000000000000
    -0.0052994150260167     0.0000000000000000        0.0044032931810840     0.0000000000000000       -0.0033684512892628     0.0000000000000000
    -0.0142212436187750     0.0000000000000000       -0.0082106388315116     0.0000000000000000        0.0044083610595291     0.0000000000000000
    6    1
    -0.0510998713777836     0.0000000000000000        0.0246174470506638     0.0000000000000000       -0.0191314700943192     0.0000000000000000
     0.0246174470506638     0.0000000000000000       -0.0795256507407173     0.0000000000000000       -0.0110455594089493     0.0000000000000000
    -0.0185028472667283     0.0000000000000000       -0.0106826238502209     0.0000000000000000       -0.0878203627890581     0.0000000000000000
    6    2
    -0.0044017227086770     0.0000000000000000        0.0060357831788453     0.0000000000000000       -0.0050051094887593     0.0000000000000000
     0.0060357831788453     0.0000000000000000       -0.0113712447948312     0.0000000000000000       -0.0028897013106589     0.0000000000000000
    -0.0038124871516056     0.0000000000000000       -0.0022011404832616     0.0000000000000000       -0.0131055840996746     0.0000000000000000
    6    3
    -0.0136818899915108     0.0000000000000000       -0.0116947802694785     0.0000000000000000        0.0085024908384516     0.0000000000000000
    -0.0116947802694785     0.0000000000000000       -0.0001779209181179     0.0000000000000000        0.0049089153743627     0.0000000000000000
     0.0085293147412737     0.0000000000000000        0.0049244021618778     0.0000000000000000        0.0038827372903110     0.0000000000000000
    6    4
    -0.0017159442025527     0.0000000000000000       -0.0052994150260167     0.0000000000000000       -0.0142212436187750     0.0000000000000000
    -0.0052994150260167     0.0000000000000000        0.0044032931810840     0.0000000000000000       -0.0082106388315116     0.0000000000000000
    -0.0058343287758236     0.0000000000000000       -0.0033684512892628     0.0000000000000000        0.0044083610595291     0.0000000000000000
    6    5
    -0.0098815144627699     0.0000000000000000       -0.0087880334847722     0.0000000000000000        0.0217974211472807     0.0000000000000000
    -0.0087880334847722     0.0000000000000000        0.0002660325333906     0.0000000000000000        0.0125847469670231     0.0000000000000000
     0.0175547470903586     0.0000000000000000        0.0101352379581751     0.0000000000000000       -0.0316377540227886     0.0000000000000000
    6    6
     0.1272937428751625     0.0000000000000000        0.0061424616542258     0.0000000000000000       -0.0036987174977143     0.0000000000000000
     0.0061424616542258     0.0000000000000000        0.1202010390960723     0.0000000000000000       -0.0021354555429620     0.0000000000000000
    -0.0036987174977143     0.0000000000000000       -0.0021354555429620     0.0000000000000000        0.1187284671352916     0.0000000000000000
    6    7
    -0.0095077962679584     0.0000000000000000       -0.0231379727828609     0.0000000000000000        0.0017097231586396     0.0000000000000000
    -0.0196735147657522     0.0000000000000000       -0.0342250201285617     0.0000000000000000       -0.0018484975091472     0.0000000000000000
     0.0024557073810734     0.0000000000000000       -0.0005564149342470     0.0000000000000000        0.0041568058485001     0.0000000000000000
    6    8
    -0.0465836320588558     0.0000000000000000        0.0017322290085543     0.0000000000000000       -0.0007459842224338     0.0000000000000000
    -0.0017322290085544     0.0000000000000000        0.0028508156623411     0.0000000000000000        0.0024049124433942     0.0000000000000000
     0.0007459842224338     0.0000000000000000        0.0024049124433942     0.0000000000000000        0.0041568058485001     0.0000000000000000
    6    9
    -0.0011657830037448     0.0000000000000000        0.0113441630865297     0.0000000000000000        0.0095218667576673     0.0000000000000000
     0.0044726302641845     0.0000000000000000        0.0079660468950073     0.0000000000000000       -0.0023296228144329     0.0000000000000000
     0.0067784459173682     0.0000000000000000       -0.0070813670963746     0.0000000000000000        0.0008096133365407     0.0000000000000000
    6   10
     0.0125319618443815     0.0000000000000000       -0.0034357664111726     0.0000000000000000        0.0027434208402991     0.0000000000000000
     0.0034357664111726     0.0000000000000000       -0.0057316979531211     0.0000000000000000        0.0094109899108075     0.0000000000000000
    -0.0027434208402991     0.0000000000000000        0.0094109899108074     0.0000000000000000        0.0008096133365407     0.0000000000000000
    6   11
    -0.0017875506456909     0.0000000000000000        0.0024838839954820     0.0000000000000000       -0.0014723978203367     0.0000000000000000
     0.0024838839954820     0.0000000000000000       -0.0046556928325461     0.0000000000000000       -0.0008500892779256     0.0000000000000000
    -0.0014723978203367     0.0000000000000000       -0.0008500892779256     0.0000000000000000       -0.0043887029436920     0.0000000000000000
    7    1
    -0.0937385404221667     0.0000000000000000       -0.0000000000000000     0.0000000000000000       -0.0000000000000000     0.0000000000000000
    -0.0000000000000000     0.0000000000000000       -0.0368869816963281     0.0000000000000000        0.0220911188178987     0.0000000000000000
    -0.0000000000000000     0.0000000000000000        0.0213652477004419     0.0000000000000000       -0.0878203627890581     0.0000000000000000
    7    2
    -0.0148560058379058     0.0000000000000000       -0.0000000000000000     0.0000000000000000       -0.0000000000000000     0.0000000000000000
    -0.0000000000000000     0.0000000000000000       -0.0009169616656009     0.0000000000000000        0.0057794026213179     0.0000000000000000
    -0.0000000000000000     0.0000000000000000        0.0044022809665233     0.0000000000000000       -0.0131055840996746     0.0000000000000000
    7    3
     0.0065740636185786     0.0000000000000000        0.0000000000000000     0.0000000000000000        0.0000000000000000     0.0000000000000000
     0.0000000000000000     0.0000000000000000       -0.0204338745282102     0.0000000000000000       -0.0098178307487255     0.0000000000000000
     0.0000000000000000     0.0000000000000000       -0.0098488043237556     0.0000000000000000        0.0038827372903110     0.0000000000000000
    7    4
     0.0074629118729014     0.0000000000000000        0.0000000000000000     0.0000000000000000       -0.0000000000000000     0.0000000000000000
    -0.0000000000000000     0.0000000000000000       -0.0047755628943715     0.0000000000000000        0.0164212776630231     0.0000000000000000
    -0.0000000000000000     0.0000000000000000        0.0067369025785255     0.0000000000000000        0.0044083610595291     0.0000000000000000
    7    5
     0.0053398060314709     0.0000000000000000        0.0000000000000000     0.0000000000000000        0.0000000000000000     0.0000000000000000
     0.0000000000000000     0.0000000000000000       -0.0149552879608524     0.0000000000000000       -0.0251694939340461     0.0000000000000000
     0.0000000000000000     0.0000000000000000       -0.0202704759163501     0.0000000000000000       -0.0316377540227886     0.0000000000000000
    7    6
    -0.0095077962679584     0.0000000000000000       -0.0196735147657522     0.0000000000000000        0.0024557073810734     0.0000000000000000
    -0.0231379727828609     0.0000000000000000       -0.0342250201285617     0.0000000000000000       -0.0005564149342470     0.0000000000000000
     0.0017097231586396     0.0000000000000000       -0.0018484975091472     0.0000000000000000        0.0041568058485001     0.0000000000000000
    7    7
     0.1166546872065007     0.0000000000000000        0.0000000000000000     0.0000000000000000        0.0000000000000000     0.0000000000000000
     0.0000000000000000     0.0000000000000000        0.1308400947647357     0.0000000000000000        0.0042709110859237     0.0000000000000000
    -0.0000000000000000     0.0000000000000000        0.0042709110859237     0.0000000000000000        0.1187284671352917     0.0000000000000000
    7    8
    -0.0095077962679584     0.0000000000000000        0.0196735147657522     0.0000000000000000       -0.0024557073810734     0.0000000000000000
     0.0231379727828609     0.0000000000000000       -0.0342250201285617     0.0000000000000000       -0.0005564149342470     0.0000000000000000
    -0.0017097231586396     0.0000000000000000       -0.0018484975091472     0.0000000000000000        0.0041568058485001     0.0000000000000000
    7    9
    -0.0060897639259727     0.0000000000000000       -0.0000000000000000     0.0000000000000000       -0.0000000000000000     0.0000000000000000
    -0.0000000000000000     0.0000000000000000       -0.0003534795522637     0.0000000000000000        0.0017001785558513     0.0000000000000000
    -0.0000000000000000     0.0000000000000000        0.0017001785558513     0.0000000000000000       -0.0043887029436920     0.0000000000000000
    7   10
    -0.0011657830037448     0.0000000000000000       -0.0044726302641845     0.0000000000000000       -0.0067784459173682     0.0000000000000000
    -0.0113441630865297     0.0000000000000000        0.0079660468950073     0.0000000000000000       -0.0070813670963746     0.0000000000000000
    -0.0095218667576673     0.0000000000000000       -0.0023296228144329     0.0000000000000000        0.0008096133365407     0.0000000000000000
    7   11
    -0.0011657830037448     0.0000000000000000        0.0044726302641845     0.0000000000000000        0.0067784459173682     0.0000000000000000
     0.0113441630865297     0.0000000000000000        0.0079660468950073     0.0000000000000000       -0.0070813670963746     0.0000000000000000
     0.0095218667576673     0.0000000000000000       -0.0023296228144329     0.0000000000000000        0.0008096133365407     0.0000000000000000
    8    1
    -0.0510998713777836     0.0000000000000000       -0.0246174470506637     0.0000000000000000        0.0191314700943192     0.0000000000000000
    -0.0246174470506637     0.0000000000000000       -0.0795256507407174     0.0000000000000000       -0.0110455594089492     0.0000000000000000
     0.0185028472667283     0.0000000000000000       -0.0106826238502209     0.0000000000000000       -0.0878203627890581     0.0000000000000000
    8    2
    -0.0044017227086770     0.0000000000000000       -0.0060357831788453     0.0000000000000000        0.0050051094887593     0.0000000000000000
    -0.0060357831788453     0.0000000000000000       -0.0113712447948312     0.0000000000000000       -0.0028897013106589     0.0000000000000000
     0.0038124871516056     0.0000000000000000       -0.0022011404832616     0.0000000000000000       -0.0131055840996746     0.0000000000000000
    8    3
    -0.0136818899915108     0.0000000000000000        0.0116947802694785     0.0000000000000000       -0.0085024908384517     0.0000000000000000
     0.0116947802694785     0.0000000000000000       -0.0001779209181179     0.0000000000000000        0.0049089153743627     0.0000000000000000
    -0.0085293147412737     0.0000000000000000        0.0049244021618778     0.0000000000000000        0.0038827372903110     0.0000000000000000
    8    4
    -0.0017159442025528     0.0000000000000000        0.0052994150260167     0.0000000000000000        0.0142212436187750     0.0000000000000000
     0.0052994150260167     0.0000000000000000        0.0044032931810840     0.0000000000000000       -0.0082106388315116     0.0000000000000000
     0.0058343287758236     0.0000000000000000       -0.0033684512892628     0.0000000000000000        0.0044083610595291     0.0000000000000000
    8    5
    -0.0098815144627699     0.0000000000000000        0.0087880334847722     0.0000000000000000       -0.0217974211472807     0.0000000000000000
     0.0087880334847722     0.0000000000000000        0.0002660325333907     0.0000000000000000        0.0125847469670231     0.0000000000000000
    -0.0175547470903586     0.0000000000000000        0.0101352379581751     0.0000000000000000       -0.0316377540227886     0.0000000000000000
    8    6
    -0.0465836320588558     0.0000000000000000       -0.0017322290085544     0.0000000000000000        0.0007459842224338     0.0000000000000000
     0.0017322290085543     0.0000000000000000        0.0028508156623411     0.0000000000000000        0.0024049124433942     0.0000000000000000
    -0.0007459842224338     0.0000000000000000        0.0024049124433942     0.0000000000000000        0.0041568058485001     0.0000000000000000
    8    7
    -0.0095077962679584     0.0000000000000000        0.0231379727828609     0.0000000000000000       -0.0017097231586396     0.0000000000000000
     0.0196735147657522     0.0000000000000000       -0.0342250201285617     0.0000000000000000       -0.0018484975091472     0.0000000000000000
    -0.0024557073810734     0.0000000000000000       -0.0005564149342470     0.0000000000000000        0.0041568058485001     0.0000000000000000
    8    8
     0.1272937428751625     0.0000000000000000       -0.0061424616542258     0.0000000000000000        0.0036987174977143     0.0000000000000000
    -0.0061424616542258     0.0000000000000000        0.1202010390960723     0.0000000000000000       -0.0021354555429620     0.0000000000000000
     0.0036987174977143     0.0000000000000000       -0.0021354555429620     0.0000000000000000        0.1187284671352917     0.0000000000000000
    8    9
    -0.0011657830037448     0.0000000000000000       -0.0113441630865297     0.0000000000000000       -0.0095218667576673     0.0000000000000000
    -0.0044726302641845     0.0000000000000000        0.0079660468950073     0.0000000000000000       -0.0023296228144329     0.0000000000000000
    -0.0067784459173682     0.0000000000000000       -0.0070813670963746     0.0000000000000000        0.0008096133365407     0.0000000000000000
    8   10
    -0.0017875506456909     0.0000000000000000       -0.0024838839954820     0.0000000000000000        0.0014723978203367     0.0000000000000000
    -0.0024838839954820     0.0000000000000000       -0.0046556928325461     0.0000000000000000       -0.0008500892779256     0.0000000000000000
     0.0014723978203367     0.0000000000000000       -0.0008500892779256     0.0000000000000000       -0.0043887029436920     0.0000000000000000
    8   11
     0.0125319618443815     0.0000000000000000        0.0034357664111726     0.0000000000000000       -0.0027434208402991     0.0000000000000000
    -0.0034357664111726     0.0000000000000000       -0.0057316979531211     0.0000000000000000        0.0094109899108075     0.0000000000000000
     0.0027434208402991     0.0000000000000000        0.0094109899108075     0.0000000000000000        0.0008096133365407     0.0000000000000000
    9    1
    -0.0937385404221667     0.0000000000000000       -0.0000000000000001     0.0000000000000000       -0.0000000000000000     0.0000000000000000
    -0.0000000000000001     0.0000000000000000       -0.0368869816963281     0.0000000000000000        0.0220911188178987     0.0000000000000000
    -0.0000000000000000     0.0000000000000000        0.0213652477004419     0.0000000000000000       -0.0878203627890581     0.0000000000000000
    9    2
     0.0065740636185786     0.0000000000000000        0.0000000000000000     0.0000000000000000        0.0000000000000000     0.0000000000000000
     0.0000000000000000     0.0000000000000000       -0.0204338745282102     0.0000000000000000       -0.0098178307487255     0.0000000000000000
     0.0000000000000000     0.0000000000000000       -0.0098488043237556     0.0000000000000000        0.0038827372903110     0.0000000000000000
    9    3
    -0.0148560058379058     0.0000000000000000       -0.0000000000000000     0.0000000000000000       -0.0000000000000000     0.0000000000000000
    -0.0000000000000000     0.0000000000000000       -0.0009169616656009     0.0000000000000000        0.0057794026213179     0.0000000000000000
    -0.0000000000000000     0.0000000000000000        0.0044022809665233     0.0000000000000000       -0.0131055840996746     0.0000000000000000
    9    4
     0.0053398060314709     0.0000000000000000        0.0000000000000000     0.0000000000000000        0.0000000000000000     0.0000000000000000
     0.0000000000000000     0.0000000000000000       -0.0149552879608524     0.0000000000000000       -0.0251694939340461     0.0000000000000000
     0.0000000000000000     0.0000000000000000       -0.0202704759163501     0.0000000000000000       -0.0316377540227886     0.0000000000000000
    9    5
     0.0074629118729014     0.0000000000000000        0.0000000000000000     0.0000000000000000       -0.0000000000000000     0.0000000000000000
    -0.0000000000000000     0.0000000000000000       -0.0047755628943715     0.0000000000000000        0.0164212776630231     0.0000000000000000
    -0.0000000000000000     0.0000000000000000        0.0067369025785255     0.0000000000000000        0.0044083610595291     0.0000000000000000
    9    6
    -0.0011657830037448     0.0000000000000000        0.0044726302641845     0.0000000000000000        0.0067784459173682     0.0000000000000000
     0.0113441630865297     0.0000000000000000        0.0079660468950073     0.0000000000000000       -0.0070813670963746     0.0000000000000000
     0.0095218667576673     0.0000000000000000       -0.0023296228144329     0.0000000000000000        0.0008096133365407     0.0000000000000000
    9    7
    -0.0060897639259727     0.0000000000000000       -0.0000000000000000     0.0000000000000000       -0.0000000000000000     0.0000000000000000
    -0.0000000000000000     0.0000000000000000       -0.0003534795522637     0.0000000000000000        0.0017001785558513     0.0000000000000000
    -0.0000000000000000     0.0000000000000000        0.0017001785558513     0.0000000000000000       -0.0043887029436920     0.0000000000000000
    9    8
    -0.0011657830037448     0.0000000000000000       -0.0044726302641845     0.0000000000000000       -0.0067784459173682     0.0000000000000000
    -0.0113441630865297     0.0000000000000000        0.0079660468950073     0.0000000000000000       -0.0070813670963746     0.0000000000000000
    -0.0095218667576673     0.0000000000000000       -0.0023296228144329     0.0000000000000000        0.0008096133365407     0.0000000000000000
    9    9
     0.1166546872065007     0.0000000000000000        0.0000000000000000     0.0000000000000000        0.0000000000000000     0.0000000000000000
     0.0000000000000000     0.0000000000000000        0.1308400947647357     0.0000000000000000        0.0042709110859237     0.0000000000000000
    -0.0000000000000000     0.0000000000000000        0.0042709110859237     0.0000000000000000        0.1187284671352917     0.0000000000000000
    9   10
    -0.0095077962679584     0.0000000000000000        0.0196735147657522     0.0000000000000000       -0.0024557073810734     0.0000000000000000
     0.0231379727828609     0.0000000000000000       -0.0342250201285617     0.0000000000000000       -0.0005564149342470     0.0000000000000000
    -0.0017097231586396     0.0000000000000000       -0.0018484975091472     0.0000000000000000        0.0041568058485001     0.0000000000000000
    9   11
    -0.0095077962679584     0.0000000000000000       -0.0196735147657522     0.0000000000000000        0.0024557073810734     0.0000000000000000
    -0.0231379727828609     0.0000000000000000       -0.0342250201285617     0.0000000000000000       -0.0005564149342470     0.0000000000000000
     0.0017097231586396     0.0000000000000000       -0.0018484975091472     0.0000000000000000        0.0041568058485001     0.0000000000000000
   10    1
    -0.0510998713777836     0.0000000000000000       -0.0246174470506637     0.0000000000000000        0.0191314700943193     0.0000000000000000
    -0.0246174470506637     0.0000000000000000       -0.0795256507407174     0.0000000000000000       -0.0110455594089492     0.0000000000000000
     0.0185028472667283     0.0000000000000000       -0.0106826238502209     0.0000000000000000       -0.0878203627890581     0.0000000000000000
   10    2
    -0.0136818899915108     0.0000000000000000        0.0116947802694785     0.0000000000000000       -0.0085024908384517     0.0000000000000000
     0.0116947802694785     0.0000000000000000       -0.0001779209181179     0.0000000000000000        0.0049089153743627     0.0000000000000000
    -0.0085293147412737     0.0000000000000000        0.0049244021618778     0.0000000000000000        0.0038827372903110     0.0000000000000000
   10    3
    -0.0044017227086770     0.0000000000000000       -0.0060357831788453     0.0000000000000000        0.0050051094887593     0.0000000000000000
    -0.0060357831788453     0.0000000000000000       -0.0113712447948312     0.0000000000000000       -0.0028897013106589     0.0000000000000000
     0.0038124871516056     0.0000000000000000       -0.0022011404832616     0.0000000000000000       -0.0131055840996746     0.0000000000000000
   10    4
    -0.0098815144627699     0.0000000000000000        0.0087880334847722     0.0000000000000000       -0.0217974211472807     0.0000000000000000
     0.0087880334847722     0.0000000000000000        0.0002660325333907     0.0000000000000000        0.0125847469670231     0.0000000000000000
    -0.0175547470903585     0.0000000000000000        0.0101352379581751     0.0000000000000000       -0.0316377540227886     0.0000000000000000
   10    5
    -0.0017159442025528     0.0000000000000000        0.0052994150260167     0.0000000000000000        0.0142212436187750     0.0000000000000000
     0.0052994150260167     0.0000000000000000        0.0044032931810840     0.0000000000000000       -0.0082106388315116     0.0000000000000000
     0.0058343287758236     0.0000000000000000       -0.0033684512892628     0.0000000000000000        0.0044083610595291     0.0000000000000000
   10    6
     0.0125319618443815     0.0000000000000000        0.0034357664111726     0.0000000000000000       -0.0027434208402991     0.0000000000000000
    -0.0034357664111726     0.0000000000000000       -0.0057316979531211     0.0000000000000000        0.0094109899108075     0.0000000000000000
     0.0027434208402991     0.0000000000000000        0.0094109899108075     0.0000000000000000        0.0008096133365407     0.0000000000000000
   10    7
    -0.0011657830037448     0.0000000000000000       -0.0113441630865297     0.0000000000000000       -0.0095218667576673     0.0000000000000000
    -0.0044726302641845     0.0000000000000000        0.0079660468950073     0.0000000000000000       -0.0023296228144329     0.0000000000000000
    -0.0067784459173682     0.0000000000000000       -0.0070813670963746     0.0000000000000000        0.0008096133365407     0.0000000000000000
   10    8
    -0.0017875506456909     0.0000000000000000       -0.0024838839954820     0.0000000000000000        0.0014723978203367     0.0000000000000000
    -0.0024838839954820     0.0000000000000000       -0.0046556928325461     0.0000000000000000       -0.0008500892779256     0.0000000000000000
     0.0014723978203367     0.0000000000000000       -0.0008500892779256     0.0000000000000000       -0.0043887029436920     0.0000000000000000
   10    9
    -0.0095077962679584     0.0000000000000000        0.0231379727828609     0.0000000000000000       -0.0017097231586396     0.0000000000000000
     0.0196735147657522     0.0000000000000000       -0.0342250201285617     0.0000000000000000       -0.0018484975091472     0.0000000000000000
    -0.0024557073810734     0.0000000000000000       -0.0005564149342470     0.0000000000000000        0.0041568058485001     0.0000000000000000
   10   10
     0.1272937428751625     0.0000000000000000       -0.0061424616542258     0.0000000000000000        0.0036987174977143     0.0000000000000000
    -0.0061424616542257     0.0000000000000000        0.1202010390960723     0.0000000000000000       -0.0021354555429620     0.0000000000000000
     0.0036987174977143     0.0000000000000000       -0.0021354555429620     0.0000000000000000        0.1187284671352917     0.0000000000000000
   10   11
    -0.0465836320588558     0.0000000000000000       -0.0017322290085544     0.0000000000000000        0.0007459842224338     0.0000000000000000
     0.0017322290085543     0.0000000000000000        0.0028508156623411     0.0000000000000000        0.0024049124433942     0.0000000000000000
    -0.0007459842224338     0.0000000000000000        0.0024049124433942     0.0000000000000000        0.0041568058485001     0.0000000000000000
   11    1
    -0.0510998713777836     0.0000000000000000        0.0246174470506638     0.0000000000000000       -0.0191314700943192     0.0000000000000000
     0.0246174470506638     0.0000000000000000       -0.0795256507407173     0.0000000000000000       -0.0110455594089492     0.0000000000000000
    -0.0185028472667283     0.0000000000000000       -0.0106826238502209     0.0000000000000000       -0.0878203627890581     0.0000000000000000
   11    2
    -0.0136818899915108     0.0000000000000000       -0.0116947802694785     0.0000000000000000        0.0085024908384516     0.0000000000000000
    -0.0116947802694785     0.0000000000000000       -0.0001779209181179     0.0000000000000000        0.0049089153743627     0.0000000000000000
     0.0085293147412737     0.0000000000000000        0.0049244021618778     0.0000000000000000        0.0038827372903110     0.0000000000000000
   11    3
    -0.0044017227086770     0.0000000000000000        0.0060357831788453     0.0000000000000000       -0.0050051094887593     0.0000000000000000
     0.0060357831788453     0.0000000000000000       -0.0113712447948312     0.0000000000000000       -0.0028897013106589     0.0000000000000000
    -0.0038124871516056     0.0000000000000000       -0.0022011404832616     0.0000000000000000       -0.0131055840996746     0.0000000000000000
   11    4
    -0.0098815144627699     0.0000000000000000       -0.0087880334847722     0.0000000000000000        0.0217974211472807     0.0000000000000000
    -0.0087880334847722     0.0000000000000000        0.0002660325333906     0.0000000000000000        0.0125847469670231     0.0000000000000000
     0.0175547470903586     0.0000000000000000        0.0101352379581751     0.0000000000000000       -0.0316377540227886     0.0000000000000000
   11    5
    -0.0017159442025527     0.0000000000000000       -0.0052994150260167     0.0000000000000000       -0.0142212436187750     0.0000000000000000
    -0.0052994150260167     0.0000000000000000        0.0044032931810840     0.0000000000000000       -0.0082106388315116     0.0000000000000000
    -0.0058343287758236     0.0000000000000000       -0.0033684512892628     0.0000000000000000        0.0044083610595291     0.0000000000000000
   11    6
    -0.0017875506456909     0.0000000000000000        0.0024838839954820     0.0000000000000000       -0.0014723978203367     0.0000000000000000
     0.0024838839954820     0.0000000000000000       -0.0046556928325461     0.0000000000000000       -0.0008500892779256     0.0000000000000000
    -0.0014723978203367     0.0000000000000000       -0.0008500892779256     0.0000000000000000       -0.0043887029436920     0.0000000000000000
   11    7
    -0.0011657830037448     0.0000000000000000        0.0113441630865297     0.0000000000000000        0.0095218667576673     0.0000000000000000
     0.0044726302641845     0.0000000000000000        0.0079660468950073     0.0000000000000000       -0.0023296228144329     0.0000000000000000
     0.0067784459173682     0.0000000000000000       -0.0070813670963746     0.0000000000000000        0.0008096133365407     0.0000000000000000
   11    8
     0.0125319618443815     0.0000000000000000       -0.0034357664111726     0.0000000000000000        0.0027434208402991     0.0000000000000000
     0.0034357664111726     0.0000000000000000       -0.0057316979531211     0.0000000000000000        0.0094109899108075     0.0000000000000000
    -0.0027434208402991     0.0000000000000000        0.0094109899108074     0.0000000000000000        0.0008096133365407     0.0000000000000000
   11    9
    -0.0095077962679584     0.0000000000000000       -0.0231379727828609     0.0000000000000000        0.0017097231586396     0.0000000000000000
    -0.0196735147657522     0.0000000000000000       -0.0342250201285617     0.0000000000000000       -0.0018484975091472     0.0000000000000000
     0.0024557073810734     0.0000000000000000       -0.0005564149342470     0.0000000000000000        0.0041568058485001     0.0000000000000000
   11   10
    -0.0465836320588558     0.0000000000000000        0.0017322290085543     0.0000000000000000       -0.0007459842224338     0.0000000000000000
    -0.0017322290085544     0.0000000000000000        0.0028508156623411     0.0000000000000000        0.0024049124433942     0.0000000000000000
     0.0007459842224338     0.0000000000000000        0.0024049124433942     0.0000000000000000        0.0041568058485001     0.0000000000000000
   11   11
     0.1272937428751625     0.0000000000000000        0.0061424616542258     0.0000000000000000       -0.0036987174977143     0.0000000000000000
     0.0061424616542258     0.0000000000000000        0.1202010390960723     0.0000000000000000       -0.0021354555429620     0.0000000000000000
    -0.0036987174977143     0.0000000000000000       -0.0021354555429620     0.0000000000000000        0.1187284671352916     0.0000000000000000

     Diagonalizing the dynamical matrix

     q = (     0.000000000000     0.000000000000     0.000000000000 )

***************************************************************************
   freq (    1) =    -0.00000098 [THz] =    -0.00003282 [cm-1]
(  -0.000000  0.000000   0.219251  0.000000   0.206973  0.000000 )
(  -0.000000  0.000000   0.219251  0.000000   0.206973  0.000000 )
(  -0.000000  0.000000   0.219251  0.000000   0.206973  0.000000 )
(   0.000000  0.000000   0.219251  0.000000   0.206973  0.000000 )
(  -0.000000  0.000000   0.219251  0.000000   0.206973  0.000000 )
(   0.000000  0.000000   0.219251  0.000000   0.206973  0.000000 )
(   0.000000  0.000000   0.219251  0.000000   0.206973  0.000000 )
(  -0.000000  0.000000   0.219251  0.000000   0.206973  0.000000 )
(   0.000000  0.000000   0.219251  0.000000   0.206973  0.000000 )
(  -0.000000  0.000000   0.219251  0.000000   0.206973  0.000000 )
(  -0.000000  0.000000   0.219251  0.000000   0.206973  0.000000 )
   freq (    2) =    -0.00000012 [THz] =    -0.00000413 [cm-1]
(  -0.000000  0.000000   0.206973  0.000000  -0.219251  0.000000 )
(  -0.000000  0.000000   0.206973  0.000000  -0.219251  0.000000 )
(  -0.000000  0.000000   0.206973  0.000000  -0.219251  0.000000 )
(  -0.000000  0.000000   0.206973  0.000000  -0.219251  0.000000 )
(  -0.000000  0.000000   0.206973  0.000000  -0.219251  0.000000 )
(  -0.000000  0.000000   0.206973  0.000000  -0.219251  0.000000 )
(  -0.000000  0.000000   0.206973  0.000000  -0.219251  0.000000 )
(  -0.000000  0.000000   0.206973  0.000000  -0.219251  0.000000 )
(  -0.000000  0.000000   0.206973  0.000000  -0.219251  0.000000 )
(  -0.000000  0.000000   0.206973  0.000000  -0.219251  0.000000 )
(  -0.000000  0.000000   0.206973  0.000000  -0.219251  0.000000 )
   freq (    3) =     0.00000034 [THz] =     0.00001122 [cm-1]
(   0.301511  0.000000   0.000000  0.000000  -0.000000  0.000000 )
(   0.301511  0.000000   0.000000  0.000000  -0.000000  0.000000 )
(   0.301511  0.000000   0.000000  0.000000  -0.000000  0.000000 )
(   0.301511  0.000000   0.000000  0.000000  -0.000000  0.000000 )
(   0.301511  0.000000   0.000000  0.000000  -0.000000  0.000000 )
(   0.301511  0.000000   0.000000  0.000000  -0.000000  0.000000 )
(   0.301511  0.000000   0.000000  0.000000  -0.000000  0.000000 )
(   0.301511  0.000000   0.000000  0.000000  -0.000000  0.000000 )
(   0.301511  0.000000   0.000000  0.000000  -0.000000  0.000000 )
(   0.301511  0.000000   0.000000  0.000000  -0.000000  0.000000 )
(   0.301511  0.000000   0.000000  0.000000  -0.000000  0.000000 )
   freq (    4) =    25.22892083 [THz] =   841.54609464 [cm-1]
(   0.000000  0.000000  -0.000000  0.000000   0.000000  0.000000 )
(  -0.000000  0.000000   0.000000  0.000000  -0.316579  0.000000 )
(  -0.000000  0.000000  -0.000000  0.000000   0.316579  0.000000 )
(   0.000000  0.000000   0.000000  0.000000  -0.525179  0.000000 )
(  -0.000000  0.000000  -0.000000  0.000000   0.525179  0.000000 )
(  -0.118124  0.000000  -0.068199  0.000000   0.150722  0.000000 )
(  -0.000000  0.000000   0.136398  0.000000   0.150722  0.000000 )
(   0.118124  0.000000  -0.068199  0.000000   0.150722  0.000000 )
(   0.000000  0.000000  -0.136398  0.000000  -0.150722  0.000000 )
(  -0.118124  0.000000   0.068199  0.000000  -0.150722  0.000000 )
(   0.118124  0.000000   0.068199  0.000000  -0.150722  0.000000 )
   freq (    5) =    25.60653500 [THz] =   854.14194556 [cm-1]
(   0.000000  0.000000   0.000000  0.000000  -0.020860  0.000000 )
(   0.000000  0.000000  -0.000000  0.000000   0.493585  0.000000 )
(  -0.000000  0.000000  -0.000000  0.000000   0.493585  0.000000 )
(   0.000000  0.000000  -0.000000  0.000000   0.365129  0.000000 )
(  -0.000000  0.000000  -0.000000  0.000000   0.365129  0.000000 )
(  -0.053045  0.000000  -0.030625  0.000000   0.192857  0.000000 )
(  -0.000000  0.000000   0.061251  0.000000   0.192857  0.000000 )
(   0.053045  0.000000  -0.030625  0.000000   0.192857  0.000000 )
(   0.000000  0.000000   0.061251  0.000000   0.192857  0.000000 )
(   0.053045  0.000000  -0.030625  0.000000   0.192857  0.000000 )
(  -0.053045  0.000000  -0.030625  0.000000   0.192857  0.000000 )
   freq (    6) =    25.71477578 [THz] =   857.75246874 [cm-1]
(  -0.000000  0.000000  -0.000000  0.000000  -0.000000  0.000000 )
(  -0.362702  0.000000  -0.001290  0.000000   0.000000  0.000000 )
(   0.362702  0.000000   0.001290  0.000000   0.000000  0.000000 )
(  -0.080420  0.000000  -0.000286  0.000000   0.000000  0.000000 )
(   0.080420  0.000000   0.000286  0.000000   0.000000  0.000000 )
(   0.370212  0.000000   0.165991  0.000000  -0.116685  0.000000 )
(   0.083219  0.000000   0.001654  0.000000   0.000478  0.000000 )
(   0.369036  0.000000  -0.164720  0.000000   0.116206  0.000000 )
(  -0.083219  0.000000  -0.001654  0.000000  -0.000478  0.000000 )
(  -0.369036  0.000000   0.164720  0.000000  -0.116206  0.000000 )
(  -0.370212  0.000000  -0.165991  0.000000   0.116685  0.000000 )
   freq (    7) =    25.71477578 [THz] =   857.75246874 [cm-1]
(  -0.000000  0.000000  -0.000000  0.000000  -0.000000  0.000000 )
(   0.001290  0.000000  -0.362702  0.000000  -0.000000  0.000000 )
(  -0.001290  0.000000   0.362702  0.000000   0.000000  0.000000 )
(   0.000286  0.000000  -0.080420  0.000000  -0.000000  0.000000 )
(  -0.000286  0.000000   0.080420  0.000000   0.000000  0.000000 )
(   0.164041  0.000000   0.178100  0.000000  -0.066816  0.000000 )
(  -0.000296  0.000000   0.465092  0.000000   0.134460  0.000000 )
(  -0.166670  0.000000   0.179276  0.000000  -0.067644  0.000000 )
(   0.000296  0.000000  -0.465092  0.000000  -0.134460  0.000000 )
(   0.166670  0.000000  -0.179276  0.000000   0.067644  0.000000 )
(  -0.164041  0.000000  -0.178100  0.000000   0.066816  0.000000 )
   freq (    8) =    25.72756587 [THz] =   858.17910021 [cm-1]
(   0.020990  0.000000  -0.000000  0.000000   0.000000  0.000000 )
(  -0.487197  0.000000  -0.000000  0.000000  -0.000000  0.000000 )
(  -0.487197  0.000000   0.000000  0.000000  -0.000000  0.000000 )
(  -0.186964  0.000000  -0.000000  0.000000  -0.000000  0.000000 )
(  -0.186964  0.000000   0.000000  0.000000  -0.000000  0.000000 )
(  -0.299486  0.000000  -0.072962  0.000000   0.061095  0.000000 )
(  -0.173111  0.000000   0.000000  0.000000   0.000000  0.000000 )
(  -0.299486  0.000000   0.072962  0.000000  -0.061095  0.000000 )
(  -0.173111  0.000000  -0.000000  0.000000  -0.000000  0.000000 )
(  -0.299486  0.000000   0.072962  0.000000  -0.061095  0.000000 )
(  -0.299486  0.000000  -0.072962  0.000000   0.061095  0.000000 )
   freq (    9) =    25.72756587 [THz] =   858.17910021 [cm-1]
(   0.000000  0.000000   0.020990  0.000000   0.000000  0.000000 )
(  -0.000000  0.000000  -0.487197  0.000000  -0.000000  0.000000 )
(   0.000000  0.000000  -0.487197  0.000000  -0.000000  0.000000 )
(  -0.000000  0.000000  -0.186964  0.000000  -0.000000  0.000000 )
(   0.000000  0.000000  -0.186964  0.000000  -0.000000  0.000000 )
(  -0.072962  0.000000  -0.215236  0.000000   0.035273  0.000000 )
(   0.000000  0.000000  -0.341611  0.000000  -0.070546  0.000000 )
(   0.072962  0.000000  -0.215236  0.000000   0.035273  0.000000 )
(  -0.000000  0.000000  -0.341611  0.000000  -0.070546  0.000000 )
(   0.072962  0.000000  -0.215236  0.000000   0.035273  0.000000 )
(  -0.072962  0.000000  -0.215236  0.000000   0.035273  0.000000 )
   freq (   10) =    28.56137777 [THz] =   952.70487692 [cm-1]
(   0.000000  0.000000   0.000000  0.000000  -0.000000  0.000000 )
(  -0.000000  0.000000   0.000000  0.000000   0.540503  0.000000 )
(   0.000000  0.000000  -0.000000  0.000000  -0.540503  0.000000 )
(   0.000000  0.000000   0.000000  0.000000  -0.143338  0.000000 )
(  -0.000000  0.000000  -0.000000  0.000000   0.143338  0.000000 )
(   0.033429  0.000000   0.019300  0.000000   0.246875  0.000000 )
(  -0.000000  0.000000  -0.038600  0.000000   0.246875  0.000000 )
(  -0.033429  0.000000   0.019300  0.000000   0.246875  0.000000 )
(   0.000000  0.000000   0.038600  0.000000  -0.246875  0.000000 )
(   0.033429  0.000000  -0.019300  0.000000  -0.246875  0.000000 )
(  -0.033429  0.000000  -0.019300  0.000000  -0.246875  0.000000 )
   freq (   11) =    29.14487062 [THz] =   972.16810074 [cm-1]
(   0.000000  0.000000  -0.000000  0.000000   0.000000  0.000000 )
(   0.511969  0.000000   0.000421  0.000000   0.000000  0.000000 )
(  -0.511969  0.000000  -0.000421  0.000000  -0.000000  0.000000 )
(  -0.257174  0.000000  -0.000211  0.000000  -0.000000  0.000000 )
(   0.257174  0.000000   0.000211  0.000000   0.000000  0.000000 )
(   0.216272  0.000000  -0.032335  0.000000   0.029285  0.000000 )
(   0.272666  0.000000   0.000162  0.000000  -0.000028  0.000000 )
(   0.216326  0.000000   0.032752  0.000000  -0.029257  0.000000 )
(  -0.272666  0.000000  -0.000162  0.000000   0.000028  0.000000 )
(  -0.216326  0.000000  -0.032752  0.000000   0.029257  0.000000 )
(  -0.216272  0.000000   0.032335  0.000000  -0.029285  0.000000 )
   freq (   12) =    29.14487062 [THz] =   972.16810074 [cm-1]
(   0.000000  0.000000   0.000000  0.000000  -0.000000  0.000000 )
(   0.000421  0.000000  -0.511969  0.000000  -0.000000  0.000000 )
(  -0.000421  0.000000   0.511969  0.000000   0.000000  0.000000 )
(  -0.000211  0.000000   0.257174  0.000000  -0.000000  0.000000 )
(   0.000211  0.000000  -0.257174  0.000000   0.000000  0.000000 )
(   0.032721  0.000000  -0.253904  0.000000  -0.016875  0.000000 )
(   0.000224  0.000000  -0.197510  0.000000   0.033799  0.000000 )
(  -0.032366  0.000000  -0.253850  0.000000  -0.016923  0.000000 )
(  -0.000224  0.000000   0.197510  0.000000  -0.033799  0.000000 )
(   0.032366  0.000000   0.253850  0.000000   0.016923  0.000000 )
(  -0.032721  0.000000   0.253904  0.000000   0.016875  0.000000 )
   freq (   13) =    32.42786814 [THz] =  1081.67709472 [cm-1]
(  -0.000000  0.000000   0.000000  0.000000   0.000000  0.000000 )
(  -0.000000  0.000000  -0.000000  0.000000   0.000000  0.000000 )
(   0.000000  0.000000  -0.000000  0.000000   0.000000  0.000000 )
(  -0.000000  0.000000   0.000000  0.000000  -0.000000  0.000000 )
(   0.000000  0.000000  -0.000000  0.000000  -0.000000  0.000000 )
(  -0.204124  0.000000   0.353553  0.000000  -0.000000  0.000000 )
(   0.408248  0.000000   0.000000  0.000000  -0.000000  0.000000 )
(  -0.204124  0.000000  -0.353553  0.000000   0.000000  0.000000 )
(  -0.408248  0.000000  -0.000000  0.000000   0.000000  0.000000 )
(   0.204124  0.000000   0.353553  0.000000  -0.000000  0.000000 )
(   0.204124  0.000000  -0.353553  0.000000   0.000000  0.000000 )
   freq (   14) =    32.59913469 [THz] =  1087.38993105 [cm-1]
(  -0.000000  0.000000  -0.000000  0.000000   0.000000  0.000000 )
(   0.009412  0.000000  -0.000030  0.000000   0.000000  0.000000 )
(  -0.009412  0.000000   0.000030  0.000000   0.000000  0.000000 )
(  -0.437132  0.000000   0.001372  0.000000  -0.000000  0.000000 )
(   0.437132  0.000000  -0.001372  0.000000   0.000000  0.000000 )
(  -0.138606  0.000000  -0.002021  0.000000  -0.354551  0.000000 )
(  -0.134375  0.000000   0.000439  0.000000  -0.001287  0.000000 )
(  -0.138622  0.000000   0.002874  0.000000   0.355838  0.000000 )
(   0.134375  0.000000  -0.000439  0.000000   0.001287  0.000000 )
(   0.138622  0.000000  -0.002874  0.000000  -0.355838  0.000000 )
(   0.138606  0.000000   0.002021  0.000000   0.354551  0.000000 )
   freq (   15) =    32.59913469 [THz] =  1087.38993105 [cm-1]
(  -0.000000  0.000000  -0.000000  0.000000  -0.000000  0.000000 )
(  -0.000030  0.000000  -0.009412  0.000000  -0.000000  0.000000 )
(   0.000030  0.000000   0.009412  0.000000   0.000000  0.000000 )
(   0.001372  0.000000   0.437132  0.000000   0.000000  0.000000 )
(  -0.001372  0.000000  -0.437132  0.000000  -0.000000  0.000000 )
(   0.002882  0.000000   0.135795  0.000000   0.206186  0.000000 )
(   0.000422  0.000000   0.140027  0.000000  -0.410143  0.000000 )
(  -0.002013  0.000000   0.135780  0.000000   0.203957  0.000000 )
(  -0.000422  0.000000  -0.140027  0.000000   0.410143  0.000000 )
(   0.002013  0.000000  -0.135780  0.000000  -0.203957  0.000000 )
(  -0.002882  0.000000  -0.135795  0.000000  -0.206186  0.000000 )
   freq (   16) =    33.43762887 [THz] =  1115.35908254 [cm-1]
(  -0.000000  0.000000   0.000000  0.000000  -0.000000  0.000000 )
(   0.000000  0.000000  -0.000000  0.000000  -0.000000  0.000000 )
(   0.000000  0.000000   0.000000  0.000000   0.000000  0.000000 )
(  -0.000000  0.000000   0.000000  0.000000  -0.000000  0.000000 )
(  -0.000000  0.000000   0.000000  0.000000   0.000000  0.000000 )
(  -0.204124  0.000000   0.353553  0.000000  -0.000000  0.000000 )
(   0.408248  0.000000  -0.000000  0.000000   0.000000  0.000000 )
(  -0.204124  0.000000  -0.353553  0.000000   0.000000  0.000000 )
(   0.408248  0.000000  -0.000000  0.000000   0.000000  0.000000 )
(  -0.204124  0.000000  -0.353553  0.000000   0.000000  0.000000 )
(  -0.204124  0.000000   0.353553  0.000000  -0.000000  0.000000 )
   freq (   17) =    33.58708405 [THz] =  1120.34436993 [cm-1]
(   0.000451  0.000000  -0.000000  0.000000  -0.000000  0.000000 )
(  -0.016635  0.000000   0.000000  0.000000   0.000000  0.000000 )
(  -0.016635  0.000000   0.000000  0.000000   0.000000  0.000000 )
(   0.454046  0.000000  -0.000000  0.000000   0.000000  0.000000 )
(   0.454046  0.000000  -0.000000  0.000000   0.000000  0.000000 )
(  -0.148358  0.000000   0.013534  0.000000  -0.331409  0.000000 )
(  -0.171800  0.000000   0.000000  0.000000  -0.000000  0.000000 )
(  -0.148358  0.000000  -0.013534  0.000000   0.331409  0.000000 )
(  -0.171800  0.000000   0.000000  0.000000  -0.000000  0.000000 )
(  -0.148358  0.000000  -0.013534  0.000000   0.331409  0.000000 )
(  -0.148358  0.000000   0.013534  0.000000  -0.331409  0.000000 )
   freq (   18) =    33.58708405 [THz] =  1120.34436993 [cm-1]
(   0.000000  0.000000   0.000451  0.000000  -0.000000  0.000000 )
(  -0.000000  0.000000  -0.016635  0.000000   0.000000  0.000000 )
(  -0.000000  0.000000  -0.016635  0.000000   0.000000  0.000000 )
(   0.000000  0.000000   0.454046  0.000000   0.000000  0.000000 )
(   0.000000  0.000000   0.454046  0.000000   0.000000  0.000000 )
(   0.013534  0.000000  -0.163986  0.000000  -0.191339  0.000000 )
(  -0.000000  0.000000  -0.140544  0.000000   0.382678  0.000000 )
(  -0.013534  0.000000  -0.163986  0.000000  -0.191339  0.000000 )
(  -0.000000  0.000000  -0.140544  0.000000   0.382678  0.000000 )
(  -0.013534  0.000000  -0.163986  0.000000  -0.191339  0.000000 )
(   0.013534  0.000000  -0.163986  0.000000  -0.191339  0.000000 )
   freq (   19) =    34.45635714 [THz] =  1149.34019479 [cm-1]
(   0.000422  0.000000   0.000000  0.000000  -0.000000  0.000000 )
(   0.035421  0.000000   0.000000  0.000000  -0.000000  0.000000 )
(   0.035421  0.000000   0.000000  0.000000   0.000000  0.000000 )
(  -0.331709  0.000000  -0.000000  0.000000  -0.000000  0.000000 )
(  -0.331709  0.000000  -0.000000  0.000000  -0.000000  0.000000 )
(  -0.031699  0.000000  -0.209174  0.000000  -0.308140  0.000000 )
(   0.330601  0.000000  -0.000000  0.000000   0.000000  0.000000 )
(  -0.031699  0.000000   0.209174  0.000000   0.308140  0.000000 )
(   0.330601  0.000000  -0.000000  0.000000   0.000000  0.000000 )
(  -0.031699  0.000000   0.209174  0.000000   0.308140  0.000000 )
(  -0.031699  0.000000  -0.209174  0.000000  -0.308140  0.000000 )
   freq (   20) =    34.45635714 [THz] =  1149.34019479 [cm-1]
(  -0.000000  0.000000   0.000422  0.000000   0.000000  0.000000 )
(  -0.000000  0.000000   0.035421  0.000000  -0.000000  0.000000 )
(  -0.000000  0.000000   0.035421  0.000000  -0.000000  0.000000 )
(   0.000000  0.000000  -0.331709  0.000000   0.000000  0.000000 )
(   0.000000  0.000000  -0.331709  0.000000   0.000000  0.000000 )
(  -0.209174  0.000000   0.209834  0.000000  -0.177905  0.000000 )
(  -0.000000  0.000000  -0.152466  0.000000   0.355809  0.000000 )
(   0.209174  0.000000   0.209834  0.000000  -0.177905  0.000000 )
(  -0.000000  0.000000  -0.152466  0.000000   0.355809  0.000000 )
(   0.209174  0.000000   0.209834  0.000000  -0.177905  0.000000 )
(  -0.209174  0.000000   0.209834  0.000000  -0.177905  0.000000 )
   freq (   21) =    36.16754321 [THz] =  1206.41921008 [cm-1]
(   0.000000  0.000000   0.000000  0.000000   0.006540  0.000000 )
(  -0.000000  0.000000   0.000000  0.000000   0.510698  0.000000 )
(   0.000000  0.000000   0.000000  0.000000   0.510698  0.000000 )
(   0.000000  0.000000  -0.000000  0.000000  -0.289041  0.000000 )
(  -0.000000  0.000000  -0.000000  0.000000  -0.289041  0.000000 )
(   0.035299  0.000000   0.020380  0.000000  -0.224081  0.000000 )
(  -0.000000  0.000000  -0.040760  0.000000  -0.224081  0.000000 )
(  -0.035299  0.000000   0.020380  0.000000  -0.224081  0.000000 )
(   0.000000  0.000000  -0.040760  0.000000  -0.224081  0.000000 )
(  -0.035299  0.000000   0.020380  0.000000  -0.224081  0.000000 )
(   0.035299  0.000000   0.020380  0.000000  -0.224081  0.000000 )
   freq (   22) =    36.30864259 [THz] =  1211.12577821 [cm-1]
(   0.006343  0.000000   0.000000  0.000000  -0.000000  0.000000 )
(   0.515000  0.000000   0.000000  0.000000  -0.000000  0.000000 )
(   0.515000  0.000000   0.000000  0.000000  -0.000000  0.000000 )
(  -0.184571  0.000000  -0.000000  0.000000   0.000000  0.000000 )
(  -0.184571  0.000000  -0.000000  0.000000   0.000000  0.000000 )
(  -0.265244  0.000000  -0.016296  0.000000   0.040444  0.000000 )
(  -0.237018  0.000000  -0.000000  0.000000  -0.000000  0.000000 )
(  -0.265244  0.000000   0.016296  0.000000  -0.040444  0.000000 )
(  -0.237018  0.000000  -0.000000  0.000000  -0.000000  0.000000 )
(  -0.265244  0.000000   0.016296  0.000000  -0.040444  0.000000 )
(  -0.265244  0.000000  -0.016296  0.000000   0.040444  0.000000 )
   freq (   23) =    36.30864259 [THz] =  1211.12577821 [cm-1]
(   0.000000  0.000000  -0.006343  0.000000   0.000000  0.000000 )
(   0.000000  0.000000  -0.515000  0.000000   0.000000  0.000000 )
(   0.000000  0.000000  -0.515000  0.000000   0.000000  0.000000 )
(  -0.000000  0.000000   0.184571  0.000000  -0.000000  0.000000 )
(  -0.000000  0.000000   0.184571  0.000000  -0.000000  0.000000 )
(   0.016296  0.000000   0.246427  0.000000  -0.023350  0.000000 )
(  -0.000000  0.000000   0.274652  0.000000   0.046701  0.000000 )
(  -0.016296  0.000000   0.246427  0.000000  -0.023350  0.000000 )
(  -0.000000  0.000000   0.274652  0.000000   0.046701  0.000000 )
(  -0.016296  0.000000   0.246427  0.000000  -0.023350  0.000000 )
(   0.016296  0.000000   0.246427  0.000000  -0.023350  0.000000 )
   freq (   24) =    43.27189069 [THz] =  1443.39469989 [cm-1]
(   0.000000  0.000000  -0.000000  0.000000  -0.000000  0.000000 )
(   0.018226  0.000000  -0.000106  0.000000   0.000000  0.000000 )
(  -0.018226  0.000000   0.000106  0.000000  -0.000000  0.000000 )
(   0.377345  0.000000  -0.002186  0.000000  -0.000000  0.000000 )
(  -0.377345  0.000000   0.002186  0.000000   0.000000  0.000000 )
(   0.005443  0.000000  -0.190993  0.000000  -0.294328  0.000000 )
(   0.332912  0.000000   0.000609  0.000000  -0.001975  0.000000 )
(   0.003245  0.000000   0.188405  0.000000   0.296303  0.000000 )
(  -0.332912  0.000000  -0.000609  0.000000   0.001975  0.000000 )
(  -0.003245  0.000000  -0.188405  0.000000  -0.296303  0.000000 )
(  -0.005443  0.000000   0.190993  0.000000   0.294328  0.000000 )
   freq (   25) =    43.27189069 [THz] =  1443.39469989 [cm-1]
(   0.000000  0.000000   0.000000  0.000000  -0.000000  0.000000 )
(  -0.000106  0.000000  -0.018226  0.000000  -0.000000  0.000000 )
(   0.000106  0.000000   0.018226  0.000000   0.000000  0.000000 )
(  -0.002186  0.000000  -0.377345  0.000000   0.000000  0.000000 )
(   0.002186  0.000000   0.377345  0.000000  -0.000000  0.000000 )
(   0.189674  0.000000  -0.222291  0.000000   0.172211  0.000000 )
(  -0.001928  0.000000   0.105179  0.000000  -0.341000  0.000000 )
(  -0.189724  0.000000  -0.224488  0.000000   0.168790  0.000000 )
(   0.001928  0.000000  -0.105179  0.000000   0.341000  0.000000 )
(   0.189724  0.000000   0.224488  0.000000  -0.168790  0.000000 )
(  -0.189674  0.000000   0.222291  0.000000  -0.172211  0.000000 )
   freq (   26) =    44.96211883 [THz] =  1499.77463386 [cm-1]
(  -0.005933  0.000000  -0.000000  0.000000  -0.000000  0.000000 )
(   0.063891  0.000000  -0.000000  0.000000   0.000000  0.000000 )
(   0.063891  0.000000   0.000000  0.000000  -0.000000  0.000000 )
(   0.332771  0.000000   0.000000  0.000000  -0.000000  0.000000 )
(   0.332771  0.000000   0.000000  0.000000   0.000000  0.000000 )
(  -0.155263  0.000000  -0.275942  0.000000   0.200672  0.000000 )
(   0.322683  0.000000  -0.000000  0.000000  -0.000000  0.000000 )
(  -0.155263  0.000000   0.275942  0.000000  -0.200672  0.000000 )
(   0.322683  0.000000  -0.000000  0.000000   0.000000  0.000000 )
(  -0.155263  0.000000   0.275942  0.000000  -0.200672  0.000000 )
(  -0.155263  0.000000  -0.275942  0.000000   0.200672  0.000000 )
   freq (   27) =    44.96211883 [THz] =  1499.77463386 [cm-1]
(  -0.000000  0.000000   0.005933  0.000000  -0.000000  0.000000 )
(  -0.000000  0.000000  -0.063891  0.000000   0.000000  0.000000 )
(   0.000000  0.000000  -0.063891  0.000000   0.000000  0.000000 )
(   0.000000  0.000000  -0.332771  0.000000  -0.000000  0.000000 )
(   0.000000  0.000000  -0.332771  0.000000  -0.000000  0.000000 )
(   0.275942  0.000000  -0.163367  0.000000  -0.115858  0.000000 )
(   0.000000  0.000000   0.314578  0.000000   0.231716  0.000000 )
(  -0.275942  0.000000  -0.163367  0.000000  -0.115858  0.000000 )
(   0.000000  0.000000   0.314578  0.000000   0.231716  0.000000 )
(  -0.275942  0.000000  -0.163367  0.000000  -0.115858  0.000000 )
(   0.275942  0.000000  -0.163367  0.000000  -0.115858  0.000000 )
   freq (   28) =    45.34654262 [THz] =  1512.59762962 [cm-1]
(   0.000000  0.000000   0.000000  0.000000  -0.000000  0.000000 )
(   0.325440  0.000000   0.001096  0.000000   0.000000  0.000000 )
(  -0.325440  0.000000  -0.001096  0.000000   0.000000  0.000000 )
(   0.306452  0.000000   0.001032  0.000000  -0.000000  0.000000 )
(  -0.306452  0.000000  -0.001032  0.000000  -0.000000  0.000000 )
(   0.076271  0.000000   0.245477  0.000000  -0.149303  0.000000 )
(  -0.350953  0.000000   0.000733  0.000000   0.000579  0.000000 )
(   0.074614  0.000000  -0.246883  0.000000   0.148723  0.000000 )
(   0.350953  0.000000  -0.000733  0.000000  -0.000579  0.000000 )
(  -0.074614  0.000000   0.246883  0.000000  -0.148723  0.000000 )
(  -0.076271  0.000000  -0.245477  0.000000   0.149303  0.000000 )
   freq (   29) =    45.34654262 [THz] =  1512.59762962 [cm-1]
(   0.000000  0.000000  -0.000000  0.000000  -0.000000  0.000000 )
(   0.001096  0.000000  -0.325440  0.000000   0.000000  0.000000 )
(  -0.001096  0.000000   0.325440  0.000000  -0.000000  0.000000 )
(   0.001032  0.000000  -0.306452  0.000000  -0.000000  0.000000 )
(  -0.001032  0.000000   0.306452  0.000000   0.000000  0.000000 )
(  -0.245926  0.000000   0.209650  0.000000   0.085531  0.000000 )
(  -0.001182  0.000000  -0.217574  0.000000  -0.172066  0.000000 )
(   0.246434  0.000000   0.207993  0.000000   0.086534  0.000000 )
(   0.001182  0.000000   0.217574  0.000000   0.172066  0.000000 )
(  -0.246434  0.000000  -0.207993  0.000000  -0.086534  0.000000 )
(   0.245926  0.000000  -0.209650  0.000000  -0.085531  0.000000 )
   freq (   30) =    45.36593720 [THz] =  1513.24456314 [cm-1]
(  -0.000000  0.000000   0.000000  0.000000   0.006161  0.000000 )
(   0.000000  0.000000  -0.000000  0.000000  -0.059967  0.000000 )
(  -0.000000  0.000000  -0.000000  0.000000  -0.059967  0.000000 )
(   0.000000  0.000000  -0.000000  0.000000   0.373113  0.000000 )
(  -0.000000  0.000000  -0.000000  0.000000   0.373113  0.000000 )
(  -0.209639  0.000000  -0.121035  0.000000  -0.245884  0.000000 )
(  -0.000000  0.000000   0.242070  0.000000  -0.245884  0.000000 )
(   0.209639  0.000000  -0.121035  0.000000  -0.245884  0.000000 )
(   0.000000  0.000000   0.242070  0.000000  -0.245884  0.000000 )
(   0.209639  0.000000  -0.121035  0.000000  -0.245884  0.000000 )
(  -0.209639  0.000000  -0.121035  0.000000  -0.245884  0.000000 )
   freq (   31) =    45.74418235 [THz] =  1525.86146130 [cm-1]
(  -0.000000  0.000000   0.000000  0.000000   0.000000  0.000000 )
(   0.000000  0.000000  -0.000000  0.000000  -0.328028  0.000000 )
(  -0.000000  0.000000   0.000000  0.000000   0.328028  0.000000 )
(   0.000000  0.000000  -0.000000  0.000000   0.276851  0.000000 )
(  -0.000000  0.000000   0.000000  0.000000  -0.276851  0.000000 )
(   0.164082  0.000000   0.094733  0.000000   0.263350  0.000000 )
(  -0.000000  0.000000  -0.189466  0.000000   0.263350  0.000000 )
(  -0.164082  0.000000   0.094733  0.000000   0.263350  0.000000 )
(   0.000000  0.000000   0.189466  0.000000  -0.263350  0.000000 )
(   0.164082  0.000000  -0.094733  0.000000  -0.263350  0.000000 )
(  -0.164082  0.000000  -0.094733  0.000000  -0.263350  0.000000 )
   freq (   32) =    46.53179166 [THz] =  1552.13327611 [cm-1]
(   0.000000  0.000000  -0.000000  0.000000   0.000040  0.000000 )
(  -0.000000  0.000000   0.000000  0.000000  -0.020554  0.000000 )
(   0.000000  0.000000   0.000000  0.000000  -0.020554  0.000000 )
(  -0.000000  0.000000   0.000000  0.000000   0.381906  0.000000 )
(  -0.000000  0.000000   0.000000  0.000000   0.381906  0.000000 )
(   0.278180  0.000000   0.160607  0.000000  -0.121366  0.000000 )
(   0.000000  0.000000  -0.321214  0.000000  -0.121366  0.000000 )
(  -0.278180  0.000000   0.160607  0.000000  -0.121366  0.000000 )
(  -0.000000  0.000000  -0.321214  0.000000  -0.121366  0.000000 )
(  -0.278180  0.000000   0.160607  0.000000  -0.121366  0.000000 )
(   0.278180  0.000000   0.160607  0.000000  -0.121366  0.000000 )
   freq (   33) =    57.78171233 [THz] =  1927.39018347 [cm-1]
(  -0.000000  0.000000  -0.000000  0.000000   0.000000  0.000000 )
(   0.000000  0.000000  -0.000000  0.000000  -0.005693  0.000000 )
(  -0.000000  0.000000   0.000000  0.000000   0.005693  0.000000 )
(   0.000000  0.000000  -0.000000  0.000000  -0.356363  0.000000 )
(  -0.000000  0.000000   0.000000  0.000000   0.356363  0.000000 )
(   0.288108  0.000000   0.166339  0.000000  -0.116831  0.000000 )
(   0.000000  0.000000  -0.332679  0.000000  -0.116831  0.000000 )
(  -0.288108  0.000000   0.166339  0.000000  -0.116831  0.000000 )
(  -0.000000  0.000000   0.332679  0.000000   0.116831  0.000000 )
(   0.288108  0.000000  -0.166339  0.000000   0.116831  0.000000 )
(  -0.288108  0.000000  -0.166339  0.000000   0.116831  0.000000 )
***************************************************************************
