Dynamical matrix file
File generated with the CellConstructor by Lorenzo Monacelli
2 11 0     1.8897259890000000     0.0000000000000000     0.0000000000000000     0.0000000000000000     0.0000000000000000     0.0000000000000000
Basis vectors
    1.8020101789782272    -1.0403910619155019     2.9428469312271259
   -0.0000000000000026     2.0807821238309980     2.9428469312271317
   -1.8020101789782264    -1.0403910619155050     2.9428469312271264
	1  'La '  126604.5951757480361266
	2  'H '    918.7358275894680446
    1     1     0.0000000000000019    -0.0000000000000024     4.4142704409660549
    2     2    -0.0000000000000001    -0.0000000000000025     2.2051012625393791
    3     2     0.0000000000000001     0.0000000000000025    -2.2051012625393791
    4     2     0.0000000000000000    -0.0000000000000007     1.0579561922236387
    5     2    -0.0000000000000000     0.0000000000000007    -1.0579561922236387
    6     2     0.9366243045409637     0.5407602937876773     6.2396685558154097
    7     2     0.0000000000000024    -1.0815205875753708     6.2396685558154088
    8     2    -0.9366243045409648     0.5407602937876728     6.2396685558154115
    9     2    -0.0000000000000009     1.0815205875753642     2.5888723224395873
   10     2     0.9366243045409670    -0.5407602937876846     2.5888723224395886
   11     2    -0.9366243045409639    -0.5407602937876869     2.5888723224395886

     Dynamical Matrix in cartesian axes

     q = (     0.000000000000     0.000000000000     0.000000000000 )

    1    1
     0.6409803141215619     0.0000000000000000        0.0000000000000000     0.0000000000000000        0.0000000000000001     0.0000000000000000
    -0.0000000000000001     0.0000000000000000        0.6409803141215917     0.0000000000000000       -0.0000000000000005     0.0000000000000000
     0.0000000000000002     0.0000000000000000       -0.0000000000000004     0.0000000000000000        0.6402998939185441     0.0000000000000000
    1    2
    -0.0322161076324519     0.0000000000000000       -0.0000000000000000     0.0000000000000000       -0.0000000000000000     0.0000000000000000
     0.0000000000000000     0.0000000000000000       -0.0322161076324534     0.0000000000000000        0.0000000000000000     0.0000000000000000
    -0.0000000000000000     0.0000000000000000        0.0000000000000000     0.0000000000000000       -0.0301617084150577     0.0000000000000000
    1    3
    -0.0322161076324519     0.0000000000000000        0.0000000000000000     0.0000000000000000       -0.0000000000000000     0.0000000000000000
    -0.0000000000000000     0.0000000000000000       -0.0322161076324534     0.0000000000000000        0.0000000000000000     0.0000000000000000
    -0.0000000000000000     0.0000000000000000        0.0000000000000000     0.0000000000000000       -0.0301617084150577     0.0000000000000000
    1    4
    -0.0926842941458199     0.0000000000000000       -0.0000000000000000     0.0000000000000000       -0.0000000000000000     0.0000000000000000
    -0.0000000000000000     0.0000000000000000       -0.0926842941458243     0.0000000000000000       -0.0000000000000000     0.0000000000000000
    -0.0000000000000000     0.0000000000000000       -0.0000000000000000     0.0000000000000000       -0.0287921864728492     0.0000000000000000
    1    5
    -0.0926842941458199     0.0000000000000000       -0.0000000000000000     0.0000000000000000       -0.0000000000000000     0.0000000000000000
    -0.0000000000000000     0.0000000000000000       -0.0926842941458243     0.0000000000000000       -0.0000000000000000     0.0000000000000000
    -0.0000000000000000     0.0000000000000000       -0.0000000000000000     0.0000000000000000       -0.0287921864728492     0.0000000000000000
    1    6
    -0.0511527125718729     0.0000000000000000        0.0243247007436393     0.0000000000000000       -0.0177121977582880     0.0000000000000000
     0.0243247007436393     0.0000000000000000       -0.0792404576164703     0.0000000000000000       -0.0102261421436876     0.0000000000000000
    -0.0175341656338528     0.0000000000000000       -0.0101233552487206     0.0000000000000000       -0.0870653506904550     0.0000000000000000
    1    7
    -0.0932843301387636     0.0000000000000000       -0.0000000000000001     0.0000000000000000       -0.0000000000000000     0.0000000000000000
    -0.0000000000000001     0.0000000000000000       -0.0371088400495778     0.0000000000000000        0.0204522842873755     0.0000000000000000
    -0.0000000000000000     0.0000000000000000        0.0202467104974414     0.0000000000000000       -0.0870653506904550     0.0000000000000000
    1    8
    -0.0511527125718728     0.0000000000000000       -0.0243247007436393     0.0000000000000000        0.0177121977582880     0.0000000000000000
    -0.0243247007436393     0.0000000000000000       -0.0792404576164704     0.0000000000000000       -0.0102261421436876     0.0000000000000000
     0.0175341656338528     0.0000000000000000       -0.0101233552487206     0.0000000000000000       -0.0870653506904550     0.0000000000000000
    1    9
    -0.0932843301387636     0.0000000000000000       -0.0000000000000001     0.0000000000000000       -0.0000000000000000     0.0000000000000000
    -0.0000000000000001     0.0000000000000000       -0.0371088400495778     0.0000000000000000        0.0204522842873755     0.0000000000000000
    -0.0000000000000000     0.0000000000000000        0.0202467104974414     0.0000000000000000       -0.0870653506904550     0.0000000000000000
    1   10
    -0.0511527125718728     0.0000000000000000       -0.0243247007436393     0.0000000000000000        0.0177121977582880     0.0000000000000000
    -0.0243247007436393     0.0000000000000000       -0.0792404576164704     0.0000000000000000       -0.0102261421436876     0.0000000000000000
     0.0175341656338528     0.0000000000000000       -0.0101233552487206     0.0000000000000000       -0.0870653506904550     0.0000000000000000
    1   11
    -0.0511527125718729     0.0000000000000000        0.0243247007436393     0.0000000000000000       -0.0177121977582880     0.0000000000000000
     0.0243247007436393     0.0000000000000000       -0.0792404576164703     0.0000000000000000       -0.0102261421436876     0.0000000000000000
    -0.0175341656338528     0.0000000000000000       -0.0101233552487206     0.0000000000000000       -0.0870653506904550     0.0000000000000000
    2    1
    -0.0322161076324519     0.0000000000000000       -0.0000000000000000     0.0000000000000000       -0.0000000000000000     0.0000000000000000
     0.0000000000000000     0.0000000000000000       -0.0322161076324534     0.0000000000000000        0.0000000000000000     0.0000000000000000
    -0.0000000000000000     0.0000000000000000        0.0000000000000000     0.0000000000000000       -0.0301617084150577     0.0000000000000000
    2    2
     0.0858167967993896     0.0000000000000000        0.0000000000000000     0.0000000000000000        0.0000000000000000     0.0000000000000000
     0.0000000000000000     0.0000000000000000        0.0858167967993937     0.0000000000000000       -0.0000000000000001     0.0000000000000000
     0.0000000000000000     0.0000000000000000       -0.0000000000000001     0.0000000000000000        0.0842221345892206     0.0000000000000000
    2    3
    -0.0043710531137010     0.0000000000000000       -0.0000000000000000     0.0000000000000000       -0.0000000000000000     0.0000000000000000
    -0.0000000000000000     0.0000000000000000       -0.0043710531137012     0.0000000000000000        0.0000000000000000     0.0000000000000000
     0.0000000000000000     0.0000000000000000        0.0000000000000000     0.0000000000000000       -0.0053846481288832     0.0000000000000000
    2    4
     0.0069533299492421     0.0000000000000000        0.0000000000000000     0.0000000000000000        0.0000000000000000     0.0000000000000000
    -0.0000000000000000     0.0000000000000000        0.0069533299492424     0.0000000000000000        0.0000000000000000     0.0000000000000000
    -0.0000000000000000     0.0000000000000000        0.0000000000000000     0.0000000000000000       -0.0226386617964523     0.0000000000000000
    2    5
    -0.0141673598217399     0.0000000000000000       -0.0000000000000000     0.0000000000000000       -0.0000000000000000     0.0000000000000000
    -0.0000000000000000     0.0000000000000000       -0.0141673598217405     0.0000000000000000       -0.0000000000000000     0.0000000000000000
    -0.0000000000000000     0.0000000000000000       -0.0000000000000000     0.0000000000000000        0.0007762079528514     0.0000000000000000
    2    6
    -0.0038454660728407     0.0000000000000000        0.0059576433866911     0.0000000000000000       -0.0038455429737307     0.0000000000000000
     0.0059576433866911     0.0000000000000000       -0.0107247600989249     0.0000000000000000       -0.0022202252710638     0.0000000000000000
    -0.0041750438999747     0.0000000000000000       -0.0024104627195290     0.0000000000000000       -0.0122569538870584     0.0000000000000000
    2    7
    -0.0141644071119662     0.0000000000000000       -0.0000000000000000     0.0000000000000000       -0.0000000000000000     0.0000000000000000
    -0.0000000000000000     0.0000000000000000       -0.0004058190597989     0.0000000000000000        0.0044404505421276     0.0000000000000000
    -0.0000000000000000     0.0000000000000000        0.0048209254390580     0.0000000000000000       -0.0122569538870584     0.0000000000000000
    2    8
    -0.0038454660728407     0.0000000000000000       -0.0059576433866911     0.0000000000000000        0.0038455429737307     0.0000000000000000
    -0.0059576433866911     0.0000000000000000       -0.0107247600989249     0.0000000000000000       -0.0022202252710638     0.0000000000000000
     0.0041750438999747     0.0000000000000000       -0.0024104627195290     0.0000000000000000       -0.0122569538870584     0.0000000000000000
    2    9
     0.0064761686262069     0.0000000000000000        0.0000000000000000     0.0000000000000000        0.0000000000000000     0.0000000000000000
     0.0000000000000000     0.0000000000000000       -0.0199163465749355     0.0000000000000000       -0.0086665729169306     0.0000000000000000
     0.0000000000000000     0.0000000000000000       -0.0097615204394722     0.0000000000000000        0.0033191791531654     0.0000000000000000
    2   10
    -0.0133182177746492     0.0000000000000000        0.0114282943169780     0.0000000000000000       -0.0075054723098119     0.0000000000000000
     0.0114282943169780     0.0000000000000000       -0.0001219601740785     0.0000000000000000        0.0043332864584653     0.0000000000000000
    -0.0084537246801437     0.0000000000000000        0.0048807602197361     0.0000000000000000        0.0033191791531654     0.0000000000000000
    2   11
    -0.0133182177746492     0.0000000000000000       -0.0114282943169780     0.0000000000000000        0.0075054723098119     0.0000000000000000
    -0.0114282943169780     0.0000000000000000       -0.0001219601740785     0.0000000000000000        0.0043332864584653     0.0000000000000000
     0.0084537246801437     0.0000000000000000        0.0048807602197361     0.0000000000000000        0.0033191791531654     0.0000000000000000
    3    1
    -0.0322161076324519     0.0000000000000000       -0.0000000000000000     0.0000000000000000       -0.0000000000000000     0.0000000000000000
     0.0000000000000000     0.0000000000000000       -0.0322161076324534     0.0000000000000000        0.0000000000000000     0.0000000000000000
    -0.0000000000000000     0.0000000000000000        0.0000000000000000     0.0000000000000000       -0.0301617084150577     0.0000000000000000
    3    2
    -0.0043710531137010     0.0000000000000000       -0.0000000000000000     0.0000000000000000       -0.0000000000000000     0.0000000000000000
    -0.0000000000000000     0.0000000000000000       -0.0043710531137012     0.0000000000000000        0.0000000000000000     0.0000000000000000
     0.0000000000000000     0.0000000000000000        0.0000000000000000     0.0000000000000000       -0.0053846481288832     0.0000000000000000
    3    3
     0.0858167967993896     0.0000000000000000        0.0000000000000000     0.0000000000000000        0.0000000000000000     0.0000000000000000
     0.0000000000000000     0.0000000000000000        0.0858167967993937     0.0000000000000000       -0.0000000000000001     0.0000000000000000
     0.0000000000000000     0.0000000000000000       -0.0000000000000001     0.0000000000000000        0.0842221345892206     0.0000000000000000
    3    4
    -0.0141673598217399     0.0000000000000000       -0.0000000000000000     0.0000000000000000       -0.0000000000000000     0.0000000000000000
    -0.0000000000000000     0.0000000000000000       -0.0141673598217405     0.0000000000000000       -0.0000000000000000     0.0000000000000000
    -0.0000000000000000     0.0000000000000000       -0.0000000000000000     0.0000000000000000        0.0007762079528514     0.0000000000000000
    3    5
     0.0069533299492421     0.0000000000000000        0.0000000000000000     0.0000000000000000        0.0000000000000000     0.0000000000000000
     0.0000000000000000     0.0000000000000000        0.0069533299492424     0.0000000000000000        0.0000000000000000     0.0000000000000000
    -0.0000000000000000     0.0000000000000000        0.0000000000000000     0.0000000000000000       -0.0226386617964523     0.0000000000000000
    3    6
    -0.0133182177746492     0.0000000000000000       -0.0114282943169780     0.0000000000000000        0.0075054723098119     0.0000000000000000
    -0.0114282943169780     0.0000000000000000       -0.0001219601740785     0.0000000000000000        0.0043332864584653     0.0000000000000000
     0.0084537246801437     0.0000000000000000        0.0048807602197361     0.0000000000000000        0.0033191791531654     0.0000000000000000
    3    7
     0.0064761686262069     0.0000000000000000        0.0000000000000000     0.0000000000000000        0.0000000000000000     0.0000000000000000
     0.0000000000000000     0.0000000000000000       -0.0199163465749355     0.0000000000000000       -0.0086665729169306     0.0000000000000000
     0.0000000000000000     0.0000000000000000       -0.0097615204394722     0.0000000000000000        0.0033191791531654     0.0000000000000000
    3    8
    -0.0133182177746492     0.0000000000000000        0.0114282943169780     0.0000000000000000       -0.0075054723098119     0.0000000000000000
     0.0114282943169780     0.0000000000000000       -0.0001219601740785     0.0000000000000000        0.0043332864584653     0.0000000000000000
    -0.0084537246801437     0.0000000000000000        0.0048807602197361     0.0000000000000000        0.0033191791531654     0.0000000000000000
    3    9
    -0.0141644071119662     0.0000000000000000       -0.0000000000000000     0.0000000000000000       -0.0000000000000000     0.0000000000000000
    -0.0000000000000000     0.0000000000000000       -0.0004058190597989     0.0000000000000000        0.0044404505421276     0.0000000000000000
    -0.0000000000000000     0.0000000000000000        0.0048209254390580     0.0000000000000000       -0.0122569538870584     0.0000000000000000
    3   10
    -0.0038454660728407     0.0000000000000000       -0.0059576433866911     0.0000000000000000        0.0038455429737307     0.0000000000000000
    -0.0059576433866911     0.0000000000000000       -0.0107247600989249     0.0000000000000000       -0.0022202252710638     0.0000000000000000
     0.0041750438999747     0.0000000000000000       -0.0024104627195290     0.0000000000000000       -0.0122569538870584     0.0000000000000000
    3   11
    -0.0038454660728407     0.0000000000000000        0.0059576433866911     0.0000000000000000       -0.0038455429737307     0.0000000000000000
     0.0059576433866911     0.0000000000000000       -0.0107247600989249     0.0000000000000000       -0.0022202252710638     0.0000000000000000
    -0.0041750438999747     0.0000000000000000       -0.0024104627195290     0.0000000000000000       -0.0122569538870584     0.0000000000000000
    4    1
    -0.0926842941458199     0.0000000000000000       -0.0000000000000000     0.0000000000000000       -0.0000000000000000     0.0000000000000000
    -0.0000000000000000     0.0000000000000000       -0.0926842941458243     0.0000000000000000       -0.0000000000000000     0.0000000000000000
    -0.0000000000000000     0.0000000000000000       -0.0000000000000000     0.0000000000000000       -0.0287921864728492     0.0000000000000000
    4    2
     0.0069533299492421     0.0000000000000000        0.0000000000000000     0.0000000000000000        0.0000000000000000     0.0000000000000000
    -0.0000000000000000     0.0000000000000000        0.0069533299492424     0.0000000000000000        0.0000000000000000     0.0000000000000000
    -0.0000000000000000     0.0000000000000000        0.0000000000000000     0.0000000000000000       -0.0226386617964523     0.0000000000000000
    4    3
    -0.0141673598217399     0.0000000000000000       -0.0000000000000000     0.0000000000000000       -0.0000000000000000     0.0000000000000000
    -0.0000000000000000     0.0000000000000000       -0.0141673598217405     0.0000000000000000       -0.0000000000000000     0.0000000000000000
    -0.0000000000000000     0.0000000000000000       -0.0000000000000000     0.0000000000000000        0.0007762079528514     0.0000000000000000
    4    4
     0.1112760812787525     0.0000000000000000        0.0000000000000000     0.0000000000000000        0.0000000000000000     0.0000000000000000
     0.0000000000000000     0.0000000000000000        0.1112760812787577     0.0000000000000000       -0.0000000000000001     0.0000000000000000
     0.0000000000000000     0.0000000000000000       -0.0000000000000001     0.0000000000000000        0.1316676555683911     0.0000000000000000
    4    5
    -0.0050659234709753     0.0000000000000000       -0.0000000000000000     0.0000000000000000       -0.0000000000000000     0.0000000000000000
     0.0000000000000000     0.0000000000000000       -0.0050659234709755     0.0000000000000000        0.0000000000000000     0.0000000000000000
    -0.0000000000000000     0.0000000000000000        0.0000000000000000     0.0000000000000000       -0.0040036921625340     0.0000000000000000
    4    6
    -0.0006548932212669     0.0000000000000000       -0.0040525551692246     0.0000000000000000       -0.0043837382505175     0.0000000000000000
    -0.0040525551692246     0.0000000000000000        0.0040245944144484     0.0000000000000000       -0.0025309524589932     0.0000000000000000
    -0.0142525472632690     0.0000000000000000       -0.0082287119990864     0.0000000000000000        0.0045888009903325     0.0000000000000000
    4    7
     0.0063643382323057     0.0000000000000000        0.0000000000000000     0.0000000000000000       -0.0000000000000000     0.0000000000000000
     0.0000000000000000     0.0000000000000000       -0.0029946370391247     0.0000000000000000        0.0050619049179864     0.0000000000000000
    -0.0000000000000000     0.0000000000000000        0.0164574239981728     0.0000000000000000        0.0045888009903325     0.0000000000000000
    4    8
    -0.0006548932212670     0.0000000000000000        0.0040525551692246     0.0000000000000000        0.0043837382505175     0.0000000000000000
     0.0040525551692245     0.0000000000000000        0.0040245944144484     0.0000000000000000       -0.0025309524589932     0.0000000000000000
     0.0142525472632690     0.0000000000000000       -0.0082287119990864     0.0000000000000000        0.0045888009903325     0.0000000000000000
    4    9
     0.0071446211082974     0.0000000000000000        0.0000000000000000     0.0000000000000000        0.0000000000000000     0.0000000000000000
     0.0000000000000000     0.0000000000000000       -0.0147222114944522     0.0000000000000000       -0.0205881258170849     0.0000000000000000
     0.0000000000000000     0.0000000000000000       -0.0250383291860373     0.0000000000000000       -0.0302585753534682     0.0000000000000000
    4   10
    -0.0092555033437643     0.0000000000000000        0.0094686162671415     0.0000000000000000       -0.0178298399739054     0.0000000000000000
     0.0094686162671415     0.0000000000000000        0.0016779129576102     0.0000000000000000        0.0102940629085425     0.0000000000000000
    -0.0216838291434252     0.0000000000000000        0.0125191645930187     0.0000000000000000       -0.0302585753534682     0.0000000000000000
    4   11
    -0.0092555033437643     0.0000000000000000       -0.0094686162671415     0.0000000000000000        0.0178298399739053     0.0000000000000000
    -0.0094686162671415     0.0000000000000000        0.0016779129576102     0.0000000000000000        0.0102940629085425     0.0000000000000000
     0.0216838291434252     0.0000000000000000        0.0125191645930188     0.0000000000000000       -0.0302585753534682     0.0000000000000000
    5    1
    -0.0926842941458199     0.0000000000000000       -0.0000000000000000     0.0000000000000000       -0.0000000000000000     0.0000000000000000
    -0.0000000000000000     0.0000000000000000       -0.0926842941458243     0.0000000000000000       -0.0000000000000000     0.0000000000000000
    -0.0000000000000000     0.0000000000000000       -0.0000000000000000     0.0000000000000000       -0.0287921864728492     0.0000000000000000
    5    2
    -0.0141673598217399     0.0000000000000000       -0.0000000000000000     0.0000000000000000       -0.0000000000000000     0.0000000000000000
    -0.0000000000000000     0.0000000000000000       -0.0141673598217405     0.0000000000000000       -0.0000000000000000     0.0000000000000000
    -0.0000000000000000     0.0000000000000000       -0.0000000000000000     0.0000000000000000        0.0007762079528514     0.0000000000000000
    5    3
     0.0069533299492421     0.0000000000000000        0.0000000000000000     0.0000000000000000        0.0000000000000000     0.0000000000000000
     0.0000000000000000     0.0000000000000000        0.0069533299492424     0.0000000000000000        0.0000000000000000     0.0000000000000000
    -0.0000000000000000     0.0000000000000000        0.0000000000000000     0.0000000000000000       -0.0226386617964523     0.0000000000000000
    5    4
    -0.0050659234709753     0.0000000000000000       -0.0000000000000000     0.0000000000000000       -0.0000000000000000     0.0000000000000000
     0.0000000000000000     0.0000000000000000       -0.0050659234709755     0.0000000000000000        0.0000000000000000     0.0000000000000000
    -0.0000000000000000     0.0000000000000000        0.0000000000000000     0.0000000000000000       -0.0040036921625340     0.0000000000000000
    5    5
     0.1112760812787525     0.0000000000000000        0.0000000000000000     0.0000000000000000        0.0000000000000000     0.0000000000000000
     0.0000000000000000     0.0000000000000000        0.1112760812787577     0.0000000000000000       -0.0000000000000001     0.0000000000000000
     0.0000000000000000     0.0000000000000000       -0.0000000000000001     0.0000000000000000        0.1316676555683911     0.0000000000000000
    5    6
    -0.0092555033437643     0.0000000000000000       -0.0094686162671415     0.0000000000000000        0.0178298399739053     0.0000000000000000
    -0.0094686162671415     0.0000000000000000        0.0016779129576102     0.0000000000000000        0.0102940629085425     0.0000000000000000
     0.0216838291434252     0.0000000000000000        0.0125191645930188     0.0000000000000000       -0.0302585753534682     0.0000000000000000
    5    7
     0.0071446211082974     0.0000000000000000        0.0000000000000000     0.0000000000000000        0.0000000000000000     0.0000000000000000
     0.0000000000000000     0.0000000000000000       -0.0147222114944522     0.0000000000000000       -0.0205881258170849     0.0000000000000000
     0.0000000000000000     0.0000000000000000       -0.0250383291860373     0.0000000000000000       -0.0302585753534682     0.0000000000000000
    5    8
    -0.0092555033437643     0.0000000000000000        0.0094686162671415     0.0000000000000000       -0.0178298399739054     0.0000000000000000
     0.0094686162671415     0.0000000000000000        0.0016779129576102     0.0000000000000000        0.0102940629085425     0.0000000000000000
    -0.0216838291434252     0.0000000000000000        0.0125191645930187     0.0000000000000000       -0.0302585753534682     0.0000000000000000
    5    9
     0.0063643382323057     0.0000000000000000        0.0000000000000000     0.0000000000000000       -0.0000000000000000     0.0000000000000000
     0.0000000000000000     0.0000000000000000       -0.0029946370391247     0.0000000000000000        0.0050619049179864     0.0000000000000000
    -0.0000000000000000     0.0000000000000000        0.0164574239981728     0.0000000000000000        0.0045888009903325     0.0000000000000000
    5   10
    -0.0006548932212670     0.0000000000000000        0.0040525551692246     0.0000000000000000        0.0043837382505175     0.0000000000000000
     0.0040525551692245     0.0000000000000000        0.0040245944144484     0.0000000000000000       -0.0025309524589932     0.0000000000000000
     0.0142525472632690     0.0000000000000000       -0.0082287119990864     0.0000000000000000        0.0045888009903325     0.0000000000000000
    5   11
    -0.0006548932212669     0.0000000000000000       -0.0040525551692246     0.0000000000000000       -0.0043837382505175     0.0000000000000000
    -0.0040525551692246     0.0000000000000000        0.0040245944144484     0.0000000000000000       -0.0025309524589932     0.0000000000000000
    -0.0142525472632690     0.0000000000000000       -0.0082287119990864     0.0000000000000000        0.0045888009903325     0.0000000000000000
    6    1
    -0.0511527125718729     0.0000000000000000        0.0243247007436393     0.0000000000000000       -0.0175341656338528     0.0000000000000000
     0.0243247007436393     0.0000000000000000       -0.0792404576164703     0.0000000000000000       -0.0101233552487206     0.0000000000000000
    -0.0177121977582880     0.0000000000000000       -0.0102261421436876     0.0000000000000000       -0.0870653506904550     0.0000000000000000
    6    2
    -0.0038454660728407     0.0000000000000000        0.0059576433866911     0.0000000000000000       -0.0041750438999747     0.0000000000000000
     0.0059576433866911     0.0000000000000000       -0.0107247600989249     0.0000000000000000       -0.0024104627195290     0.0000000000000000
    -0.0038455429737307     0.0000000000000000       -0.0022202252710638     0.0000000000000000       -0.0122569538870584     0.0000000000000000
    6    3
    -0.0133182177746492     0.0000000000000000       -0.0114282943169780     0.0000000000000000        0.0084537246801437     0.0000000000000000
    -0.0114282943169780     0.0000000000000000       -0.0001219601740785     0.0000000000000000        0.0048807602197361     0.0000000000000000
     0.0075054723098119     0.0000000000000000        0.0043332864584653     0.0000000000000000        0.0033191791531654     0.0000000000000000
    6    4
    -0.0006548932212669     0.0000000000000000       -0.0040525551692246     0.0000000000000000       -0.0142525472632690     0.0000000000000000
    -0.0040525551692246     0.0000000000000000        0.0040245944144484     0.0000000000000000       -0.0082287119990864     0.0000000000000000
    -0.0043837382505175     0.0000000000000000       -0.0025309524589932     0.0000000000000000        0.0045888009903325     0.0000000000000000
    6    5
    -0.0092555033437643     0.0000000000000000       -0.0094686162671415     0.0000000000000000        0.0216838291434252     0.0000000000000000
    -0.0094686162671415     0.0000000000000000        0.0016779129576102     0.0000000000000000        0.0125191645930188     0.0000000000000000
     0.0178298399739053     0.0000000000000000        0.0102940629085425     0.0000000000000000       -0.0302585753534682     0.0000000000000000
    6    6
     0.1256041568917897     0.0000000000000000        0.0077690639632347     0.0000000000000000       -0.0060359042719804     0.0000000000000000
     0.0077690639632348     0.0000000000000000        0.1166332145507456     0.0000000000000000       -0.0034848309562309     0.0000000000000000
    -0.0060359042719804     0.0000000000000000       -0.0034848309562309     0.0000000000000000        0.1140919425848975     0.0000000000000000
    6    7
    -0.0089122598261532     0.0000000000000000       -0.0241334210353703     0.0000000000000000        0.0013333542611250     0.0000000000000000
    -0.0189281303272982     0.0000000000000000       -0.0337738580971139     0.0000000000000000       -0.0027592463653621     0.0000000000000000
     0.0030562545782658     0.0000000000000000        0.0002249045203025     0.0000000000000000        0.0052680751192217     0.0000000000000000
    6    8
    -0.0462046572325918     0.0000000000000000        0.0026026453540360     0.0000000000000000       -0.0017229003171409     0.0000000000000000
    -0.0026026453540361     0.0000000000000000        0.0035185393093264     0.0000000000000000        0.0025343418450595     0.0000000000000000
     0.0017229003171408     0.0000000000000000        0.0025343418450595     0.0000000000000000        0.0052680751192217     0.0000000000000000
    6    9
    -0.0009260424363928     0.0000000000000000        0.0125057478327250     0.0000000000000000        0.0094656384974713     0.0000000000000000
     0.0029468601638036     0.0000000000000000        0.0079955249500850     0.0000000000000000       -0.0014671319122276     0.0000000000000000
     0.0060033927554276     0.0000000000000000       -0.0074639174457365     0.0000000000000000        0.0008329389913435     0.0000000000000000
    6   10
     0.0124563086433232     0.0000000000000000       -0.0047794438344607     0.0000000000000000        0.0034622457420437     0.0000000000000000
     0.0047794438344607     0.0000000000000000       -0.0053868261296318     0.0000000000000000        0.0089310493579641     0.0000000000000000
    -0.0034622457420437     0.0000000000000000        0.0089310493579641     0.0000000000000000        0.0008329389913436     0.0000000000000000
    6   11
    -0.0037907130555811     0.0000000000000000        0.0007025293428489     0.0000000000000000       -0.0006782309379911     0.0000000000000000
     0.0007025293428489     0.0000000000000000       -0.0046019240659961     0.0000000000000000       -0.0003915768146219     0.0000000000000000
    -0.0006782309379911     0.0000000000000000       -0.0003915768146219     0.0000000000000000       -0.0046210710185442     0.0000000000000000
    7    1
    -0.0932843301387636     0.0000000000000000       -0.0000000000000001     0.0000000000000000       -0.0000000000000000     0.0000000000000000
    -0.0000000000000001     0.0000000000000000       -0.0371088400495778     0.0000000000000000        0.0202467104974414     0.0000000000000000
    -0.0000000000000000     0.0000000000000000        0.0204522842873755     0.0000000000000000       -0.0870653506904550     0.0000000000000000
    7    2
    -0.0141644071119662     0.0000000000000000       -0.0000000000000000     0.0000000000000000       -0.0000000000000000     0.0000000000000000
    -0.0000000000000000     0.0000000000000000       -0.0004058190597989     0.0000000000000000        0.0048209254390580     0.0000000000000000
    -0.0000000000000000     0.0000000000000000        0.0044404505421276     0.0000000000000000       -0.0122569538870584     0.0000000000000000
    7    3
     0.0064761686262069     0.0000000000000000        0.0000000000000000     0.0000000000000000        0.0000000000000000     0.0000000000000000
     0.0000000000000000     0.0000000000000000       -0.0199163465749355     0.0000000000000000       -0.0097615204394722     0.0000000000000000
     0.0000000000000000     0.0000000000000000       -0.0086665729169306     0.0000000000000000        0.0033191791531654     0.0000000000000000
    7    4
     0.0063643382323057     0.0000000000000000        0.0000000000000000     0.0000000000000000       -0.0000000000000000     0.0000000000000000
     0.0000000000000000     0.0000000000000000       -0.0029946370391247     0.0000000000000000        0.0164574239981728     0.0000000000000000
    -0.0000000000000000     0.0000000000000000        0.0050619049179864     0.0000000000000000        0.0045888009903325     0.0000000000000000
    7    5
     0.0071446211082974     0.0000000000000000        0.0000000000000000     0.0000000000000000        0.0000000000000000     0.0000000000000000
     0.0000000000000000     0.0000000000000000       -0.0147222114944522     0.0000000000000000       -0.0250383291860373     0.0000000000000000
     0.0000000000000000     0.0000000000000000       -0.0205881258170849     0.0000000000000000       -0.0302585753534682     0.0000000000000000
    7    6
    -0.0089122598261532     0.0000000000000000       -0.0189281303272982     0.0000000000000000        0.0030562545782658     0.0000000000000000
    -0.0241334210353703     0.0000000000000000       -0.0337738580971139     0.0000000000000000        0.0002249045203025     0.0000000000000000
     0.0013333542611250     0.0000000000000000       -0.0027592463653621     0.0000000000000000        0.0052680751192217     0.0000000000000000
    7    7
     0.1121477433802152     0.0000000000000000       -0.0000000000000000     0.0000000000000000        0.0000000000000000     0.0000000000000000
    -0.0000000000000000     0.0000000000000000        0.1300896280623207     0.0000000000000000        0.0069696619124615     0.0000000000000000
     0.0000000000000000     0.0000000000000000        0.0069696619124615     0.0000000000000000        0.1140919425848975     0.0000000000000000
    7    8
    -0.0089122598261533     0.0000000000000000        0.0189281303272983     0.0000000000000000       -0.0030562545782658     0.0000000000000000
     0.0241334210353704     0.0000000000000000       -0.0337738580971138     0.0000000000000000        0.0002249045203025     0.0000000000000000
    -0.0013333542611250     0.0000000000000000       -0.0027592463653621     0.0000000000000000        0.0052680751192217     0.0000000000000000
    7    9
    -0.0050075295712032     0.0000000000000000       -0.0000000000000000     0.0000000000000000       -0.0000000000000000     0.0000000000000000
    -0.0000000000000000     0.0000000000000000       -0.0033851075503738     0.0000000000000000        0.0007831536292438     0.0000000000000000
    -0.0000000000000000     0.0000000000000000        0.0007831536292438     0.0000000000000000       -0.0046210710185442     0.0000000000000000
    7   10
    -0.0009260424363928     0.0000000000000000       -0.0029468601638036     0.0000000000000000       -0.0060033927554276     0.0000000000000000
    -0.0125057478327250     0.0000000000000000        0.0079955249500849     0.0000000000000000       -0.0074639174457365     0.0000000000000000
    -0.0094656384974713     0.0000000000000000       -0.0014671319122276     0.0000000000000000        0.0008329389913435     0.0000000000000000
    7   11
    -0.0009260424363928     0.0000000000000000        0.0029468601638036     0.0000000000000000        0.0060033927554276     0.0000000000000000
     0.0125057478327250     0.0000000000000000        0.0079955249500850     0.0000000000000000       -0.0074639174457365     0.0000000000000000
     0.0094656384974713     0.0000000000000000       -0.0014671319122276     0.0000000000000000        0.0008329389913435     0.0000000000000000
    8    1
    -0.0511527125718728     0.0000000000000000       -0.0243247007436393     0.0000000000000000        0.0175341656338528     0.0000000000000000
    -0.0243247007436393     0.0000000000000000       -0.0792404576164704     0.0000000000000000       -0.0101233552487206     0.0000000000000000
     0.0177121977582880     0.0000000000000000       -0.0102261421436876     0.0000000000000000       -0.0870653506904550     0.0000000000000000
    8    2
    -0.0038454660728407     0.0000000000000000       -0.0059576433866911     0.0000000000000000        0.0041750438999747     0.0000000000000000
    -0.0059576433866911     0.0000000000000000       -0.0107247600989249     0.0000000000000000       -0.0024104627195290     0.0000000000000000
     0.0038455429737307     0.0000000000000000       -0.0022202252710638     0.0000000000000000       -0.0122569538870584     0.0000000000000000
    8    3
    -0.0133182177746492     0.0000000000000000        0.0114282943169780     0.0000000000000000       -0.0084537246801437     0.0000000000000000
     0.0114282943169780     0.0000000000000000       -0.0001219601740785     0.0000000000000000        0.0048807602197361     0.0000000000000000
    -0.0075054723098119     0.0000000000000000        0.0043332864584653     0.0000000000000000        0.0033191791531654     0.0000000000000000
    8    4
    -0.0006548932212670     0.0000000000000000        0.0040525551692245     0.0000000000000000        0.0142525472632690     0.0000000000000000
     0.0040525551692246     0.0000000000000000        0.0040245944144484     0.0000000000000000       -0.0082287119990864     0.0000000000000000
     0.0043837382505175     0.0000000000000000       -0.0025309524589932     0.0000000000000000        0.0045888009903325     0.0000000000000000
    8    5
    -0.0092555033437643     0.0000000000000000        0.0094686162671415     0.0000000000000000       -0.0216838291434252     0.0000000000000000
     0.0094686162671415     0.0000000000000000        0.0016779129576102     0.0000000000000000        0.0125191645930187     0.0000000000000000
    -0.0178298399739054     0.0000000000000000        0.0102940629085425     0.0000000000000000       -0.0302585753534682     0.0000000000000000
    8    6
    -0.0462046572325918     0.0000000000000000       -0.0026026453540361     0.0000000000000000        0.0017229003171408     0.0000000000000000
     0.0026026453540360     0.0000000000000000        0.0035185393093264     0.0000000000000000        0.0025343418450595     0.0000000000000000
    -0.0017229003171409     0.0000000000000000        0.0025343418450595     0.0000000000000000        0.0052680751192217     0.0000000000000000
    8    7
    -0.0089122598261533     0.0000000000000000        0.0241334210353704     0.0000000000000000       -0.0013333542611250     0.0000000000000000
     0.0189281303272982     0.0000000000000000       -0.0337738580971138     0.0000000000000000       -0.0027592463653621     0.0000000000000000
    -0.0030562545782658     0.0000000000000000        0.0002249045203025     0.0000000000000000        0.0052680751192217     0.0000000000000000
    8    8
     0.1256041568917898     0.0000000000000000       -0.0077690639632347     0.0000000000000000        0.0060359042719805     0.0000000000000000
    -0.0077690639632347     0.0000000000000000        0.1166332145507455     0.0000000000000000       -0.0034848309562309     0.0000000000000000
     0.0060359042719805     0.0000000000000000       -0.0034848309562309     0.0000000000000000        0.1140919425848975     0.0000000000000000
    8    9
    -0.0009260424363928     0.0000000000000000       -0.0125057478327250     0.0000000000000000       -0.0094656384974713     0.0000000000000000
    -0.0029468601638036     0.0000000000000000        0.0079955249500849     0.0000000000000000       -0.0014671319122276     0.0000000000000000
    -0.0060033927554276     0.0000000000000000       -0.0074639174457365     0.0000000000000000        0.0008329389913435     0.0000000000000000
    8   10
    -0.0037907130555811     0.0000000000000000       -0.0007025293428489     0.0000000000000000        0.0006782309379911     0.0000000000000000
    -0.0007025293428489     0.0000000000000000       -0.0046019240659961     0.0000000000000000       -0.0003915768146219     0.0000000000000000
     0.0006782309379911     0.0000000000000000       -0.0003915768146219     0.0000000000000000       -0.0046210710185442     0.0000000000000000
    8   11
     0.0124563086433232     0.0000000000000000        0.0047794438344607     0.0000000000000000       -0.0034622457420437     0.0000000000000000
    -0.0047794438344607     0.0000000000000000       -0.0053868261296318     0.0000000000000000        0.0089310493579641     0.0000000000000000
     0.0034622457420437     0.0000000000000000        0.0089310493579641     0.0000000000000000        0.0008329389913436     0.0000000000000000
    9    1
    -0.0932843301387636     0.0000000000000000       -0.0000000000000001     0.0000000000000000       -0.0000000000000000     0.0000000000000000
    -0.0000000000000001     0.0000000000000000       -0.0371088400495778     0.0000000000000000        0.0202467104974414     0.0000000000000000
    -0.0000000000000000     0.0000000000000000        0.0204522842873755     0.0000000000000000       -0.0870653506904550     0.0000000000000000
    9    2
     0.0064761686262069     0.0000000000000000        0.0000000000000000     0.0000000000000000        0.0000000000000000     0.0000000000000000
     0.0000000000000000     0.0000000000000000       -0.0199163465749355     0.0000000000000000       -0.0097615204394722     0.0000000000000000
     0.0000000000000000     0.0000000000000000       -0.0086665729169306     0.0000000000000000        0.0033191791531654     0.0000000000000000
    9    3
    -0.0141644071119662     0.0000000000000000       -0.0000000000000000     0.0000000000000000       -0.0000000000000000     0.0000000000000000
    -0.0000000000000000     0.0000000000000000       -0.0004058190597989     0.0000000000000000        0.0048209254390580     0.0000000000000000
    -0.0000000000000000     0.0000000000000000        0.0044404505421276     0.0000000000000000       -0.0122569538870584     0.0000000000000000
    9    4
     0.0071446211082974     0.0000000000000000        0.0000000000000000     0.0000000000000000        0.0000000000000000     0.0000000000000000
     0.0000000000000000     0.0000000000000000       -0.0147222114944522     0.0000000000000000       -0.0250383291860373     0.0000000000000000
     0.0000000000000000     0.0000000000000000       -0.0205881258170849     0.0000000000000000       -0.0302585753534682     0.0000000000000000
    9    5
     0.0063643382323057     0.0000000000000000        0.0000000000000000     0.0000000000000000       -0.0000000000000000     0.0000000000000000
     0.0000000000000000     0.0000000000000000       -0.0029946370391247     0.0000000000000000        0.0164574239981728     0.0000000000000000
    -0.0000000000000000     0.0000000000000000        0.0050619049179864     0.0000000000000000        0.0045888009903325     0.0000000000000000
    9    6
    -0.0009260424363928     0.0000000000000000        0.0029468601638036     0.0000000000000000        0.0060033927554276     0.0000000000000000
     0.0125057478327250     0.0000000000000000        0.0079955249500850     0.0000000000000000       -0.0074639174457365     0.0000000000000000
     0.0094656384974713     0.0000000000000000       -0.0014671319122276     0.0000000000000000        0.0008329389913435     0.0000000000000000
    9    7
    -0.0050075295712032     0.0000000000000000       -0.0000000000000000     0.0000000000000000       -0.0000000000000000     0.0000000000000000
    -0.0000000000000000     0.0000000000000000       -0.0033851075503738     0.0000000000000000        0.0007831536292438     0.0000000000000000
    -0.0000000000000000     0.0000000000000000        0.0007831536292438     0.0000000000000000       -0.0046210710185442     0.0000000000000000
    9    8
    -0.0009260424363928     0.0000000000000000       -0.0029468601638036     0.0000000000000000       -0.0060033927554276     0.0000000000000000
    -0.0125057478327250     0.0000000000000000        0.0079955249500849     0.0000000000000000       -0.0074639174457365     0.0000000000000000
    -0.0094656384974713     0.0000000000000000       -0.0014671319122276     0.0000000000000000        0.0008329389913435     0.0000000000000000
    9    9
     0.1121477433802151     0.0000000000000000       -0.0000000000000000     0.0000000000000000        0.0000000000000000     0.0000000000000000
    -0.0000000000000000     0.0000000000000000        0.1300896280623207     0.0000000000000000        0.0069696619124615     0.0000000000000000
     0.0000000000000000     0.0000000000000000        0.0069696619124615     0.0000000000000000        0.1140919425848975     0.0000000000000000
    9   10
    -0.0089122598261533     0.0000000000000000        0.0189281303272983     0.0000000000000000       -0.0030562545782658     0.0000000000000000
     0.0241334210353704     0.0000000000000000       -0.0337738580971138     0.0000000000000000        0.0002249045203025     0.0000000000000000
    -0.0013333542611250     0.0000000000000000       -0.0027592463653621     0.0000000000000000        0.0052680751192217     0.0000000000000000
    9   11
    -0.0089122598261532     0.0000000000000000       -0.0189281303272982     0.0000000000000000        0.0030562545782658     0.0000000000000000
    -0.0241334210353703     0.0000000000000000       -0.0337738580971139     0.0000000000000000        0.0002249045203025     0.0000000000000000
     0.0013333542611250     0.0000000000000000       -0.0027592463653621     0.0000000000000000        0.0052680751192217     0.0000000000000000
   10    1
    -0.0511527125718728     0.0000000000000000       -0.0243247007436393     0.0000000000000000        0.0175341656338528     0.0000000000000000
    -0.0243247007436393     0.0000000000000000       -0.0792404576164704     0.0000000000000000       -0.0101233552487206     0.0000000000000000
     0.0177121977582880     0.0000000000000000       -0.0102261421436876     0.0000000000000000       -0.0870653506904550     0.0000000000000000
   10    2
    -0.0133182177746492     0.0000000000000000        0.0114282943169780     0.0000000000000000       -0.0084537246801437     0.0000000000000000
     0.0114282943169780     0.0000000000000000       -0.0001219601740785     0.0000000000000000        0.0048807602197361     0.0000000000000000
    -0.0075054723098119     0.0000000000000000        0.0043332864584653     0.0000000000000000        0.0033191791531654     0.0000000000000000
   10    3
    -0.0038454660728407     0.0000000000000000       -0.0059576433866911     0.0000000000000000        0.0041750438999747     0.0000000000000000
    -0.0059576433866911     0.0000000000000000       -0.0107247600989249     0.0000000000000000       -0.0024104627195290     0.0000000000000000
     0.0038455429737307     0.0000000000000000       -0.0022202252710638     0.0000000000000000       -0.0122569538870584     0.0000000000000000
   10    4
    -0.0092555033437643     0.0000000000000000        0.0094686162671415     0.0000000000000000       -0.0216838291434252     0.0000000000000000
     0.0094686162671415     0.0000000000000000        0.0016779129576102     0.0000000000000000        0.0125191645930187     0.0000000000000000
    -0.0178298399739054     0.0000000000000000        0.0102940629085425     0.0000000000000000       -0.0302585753534682     0.0000000000000000
   10    5
    -0.0006548932212670     0.0000000000000000        0.0040525551692245     0.0000000000000000        0.0142525472632690     0.0000000000000000
     0.0040525551692246     0.0000000000000000        0.0040245944144484     0.0000000000000000       -0.0082287119990864     0.0000000000000000
     0.0043837382505175     0.0000000000000000       -0.0025309524589932     0.0000000000000000        0.0045888009903325     0.0000000000000000
   10    6
     0.0124563086433232     0.0000000000000000        0.0047794438344607     0.0000000000000000       -0.0034622457420437     0.0000000000000000
    -0.0047794438344607     0.0000000000000000       -0.0053868261296318     0.0000000000000000        0.0089310493579641     0.0000000000000000
     0.0034622457420437     0.0000000000000000        0.0089310493579641     0.0000000000000000        0.0008329389913436     0.0000000000000000
   10    7
    -0.0009260424363928     0.0000000000000000       -0.0125057478327250     0.0000000000000000       -0.0094656384974713     0.0000000000000000
    -0.0029468601638036     0.0000000000000000        0.0079955249500849     0.0000000000000000       -0.0014671319122276     0.0000000000000000
    -0.0060033927554276     0.0000000000000000       -0.0074639174457365     0.0000000000000000        0.0008329389913435     0.0000000000000000
   10    8
    -0.0037907130555811     0.0000000000000000       -0.0007025293428489     0.0000000000000000        0.0006782309379911     0.0000000000000000
    -0.0007025293428489     0.0000000000000000       -0.0046019240659961     0.0000000000000000       -0.0003915768146219     0.0000000000000000
     0.0006782309379911     0.0000000000000000       -0.0003915768146219     0.0000000000000000       -0.0046210710185442     0.0000000000000000
   10    9
    -0.0089122598261533     0.0000000000000000        0.0241334210353704     0.0000000000000000       -0.0013333542611250     0.0000000000000000
     0.0189281303272982     0.0000000000000000       -0.0337738580971138     0.0000000000000000       -0.0027592463653621     0.0000000000000000
    -0.0030562545782658     0.0000000000000000        0.0002249045203025     0.0000000000000000        0.0052680751192217     0.0000000000000000
   10   10
     0.1256041568917898     0.0000000000000000       -0.0077690639632347     0.0000000000000000        0.0060359042719804     0.0000000000000000
    -0.0077690639632347     0.0000000000000000        0.1166332145507455     0.0000000000000000       -0.0034848309562309     0.0000000000000000
     0.0060359042719805     0.0000000000000000       -0.0034848309562309     0.0000000000000000        0.1140919425848975     0.0000000000000000
   10   11
    -0.0462046572325918     0.0000000000000000       -0.0026026453540361     0.0000000000000000        0.0017229003171408     0.0000000000000000
     0.0026026453540360     0.0000000000000000        0.0035185393093264     0.0000000000000000        0.0025343418450595     0.0000000000000000
    -0.0017229003171409     0.0000000000000000        0.0025343418450595     0.0000000000000000        0.0052680751192217     0.0000000000000000
   11    1
    -0.0511527125718729     0.0000000000000000        0.0243247007436393     0.0000000000000000       -0.0175341656338528     0.0000000000000000
     0.0243247007436393     0.0000000000000000       -0.0792404576164703     0.0000000000000000       -0.0101233552487206     0.0000000000000000
    -0.0177121977582880     0.0000000000000000       -0.0102261421436876     0.0000000000000000       -0.0870653506904550     0.0000000000000000
   11    2
    -0.0133182177746492     0.0000000000000000       -0.0114282943169780     0.0000000000000000        0.0084537246801437     0.0000000000000000
    -0.0114282943169780     0.0000000000000000       -0.0001219601740785     0.0000000000000000        0.0048807602197361     0.0000000000000000
     0.0075054723098119     0.0000000000000000        0.0043332864584653     0.0000000000000000        0.0033191791531654     0.0000000000000000
   11    3
    -0.0038454660728407     0.0000000000000000        0.0059576433866911     0.0000000000000000       -0.0041750438999747     0.0000000000000000
     0.0059576433866912     0.0000000000000000       -0.0107247600989249     0.0000000000000000       -0.0024104627195290     0.0000000000000000
    -0.0038455429737307     0.0000000000000000       -0.0022202252710638     0.0000000000000000       -0.0122569538870584     0.0000000000000000
   11    4
    -0.0092555033437643     0.0000000000000000       -0.0094686162671415     0.0000000000000000        0.0216838291434252     0.0000000000000000
    -0.0094686162671415     0.0000000000000000        0.0016779129576102     0.0000000000000000        0.0125191645930188     0.0000000000000000
     0.0178298399739053     0.0000000000000000        0.0102940629085425     0.0000000000000000       -0.0302585753534682     0.0000000000000000
   11    5
    -0.0006548932212669     0.0000000000000000       -0.0040525551692246     0.0000000000000000       -0.0142525472632690     0.0000000000000000
    -0.0040525551692246     0.0000000000000000        0.0040245944144484     0.0000000000000000       -0.0082287119990864     0.0000000000000000
    -0.0043837382505175     0.0000000000000000       -0.0025309524589932     0.0000000000000000        0.0045888009903325     0.0000000000000000
   11    6
    -0.0037907130555811     0.0000000000000000        0.0007025293428489     0.0000000000000000       -0.0006782309379911     0.0000000000000000
     0.0007025293428489     0.0000000000000000       -0.0046019240659961     0.0000000000000000       -0.0003915768146219     0.0000000000000000
    -0.0006782309379911     0.0000000000000000       -0.0003915768146219     0.0000000000000000       -0.0046210710185442     0.0000000000000000
   11    7
    -0.0009260424363928     0.0000000000000000        0.0125057478327250     0.0000000000000000        0.0094656384974713     0.0000000000000000
     0.0029468601638036     0.0000000000000000        0.0079955249500850     0.0000000000000000       -0.0014671319122276     0.0000000000000000
     0.0060033927554276     0.0000000000000000       -0.0074639174457365     0.0000000000000000        0.0008329389913435     0.0000000000000000
   11    8
     0.0124563086433232     0.0000000000000000       -0.0047794438344607     0.0000000000000000        0.0034622457420437     0.0000000000000000
     0.0047794438344607     0.0000000000000000       -0.0053868261296318     0.0000000000000000        0.0089310493579641     0.0000000000000000
    -0.0034622457420437     0.0000000000000000        0.0089310493579641     0.0000000000000000        0.0008329389913436     0.0000000000000000
   11    9
    -0.0089122598261532     0.0000000000000000       -0.0241334210353703     0.0000000000000000        0.0013333542611250     0.0000000000000000
    -0.0189281303272982     0.0000000000000000       -0.0337738580971139     0.0000000000000000       -0.0027592463653621     0.0000000000000000
     0.0030562545782658     0.0000000000000000        0.0002249045203025     0.0000000000000000        0.0052680751192217     0.0000000000000000
   11   10
    -0.0462046572325918     0.0000000000000000        0.0026026453540360     0.0000000000000000       -0.0017229003171409     0.0000000000000000
    -0.0026026453540361     0.0000000000000000        0.0035185393093264     0.0000000000000000        0.0025343418450595     0.0000000000000000
     0.0017229003171408     0.0000000000000000        0.0025343418450595     0.0000000000000000        0.0052680751192217     0.0000000000000000
   11   11
     0.1256041568917898     0.0000000000000000        0.0077690639632347     0.0000000000000000       -0.0060359042719804     0.0000000000000000
     0.0077690639632347     0.0000000000000000        0.1166332145507456     0.0000000000000000       -0.0034848309562309     0.0000000000000000
    -0.0060359042719804     0.0000000000000000       -0.0034848309562309     0.0000000000000000        0.1140919425848975     0.0000000000000000

     Diagonalizing the dynamical matrix

     q = (     0.000000000000     0.000000000000     0.000000000000 )

***************************************************************************
   freq (    1) =    -0.00000107 [THz] =    -0.00003584 [cm-1]
(   0.000000  0.000000   0.265029  0.000000  -0.143766  0.000000 )
(   0.000000  0.000000   0.265029  0.000000  -0.143766  0.000000 )
(   0.000000  0.000000   0.265029  0.000000  -0.143766  0.000000 )
(   0.000000  0.000000   0.265029  0.000000  -0.143766  0.000000 )
(   0.000000  0.000000   0.265029  0.000000  -0.143766  0.000000 )
(   0.000000  0.000000   0.265029  0.000000  -0.143766  0.000000 )
(   0.000000  0.000000   0.265029  0.000000  -0.143766  0.000000 )
(   0.000000  0.000000   0.265029  0.000000  -0.143766  0.000000 )
(   0.000000  0.000000   0.265029  0.000000  -0.143766  0.000000 )
(   0.000000  0.000000   0.265029  0.000000  -0.143766  0.000000 )
(   0.000000  0.000000   0.265029  0.000000  -0.143766  0.000000 )
   freq (    2) =     0.00000022 [THz] =     0.00000740 [cm-1]
(  -0.301511  0.000000   0.000000  0.000000  -0.000000  0.000000 )
(  -0.301511  0.000000   0.000000  0.000000  -0.000000  0.000000 )
(  -0.301511  0.000000   0.000000  0.000000  -0.000000  0.000000 )
(  -0.301511  0.000000   0.000000  0.000000  -0.000000  0.000000 )
(  -0.301511  0.000000   0.000000  0.000000  -0.000000  0.000000 )
(  -0.301511  0.000000   0.000000  0.000000  -0.000000  0.000000 )
(  -0.301511  0.000000   0.000000  0.000000  -0.000000  0.000000 )
(  -0.301511  0.000000   0.000000  0.000000  -0.000000  0.000000 )
(  -0.301511  0.000000   0.000000  0.000000  -0.000000  0.000000 )
(  -0.301511  0.000000   0.000000  0.000000  -0.000000  0.000000 )
(  -0.301511  0.000000   0.000000  0.000000  -0.000000  0.000000 )
   freq (    3) =     0.00000103 [THz] =     0.00003443 [cm-1]
(   0.000000  0.000000  -0.143766  0.000000  -0.265029  0.000000 )
(   0.000000  0.000000  -0.143766  0.000000  -0.265029  0.000000 )
(  -0.000000  0.000000  -0.143766  0.000000  -0.265029  0.000000 )
(  -0.000000  0.000000  -0.143766  0.000000  -0.265029  0.000000 )
(   0.000000  0.000000  -0.143766  0.000000  -0.265029  0.000000 )
(   0.000000  0.000000  -0.143766  0.000000  -0.265029  0.000000 )
(   0.000000  0.000000  -0.143766  0.000000  -0.265029  0.000000 )
(  -0.000000  0.000000  -0.143766  0.000000  -0.265029  0.000000 )
(  -0.000000  0.000000  -0.143766  0.000000  -0.265029  0.000000 )
(  -0.000000  0.000000  -0.143766  0.000000  -0.265029  0.000000 )
(  -0.000000  0.000000  -0.143766  0.000000  -0.265029  0.000000 )
   freq (    4) =    25.16821267 [THz] =   839.52108845 [cm-1]
(  -0.000000  0.000000   0.000000  0.000000   0.020504  0.000000 )
(   0.000000  0.000000  -0.000000  0.000000  -0.514282  0.000000 )
(   0.000000  0.000000  -0.000000  0.000000  -0.514282  0.000000 )
(   0.000000  0.000000  -0.000000  0.000000  -0.354341  0.000000 )
(   0.000000  0.000000  -0.000000  0.000000  -0.354341  0.000000 )
(   0.052582  0.000000   0.030358  0.000000  -0.181372  0.000000 )
(   0.000000  0.000000  -0.060717  0.000000  -0.181372  0.000000 )
(  -0.052582  0.000000   0.030358  0.000000  -0.181372  0.000000 )
(   0.000000  0.000000  -0.060717  0.000000  -0.181372  0.000000 )
(  -0.052582  0.000000   0.030358  0.000000  -0.181372  0.000000 )
(   0.052582  0.000000   0.030358  0.000000  -0.181372  0.000000 )
   freq (    5) =    25.51805447 [THz] =   851.19055334 [cm-1]
(   0.020763  0.000000   0.000000  0.000000   0.000000  0.000000 )
(  -0.502614  0.000000   0.000000  0.000000  -0.000000  0.000000 )
(  -0.502614  0.000000  -0.000000  0.000000  -0.000000  0.000000 )
(  -0.169047  0.000000  -0.000000  0.000000  -0.000000  0.000000 )
(  -0.169047  0.000000   0.000000  0.000000  -0.000000  0.000000 )
(  -0.295525  0.000000  -0.073687  0.000000   0.049334  0.000000 )
(  -0.167895  0.000000  -0.000000  0.000000  -0.000000  0.000000 )
(  -0.295525  0.000000   0.073687  0.000000  -0.049334  0.000000 )
(  -0.167895  0.000000  -0.000000  0.000000  -0.000000  0.000000 )
(  -0.295525  0.000000   0.073687  0.000000  -0.049334  0.000000 )
(  -0.295525  0.000000  -0.073687  0.000000   0.049334  0.000000 )
   freq (    6) =    25.51805447 [THz] =   851.19055334 [cm-1]
(  -0.000000  0.000000   0.020763  0.000000  -0.000000  0.000000 )
(   0.000000  0.000000  -0.502614  0.000000   0.000000  0.000000 )
(  -0.000000  0.000000  -0.502614  0.000000  -0.000000  0.000000 )
(   0.000000  0.000000  -0.169047  0.000000   0.000000  0.000000 )
(  -0.000000  0.000000  -0.169047  0.000000  -0.000000  0.000000 )
(  -0.073687  0.000000  -0.210438  0.000000   0.028483  0.000000 )
(  -0.000000  0.000000  -0.338069  0.000000  -0.056966  0.000000 )
(   0.073687  0.000000  -0.210438  0.000000   0.028483  0.000000 )
(   0.000000  0.000000  -0.338069  0.000000  -0.056966  0.000000 )
(   0.073687  0.000000  -0.210438  0.000000   0.028483  0.000000 )
(  -0.073687  0.000000  -0.210438  0.000000   0.028483  0.000000 )
   freq (    7) =    26.04250985 [THz] =   868.68449922 [cm-1]
(  -0.000000  0.000000   0.000000  0.000000  -0.000000  0.000000 )
(  -0.354302  0.000000   0.001768  0.000000  -0.000000  0.000000 )
(   0.354302  0.000000  -0.001768  0.000000   0.000000  0.000000 )
(  -0.096215  0.000000   0.000480  0.000000  -0.000000  0.000000 )
(   0.096215  0.000000  -0.000480  0.000000   0.000000  0.000000 )
(   0.371801  0.000000   0.164472  0.000000  -0.112308  0.000000 )
(   0.086182  0.000000  -0.002336  0.000000  -0.000649  0.000000 )
(   0.373452  0.000000  -0.166285  0.000000   0.112957  0.000000 )
(  -0.086182  0.000000   0.002336  0.000000   0.000649  0.000000 )
(  -0.373452  0.000000   0.166285  0.000000  -0.112957  0.000000 )
(  -0.371801  0.000000  -0.164472  0.000000   0.112308  0.000000 )
   freq (    8) =    26.04250985 [THz] =   868.68449922 [cm-1]
(  -0.000000  0.000000   0.000000  0.000000   0.000000  0.000000 )
(   0.001768  0.000000   0.354302  0.000000  -0.000000  0.000000 )
(  -0.001768  0.000000  -0.354302  0.000000   0.000000  0.000000 )
(   0.000480  0.000000   0.096215  0.000000  -0.000000  0.000000 )
(  -0.000480  0.000000  -0.096215  0.000000   0.000000  0.000000 )
(  -0.167238  0.000000  -0.182489  0.000000   0.065590  0.000000 )
(  -0.000430  0.000000  -0.468108  0.000000  -0.130057  0.000000 )
(   0.163519  0.000000  -0.180838  0.000000   0.064466  0.000000 )
(   0.000430  0.000000   0.468108  0.000000   0.130057  0.000000 )
(  -0.163519  0.000000   0.180838  0.000000  -0.064466  0.000000 )
(   0.167238  0.000000   0.182489  0.000000  -0.065590  0.000000 )
   freq (    9) =    26.35542361 [THz] =   879.12217713 [cm-1]
(  -0.000000  0.000000  -0.000000  0.000000   0.000000  0.000000 )
(  -0.000000  0.000000   0.000000  0.000000   0.375993  0.000000 )
(   0.000000  0.000000  -0.000000  0.000000  -0.375993  0.000000 )
(  -0.000000  0.000000   0.000000  0.000000   0.505789  0.000000 )
(   0.000000  0.000000  -0.000000  0.000000  -0.505789  0.000000 )
(   0.114021  0.000000   0.065830  0.000000  -0.130133  0.000000 )
(   0.000000  0.000000  -0.131660  0.000000  -0.130133  0.000000 )
(  -0.114021  0.000000   0.065830  0.000000  -0.130133  0.000000 )
(  -0.000000  0.000000   0.131660  0.000000   0.130133  0.000000 )
(   0.114021  0.000000  -0.065830  0.000000   0.130133  0.000000 )
(  -0.114021  0.000000  -0.065830  0.000000   0.130133  0.000000 )
   freq (   10) =    28.91093668 [THz] =   964.36490546 [cm-1]
(  -0.000000  0.000000   0.000000  0.000000  -0.000000  0.000000 )
(   0.000000  0.000000  -0.000000  0.000000  -0.499220  0.000000 )
(  -0.000000  0.000000   0.000000  0.000000   0.499220  0.000000 )
(  -0.000000  0.000000   0.000000  0.000000   0.189856  0.000000 )
(   0.000000  0.000000  -0.000000  0.000000  -0.189856  0.000000 )
(  -0.026499  0.000000  -0.015299  0.000000  -0.265785  0.000000 )
(   0.000000  0.000000   0.030599  0.000000  -0.265785  0.000000 )
(   0.026499  0.000000  -0.015299  0.000000  -0.265785  0.000000 )
(  -0.000000  0.000000  -0.030599  0.000000   0.265785  0.000000 )
(  -0.026499  0.000000   0.015299  0.000000   0.265785  0.000000 )
(   0.026499  0.000000   0.015299  0.000000   0.265785  0.000000 )
   freq (   11) =    29.07803437 [THz] =   969.93868368 [cm-1]
(  -0.000000  0.000000   0.000000  0.000000  -0.000000  0.000000 )
(  -0.513719  0.000000   0.000118  0.000000  -0.000000  0.000000 )
(   0.513719  0.000000  -0.000118  0.000000   0.000000  0.000000 )
(   0.303428  0.000000  -0.000070  0.000000   0.000000  0.000000 )
(  -0.303428  0.000000   0.000070  0.000000  -0.000000  0.000000 )
(  -0.192312  0.000000   0.038578  0.000000  -0.000349  0.000000 )
(  -0.259028  0.000000   0.000039  0.000000  -0.000000  0.000000 )
(  -0.192294  0.000000  -0.038469  0.000000   0.000349  0.000000 )
(   0.259028  0.000000  -0.000039  0.000000   0.000000  0.000000 )
(   0.192294  0.000000   0.038469  0.000000  -0.000349  0.000000 )
(   0.192312  0.000000  -0.038578  0.000000   0.000349  0.000000 )
   freq (   12) =    29.07803437 [THz] =   969.93868368 [cm-1]
(  -0.000000  0.000000   0.000000  0.000000   0.000000  0.000000 )
(   0.000118  0.000000   0.513719  0.000000  -0.000000  0.000000 )
(  -0.000118  0.000000  -0.513719  0.000000   0.000000  0.000000 )
(  -0.000070  0.000000  -0.303428  0.000000   0.000000  0.000000 )
(   0.000070  0.000000   0.303428  0.000000  -0.000000  0.000000 )
(  -0.038479  0.000000   0.236777  0.000000   0.000202  0.000000 )
(   0.000060  0.000000   0.170061  0.000000  -0.000403  0.000000 )
(   0.038568  0.000000   0.236795  0.000000   0.000202  0.000000 )
(  -0.000060  0.000000  -0.170061  0.000000   0.000403  0.000000 )
(  -0.038568  0.000000  -0.236795  0.000000  -0.000202  0.000000 )
(   0.038479  0.000000  -0.236777  0.000000  -0.000202  0.000000 )
   freq (   13) =    31.81176032 [THz] =  1061.12595309 [cm-1]
(   0.000000  0.000000   0.000000  0.000000   0.000000  0.000000 )
(  -0.034445  0.000000   0.000894  0.000000  -0.000000  0.000000 )
(   0.034445  0.000000  -0.000894  0.000000   0.000000  0.000000 )
(  -0.409416  0.000000   0.010627  0.000000  -0.000000  0.000000 )
(   0.409416  0.000000  -0.010627  0.000000  -0.000000  0.000000 )
(  -0.159638  0.000000   0.011296  0.000000  -0.348600  0.000000 )
(  -0.171494  0.000000   0.004035  0.000000  -0.010607  0.000000 )
(  -0.159278  0.000000  -0.002602  0.000000   0.359207  0.000000 )
(   0.171494  0.000000  -0.004035  0.000000   0.010607  0.000000 )
(   0.159278  0.000000   0.002602  0.000000  -0.359207  0.000000 )
(   0.159638  0.000000  -0.011296  0.000000   0.348600  0.000000 )
   freq (   14) =    31.81176032 [THz] =  1061.12595309 [cm-1]
(   0.000000  0.000000  -0.000000  0.000000   0.000000  0.000000 )
(   0.000894  0.000000   0.034445  0.000000  -0.000000  0.000000 )
(  -0.000894  0.000000  -0.034445  0.000000   0.000000  0.000000 )
(   0.010627  0.000000   0.409416  0.000000   0.000000  0.000000 )
(  -0.010627  0.000000  -0.409416  0.000000  -0.000000  0.000000 )
(  -0.002810  0.000000   0.167302  0.000000   0.213512  0.000000 )
(   0.004451  0.000000   0.155446  0.000000  -0.408652  0.000000 )
(   0.011088  0.000000   0.167663  0.000000   0.195140  0.000000 )
(  -0.004451  0.000000  -0.155446  0.000000   0.408652  0.000000 )
(  -0.011088  0.000000  -0.167663  0.000000  -0.195140  0.000000 )
(   0.002810  0.000000  -0.167302  0.000000  -0.213512  0.000000 )
   freq (   15) =    32.00982055 [THz] =  1067.73253025 [cm-1]
(  -0.000376  0.000000  -0.000000  0.000000  -0.000000  0.000000 )
(  -0.015478  0.000000  -0.000000  0.000000   0.000000  0.000000 )
(  -0.015478  0.000000  -0.000000  0.000000   0.000000  0.000000 )
(   0.429099  0.000000   0.000000  0.000000   0.000000  0.000000 )
(   0.429099  0.000000   0.000000  0.000000  -0.000000  0.000000 )
(  -0.135376  0.000000  -0.010638  0.000000  -0.364058  0.000000 )
(  -0.116951  0.000000  -0.000000  0.000000   0.000000  0.000000 )
(  -0.135376  0.000000   0.010638  0.000000   0.364058  0.000000 )
(  -0.116951  0.000000  -0.000000  0.000000   0.000000  0.000000 )
(  -0.135376  0.000000   0.010638  0.000000   0.364058  0.000000 )
(  -0.135376  0.000000  -0.010638  0.000000  -0.364058  0.000000 )
   freq (   16) =    32.00982055 [THz] =  1067.73253025 [cm-1]
(   0.000000  0.000000  -0.000376  0.000000   0.000000  0.000000 )
(   0.000000  0.000000  -0.015478  0.000000  -0.000000  0.000000 )
(   0.000000  0.000000  -0.015478  0.000000  -0.000000  0.000000 )
(  -0.000000  0.000000   0.429099  0.000000   0.000000  0.000000 )
(  -0.000000  0.000000   0.429099  0.000000   0.000000  0.000000 )
(  -0.010638  0.000000  -0.123093  0.000000  -0.210189  0.000000 )
(   0.000000  0.000000  -0.141518  0.000000   0.420378  0.000000 )
(   0.010638  0.000000  -0.123093  0.000000  -0.210189  0.000000 )
(   0.000000  0.000000  -0.141518  0.000000   0.420378  0.000000 )
(   0.010638  0.000000  -0.123093  0.000000  -0.210189  0.000000 )
(  -0.010638  0.000000  -0.123093  0.000000  -0.210189  0.000000 )
   freq (   17) =    32.06046904 [THz] =  1069.42198184 [cm-1]
(  -0.000000  0.000000   0.000000  0.000000   0.000000  0.000000 )
(   0.000000  0.000000   0.000000  0.000000  -0.000000  0.000000 )
(  -0.000000  0.000000   0.000000  0.000000   0.000000  0.000000 )
(   0.000000  0.000000  -0.000000  0.000000   0.000000  0.000000 )
(  -0.000000  0.000000  -0.000000  0.000000   0.000000  0.000000 )
(   0.204124  0.000000  -0.353553  0.000000   0.000000  0.000000 )
(  -0.408248  0.000000   0.000000  0.000000  -0.000000  0.000000 )
(   0.204124  0.000000   0.353553  0.000000   0.000000  0.000000 )
(   0.408248  0.000000   0.000000  0.000000  -0.000000  0.000000 )
(  -0.204124  0.000000  -0.353553  0.000000   0.000000  0.000000 )
(  -0.204124  0.000000   0.353553  0.000000  -0.000000  0.000000 )
   freq (   18) =    32.43404872 [THz] =  1081.88325666 [cm-1]
(  -0.000000  0.000000  -0.000000  0.000000   0.000000  0.000000 )
(   0.000000  0.000000  -0.000000  0.000000   0.000000  0.000000 )
(   0.000000  0.000000   0.000000  0.000000  -0.000000  0.000000 )
(  -0.000000  0.000000   0.000000  0.000000   0.000000  0.000000 )
(  -0.000000  0.000000   0.000000  0.000000   0.000000  0.000000 )
(  -0.204124  0.000000   0.353553  0.000000  -0.000000  0.000000 )
(   0.408248  0.000000  -0.000000  0.000000   0.000000  0.000000 )
(  -0.204124  0.000000  -0.353553  0.000000   0.000000  0.000000 )
(   0.408248  0.000000  -0.000000  0.000000   0.000000  0.000000 )
(  -0.204124  0.000000  -0.353553  0.000000   0.000000  0.000000 )
(  -0.204124  0.000000   0.353553  0.000000  -0.000000  0.000000 )
   freq (   19) =    33.94267770 [THz] =  1132.20569573 [cm-1]
(  -0.000021  0.000000  -0.000000  0.000000   0.000000  0.000000 )
(   0.012118  0.000000   0.000000  0.000000   0.000000  0.000000 )
(   0.012118  0.000000   0.000000  0.000000   0.000000  0.000000 )
(  -0.370806  0.000000  -0.000000  0.000000  -0.000000  0.000000 )
(  -0.370806  0.000000  -0.000000  0.000000  -0.000000  0.000000 )
(   0.000083  0.000000  -0.207791  0.000000  -0.270564  0.000000 )
(   0.359989  0.000000  -0.000000  0.000000   0.000000  0.000000 )
(   0.000083  0.000000   0.207791  0.000000   0.270564  0.000000 )
(   0.359989  0.000000  -0.000000  0.000000   0.000000  0.000000 )
(   0.000083  0.000000   0.207791  0.000000   0.270564  0.000000 )
(   0.000083  0.000000  -0.207791  0.000000  -0.270564  0.000000 )
   freq (   20) =    33.94267770 [THz] =  1132.20569573 [cm-1]
(   0.000000  0.000000  -0.000021  0.000000   0.000000  0.000000 )
(  -0.000000  0.000000   0.012118  0.000000  -0.000000  0.000000 )
(  -0.000000  0.000000   0.012118  0.000000  -0.000000  0.000000 )
(   0.000000  0.000000  -0.370806  0.000000   0.000000  0.000000 )
(   0.000000  0.000000  -0.370806  0.000000  -0.000000  0.000000 )
(  -0.207791  0.000000   0.240020  0.000000  -0.156210  0.000000 )
(  -0.000000  0.000000  -0.119885  0.000000   0.312420  0.000000 )
(   0.207791  0.000000   0.240020  0.000000  -0.156210  0.000000 )
(  -0.000000  0.000000  -0.119885  0.000000   0.312420  0.000000 )
(   0.207791  0.000000   0.240020  0.000000  -0.156210  0.000000 )
(  -0.207791  0.000000   0.240020  0.000000  -0.156210  0.000000 )
   freq (   21) =    35.33106368 [THz] =  1178.51726020 [cm-1]
(  -0.000000  0.000000   0.000000  0.000000   0.007325  0.000000 )
(  -0.000000  0.000000   0.000000  0.000000   0.491413  0.000000 )
(  -0.000000  0.000000   0.000000  0.000000   0.491413  0.000000 )
(   0.000000  0.000000  -0.000000  0.000000  -0.324953  0.000000 )
(   0.000000  0.000000  -0.000000  0.000000  -0.324953  0.000000 )
(   0.026158  0.000000   0.015102  0.000000  -0.223722  0.000000 )
(   0.000000  0.000000  -0.030204  0.000000  -0.223722  0.000000 )
(  -0.026158  0.000000   0.015102  0.000000  -0.223722  0.000000 )
(   0.000000  0.000000  -0.030204  0.000000  -0.223722  0.000000 )
(  -0.026158  0.000000   0.015102  0.000000  -0.223722  0.000000 )
(   0.026158  0.000000   0.015102  0.000000  -0.223722  0.000000 )
   freq (   22) =    35.56963987 [THz] =  1186.47530432 [cm-1]
(   0.006855  0.000000   0.000000  0.000000   0.000000  0.000000 )
(   0.502761  0.000000   0.000000  0.000000   0.000000  0.000000 )
(   0.502761  0.000000   0.000000  0.000000   0.000000  0.000000 )
(  -0.188936  0.000000  -0.000000  0.000000  -0.000000  0.000000 )
(  -0.188936  0.000000  -0.000000  0.000000  -0.000000  0.000000 )
(  -0.281963  0.000000  -0.034490  0.000000   0.019274  0.000000 )
(  -0.222223  0.000000  -0.000000  0.000000  -0.000000  0.000000 )
(  -0.281963  0.000000   0.034490  0.000000  -0.019274  0.000000 )
(  -0.222223  0.000000  -0.000000  0.000000  -0.000000  0.000000 )
(  -0.281963  0.000000   0.034490  0.000000  -0.019274  0.000000 )
(  -0.281963  0.000000  -0.034490  0.000000   0.019274  0.000000 )
   freq (   23) =    35.56963987 [THz] =  1186.47530432 [cm-1]
(  -0.000000  0.000000   0.006855  0.000000  -0.000000  0.000000 )
(  -0.000000  0.000000   0.502761  0.000000  -0.000000  0.000000 )
(  -0.000000  0.000000   0.502761  0.000000  -0.000000  0.000000 )
(   0.000000  0.000000  -0.188936  0.000000   0.000000  0.000000 )
(  -0.000000  0.000000  -0.188936  0.000000   0.000000  0.000000 )
(  -0.034490  0.000000  -0.242137  0.000000   0.011128  0.000000 )
(   0.000000  0.000000  -0.301876  0.000000  -0.022255  0.000000 )
(   0.034490  0.000000  -0.242137  0.000000   0.011128  0.000000 )
(   0.000000  0.000000  -0.301876  0.000000  -0.022255  0.000000 )
(   0.034490  0.000000  -0.242137  0.000000   0.011128  0.000000 )
(  -0.034490  0.000000  -0.242137  0.000000   0.011128  0.000000 )
   freq (   24) =    41.53152907 [THz] =  1385.34249333 [cm-1]
(  -0.000000  0.000000  -0.000000  0.000000  -0.000000  0.000000 )
(   0.004692  0.000000  -0.000199  0.000000   0.000000  0.000000 )
(  -0.004692  0.000000   0.000199  0.000000  -0.000000  0.000000 )
(  -0.348494  0.000000   0.014746  0.000000   0.000000  0.000000 )
(   0.348494  0.000000  -0.014746  0.000000   0.000000  0.000000 )
(  -0.011789  0.000000   0.212175  0.000000   0.285256  0.000000 )
(  -0.353387  0.000000  -0.004802  0.000000   0.014287  0.000000 )
(   0.005319  0.000000  -0.192146  0.000000  -0.299543  0.000000 )
(   0.353387  0.000000   0.004802  0.000000  -0.014287  0.000000 )
(  -0.005319  0.000000   0.192146  0.000000   0.299543  0.000000 )
(   0.011789  0.000000  -0.212175  0.000000  -0.285256  0.000000 )
   freq (   25) =    41.53152907 [THz] =  1385.34249333 [cm-1]
(  -0.000000  0.000000  -0.000000  0.000000  -0.000000  0.000000 )
(  -0.000199  0.000000  -0.004692  0.000000   0.000000  0.000000 )
(   0.000199  0.000000   0.004692  0.000000  -0.000000  0.000000 )
(   0.014746  0.000000   0.348494  0.000000  -0.000000  0.000000 )
(  -0.014746  0.000000  -0.348494  0.000000   0.000000  0.000000 )
(  -0.202023  0.000000   0.228115  0.000000  -0.181190  0.000000 )
(   0.014953  0.000000  -0.113482  0.000000   0.337634  0.000000 )
(   0.202297  0.000000   0.245224  0.000000  -0.156444  0.000000 )
(  -0.014953  0.000000   0.113482  0.000000  -0.337634  0.000000 )
(  -0.202297  0.000000  -0.245224  0.000000   0.156444  0.000000 )
(   0.202023  0.000000  -0.228115  0.000000   0.181190  0.000000 )
   freq (   26) =    44.32093106 [THz] =  1478.38691517 [cm-1]
(  -0.000000  0.000000   0.000000  0.000000  -0.006354  0.000000 )
(   0.000000  0.000000  -0.000000  0.000000   0.058070  0.000000 )
(  -0.000000  0.000000  -0.000000  0.000000   0.058070  0.000000 )
(   0.000000  0.000000  -0.000000  0.000000  -0.397798  0.000000 )
(   0.000000  0.000000  -0.000000  0.000000  -0.397798  0.000000 )
(   0.184968  0.000000   0.106791  0.000000   0.259173  0.000000 )
(   0.000000  0.000000  -0.213582  0.000000   0.259173  0.000000 )
(  -0.184968  0.000000   0.106791  0.000000   0.259173  0.000000 )
(   0.000000  0.000000  -0.213582  0.000000   0.259173  0.000000 )
(  -0.184968  0.000000   0.106791  0.000000   0.259173  0.000000 )
(   0.184968  0.000000   0.106791  0.000000   0.259173  0.000000 )
   freq (   27) =    44.49157772 [THz] =  1484.07907420 [cm-1]
(  -0.006102  0.000000   0.000000  0.000000   0.000000  0.000000 )
(   0.056192  0.000000  -0.000000  0.000000   0.000000  0.000000 )
(   0.056192  0.000000  -0.000000  0.000000  -0.000000  0.000000 )
(   0.331235  0.000000  -0.000000  0.000000   0.000000  0.000000 )
(   0.331235  0.000000  -0.000000  0.000000   0.000000  0.000000 )
(  -0.147938  0.000000  -0.275289  0.000000   0.204460  0.000000 )
(   0.328877  0.000000   0.000000  0.000000  -0.000000  0.000000 )
(  -0.147938  0.000000   0.275289  0.000000  -0.204460  0.000000 )
(   0.328877  0.000000   0.000000  0.000000   0.000000  0.000000 )
(  -0.147938  0.000000   0.275289  0.000000  -0.204460  0.000000 )
(  -0.147938  0.000000  -0.275289  0.000000   0.204460  0.000000 )
   freq (   28) =    44.49157772 [THz] =  1484.07907420 [cm-1]
(   0.000000  0.000000   0.006102  0.000000   0.000000  0.000000 )
(   0.000000  0.000000  -0.056192  0.000000  -0.000000  0.000000 )
(  -0.000000  0.000000  -0.056192  0.000000  -0.000000  0.000000 )
(  -0.000000  0.000000  -0.331235  0.000000   0.000000  0.000000 )
(  -0.000000  0.000000  -0.331235  0.000000   0.000000  0.000000 )
(   0.275289  0.000000  -0.169938  0.000000  -0.118045  0.000000 )
(  -0.000000  0.000000   0.306877  0.000000   0.236090  0.000000 )
(  -0.275289  0.000000  -0.169938  0.000000  -0.118045  0.000000 )
(  -0.000000  0.000000   0.306877  0.000000   0.236090  0.000000 )
(  -0.275289  0.000000  -0.169938  0.000000  -0.118045  0.000000 )
(   0.275289  0.000000  -0.169938  0.000000  -0.118045  0.000000 )
   freq (   29) =    44.97122306 [THz] =  1500.07831827 [cm-1]
(   0.000000  0.000000  -0.000000  0.000000  -0.000000  0.000000 )
(   0.000000  0.000000  -0.000000  0.000000   0.330740  0.000000 )
(  -0.000000  0.000000   0.000000  0.000000  -0.330740  0.000000 )
(   0.000000  0.000000  -0.000000  0.000000  -0.293047  0.000000 )
(  -0.000000  0.000000   0.000000  0.000000   0.293047  0.000000 )
(  -0.165791  0.000000  -0.095720  0.000000  -0.254812  0.000000 )
(  -0.000000  0.000000   0.191439  0.000000  -0.254812  0.000000 )
(   0.165791  0.000000  -0.095720  0.000000  -0.254812  0.000000 )
(  -0.000000  0.000000  -0.191439  0.000000   0.254812  0.000000 )
(  -0.165791  0.000000   0.095720  0.000000   0.254812  0.000000 )
(   0.165791  0.000000   0.095720  0.000000   0.254812  0.000000 )
   freq (   30) =    45.02739472 [THz] =  1501.95200307 [cm-1]
(   0.000000  0.000000  -0.000000  0.000000   0.000000  0.000000 )
(   0.330619  0.000000  -0.006471  0.000000  -0.000000  0.000000 )
(  -0.330619  0.000000   0.006471  0.000000   0.000000  0.000000 )
(   0.330503  0.000000  -0.006469  0.000000   0.000000  0.000000 )
(  -0.330503  0.000000   0.006469  0.000000  -0.000000  0.000000 )
(   0.079319  0.000000   0.238514  0.000000  -0.160403  0.000000 )
(  -0.322853  0.000000  -0.004297  0.000000  -0.003667  0.000000 )
(   0.088513  0.000000  -0.231183  0.000000   0.164070  0.000000 )
(   0.322853  0.000000   0.004297  0.000000   0.003667  0.000000 )
(  -0.088513  0.000000   0.231183  0.000000  -0.164070  0.000000 )
(  -0.079319  0.000000  -0.238514  0.000000   0.160403  0.000000 )
   freq (   31) =    45.02739472 [THz] =  1501.95200307 [cm-1]
(   0.000000  0.000000  -0.000000  0.000000  -0.000000  0.000000 )
(  -0.006471  0.000000  -0.330619  0.000000  -0.000000  0.000000 )
(   0.006471  0.000000   0.330619  0.000000   0.000000  0.000000 )
(  -0.006469  0.000000  -0.330503  0.000000   0.000000  0.000000 )
(   0.006469  0.000000   0.330503  0.000000  -0.000000  0.000000 )
(  -0.236491  0.000000   0.182667  0.000000   0.096843  0.000000 )
(   0.006319  0.000000  -0.219506  0.000000  -0.187335  0.000000 )
(   0.233206  0.000000   0.191860  0.000000   0.090492  0.000000 )
(  -0.006319  0.000000   0.219506  0.000000   0.187335  0.000000 )
(  -0.233206  0.000000  -0.191860  0.000000  -0.090492  0.000000 )
(   0.236491  0.000000  -0.182667  0.000000  -0.096843  0.000000 )
   freq (   32) =    45.91574560 [THz] =  1531.58419450 [cm-1]
(  -0.000000  0.000000  -0.000000  0.000000  -0.000138  0.000000 )
(  -0.000000  0.000000   0.000000  0.000000   0.007190  0.000000 )
(   0.000000  0.000000   0.000000  0.000000   0.007190  0.000000 )
(  -0.000000  0.000000   0.000000  0.000000   0.335121  0.000000 )
(   0.000000  0.000000   0.000000  0.000000   0.335121  0.000000 )
(   0.296110  0.000000   0.170959  0.000000  -0.110931  0.000000 )
(   0.000000  0.000000  -0.341919  0.000000  -0.110931  0.000000 )
(  -0.296110  0.000000   0.170959  0.000000  -0.110931  0.000000 )
(  -0.000000  0.000000  -0.341919  0.000000  -0.110931  0.000000 )
(  -0.296110  0.000000   0.170959  0.000000  -0.110931  0.000000 )
(   0.296110  0.000000   0.170959  0.000000  -0.110931  0.000000 )
   freq (   33) =    58.44677473 [THz] =  1949.57427411 [cm-1]
(   0.000000  0.000000   0.000000  0.000000  -0.000000  0.000000 )
(   0.000000  0.000000   0.000000  0.000000   0.004374  0.000000 )
(  -0.000000  0.000000  -0.000000  0.000000  -0.004374  0.000000 )
(   0.000000  0.000000   0.000000  0.000000   0.349651  0.000000 )
(  -0.000000  0.000000  -0.000000  0.000000  -0.349651  0.000000 )
(  -0.289500  0.000000  -0.167143  0.000000   0.119001  0.000000 )
(  -0.000000  0.000000   0.334286  0.000000   0.119001  0.000000 )
(   0.289500  0.000000  -0.167143  0.000000   0.119001  0.000000 )
(   0.000000  0.000000  -0.334286  0.000000  -0.119001  0.000000 )
(  -0.289500  0.000000   0.167143  0.000000  -0.119001  0.000000 )
(   0.289500  0.000000   0.167143  0.000000  -0.119001  0.000000 )
***************************************************************************
