Dynamical matrix file
File generated with the CellConstructor by Lorenzo Monacelli
2 11 0     1.8897259890000000     0.0000000000000000     0.0000000000000000     0.0000000000000000     0.0000000000000000     0.0000000000000000
Basis vectors
    1.8015423678927434    -1.0401209710593236     2.9437025139199062
   -0.0000000000000025     2.0802419421186427     2.9437025139199093
   -1.8015423678927456    -1.0401209710593249     2.9437025139199049
	1  'La '  126604.5951757480361266
	2  'H '    918.7358275894680446
    1     1    -0.0000000000000003    -0.0000000000000004     4.4155538150180496
    2     2    -0.0000000000000007    -0.0000000000000015     2.2094180414546760
    3     2     0.0000000000000007     0.0000000000000015    -2.2094180414546760
    4     2    -0.0000000000000004    -0.0000000000000002     1.0651587329018717
    5     2     0.0000000000000004     0.0000000000000002    -1.0651587329018717
    6     2     0.9349694818468918     0.5398048814599234     6.2401334657377827
    7     2    -0.0000000000000013    -1.0796097629198529     6.2401334657377809
    8     2    -0.9349694818468964     0.5398048814599213     6.2401334657377827
    9     2    -0.0000000000000015     1.0796097629198509     2.5909741606201431
   10     2     0.9349694818468961    -0.5398048814599264     2.5909741606201440
   11     2    -0.9349694818468954    -0.5398048814599271     2.5909741606201431

     Dynamical Matrix in cartesian axes

     q = (     0.000000000000     0.000000000000     0.000000000000 )

    1    1
     0.6397571788681484     0.0000000000000000        0.0000000000000000     0.0000000000000000       -0.0000000000000001     0.0000000000000000
    -0.0000000000000001     0.0000000000000000        0.6397571788682339     0.0000000000000000       -0.0000000000000003     0.0000000000000000
    -0.0000000000000001     0.0000000000000000       -0.0000000000000003     0.0000000000000000        0.6396066352510551     0.0000000000000000
    1    2
    -0.0315738667858053     0.0000000000000000        0.0000000000000000     0.0000000000000000       -0.0000000000000000     0.0000000000000000
    -0.0000000000000000     0.0000000000000000       -0.0315738667858095     0.0000000000000000        0.0000000000000000     0.0000000000000000
     0.0000000000000000     0.0000000000000000        0.0000000000000000     0.0000000000000000       -0.0305945856184509     0.0000000000000000
    1    3
    -0.0315738667858053     0.0000000000000000       -0.0000000000000000     0.0000000000000000        0.0000000000000000     0.0000000000000000
    -0.0000000000000000     0.0000000000000000       -0.0315738667858095     0.0000000000000000        0.0000000000000000     0.0000000000000000
     0.0000000000000000     0.0000000000000000        0.0000000000000000     0.0000000000000000       -0.0305945856184508     0.0000000000000000
    1    4
    -0.0945602852199205     0.0000000000000000       -0.0000000000000000     0.0000000000000000       -0.0000000000000000     0.0000000000000000
    -0.0000000000000000     0.0000000000000000       -0.0945602852199332     0.0000000000000000       -0.0000000000000000     0.0000000000000000
    -0.0000000000000000     0.0000000000000000       -0.0000000000000000     0.0000000000000000       -0.0272084439069561     0.0000000000000000
    1    5
    -0.0945602852199205     0.0000000000000000       -0.0000000000000000     0.0000000000000000       -0.0000000000000000     0.0000000000000000
    -0.0000000000000000     0.0000000000000000       -0.0945602852199332     0.0000000000000000       -0.0000000000000000     0.0000000000000000
    -0.0000000000000000     0.0000000000000000       -0.0000000000000000     0.0000000000000000       -0.0272084439069561     0.0000000000000000
    1    6
    -0.0502357240055424     0.0000000000000000        0.0248475767706443     0.0000000000000000       -0.0188510933051056     0.0000000000000000
     0.0248475767706442     0.0000000000000000       -0.0789272342800337     0.0000000000000000       -0.0108836837942222     0.0000000000000000
    -0.0190242823394047     0.0000000000000000       -0.0109836745297955     0.0000000000000000       -0.0873334293667069     0.0000000000000000
    1    7
    -0.0932729894172636     0.0000000000000000       -0.0000000000000000     0.0000000000000000       -0.0000000000000000     0.0000000000000000
    -0.0000000000000001     0.0000000000000000       -0.0358899688683069     0.0000000000000000        0.0217673675884445     0.0000000000000000
    -0.0000000000000000     0.0000000000000000        0.0219673490595911     0.0000000000000000       -0.0873334293667069     0.0000000000000000
    1    8
    -0.0502357240055424     0.0000000000000000       -0.0248475767706442     0.0000000000000000        0.0188510933051057     0.0000000000000000
    -0.0248475767706442     0.0000000000000000       -0.0789272342800337     0.0000000000000000       -0.0108836837942222     0.0000000000000000
     0.0190242823394047     0.0000000000000000       -0.0109836745297955     0.0000000000000000       -0.0873334293667069     0.0000000000000000
    1    9
    -0.0932729894172636     0.0000000000000000       -0.0000000000000001     0.0000000000000000       -0.0000000000000000     0.0000000000000000
    -0.0000000000000000     0.0000000000000000       -0.0358899688683069     0.0000000000000000        0.0217673675884445     0.0000000000000000
     0.0000000000000000     0.0000000000000000        0.0219673490595911     0.0000000000000000       -0.0873334293667069     0.0000000000000000
    1   10
    -0.0502357240055425     0.0000000000000000       -0.0248475767706442     0.0000000000000000        0.0188510933051057     0.0000000000000000
    -0.0248475767706442     0.0000000000000000       -0.0789272342800337     0.0000000000000000       -0.0108836837942222     0.0000000000000000
     0.0190242823394047     0.0000000000000000       -0.0109836745297955     0.0000000000000000       -0.0873334293667069     0.0000000000000000
    1   11
    -0.0502357240055425     0.0000000000000000        0.0248475767706443     0.0000000000000000       -0.0188510933051056     0.0000000000000000
     0.0248475767706443     0.0000000000000000       -0.0789272342800337     0.0000000000000000       -0.0108836837942222     0.0000000000000000
    -0.0190242823394047     0.0000000000000000       -0.0109836745297954     0.0000000000000000       -0.0873334293667069     0.0000000000000000
    2    1
    -0.0315738667858053     0.0000000000000000        0.0000000000000000     0.0000000000000000       -0.0000000000000000     0.0000000000000000
    -0.0000000000000000     0.0000000000000000       -0.0315738667858095     0.0000000000000000        0.0000000000000000     0.0000000000000000
     0.0000000000000000     0.0000000000000000        0.0000000000000000     0.0000000000000000       -0.0305945856184509     0.0000000000000000
    2    2
     0.0867703164416103     0.0000000000000000        0.0000000000000000     0.0000000000000000       -0.0000000000000000     0.0000000000000000
     0.0000000000000000     0.0000000000000000        0.0867703164416219     0.0000000000000000       -0.0000000000000000     0.0000000000000000
     0.0000000000000000     0.0000000000000000       -0.0000000000000000     0.0000000000000000        0.0858832579130847     0.0000000000000000
    2    3
    -0.0023256584623613     0.0000000000000000        0.0000000000000000     0.0000000000000000        0.0000000000000000     0.0000000000000000
     0.0000000000000000     0.0000000000000000       -0.0023256584623617     0.0000000000000000        0.0000000000000000     0.0000000000000000
    -0.0000000000000000     0.0000000000000000        0.0000000000000000     0.0000000000000000       -0.0028955554173071     0.0000000000000000
    2    4
     0.0056948476763750     0.0000000000000000        0.0000000000000000     0.0000000000000000        0.0000000000000000     0.0000000000000000
     0.0000000000000000     0.0000000000000000        0.0056948476763758     0.0000000000000000        0.0000000000000000     0.0000000000000000
     0.0000000000000000     0.0000000000000000        0.0000000000000000     0.0000000000000000       -0.0222823439578866     0.0000000000000000
    2    5
    -0.0141965831781504     0.0000000000000000       -0.0000000000000000     0.0000000000000000       -0.0000000000000000     0.0000000000000000
    -0.0000000000000000     0.0000000000000000       -0.0141965831781523     0.0000000000000000       -0.0000000000000000     0.0000000000000000
    -0.0000000000000000     0.0000000000000000       -0.0000000000000000     0.0000000000000000        0.0009398412482643     0.0000000000000000
    2    6
    -0.0040979694620979     0.0000000000000000        0.0060976581786159     0.0000000000000000       -0.0038682516572590     0.0000000000000000
     0.0060976581786159     0.0000000000000000       -0.0111389386437994     0.0000000000000000       -0.0022333361356118     0.0000000000000000
    -0.0047805850679439     0.0000000000000000       -0.0027600720758615     0.0000000000000000       -0.0137229758311699     0.0000000000000000
    2    7
    -0.0146594232346479     0.0000000000000000       -0.0000000000000000     0.0000000000000000        0.0000000000000000     0.0000000000000000
    -0.0000000000000000     0.0000000000000000       -0.0005774848712480     0.0000000000000000        0.0044666722712237     0.0000000000000000
    -0.0000000000000000     0.0000000000000000        0.0055201441517230     0.0000000000000000       -0.0137229758311699     0.0000000000000000
    2    8
    -0.0040979694620979     0.0000000000000000       -0.0060976581786159     0.0000000000000000        0.0038682516572590     0.0000000000000000
    -0.0060976581786159     0.0000000000000000       -0.0111389386437994     0.0000000000000000       -0.0022333361356118     0.0000000000000000
     0.0047805850679439     0.0000000000000000       -0.0027600720758615     0.0000000000000000       -0.0137229758311699     0.0000000000000000
    2    9
     0.0065426543780421     0.0000000000000000        0.0000000000000000     0.0000000000000000        0.0000000000000000     0.0000000000000000
     0.0000000000000000     0.0000000000000000       -0.0208851167332613     0.0000000000000000       -0.0103561191425934     0.0000000000000000
     0.0000000000000000     0.0000000000000000       -0.0094944014592928     0.0000000000000000        0.0033727711086018     0.0000000000000000
    2   10
    -0.0140281739554334     0.0000000000000000        0.0118765732757865     0.0000000000000000       -0.0089686622621036     0.0000000000000000
     0.0118765732757865     0.0000000000000000       -0.0003142883997831     0.0000000000000000        0.0051780595712967     0.0000000000000000
    -0.0082223928574751     0.0000000000000000        0.0047472007296464     0.0000000000000000        0.0033727711086018     0.0000000000000000
    2   11
    -0.0140281739554334     0.0000000000000000       -0.0118765732757865     0.0000000000000000        0.0089686622621036     0.0000000000000000
    -0.0118765732757865     0.0000000000000000       -0.0003142883997831     0.0000000000000000        0.0051780595712967     0.0000000000000000
     0.0082223928574750     0.0000000000000000        0.0047472007296464     0.0000000000000000        0.0033727711086018     0.0000000000000000
    3    1
    -0.0315738667858053     0.0000000000000000       -0.0000000000000000     0.0000000000000000        0.0000000000000000     0.0000000000000000
    -0.0000000000000000     0.0000000000000000       -0.0315738667858095     0.0000000000000000        0.0000000000000000     0.0000000000000000
     0.0000000000000000     0.0000000000000000        0.0000000000000000     0.0000000000000000       -0.0305945856184508     0.0000000000000000
    3    2
    -0.0023256584623613     0.0000000000000000        0.0000000000000000     0.0000000000000000        0.0000000000000000     0.0000000000000000
     0.0000000000000000     0.0000000000000000       -0.0023256584623617     0.0000000000000000        0.0000000000000000     0.0000000000000000
    -0.0000000000000000     0.0000000000000000        0.0000000000000000     0.0000000000000000       -0.0028955554173071     0.0000000000000000
    3    3
     0.0867703164416103     0.0000000000000000        0.0000000000000000     0.0000000000000000       -0.0000000000000000     0.0000000000000000
     0.0000000000000000     0.0000000000000000        0.0867703164416219     0.0000000000000000       -0.0000000000000000     0.0000000000000000
     0.0000000000000000     0.0000000000000000       -0.0000000000000000     0.0000000000000000        0.0858832579130847     0.0000000000000000
    3    4
    -0.0141965831781504     0.0000000000000000       -0.0000000000000000     0.0000000000000000       -0.0000000000000000     0.0000000000000000
    -0.0000000000000000     0.0000000000000000       -0.0141965831781523     0.0000000000000000       -0.0000000000000000     0.0000000000000000
    -0.0000000000000000     0.0000000000000000       -0.0000000000000000     0.0000000000000000        0.0009398412482643     0.0000000000000000
    3    5
     0.0056948476763750     0.0000000000000000        0.0000000000000000     0.0000000000000000        0.0000000000000000     0.0000000000000000
     0.0000000000000000     0.0000000000000000        0.0056948476763758     0.0000000000000000        0.0000000000000000     0.0000000000000000
     0.0000000000000000     0.0000000000000000        0.0000000000000000     0.0000000000000000       -0.0222823439578866     0.0000000000000000
    3    6
    -0.0140281739554334     0.0000000000000000       -0.0118765732757865     0.0000000000000000        0.0089686622621036     0.0000000000000000
    -0.0118765732757865     0.0000000000000000       -0.0003142883997831     0.0000000000000000        0.0051780595712967     0.0000000000000000
     0.0082223928574750     0.0000000000000000        0.0047472007296464     0.0000000000000000        0.0033727711086018     0.0000000000000000
    3    7
     0.0065426543780421     0.0000000000000000        0.0000000000000000     0.0000000000000000        0.0000000000000000     0.0000000000000000
     0.0000000000000000     0.0000000000000000       -0.0208851167332613     0.0000000000000000       -0.0103561191425934     0.0000000000000000
     0.0000000000000000     0.0000000000000000       -0.0094944014592928     0.0000000000000000        0.0033727711086018     0.0000000000000000
    3    8
    -0.0140281739554334     0.0000000000000000        0.0118765732757865     0.0000000000000000       -0.0089686622621036     0.0000000000000000
     0.0118765732757865     0.0000000000000000       -0.0003142883997831     0.0000000000000000        0.0051780595712967     0.0000000000000000
    -0.0082223928574751     0.0000000000000000        0.0047472007296464     0.0000000000000000        0.0033727711086018     0.0000000000000000
    3    9
    -0.0146594232346479     0.0000000000000000       -0.0000000000000000     0.0000000000000000       -0.0000000000000000     0.0000000000000000
    -0.0000000000000000     0.0000000000000000       -0.0005774848712480     0.0000000000000000        0.0044666722712237     0.0000000000000000
    -0.0000000000000000     0.0000000000000000        0.0055201441517230     0.0000000000000000       -0.0137229758311699     0.0000000000000000
    3   10
    -0.0040979694620979     0.0000000000000000       -0.0060976581786159     0.0000000000000000        0.0038682516572590     0.0000000000000000
    -0.0060976581786159     0.0000000000000000       -0.0111389386437994     0.0000000000000000       -0.0022333361356118     0.0000000000000000
     0.0047805850679439     0.0000000000000000       -0.0027600720758615     0.0000000000000000       -0.0137229758311699     0.0000000000000000
    3   11
    -0.0040979694620979     0.0000000000000000        0.0060976581786159     0.0000000000000000       -0.0038682516572590     0.0000000000000000
     0.0060976581786159     0.0000000000000000       -0.0111389386437993     0.0000000000000000       -0.0022333361356118     0.0000000000000000
    -0.0047805850679439     0.0000000000000000       -0.0027600720758615     0.0000000000000000       -0.0137229758311699     0.0000000000000000
    4    1
    -0.0945602852199205     0.0000000000000000       -0.0000000000000000     0.0000000000000000       -0.0000000000000000     0.0000000000000000
    -0.0000000000000000     0.0000000000000000       -0.0945602852199332     0.0000000000000000       -0.0000000000000000     0.0000000000000000
    -0.0000000000000000     0.0000000000000000       -0.0000000000000000     0.0000000000000000       -0.0272084439069561     0.0000000000000000
    4    2
     0.0056948476763750     0.0000000000000000        0.0000000000000000     0.0000000000000000        0.0000000000000000     0.0000000000000000
     0.0000000000000000     0.0000000000000000        0.0056948476763758     0.0000000000000000        0.0000000000000000     0.0000000000000000
     0.0000000000000000     0.0000000000000000        0.0000000000000000     0.0000000000000000       -0.0222823439578866     0.0000000000000000
    4    3
    -0.0141965831781504     0.0000000000000000       -0.0000000000000000     0.0000000000000000       -0.0000000000000000     0.0000000000000000
    -0.0000000000000000     0.0000000000000000       -0.0141965831781523     0.0000000000000000       -0.0000000000000000     0.0000000000000000
    -0.0000000000000000     0.0000000000000000       -0.0000000000000000     0.0000000000000000        0.0009398412482643     0.0000000000000000
    4    4
     0.1185797247401211     0.0000000000000000        0.0000000000000000     0.0000000000000000        0.0000000000000000     0.0000000000000000
     0.0000000000000000     0.0000000000000000        0.1185797247401371     0.0000000000000000       -0.0000000000000000     0.0000000000000000
    -0.0000000000000000     0.0000000000000000       -0.0000000000000001     0.0000000000000000        0.1343278463757837     0.0000000000000000
    4    5
    -0.0065315369427859     0.0000000000000000       -0.0000000000000000     0.0000000000000000       -0.0000000000000000     0.0000000000000000
    -0.0000000000000000     0.0000000000000000       -0.0065315369427868     0.0000000000000000       -0.0000000000000000     0.0000000000000000
    -0.0000000000000000     0.0000000000000000       -0.0000000000000000     0.0000000000000000        0.0013052247213500     0.0000000000000000
    4    6
    -0.0018243670785120     0.0000000000000000       -0.0055584205280816     0.0000000000000000       -0.0059518452030355     0.0000000000000000
    -0.0055584205280816     0.0000000000000000        0.0045939440978023     0.0000000000000000       -0.0034362994301478     0.0000000000000000
    -0.0143224516320063     0.0000000000000000       -0.0082690713051948     0.0000000000000000        0.0031241119740818     0.0000000000000000
    4    7
     0.0078030996859585     0.0000000000000000       -0.0000000000000000     0.0000000000000000       -0.0000000000000000     0.0000000000000000
     0.0000000000000000     0.0000000000000000       -0.0050335226666695     0.0000000000000000        0.0068725988602955     0.0000000000000000
    -0.0000000000000000     0.0000000000000000        0.0165381426103896     0.0000000000000000        0.0031241119740818     0.0000000000000000
    4    8
    -0.0018243670785120     0.0000000000000000        0.0055584205280816     0.0000000000000000        0.0059518452030355     0.0000000000000000
     0.0055584205280816     0.0000000000000000        0.0045939440978023     0.0000000000000000       -0.0034362994301477     0.0000000000000000
     0.0143224516320063     0.0000000000000000       -0.0082690713051948     0.0000000000000000        0.0031241119740818     0.0000000000000000
    4    9
     0.0063052387256116     0.0000000000000000        0.0000000000000000     0.0000000000000000        0.0000000000000000     0.0000000000000000
     0.0000000000000000     0.0000000000000000       -0.0150655937953295     0.0000000000000000       -0.0213905505080162     0.0000000000000000
     0.0000000000000000     0.0000000000000000       -0.0252988095241753     0.0000000000000000       -0.0321514868009336     0.0000000000000000
    4   10
    -0.0097228856650927     0.0000000000000000        0.0092538419315786     0.0000000000000000       -0.0185247601408749     0.0000000000000000
     0.0092538419315786     0.0000000000000000        0.0009625305953769     0.0000000000000000        0.0106952752540081     0.0000000000000000
    -0.0219094117334381     0.0000000000000000        0.0126494047620877     0.0000000000000000       -0.0321514868009336     0.0000000000000000
    4   11
    -0.0097228856650928     0.0000000000000000       -0.0092538419315786     0.0000000000000000        0.0185247601408749     0.0000000000000000
    -0.0092538419315786     0.0000000000000000        0.0009625305953769     0.0000000000000000        0.0106952752540081     0.0000000000000000
     0.0219094117334381     0.0000000000000000        0.0126494047620877     0.0000000000000000       -0.0321514868009335     0.0000000000000000
    5    1
    -0.0945602852199205     0.0000000000000000       -0.0000000000000000     0.0000000000000000       -0.0000000000000000     0.0000000000000000
    -0.0000000000000000     0.0000000000000000       -0.0945602852199332     0.0000000000000000       -0.0000000000000000     0.0000000000000000
    -0.0000000000000000     0.0000000000000000       -0.0000000000000000     0.0000000000000000       -0.0272084439069561     0.0000000000000000
    5    2
    -0.0141965831781504     0.0000000000000000       -0.0000000000000000     0.0000000000000000       -0.0000000000000000     0.0000000000000000
    -0.0000000000000000     0.0000000000000000       -0.0141965831781523     0.0000000000000000       -0.0000000000000000     0.0000000000000000
    -0.0000000000000000     0.0000000000000000       -0.0000000000000000     0.0000000000000000        0.0009398412482643     0.0000000000000000
    5    3
     0.0056948476763750     0.0000000000000000        0.0000000000000000     0.0000000000000000        0.0000000000000000     0.0000000000000000
     0.0000000000000000     0.0000000000000000        0.0056948476763758     0.0000000000000000        0.0000000000000000     0.0000000000000000
     0.0000000000000000     0.0000000000000000        0.0000000000000000     0.0000000000000000       -0.0222823439578866     0.0000000000000000
    5    4
    -0.0065315369427859     0.0000000000000000       -0.0000000000000000     0.0000000000000000       -0.0000000000000000     0.0000000000000000
    -0.0000000000000000     0.0000000000000000       -0.0065315369427868     0.0000000000000000       -0.0000000000000000     0.0000000000000000
    -0.0000000000000000     0.0000000000000000       -0.0000000000000000     0.0000000000000000        0.0013052247213500     0.0000000000000000
    5    5
     0.1185797247401212     0.0000000000000000        0.0000000000000000     0.0000000000000000       -0.0000000000000000     0.0000000000000000
     0.0000000000000001     0.0000000000000000        0.1185797247401370     0.0000000000000000       -0.0000000000000001     0.0000000000000000
    -0.0000000000000000     0.0000000000000000       -0.0000000000000001     0.0000000000000000        0.1343278463757837     0.0000000000000000
    5    6
    -0.0097228856650928     0.0000000000000000       -0.0092538419315786     0.0000000000000000        0.0185247601408749     0.0000000000000000
    -0.0092538419315786     0.0000000000000000        0.0009625305953769     0.0000000000000000        0.0106952752540081     0.0000000000000000
     0.0219094117334381     0.0000000000000000        0.0126494047620877     0.0000000000000000       -0.0321514868009335     0.0000000000000000
    5    7
     0.0063052387256116     0.0000000000000000        0.0000000000000000     0.0000000000000000        0.0000000000000000     0.0000000000000000
     0.0000000000000000     0.0000000000000000       -0.0150655937953295     0.0000000000000000       -0.0213905505080162     0.0000000000000000
     0.0000000000000000     0.0000000000000000       -0.0252988095241753     0.0000000000000000       -0.0321514868009336     0.0000000000000000
    5    8
    -0.0097228856650927     0.0000000000000000        0.0092538419315786     0.0000000000000000       -0.0185247601408749     0.0000000000000000
     0.0092538419315786     0.0000000000000000        0.0009625305953769     0.0000000000000000        0.0106952752540081     0.0000000000000000
    -0.0219094117334381     0.0000000000000000        0.0126494047620877     0.0000000000000000       -0.0321514868009336     0.0000000000000000
    5    9
     0.0078030996859585     0.0000000000000000       -0.0000000000000000     0.0000000000000000       -0.0000000000000000     0.0000000000000000
     0.0000000000000000     0.0000000000000000       -0.0050335226666695     0.0000000000000000        0.0068725988602955     0.0000000000000000
    -0.0000000000000000     0.0000000000000000        0.0165381426103896     0.0000000000000000        0.0031241119740818     0.0000000000000000
    5   10
    -0.0018243670785120     0.0000000000000000        0.0055584205280816     0.0000000000000000        0.0059518452030355     0.0000000000000000
     0.0055584205280816     0.0000000000000000        0.0045939440978023     0.0000000000000000       -0.0034362994301477     0.0000000000000000
     0.0143224516320063     0.0000000000000000       -0.0082690713051948     0.0000000000000000        0.0031241119740818     0.0000000000000000
    5   11
    -0.0018243670785120     0.0000000000000000       -0.0055584205280816     0.0000000000000000       -0.0059518452030355     0.0000000000000000
    -0.0055584205280816     0.0000000000000000        0.0045939440978023     0.0000000000000000       -0.0034362994301478     0.0000000000000000
    -0.0143224516320063     0.0000000000000000       -0.0082690713051948     0.0000000000000000        0.0031241119740818     0.0000000000000000
    6    1
    -0.0502357240055424     0.0000000000000000        0.0248475767706443     0.0000000000000000       -0.0190242823394047     0.0000000000000000
     0.0248475767706443     0.0000000000000000       -0.0789272342800337     0.0000000000000000       -0.0109836745297955     0.0000000000000000
    -0.0188510933051056     0.0000000000000000       -0.0108836837942222     0.0000000000000000       -0.0873334293667069     0.0000000000000000
    6    2
    -0.0040979694620979     0.0000000000000000        0.0060976581786159     0.0000000000000000       -0.0047805850679439     0.0000000000000000
     0.0060976581786159     0.0000000000000000       -0.0111389386437993     0.0000000000000000       -0.0027600720758615     0.0000000000000000
    -0.0038682516572590     0.0000000000000000       -0.0022333361356118     0.0000000000000000       -0.0137229758311699     0.0000000000000000
    6    3
    -0.0140281739554334     0.0000000000000000       -0.0118765732757865     0.0000000000000000        0.0082223928574750     0.0000000000000000
    -0.0118765732757865     0.0000000000000000       -0.0003142883997831     0.0000000000000000        0.0047472007296464     0.0000000000000000
     0.0089686622621036     0.0000000000000000        0.0051780595712967     0.0000000000000000        0.0033727711086018     0.0000000000000000
    6    4
    -0.0018243670785120     0.0000000000000000       -0.0055584205280816     0.0000000000000000       -0.0143224516320063     0.0000000000000000
    -0.0055584205280816     0.0000000000000000        0.0045939440978023     0.0000000000000000       -0.0082690713051948     0.0000000000000000
    -0.0059518452030355     0.0000000000000000       -0.0034362994301478     0.0000000000000000        0.0031241119740818     0.0000000000000000
    6    5
    -0.0097228856650928     0.0000000000000000       -0.0092538419315786     0.0000000000000000        0.0219094117334381     0.0000000000000000
    -0.0092538419315786     0.0000000000000000        0.0009625305953769     0.0000000000000000        0.0126494047620877     0.0000000000000000
     0.0185247601408749     0.0000000000000000        0.0106952752540081     0.0000000000000000       -0.0321514868009335     0.0000000000000000
    6    6
     0.1289792003388647     0.0000000000000000        0.0071889203933180     0.0000000000000000       -0.0046886690344701     0.0000000000000000
     0.0071889203933180     0.0000000000000000        0.1206781500903516     0.0000000000000000       -0.0027070043291926     0.0000000000000000
    -0.0046886690344701     0.0000000000000000       -0.0027070043291926     0.0000000000000000        0.1201921577598441     0.0000000000000000
    6    7
    -0.0097377528480383     0.0000000000000000       -0.0230789981125882     0.0000000000000000        0.0016574261861768     0.0000000000000000
    -0.0202799286920013     0.0000000000000000       -0.0347710409104443     0.0000000000000000       -0.0017816740168366     0.0000000000000000
     0.0023716880529314     0.0000000000000000       -0.0005445361737085     0.0000000000000000        0.0042801969497930     0.0000000000000000
    6    8
    -0.0472876849416403     0.0000000000000000        0.0013995347102934     0.0000000000000000       -0.0007142618667546     0.0000000000000000
    -0.0013995347102935     0.0000000000000000        0.0027788911831627     0.0000000000000000        0.0023262101905450     0.0000000000000000
     0.0007142618667546     0.0000000000000000        0.0023262101905450     0.0000000000000000        0.0042801969497930     0.0000000000000000
    6    9
    -0.0019420883006309     0.0000000000000000        0.0124353498245596     0.0000000000000000        0.0099836839567887     0.0000000000000000
     0.0037532945562445     0.0000000000000000        0.0074044298904419     0.0000000000000000       -0.0023151721349106     0.0000000000000000
     0.0069968398613607     0.0000000000000000       -0.0074885378624794     0.0000000000000000        0.0014787736807063     0.0000000000000000
    6   10
     0.0120776889859767     0.0000000000000000       -0.0043410276341576     0.0000000000000000        0.0029868440954280     0.0000000000000000
     0.0043410276341576     0.0000000000000000       -0.0066153473961677     0.0000000000000000        0.0098037099973901     0.0000000000000000
    -0.0029868440954280     0.0000000000000000        0.0098037099973901     0.0000000000000000        0.0014787736807063     0.0000000000000000
    6   11
    -0.0021802430678534     0.0000000000000000        0.0021398216047612     0.0000000000000000       -0.0012295088887270     0.0000000000000000
     0.0021398216047612     0.0000000000000000       -0.0046510962269072     0.0000000000000000       -0.0007098572878776     0.0000000000000000
    -0.0012295088887270     0.0000000000000000       -0.0007098572878776     0.0000000000000000       -0.0049990901047160     0.0000000000000000
    7    1
    -0.0932729894172636     0.0000000000000000       -0.0000000000000000     0.0000000000000000       -0.0000000000000000     0.0000000000000000
    -0.0000000000000001     0.0000000000000000       -0.0358899688683069     0.0000000000000000        0.0219673490595911     0.0000000000000000
    -0.0000000000000000     0.0000000000000000        0.0217673675884445     0.0000000000000000       -0.0873334293667069     0.0000000000000000
    7    2
    -0.0146594232346479     0.0000000000000000       -0.0000000000000000     0.0000000000000000        0.0000000000000000     0.0000000000000000
    -0.0000000000000000     0.0000000000000000       -0.0005774848712480     0.0000000000000000        0.0055201441517230     0.0000000000000000
     0.0000000000000000     0.0000000000000000        0.0044666722712237     0.0000000000000000       -0.0137229758311699     0.0000000000000000
    7    3
     0.0065426543780421     0.0000000000000000        0.0000000000000000     0.0000000000000000        0.0000000000000000     0.0000000000000000
     0.0000000000000000     0.0000000000000000       -0.0208851167332613     0.0000000000000000       -0.0094944014592928     0.0000000000000000
     0.0000000000000000     0.0000000000000000       -0.0103561191425934     0.0000000000000000        0.0033727711086018     0.0000000000000000
    7    4
     0.0078030996859585     0.0000000000000000        0.0000000000000000     0.0000000000000000       -0.0000000000000000     0.0000000000000000
    -0.0000000000000000     0.0000000000000000       -0.0050335226666695     0.0000000000000000        0.0165381426103896     0.0000000000000000
    -0.0000000000000000     0.0000000000000000        0.0068725988602955     0.0000000000000000        0.0031241119740818     0.0000000000000000
    7    5
     0.0063052387256116     0.0000000000000000        0.0000000000000000     0.0000000000000000        0.0000000000000000     0.0000000000000000
     0.0000000000000000     0.0000000000000000       -0.0150655937953295     0.0000000000000000       -0.0252988095241753     0.0000000000000000
     0.0000000000000000     0.0000000000000000       -0.0213905505080162     0.0000000000000000       -0.0321514868009336     0.0000000000000000
    7    6
    -0.0097377528480383     0.0000000000000000       -0.0202799286920013     0.0000000000000000        0.0023716880529314     0.0000000000000000
    -0.0230789981125882     0.0000000000000000       -0.0347710409104443     0.0000000000000000       -0.0005445361737085     0.0000000000000000
     0.0016574261861768     0.0000000000000000       -0.0017816740168366     0.0000000000000000        0.0042801969497930     0.0000000000000000
    7    7
     0.1165276249660708     0.0000000000000000        0.0000000000000000     0.0000000000000000       -0.0000000000000000     0.0000000000000000
     0.0000000000000000     0.0000000000000000        0.1331297254631471     0.0000000000000000        0.0054140086583851     0.0000000000000000
     0.0000000000000000     0.0000000000000000        0.0054140086583851     0.0000000000000000        0.1201921577598442     0.0000000000000000
    7    8
    -0.0097377528480383     0.0000000000000000        0.0202799286920013     0.0000000000000000       -0.0023716880529314     0.0000000000000000
     0.0230789981125882     0.0000000000000000       -0.0347710409104443     0.0000000000000000       -0.0005445361737085     0.0000000000000000
    -0.0016574261861768     0.0000000000000000       -0.0017816740168366     0.0000000000000000        0.0042801969497930     0.0000000000000000
    7    9
    -0.0058865228064332     0.0000000000000000       -0.0000000000000000     0.0000000000000000       -0.0000000000000000     0.0000000000000000
    -0.0000000000000000     0.0000000000000000       -0.0009448164883270     0.0000000000000000        0.0014197145757552     0.0000000000000000
    -0.0000000000000000     0.0000000000000000        0.0014197145757552     0.0000000000000000       -0.0049990901047160     0.0000000000000000
    7   10
    -0.0019420883006309     0.0000000000000000       -0.0037532945562445     0.0000000000000000       -0.0069968398613607     0.0000000000000000
    -0.0124353498245596     0.0000000000000000        0.0074044298904419     0.0000000000000000       -0.0074885378624794     0.0000000000000000
    -0.0099836839567887     0.0000000000000000       -0.0023151721349107     0.0000000000000000        0.0014787736807063     0.0000000000000000
    7   11
    -0.0019420883006309     0.0000000000000000        0.0037532945562445     0.0000000000000000        0.0069968398613607     0.0000000000000000
     0.0124353498245596     0.0000000000000000        0.0074044298904419     0.0000000000000000       -0.0074885378624794     0.0000000000000000
     0.0099836839567887     0.0000000000000000       -0.0023151721349106     0.0000000000000000        0.0014787736807063     0.0000000000000000
    8    1
    -0.0502357240055424     0.0000000000000000       -0.0248475767706442     0.0000000000000000        0.0190242823394048     0.0000000000000000
    -0.0248475767706442     0.0000000000000000       -0.0789272342800338     0.0000000000000000       -0.0109836745297955     0.0000000000000000
     0.0188510933051057     0.0000000000000000       -0.0108836837942222     0.0000000000000000       -0.0873334293667069     0.0000000000000000
    8    2
    -0.0040979694620979     0.0000000000000000       -0.0060976581786159     0.0000000000000000        0.0047805850679439     0.0000000000000000
    -0.0060976581786159     0.0000000000000000       -0.0111389386437994     0.0000000000000000       -0.0027600720758615     0.0000000000000000
     0.0038682516572590     0.0000000000000000       -0.0022333361356118     0.0000000000000000       -0.0137229758311699     0.0000000000000000
    8    3
    -0.0140281739554334     0.0000000000000000        0.0118765732757865     0.0000000000000000       -0.0082223928574751     0.0000000000000000
     0.0118765732757865     0.0000000000000000       -0.0003142883997831     0.0000000000000000        0.0047472007296464     0.0000000000000000
    -0.0089686622621036     0.0000000000000000        0.0051780595712967     0.0000000000000000        0.0033727711086018     0.0000000000000000
    8    4
    -0.0018243670785120     0.0000000000000000        0.0055584205280816     0.0000000000000000        0.0143224516320063     0.0000000000000000
     0.0055584205280816     0.0000000000000000        0.0045939440978023     0.0000000000000000       -0.0082690713051948     0.0000000000000000
     0.0059518452030355     0.0000000000000000       -0.0034362994301477     0.0000000000000000        0.0031241119740818     0.0000000000000000
    8    5
    -0.0097228856650928     0.0000000000000000        0.0092538419315786     0.0000000000000000       -0.0219094117334381     0.0000000000000000
     0.0092538419315786     0.0000000000000000        0.0009625305953769     0.0000000000000000        0.0126494047620877     0.0000000000000000
    -0.0185247601408749     0.0000000000000000        0.0106952752540081     0.0000000000000000       -0.0321514868009336     0.0000000000000000
    8    6
    -0.0472876849416403     0.0000000000000000       -0.0013995347102935     0.0000000000000000        0.0007142618667546     0.0000000000000000
     0.0013995347102934     0.0000000000000000        0.0027788911831627     0.0000000000000000        0.0023262101905450     0.0000000000000000
    -0.0007142618667546     0.0000000000000000        0.0023262101905450     0.0000000000000000        0.0042801969497930     0.0000000000000000
    8    7
    -0.0097377528480383     0.0000000000000000        0.0230789981125882     0.0000000000000000       -0.0016574261861768     0.0000000000000000
     0.0202799286920013     0.0000000000000000       -0.0347710409104443     0.0000000000000000       -0.0017816740168366     0.0000000000000000
    -0.0023716880529314     0.0000000000000000       -0.0005445361737085     0.0000000000000000        0.0042801969497930     0.0000000000000000
    8    8
     0.1289792003388647     0.0000000000000000       -0.0071889203933179     0.0000000000000000        0.0046886690344701     0.0000000000000000
    -0.0071889203933179     0.0000000000000000        0.1206781500903515     0.0000000000000000       -0.0027070043291926     0.0000000000000000
     0.0046886690344701     0.0000000000000000       -0.0027070043291926     0.0000000000000000        0.1201921577598441     0.0000000000000000
    8    9
    -0.0019420883006309     0.0000000000000000       -0.0124353498245596     0.0000000000000000       -0.0099836839567887     0.0000000000000000
    -0.0037532945562445     0.0000000000000000        0.0074044298904419     0.0000000000000000       -0.0023151721349107     0.0000000000000000
    -0.0069968398613607     0.0000000000000000       -0.0074885378624794     0.0000000000000000        0.0014787736807063     0.0000000000000000
    8   10
    -0.0021802430678534     0.0000000000000000       -0.0021398216047612     0.0000000000000000        0.0012295088887270     0.0000000000000000
    -0.0021398216047612     0.0000000000000000       -0.0046510962269072     0.0000000000000000       -0.0007098572878776     0.0000000000000000
     0.0012295088887270     0.0000000000000000       -0.0007098572878776     0.0000000000000000       -0.0049990901047160     0.0000000000000000
    8   11
     0.0120776889859767     0.0000000000000000        0.0043410276341576     0.0000000000000000       -0.0029868440954280     0.0000000000000000
    -0.0043410276341576     0.0000000000000000       -0.0066153473961677     0.0000000000000000        0.0098037099973901     0.0000000000000000
     0.0029868440954280     0.0000000000000000        0.0098037099973901     0.0000000000000000        0.0014787736807063     0.0000000000000000
    9    1
    -0.0932729894172636     0.0000000000000000       -0.0000000000000000     0.0000000000000000       -0.0000000000000000     0.0000000000000000
    -0.0000000000000001     0.0000000000000000       -0.0358899688683069     0.0000000000000000        0.0219673490595911     0.0000000000000000
    -0.0000000000000000     0.0000000000000000        0.0217673675884445     0.0000000000000000       -0.0873334293667069     0.0000000000000000
    9    2
     0.0065426543780421     0.0000000000000000        0.0000000000000000     0.0000000000000000        0.0000000000000000     0.0000000000000000
     0.0000000000000000     0.0000000000000000       -0.0208851167332613     0.0000000000000000       -0.0094944014592928     0.0000000000000000
     0.0000000000000000     0.0000000000000000       -0.0103561191425934     0.0000000000000000        0.0033727711086018     0.0000000000000000
    9    3
    -0.0146594232346479     0.0000000000000000       -0.0000000000000000     0.0000000000000000        0.0000000000000000     0.0000000000000000
    -0.0000000000000000     0.0000000000000000       -0.0005774848712480     0.0000000000000000        0.0055201441517230     0.0000000000000000
     0.0000000000000000     0.0000000000000000        0.0044666722712237     0.0000000000000000       -0.0137229758311699     0.0000000000000000
    9    4
     0.0063052387256116     0.0000000000000000        0.0000000000000000     0.0000000000000000        0.0000000000000000     0.0000000000000000
     0.0000000000000000     0.0000000000000000       -0.0150655937953295     0.0000000000000000       -0.0252988095241753     0.0000000000000000
     0.0000000000000000     0.0000000000000000       -0.0213905505080162     0.0000000000000000       -0.0321514868009336     0.0000000000000000
    9    5
     0.0078030996859585     0.0000000000000000        0.0000000000000000     0.0000000000000000       -0.0000000000000000     0.0000000000000000
    -0.0000000000000000     0.0000000000000000       -0.0050335226666695     0.0000000000000000        0.0165381426103896     0.0000000000000000
    -0.0000000000000000     0.0000000000000000        0.0068725988602955     0.0000000000000000        0.0031241119740818     0.0000000000000000
    9    6
    -0.0019420883006309     0.0000000000000000        0.0037532945562445     0.0000000000000000        0.0069968398613607     0.0000000000000000
     0.0124353498245596     0.0000000000000000        0.0074044298904419     0.0000000000000000       -0.0074885378624794     0.0000000000000000
     0.0099836839567887     0.0000000000000000       -0.0023151721349106     0.0000000000000000        0.0014787736807063     0.0000000000000000
    9    7
    -0.0058865228064332     0.0000000000000000       -0.0000000000000000     0.0000000000000000        0.0000000000000000     0.0000000000000000
    -0.0000000000000000     0.0000000000000000       -0.0009448164883270     0.0000000000000000        0.0014197145757552     0.0000000000000000
     0.0000000000000000     0.0000000000000000        0.0014197145757552     0.0000000000000000       -0.0049990901047160     0.0000000000000000
    9    8
    -0.0019420883006309     0.0000000000000000       -0.0037532945562445     0.0000000000000000       -0.0069968398613607     0.0000000000000000
    -0.0124353498245596     0.0000000000000000        0.0074044298904419     0.0000000000000000       -0.0074885378624794     0.0000000000000000
    -0.0099836839567887     0.0000000000000000       -0.0023151721349107     0.0000000000000000        0.0014787736807063     0.0000000000000000
    9    9
     0.1165276249660708     0.0000000000000000        0.0000000000000000     0.0000000000000000       -0.0000000000000000     0.0000000000000000
     0.0000000000000000     0.0000000000000000        0.1331297254631471     0.0000000000000000        0.0054140086583851     0.0000000000000000
     0.0000000000000000     0.0000000000000000        0.0054140086583851     0.0000000000000000        0.1201921577598442     0.0000000000000000
    9   10
    -0.0097377528480383     0.0000000000000000        0.0202799286920013     0.0000000000000000       -0.0023716880529314     0.0000000000000000
     0.0230789981125882     0.0000000000000000       -0.0347710409104443     0.0000000000000000       -0.0005445361737085     0.0000000000000000
    -0.0016574261861768     0.0000000000000000       -0.0017816740168366     0.0000000000000000        0.0042801969497930     0.0000000000000000
    9   11
    -0.0097377528480383     0.0000000000000000       -0.0202799286920013     0.0000000000000000        0.0023716880529314     0.0000000000000000
    -0.0230789981125882     0.0000000000000000       -0.0347710409104443     0.0000000000000000       -0.0005445361737085     0.0000000000000000
     0.0016574261861768     0.0000000000000000       -0.0017816740168366     0.0000000000000000        0.0042801969497930     0.0000000000000000
   10    1
    -0.0502357240055424     0.0000000000000000       -0.0248475767706442     0.0000000000000000        0.0190242823394048     0.0000000000000000
    -0.0248475767706442     0.0000000000000000       -0.0789272342800338     0.0000000000000000       -0.0109836745297955     0.0000000000000000
     0.0188510933051057     0.0000000000000000       -0.0108836837942222     0.0000000000000000       -0.0873334293667069     0.0000000000000000
   10    2
    -0.0140281739554334     0.0000000000000000        0.0118765732757865     0.0000000000000000       -0.0082223928574751     0.0000000000000000
     0.0118765732757865     0.0000000000000000       -0.0003142883997831     0.0000000000000000        0.0047472007296464     0.0000000000000000
    -0.0089686622621036     0.0000000000000000        0.0051780595712967     0.0000000000000000        0.0033727711086018     0.0000000000000000
   10    3
    -0.0040979694620979     0.0000000000000000       -0.0060976581786159     0.0000000000000000        0.0047805850679439     0.0000000000000000
    -0.0060976581786159     0.0000000000000000       -0.0111389386437994     0.0000000000000000       -0.0027600720758615     0.0000000000000000
     0.0038682516572590     0.0000000000000000       -0.0022333361356118     0.0000000000000000       -0.0137229758311699     0.0000000000000000
   10    4
    -0.0097228856650927     0.0000000000000000        0.0092538419315786     0.0000000000000000       -0.0219094117334381     0.0000000000000000
     0.0092538419315786     0.0000000000000000        0.0009625305953769     0.0000000000000000        0.0126494047620877     0.0000000000000000
    -0.0185247601408749     0.0000000000000000        0.0106952752540081     0.0000000000000000       -0.0321514868009336     0.0000000000000000
   10    5
    -0.0018243670785120     0.0000000000000000        0.0055584205280816     0.0000000000000000        0.0143224516320063     0.0000000000000000
     0.0055584205280816     0.0000000000000000        0.0045939440978023     0.0000000000000000       -0.0082690713051948     0.0000000000000000
     0.0059518452030355     0.0000000000000000       -0.0034362994301477     0.0000000000000000        0.0031241119740818     0.0000000000000000
   10    6
     0.0120776889859767     0.0000000000000000        0.0043410276341576     0.0000000000000000       -0.0029868440954280     0.0000000000000000
    -0.0043410276341576     0.0000000000000000       -0.0066153473961677     0.0000000000000000        0.0098037099973901     0.0000000000000000
     0.0029868440954280     0.0000000000000000        0.0098037099973901     0.0000000000000000        0.0014787736807063     0.0000000000000000
   10    7
    -0.0019420883006309     0.0000000000000000       -0.0124353498245596     0.0000000000000000       -0.0099836839567887     0.0000000000000000
    -0.0037532945562445     0.0000000000000000        0.0074044298904419     0.0000000000000000       -0.0023151721349107     0.0000000000000000
    -0.0069968398613607     0.0000000000000000       -0.0074885378624794     0.0000000000000000        0.0014787736807063     0.0000000000000000
   10    8
    -0.0021802430678534     0.0000000000000000       -0.0021398216047612     0.0000000000000000        0.0012295088887270     0.0000000000000000
    -0.0021398216047612     0.0000000000000000       -0.0046510962269072     0.0000000000000000       -0.0007098572878776     0.0000000000000000
     0.0012295088887270     0.0000000000000000       -0.0007098572878776     0.0000000000000000       -0.0049990901047160     0.0000000000000000
   10    9
    -0.0097377528480383     0.0000000000000000        0.0230789981125882     0.0000000000000000       -0.0016574261861768     0.0000000000000000
     0.0202799286920013     0.0000000000000000       -0.0347710409104443     0.0000000000000000       -0.0017816740168366     0.0000000000000000
    -0.0023716880529314     0.0000000000000000       -0.0005445361737085     0.0000000000000000        0.0042801969497930     0.0000000000000000
   10   10
     0.1289792003388647     0.0000000000000000       -0.0071889203933179     0.0000000000000000        0.0046886690344701     0.0000000000000000
    -0.0071889203933179     0.0000000000000000        0.1206781500903515     0.0000000000000000       -0.0027070043291926     0.0000000000000000
     0.0046886690344701     0.0000000000000000       -0.0027070043291926     0.0000000000000000        0.1201921577598441     0.0000000000000000
   10   11
    -0.0472876849416403     0.0000000000000000       -0.0013995347102935     0.0000000000000000        0.0007142618667546     0.0000000000000000
     0.0013995347102934     0.0000000000000000        0.0027788911831627     0.0000000000000000        0.0023262101905450     0.0000000000000000
    -0.0007142618667546     0.0000000000000000        0.0023262101905450     0.0000000000000000        0.0042801969497930     0.0000000000000000
   11    1
    -0.0502357240055424     0.0000000000000000        0.0248475767706443     0.0000000000000000       -0.0190242823394047     0.0000000000000000
     0.0248475767706442     0.0000000000000000       -0.0789272342800337     0.0000000000000000       -0.0109836745297955     0.0000000000000000
    -0.0188510933051056     0.0000000000000000       -0.0108836837942222     0.0000000000000000       -0.0873334293667069     0.0000000000000000
   11    2
    -0.0140281739554334     0.0000000000000000       -0.0118765732757865     0.0000000000000000        0.0082223928574750     0.0000000000000000
    -0.0118765732757865     0.0000000000000000       -0.0003142883997831     0.0000000000000000        0.0047472007296464     0.0000000000000000
     0.0089686622621036     0.0000000000000000        0.0051780595712967     0.0000000000000000        0.0033727711086018     0.0000000000000000
   11    3
    -0.0040979694620979     0.0000000000000000        0.0060976581786159     0.0000000000000000       -0.0047805850679439     0.0000000000000000
     0.0060976581786159     0.0000000000000000       -0.0111389386437993     0.0000000000000000       -0.0027600720758615     0.0000000000000000
    -0.0038682516572590     0.0000000000000000       -0.0022333361356118     0.0000000000000000       -0.0137229758311699     0.0000000000000000
   11    4
    -0.0097228856650928     0.0000000000000000       -0.0092538419315786     0.0000000000000000        0.0219094117334381     0.0000000000000000
    -0.0092538419315786     0.0000000000000000        0.0009625305953769     0.0000000000000000        0.0126494047620877     0.0000000000000000
     0.0185247601408749     0.0000000000000000        0.0106952752540082     0.0000000000000000       -0.0321514868009335     0.0000000000000000
   11    5
    -0.0018243670785120     0.0000000000000000       -0.0055584205280816     0.0000000000000000       -0.0143224516320063     0.0000000000000000
    -0.0055584205280816     0.0000000000000000        0.0045939440978023     0.0000000000000000       -0.0082690713051948     0.0000000000000000
    -0.0059518452030355     0.0000000000000000       -0.0034362994301478     0.0000000000000000        0.0031241119740818     0.0000000000000000
   11    6
    -0.0021802430678534     0.0000000000000000        0.0021398216047612     0.0000000000000000       -0.0012295088887270     0.0000000000000000
     0.0021398216047612     0.0000000000000000       -0.0046510962269072     0.0000000000000000       -0.0007098572878776     0.0000000000000000
    -0.0012295088887270     0.0000000000000000       -0.0007098572878776     0.0000000000000000       -0.0049990901047160     0.0000000000000000
   11    7
    -0.0019420883006309     0.0000000000000000        0.0124353498245596     0.0000000000000000        0.0099836839567887     0.0000000000000000
     0.0037532945562445     0.0000000000000000        0.0074044298904419     0.0000000000000000       -0.0023151721349106     0.0000000000000000
     0.0069968398613607     0.0000000000000000       -0.0074885378624794     0.0000000000000000        0.0014787736807063     0.0000000000000000
   11    8
     0.0120776889859767     0.0000000000000000       -0.0043410276341576     0.0000000000000000        0.0029868440954280     0.0000000000000000
     0.0043410276341576     0.0000000000000000       -0.0066153473961677     0.0000000000000000        0.0098037099973901     0.0000000000000000
    -0.0029868440954280     0.0000000000000000        0.0098037099973901     0.0000000000000000        0.0014787736807063     0.0000000000000000
   11    9
    -0.0097377528480383     0.0000000000000000       -0.0230789981125882     0.0000000000000000        0.0016574261861768     0.0000000000000000
    -0.0202799286920013     0.0000000000000000       -0.0347710409104443     0.0000000000000000       -0.0017816740168366     0.0000000000000000
     0.0023716880529314     0.0000000000000000       -0.0005445361737085     0.0000000000000000        0.0042801969497930     0.0000000000000000
   11   10
    -0.0472876849416403     0.0000000000000000        0.0013995347102934     0.0000000000000000       -0.0007142618667546     0.0000000000000000
    -0.0013995347102935     0.0000000000000000        0.0027788911831627     0.0000000000000000        0.0023262101905450     0.0000000000000000
     0.0007142618667546     0.0000000000000000        0.0023262101905450     0.0000000000000000        0.0042801969497930     0.0000000000000000
   11   11
     0.1289792003388647     0.0000000000000000        0.0071889203933180     0.0000000000000000       -0.0046886690344701     0.0000000000000000
     0.0071889203933180     0.0000000000000000        0.1206781500903516     0.0000000000000000       -0.0027070043291926     0.0000000000000000
    -0.0046886690344701     0.0000000000000000       -0.0027070043291926     0.0000000000000000        0.1201921577598441     0.0000000000000000

     Diagonalizing the dynamical matrix

     q = (     0.000000000000     0.000000000000     0.000000000000 )

***************************************************************************
   freq (    1) =    -0.00000103 [THz] =    -0.00003423 [cm-1]
(   0.000000  0.000000  -0.268688  0.000000   0.136805  0.000000 )
(   0.000000  0.000000  -0.268688  0.000000   0.136805  0.000000 )
(  -0.000000  0.000000  -0.268688  0.000000   0.136805  0.000000 )
(  -0.000000  0.000000  -0.268688  0.000000   0.136805  0.000000 )
(   0.000000  0.000000  -0.268688  0.000000   0.136805  0.000000 )
(  -0.000000  0.000000  -0.268688  0.000000   0.136805  0.000000 )
(  -0.000000  0.000000  -0.268688  0.000000   0.136805  0.000000 )
(  -0.000000  0.000000  -0.268688  0.000000   0.136805  0.000000 )
(  -0.000000  0.000000  -0.268688  0.000000   0.136805  0.000000 )
(  -0.000000  0.000000  -0.268688  0.000000   0.136805  0.000000 )
(   0.000000  0.000000  -0.268688  0.000000   0.136805  0.000000 )
   freq (    2) =    -0.00000020 [THz] =    -0.00000662 [cm-1]
(  -0.301511  0.000000  -0.000000  0.000000  -0.000000  0.000000 )
(  -0.301511  0.000000  -0.000000  0.000000   0.000000  0.000000 )
(  -0.301511  0.000000  -0.000000  0.000000  -0.000000  0.000000 )
(  -0.301511  0.000000   0.000000  0.000000   0.000000  0.000000 )
(  -0.301511  0.000000   0.000000  0.000000  -0.000000  0.000000 )
(  -0.301511  0.000000   0.000000  0.000000   0.000000  0.000000 )
(  -0.301511  0.000000   0.000000  0.000000   0.000000  0.000000 )
(  -0.301511  0.000000   0.000000  0.000000  -0.000000  0.000000 )
(  -0.301511  0.000000  -0.000000  0.000000   0.000000  0.000000 )
(  -0.301511  0.000000  -0.000000  0.000000  -0.000000  0.000000 )
(  -0.301511  0.000000  -0.000000  0.000000   0.000000  0.000000 )
   freq (    3) =     0.00000055 [THz] =     0.00001822 [cm-1]
(   0.000000  0.000000   0.136805  0.000000   0.268688  0.000000 )
(  -0.000000  0.000000   0.136805  0.000000   0.268688  0.000000 )
(  -0.000000  0.000000   0.136805  0.000000   0.268688  0.000000 )
(  -0.000000  0.000000   0.136805  0.000000   0.268688  0.000000 )
(  -0.000000  0.000000   0.136805  0.000000   0.268688  0.000000 )
(   0.000000  0.000000   0.136805  0.000000   0.268688  0.000000 )
(   0.000000  0.000000   0.136805  0.000000   0.268688  0.000000 )
(   0.000000  0.000000   0.136805  0.000000   0.268688  0.000000 )
(   0.000000  0.000000   0.136805  0.000000   0.268688  0.000000 )
(  -0.000000  0.000000   0.136805  0.000000   0.268688  0.000000 )
(  -0.000000  0.000000   0.136805  0.000000   0.268688  0.000000 )
   freq (    4) =    25.45011026 [THz] =   848.92417873 [cm-1]
(  -0.000000  0.000000  -0.000000  0.000000   0.020968  0.000000 )
(  -0.000000  0.000000   0.000000  0.000000  -0.494055  0.000000 )
(   0.000000  0.000000   0.000000  0.000000  -0.494055  0.000000 )
(   0.000000  0.000000   0.000000  0.000000  -0.356910  0.000000 )
(   0.000000  0.000000   0.000000  0.000000  -0.356910  0.000000 )
(   0.051946  0.000000   0.029991  0.000000  -0.197916  0.000000 )
(   0.000000  0.000000  -0.059982  0.000000  -0.197916  0.000000 )
(  -0.051946  0.000000   0.029991  0.000000  -0.197916  0.000000 )
(   0.000000  0.000000  -0.059982  0.000000  -0.197916  0.000000 )
(  -0.051946  0.000000   0.029991  0.000000  -0.197916  0.000000 )
(   0.051946  0.000000   0.029991  0.000000  -0.197916  0.000000 )
   freq (    5) =    25.52512368 [THz] =   851.42635654 [cm-1]
(   0.020927  0.000000  -0.000000  0.000000   0.000000  0.000000 )
(  -0.494962  0.000000   0.000000  0.000000  -0.000000  0.000000 )
(  -0.494962  0.000000   0.000000  0.000000  -0.000000  0.000000 )
(  -0.178062  0.000000   0.000000  0.000000   0.000000  0.000000 )
(  -0.178062  0.000000   0.000000  0.000000  -0.000000  0.000000 )
(  -0.295401  0.000000  -0.067738  0.000000   0.061953  0.000000 )
(  -0.178074  0.000000   0.000000  0.000000   0.000000  0.000000 )
(  -0.295401  0.000000   0.067738  0.000000  -0.061953  0.000000 )
(  -0.178074  0.000000   0.000000  0.000000   0.000000  0.000000 )
(  -0.295401  0.000000   0.067738  0.000000  -0.061953  0.000000 )
(  -0.295401  0.000000  -0.067738  0.000000   0.061953  0.000000 )
   freq (    6) =    25.52512368 [THz] =   851.42635654 [cm-1]
(   0.000000  0.000000   0.020927  0.000000   0.000000  0.000000 )
(  -0.000000  0.000000  -0.494962  0.000000  -0.000000  0.000000 )
(  -0.000000  0.000000  -0.494962  0.000000  -0.000000  0.000000 )
(  -0.000000  0.000000  -0.178062  0.000000  -0.000000  0.000000 )
(  -0.000000  0.000000  -0.178062  0.000000  -0.000000  0.000000 )
(  -0.067738  0.000000  -0.217183  0.000000   0.035769  0.000000 )
(  -0.000000  0.000000  -0.334509  0.000000  -0.071538  0.000000 )
(   0.067738  0.000000  -0.217183  0.000000   0.035769  0.000000 )
(  -0.000000  0.000000  -0.334509  0.000000  -0.071538  0.000000 )
(   0.067738  0.000000  -0.217183  0.000000   0.035769  0.000000 )
(  -0.067738  0.000000  -0.217183  0.000000   0.035769  0.000000 )
   freq (    7) =    25.85983547 [THz] =   862.59113856 [cm-1]
(  -0.000000  0.000000   0.000000  0.000000   0.000000  0.000000 )
(   0.415921  0.000000  -0.002734  0.000000   0.000000  0.000000 )
(  -0.415921  0.000000   0.002734  0.000000  -0.000000  0.000000 )
(   0.060509  0.000000  -0.000398  0.000000   0.000000  0.000000 )
(  -0.060509  0.000000   0.000398  0.000000  -0.000000  0.000000 )
(  -0.343700  0.000000  -0.166236  0.000000   0.114842  0.000000 )
(  -0.055143  0.000000   0.002901  0.000000   0.000875  0.000000 )
(  -0.345899  0.000000   0.168230  0.000000  -0.115717  0.000000 )
(   0.055143  0.000000  -0.002901  0.000000  -0.000875  0.000000 )
(   0.345899  0.000000  -0.168230  0.000000   0.115717  0.000000 )
(   0.343700  0.000000   0.166236  0.000000  -0.114842  0.000000 )
   freq (    8) =    25.85983547 [THz] =   862.59113856 [cm-1]
(  -0.000000  0.000000  -0.000000  0.000000  -0.000000  0.000000 )
(  -0.002734  0.000000  -0.415921  0.000000   0.000000  0.000000 )
(   0.002734  0.000000   0.415921  0.000000  -0.000000  0.000000 )
(  -0.000398  0.000000  -0.060509  0.000000   0.000000  0.000000 )
(   0.000398  0.000000   0.060509  0.000000  -0.000000  0.000000 )
(   0.169499  0.000000   0.152795  0.000000  -0.067315  0.000000 )
(   0.000362  0.000000   0.441351  0.000000   0.133114  0.000000 )
(  -0.164966  0.000000   0.150596  0.000000  -0.065799  0.000000 )
(  -0.000362  0.000000  -0.441351  0.000000  -0.133114  0.000000 )
(   0.164966  0.000000  -0.150596  0.000000   0.065799  0.000000 )
(  -0.169499  0.000000  -0.152795  0.000000   0.067315  0.000000 )
   freq (    9) =    25.90268522 [THz] =   864.02045222 [cm-1]
(  -0.000000  0.000000   0.000000  0.000000  -0.000000  0.000000 )
(  -0.000000  0.000000   0.000000  0.000000   0.358954  0.000000 )
(   0.000000  0.000000  -0.000000  0.000000  -0.358954  0.000000 )
(  -0.000000  0.000000   0.000000  0.000000   0.514784  0.000000 )
(   0.000000  0.000000  -0.000000  0.000000  -0.514784  0.000000 )
(   0.117848  0.000000   0.068040  0.000000  -0.129868  0.000000 )
(   0.000000  0.000000  -0.136079  0.000000  -0.129868  0.000000 )
(  -0.117848  0.000000   0.068040  0.000000  -0.129868  0.000000 )
(  -0.000000  0.000000   0.136079  0.000000   0.129868  0.000000 )
(   0.117848  0.000000  -0.068040  0.000000   0.129868  0.000000 )
(  -0.117848  0.000000  -0.068040  0.000000   0.129868  0.000000 )
   freq (   10) =    28.54878523 [THz] =   952.28483525 [cm-1]
(  -0.000000  0.000000   0.000000  0.000000   0.000000  0.000000 )
(  -0.000000  0.000000   0.000000  0.000000   0.514795  0.000000 )
(   0.000000  0.000000  -0.000000  0.000000  -0.514795  0.000000 )
(   0.000000  0.000000   0.000000  0.000000  -0.185812  0.000000 )
(   0.000000  0.000000  -0.000000  0.000000   0.185812  0.000000 )
(   0.023389  0.000000   0.013504  0.000000   0.257081  0.000000 )
(  -0.000000  0.000000  -0.027007  0.000000   0.257081  0.000000 )
(  -0.023389  0.000000   0.013504  0.000000   0.257081  0.000000 )
(   0.000000  0.000000   0.027007  0.000000  -0.257081  0.000000 )
(   0.023389  0.000000  -0.013504  0.000000  -0.257081  0.000000 )
(  -0.023389  0.000000  -0.013504  0.000000  -0.257081  0.000000 )
   freq (   11) =    29.52791412 [THz] =   984.94505478 [cm-1]
(  -0.000000  0.000000  -0.000000  0.000000   0.000000  0.000000 )
(  -0.472032  0.000000   0.000115  0.000000  -0.000000  0.000000 )
(   0.472032  0.000000  -0.000115  0.000000   0.000000  0.000000 )
(   0.239010  0.000000  -0.000058  0.000000   0.000000  0.000000 )
(  -0.239010  0.000000   0.000058  0.000000  -0.000000  0.000000 )
(  -0.259466  0.000000   0.016388  0.000000  -0.032381  0.000000 )
(  -0.287729  0.000000   0.000061  0.000000  -0.000009  0.000000 )
(  -0.259458  0.000000  -0.016252  0.000000   0.032390  0.000000 )
(   0.287729  0.000000  -0.000061  0.000000   0.000009  0.000000 )
(   0.259458  0.000000   0.016252  0.000000  -0.032390  0.000000 )
(   0.259466  0.000000  -0.016388  0.000000   0.032381  0.000000 )
   freq (   12) =    29.52791412 [THz] =   984.94505478 [cm-1]
(  -0.000000  0.000000  -0.000000  0.000000  -0.000000  0.000000 )
(  -0.000115  0.000000  -0.472032  0.000000  -0.000000  0.000000 )
(   0.000115  0.000000   0.472032  0.000000   0.000000  0.000000 )
(   0.000058  0.000000   0.239010  0.000000  -0.000000  0.000000 )
(  -0.000058  0.000000  -0.239010  0.000000   0.000000  0.000000 )
(   0.016257  0.000000  -0.278303  0.000000  -0.018706  0.000000 )
(  -0.000070  0.000000  -0.250040  0.000000   0.037396  0.000000 )
(  -0.016383  0.000000  -0.278311  0.000000  -0.018690  0.000000 )
(   0.000070  0.000000   0.250040  0.000000  -0.037396  0.000000 )
(   0.016383  0.000000   0.278311  0.000000   0.018690  0.000000 )
(  -0.016257  0.000000   0.278303  0.000000   0.018706  0.000000 )
   freq (   13) =    32.30392247 [THz] =  1077.54271281 [cm-1]
(   0.000000  0.000000  -0.000000  0.000000  -0.000000  0.000000 )
(   0.000000  0.000000   0.000000  0.000000  -0.000000  0.000000 )
(  -0.000000  0.000000  -0.000000  0.000000  -0.000000  0.000000 )
(  -0.000000  0.000000   0.000000  0.000000   0.000000  0.000000 )
(   0.000000  0.000000  -0.000000  0.000000   0.000000  0.000000 )
(   0.204124  0.000000  -0.353553  0.000000   0.000000  0.000000 )
(  -0.408248  0.000000   0.000000  0.000000  -0.000000  0.000000 )
(   0.204124  0.000000   0.353553  0.000000  -0.000000  0.000000 )
(   0.408248  0.000000  -0.000000  0.000000   0.000000  0.000000 )
(  -0.204124  0.000000  -0.353553  0.000000   0.000000  0.000000 )
(  -0.204124  0.000000   0.353553  0.000000  -0.000000  0.000000 )
   freq (   14) =    32.65813271 [THz] =  1089.35789313 [cm-1]
(   0.000000  0.000000   0.000000  0.000000   0.000000  0.000000 )
(   0.033027  0.000000  -0.000214  0.000000  -0.000000  0.000000 )
(  -0.033027  0.000000   0.000214  0.000000   0.000000  0.000000 )
(  -0.452748  0.000000   0.002928  0.000000  -0.000000  0.000000 )
(   0.452748  0.000000  -0.002928  0.000000  -0.000000  0.000000 )
(  -0.126469  0.000000  -0.001030  0.000000  -0.349903  0.000000 )
(  -0.123303  0.000000   0.000825  0.000000  -0.002623  0.000000 )
(  -0.126493  0.000000   0.002639  0.000000   0.352525  0.000000 )
(   0.123303  0.000000  -0.000825  0.000000   0.002623  0.000000 )
(   0.126493  0.000000  -0.002639  0.000000  -0.352525  0.000000 )
(   0.126469  0.000000   0.001030  0.000000   0.349903  0.000000 )
   freq (   15) =    32.65813271 [THz] =  1089.35789313 [cm-1]
(   0.000000  0.000000  -0.000000  0.000000   0.000000  0.000000 )
(  -0.000214  0.000000  -0.033027  0.000000   0.000000  0.000000 )
(   0.000214  0.000000   0.033027  0.000000   0.000000  0.000000 )
(   0.002928  0.000000   0.452748  0.000000  -0.000000  0.000000 )
(  -0.002928  0.000000  -0.452748  0.000000  -0.000000  0.000000 )
(   0.002653  0.000000   0.124375  0.000000   0.205045  0.000000 )
(   0.000797  0.000000   0.127541  0.000000  -0.405547  0.000000 )
(  -0.001017  0.000000   0.124351  0.000000   0.200502  0.000000 )
(  -0.000797  0.000000  -0.127541  0.000000   0.405547  0.000000 )
(   0.001017  0.000000  -0.124351  0.000000  -0.200502  0.000000 )
(  -0.002653  0.000000  -0.124375  0.000000  -0.205045  0.000000 )
   freq (   16) =    33.22311975 [THz] =  1108.20382926 [cm-1]
(   0.000000  0.000000   0.000000  0.000000   0.000000  0.000000 )
(  -0.000000  0.000000   0.000000  0.000000   0.000000  0.000000 )
(  -0.000000  0.000000   0.000000  0.000000   0.000000  0.000000 )
(   0.000000  0.000000   0.000000  0.000000  -0.000000  0.000000 )
(   0.000000  0.000000   0.000000  0.000000  -0.000000  0.000000 )
(   0.204124  0.000000  -0.353553  0.000000  -0.000000  0.000000 )
(  -0.408248  0.000000  -0.000000  0.000000   0.000000  0.000000 )
(   0.204124  0.000000   0.353553  0.000000   0.000000  0.000000 )
(  -0.408248  0.000000  -0.000000  0.000000   0.000000  0.000000 )
(   0.204124  0.000000   0.353553  0.000000   0.000000  0.000000 )
(   0.204124  0.000000  -0.353553  0.000000  -0.000000  0.000000 )
   freq (   17) =    33.32040405 [THz] =  1111.44888393 [cm-1]
(   0.000819  0.000000  -0.000000  0.000000   0.000000  0.000000 )
(   0.022751  0.000000  -0.000000  0.000000  -0.000000  0.000000 )
(   0.022751  0.000000  -0.000000  0.000000  -0.000000  0.000000 )
(   0.442858  0.000000  -0.000000  0.000000   0.000000  0.000000 )
(   0.442858  0.000000  -0.000000  0.000000   0.000000  0.000000 )
(  -0.164253  0.000000   0.016917  0.000000  -0.325088  0.000000 )
(  -0.193555  0.000000   0.000000  0.000000  -0.000000  0.000000 )
(  -0.164253  0.000000  -0.016917  0.000000   0.325088  0.000000 )
(  -0.193555  0.000000   0.000000  0.000000  -0.000000  0.000000 )
(  -0.164253  0.000000  -0.016917  0.000000   0.325088  0.000000 )
(  -0.164253  0.000000   0.016917  0.000000  -0.325088  0.000000 )
   freq (   18) =    33.32040405 [THz] =  1111.44888393 [cm-1]
(  -0.000000  0.000000  -0.000819  0.000000   0.000000  0.000000 )
(  -0.000000  0.000000  -0.022751  0.000000  -0.000000  0.000000 )
(  -0.000000  0.000000  -0.022751  0.000000  -0.000000  0.000000 )
(  -0.000000  0.000000  -0.442858  0.000000  -0.000000  0.000000 )
(  -0.000000  0.000000  -0.442858  0.000000  -0.000000  0.000000 )
(  -0.016917  0.000000   0.183788  0.000000   0.187690  0.000000 )
(   0.000000  0.000000   0.154486  0.000000  -0.375380  0.000000 )
(   0.016917  0.000000   0.183788  0.000000   0.187690  0.000000 )
(   0.000000  0.000000   0.154486  0.000000  -0.375380  0.000000 )
(   0.016917  0.000000   0.183788  0.000000   0.187690  0.000000 )
(  -0.016917  0.000000   0.183788  0.000000   0.187690  0.000000 )
   freq (   19) =    34.56404012 [THz] =  1152.93211210 [cm-1]
(   0.000459  0.000000   0.000000  0.000000  -0.000000  0.000000 )
(   0.003005  0.000000   0.000000  0.000000  -0.000000  0.000000 )
(   0.003005  0.000000   0.000000  0.000000  -0.000000  0.000000 )
(  -0.319876  0.000000  -0.000000  0.000000   0.000000  0.000000 )
(  -0.319876  0.000000  -0.000000  0.000000   0.000000  0.000000 )
(  -0.024411  0.000000  -0.206957  0.000000  -0.315615  0.000000 )
(   0.334050  0.000000  -0.000000  0.000000   0.000000  0.000000 )
(  -0.024411  0.000000   0.206957  0.000000   0.315615  0.000000 )
(   0.334050  0.000000  -0.000000  0.000000   0.000000  0.000000 )
(  -0.024411  0.000000   0.206957  0.000000   0.315615  0.000000 )
(  -0.024411  0.000000  -0.206957  0.000000  -0.315615  0.000000 )
   freq (   20) =    34.56404012 [THz] =  1152.93211210 [cm-1]
(   0.000000  0.000000  -0.000459  0.000000  -0.000000  0.000000 )
(   0.000000  0.000000  -0.003005  0.000000   0.000000  0.000000 )
(   0.000000  0.000000  -0.003005  0.000000   0.000000  0.000000 )
(  -0.000000  0.000000   0.319876  0.000000  -0.000000  0.000000 )
(  -0.000000  0.000000   0.319876  0.000000  -0.000000  0.000000 )
(   0.206957  0.000000  -0.214563  0.000000   0.182221  0.000000 )
(   0.000000  0.000000   0.143898  0.000000  -0.364441  0.000000 )
(  -0.206957  0.000000  -0.214563  0.000000   0.182221  0.000000 )
(   0.000000  0.000000   0.143898  0.000000  -0.364441  0.000000 )
(  -0.206957  0.000000  -0.214563  0.000000   0.182221  0.000000 )
(   0.206957  0.000000  -0.214563  0.000000   0.182221  0.000000 )
   freq (   21) =    35.89420953 [THz] =  1197.30178120 [cm-1]
(  -0.000000  0.000000   0.000000  0.000000   0.006274  0.000000 )
(  -0.000000  0.000000  -0.000000  0.000000   0.513182  0.000000 )
(   0.000000  0.000000  -0.000000  0.000000   0.513182  0.000000 )
(  -0.000000  0.000000  -0.000000  0.000000  -0.314561  0.000000 )
(  -0.000000  0.000000  -0.000000  0.000000  -0.314561  0.000000 )
(   0.035285  0.000000   0.020372  0.000000  -0.210314  0.000000 )
(   0.000000  0.000000  -0.040744  0.000000  -0.210314  0.000000 )
(  -0.035285  0.000000   0.020372  0.000000  -0.210314  0.000000 )
(   0.000000  0.000000  -0.040744  0.000000  -0.210314  0.000000 )
(  -0.035285  0.000000   0.020372  0.000000  -0.210314  0.000000 )
(   0.035285  0.000000   0.020372  0.000000  -0.210314  0.000000 )
   freq (   22) =    36.22759146 [THz] =  1208.42220365 [cm-1]
(   0.006606  0.000000   0.000000  0.000000   0.000000  0.000000 )
(   0.509214  0.000000   0.000000  0.000000   0.000000  0.000000 )
(   0.509214  0.000000   0.000000  0.000000   0.000000  0.000000 )
(  -0.235984  0.000000  -0.000000  0.000000  -0.000000  0.000000 )
(  -0.235984  0.000000  -0.000000  0.000000  -0.000000  0.000000 )
(  -0.259115  0.000000  -0.028250  0.000000   0.049675  0.000000 )
(  -0.210184  0.000000  -0.000000  0.000000  -0.000000  0.000000 )
(  -0.259115  0.000000   0.028250  0.000000  -0.049675  0.000000 )
(  -0.210184  0.000000  -0.000000  0.000000  -0.000000  0.000000 )
(  -0.259115  0.000000   0.028250  0.000000  -0.049675  0.000000 )
(  -0.259115  0.000000  -0.028250  0.000000   0.049675  0.000000 )
   freq (   23) =    36.22759146 [THz] =  1208.42220365 [cm-1]
(  -0.000000  0.000000   0.006606  0.000000   0.000000  0.000000 )
(  -0.000000  0.000000   0.509214  0.000000   0.000000  0.000000 )
(  -0.000000  0.000000   0.509214  0.000000   0.000000  0.000000 )
(   0.000000  0.000000  -0.235984  0.000000  -0.000000  0.000000 )
(   0.000000  0.000000  -0.235984  0.000000  -0.000000  0.000000 )
(  -0.028250  0.000000  -0.226495  0.000000   0.028680  0.000000 )
(   0.000000  0.000000  -0.275426  0.000000  -0.057360  0.000000 )
(   0.028250  0.000000  -0.226495  0.000000   0.028680  0.000000 )
(   0.000000  0.000000  -0.275426  0.000000  -0.057360  0.000000 )
(   0.028250  0.000000  -0.226495  0.000000   0.028680  0.000000 )
(  -0.028250  0.000000  -0.226495  0.000000   0.028680  0.000000 )
   freq (   24) =    43.51990651 [THz] =  1451.66761603 [cm-1]
(  -0.000000  0.000000   0.000000  0.000000  -0.000000  0.000000 )
(  -0.030665  0.000000   0.000256  0.000000  -0.000000  0.000000 )
(   0.030665  0.000000  -0.000256  0.000000   0.000000  0.000000 )
(   0.331271  0.000000  -0.002767  0.000000   0.000000  0.000000 )
(  -0.331271  0.000000   0.002767  0.000000  -0.000000  0.000000 )
(  -0.003963  0.000000  -0.221057  0.000000  -0.275960  0.000000 )
(   0.373515  0.000000   0.001105  0.000000  -0.002675  0.000000 )
(  -0.007622  0.000000   0.216929  0.000000   0.278635  0.000000 )
(  -0.373515  0.000000  -0.001105  0.000000   0.002675  0.000000 )
(   0.007622  0.000000  -0.216929  0.000000  -0.278635  0.000000 )
(   0.003963  0.000000   0.221057  0.000000   0.275960  0.000000 )
   freq (   25) =    43.51990651 [THz] =  1451.66761603 [cm-1]
(  -0.000000  0.000000   0.000000  0.000000  -0.000000  0.000000 )
(   0.000256  0.000000   0.030665  0.000000  -0.000000  0.000000 )
(  -0.000256  0.000000  -0.030665  0.000000   0.000000  0.000000 )
(  -0.002767  0.000000  -0.331271  0.000000   0.000000  0.000000 )
(   0.002767  0.000000   0.331271  0.000000  -0.000000  0.000000 )
(   0.219041  0.000000  -0.245250  0.000000   0.162414  0.000000 )
(  -0.003120  0.000000   0.132228  0.000000  -0.320196  0.000000 )
(  -0.218945  0.000000  -0.248908  0.000000   0.157782  0.000000 )
(   0.003120  0.000000  -0.132228  0.000000   0.320196  0.000000 )
(   0.218945  0.000000   0.248908  0.000000  -0.157782  0.000000 )
(  -0.219041  0.000000   0.245250  0.000000  -0.162414  0.000000 )
   freq (   26) =    45.54282260 [THz] =  1519.14482393 [cm-1]
(   0.000000  0.000000  -0.000000  0.000000  -0.000000  0.000000 )
(  -0.319618  0.000000   0.001033  0.000000  -0.000000  0.000000 )
(   0.319618  0.000000  -0.001033  0.000000   0.000000  0.000000 )
(  -0.352809  0.000000   0.001140  0.000000   0.000000  0.000000 )
(   0.352809  0.000000  -0.001140  0.000000  -0.000000  0.000000 )
(  -0.077319  0.000000  -0.221480  0.000000   0.187811  0.000000 )
(   0.304591  0.000000   0.000664  0.000000   0.000702  0.000000 )
(  -0.078746  0.000000   0.220336  0.000000  -0.188513  0.000000 )
(  -0.304591  0.000000  -0.000664  0.000000  -0.000702  0.000000 )
(   0.078746  0.000000  -0.220336  0.000000   0.188513  0.000000 )
(   0.077319  0.000000   0.221480  0.000000  -0.187811  0.000000 )
   freq (   27) =    45.54282260 [THz] =  1519.14482393 [cm-1]
(   0.000000  0.000000   0.000000  0.000000  -0.000000  0.000000 )
(  -0.001033  0.000000  -0.319618  0.000000   0.000000  0.000000 )
(   0.001033  0.000000   0.319618  0.000000  -0.000000  0.000000 )
(  -0.001140  0.000000  -0.352809  0.000000  -0.000000  0.000000 )
(   0.001140  0.000000   0.352809  0.000000   0.000000  0.000000 )
(  -0.221160  0.000000   0.176336  0.000000   0.109243  0.000000 )
(   0.000984  0.000000  -0.205574  0.000000  -0.217271  0.000000 )
(   0.220656  0.000000   0.177764  0.000000   0.108028  0.000000 )
(  -0.000984  0.000000   0.205574  0.000000   0.217271  0.000000 )
(  -0.220656  0.000000  -0.177764  0.000000  -0.108028  0.000000 )
(   0.221160  0.000000  -0.176336  0.000000  -0.109243  0.000000 )
   freq (   28) =    45.57373300 [THz] =  1520.17588367 [cm-1]
(   0.000000  0.000000   0.000000  0.000000   0.000000  0.000000 )
(   0.000000  0.000000  -0.000000  0.000000  -0.325751  0.000000 )
(  -0.000000  0.000000   0.000000  0.000000   0.325751  0.000000 )
(   0.000000  0.000000  -0.000000  0.000000   0.279015  0.000000 )
(  -0.000000  0.000000   0.000000  0.000000  -0.279015  0.000000 )
(   0.162342  0.000000   0.093728  0.000000   0.264963  0.000000 )
(  -0.000000  0.000000  -0.187457  0.000000   0.264963  0.000000 )
(  -0.162342  0.000000   0.093728  0.000000   0.264963  0.000000 )
(   0.000000  0.000000   0.187457  0.000000  -0.264963  0.000000 )
(   0.162342  0.000000  -0.093728  0.000000  -0.264963  0.000000 )
(  -0.162342  0.000000  -0.093728  0.000000  -0.264963  0.000000 )
   freq (   29) =    45.61089053 [THz] =  1521.41532547 [cm-1]
(   0.005803  0.000000   0.000000  0.000000  -0.000000  0.000000 )
(  -0.061846  0.000000   0.000000  0.000000   0.000000  0.000000 )
(  -0.061846  0.000000  -0.000000  0.000000   0.000000  0.000000 )
(  -0.331728  0.000000   0.000000  0.000000  -0.000000  0.000000 )
(  -0.331728  0.000000  -0.000000  0.000000  -0.000000  0.000000 )
(   0.158236  0.000000   0.277696  0.000000  -0.197030  0.000000 )
(  -0.322747  0.000000   0.000000  0.000000   0.000000  0.000000 )
(   0.158236  0.000000  -0.277696  0.000000   0.197030  0.000000 )
(  -0.322747  0.000000  -0.000000  0.000000   0.000000  0.000000 )
(   0.158236  0.000000  -0.277696  0.000000   0.197030  0.000000 )
(   0.158236  0.000000   0.277696  0.000000  -0.197030  0.000000 )
   freq (   30) =    45.61089053 [THz] =  1521.41532547 [cm-1]
(  -0.000000  0.000000   0.005803  0.000000  -0.000000  0.000000 )
(  -0.000000  0.000000  -0.061846  0.000000   0.000000  0.000000 )
(   0.000000  0.000000  -0.061846  0.000000   0.000000  0.000000 )
(   0.000000  0.000000  -0.331728  0.000000  -0.000000  0.000000 )
(   0.000000  0.000000  -0.331728  0.000000  -0.000000  0.000000 )
(   0.277696  0.000000  -0.162420  0.000000  -0.113756  0.000000 )
(   0.000000  0.000000   0.318563  0.000000   0.227511  0.000000 )
(  -0.277696  0.000000  -0.162420  0.000000  -0.113756  0.000000 )
(   0.000000  0.000000   0.318563  0.000000   0.227511  0.000000 )
(  -0.277696  0.000000  -0.162420  0.000000  -0.113756  0.000000 )
(   0.277696  0.000000  -0.162420  0.000000  -0.113756  0.000000 )
   freq (   31) =    45.71262611 [THz] =  1524.80885870 [cm-1]
(  -0.000000  0.000000  -0.000000  0.000000  -0.005963  0.000000 )
(   0.000000  0.000000   0.000000  0.000000   0.031322  0.000000 )
(  -0.000000  0.000000   0.000000  0.000000   0.031322  0.000000 )
(   0.000000  0.000000   0.000000  0.000000  -0.282530  0.000000 )
(   0.000000  0.000000   0.000000  0.000000  -0.282530  0.000000 )
(   0.261275  0.000000   0.150847  0.000000   0.220695  0.000000 )
(   0.000000  0.000000  -0.301695  0.000000   0.220695  0.000000 )
(  -0.261275  0.000000   0.150847  0.000000   0.220695  0.000000 )
(   0.000000  0.000000  -0.301695  0.000000   0.220695  0.000000 )
(  -0.261275  0.000000   0.150847  0.000000   0.220695  0.000000 )
(   0.261275  0.000000   0.150847  0.000000   0.220695  0.000000 )
   freq (   32) =    46.83836604 [THz] =  1562.35949537 [cm-1]
(  -0.000000  0.000000   0.000000  0.000000  -0.001312  0.000000 )
(  -0.000000  0.000000  -0.000000  0.000000   0.008434  0.000000 )
(   0.000000  0.000000  -0.000000  0.000000   0.008434  0.000000 )
(   0.000000  0.000000  -0.000000  0.000000  -0.441890  0.000000 )
(   0.000000  0.000000  -0.000000  0.000000  -0.441890  0.000000 )
(  -0.230856  0.000000  -0.133285  0.000000   0.174627  0.000000 )
(   0.000000  0.000000   0.266570  0.000000   0.174627  0.000000 )
(   0.230856  0.000000  -0.133285  0.000000   0.174627  0.000000 )
(   0.000000  0.000000   0.266570  0.000000   0.174627  0.000000 )
(   0.230856  0.000000  -0.133285  0.000000   0.174627  0.000000 )
(  -0.230856  0.000000  -0.133285  0.000000   0.174627  0.000000 )
   freq (   33) =    58.23835566 [THz] =  1942.62216320 [cm-1]
(   0.000000  0.000000  -0.000000  0.000000   0.000000  0.000000 )
(  -0.000000  0.000000   0.000000  0.000000   0.005029  0.000000 )
(   0.000000  0.000000  -0.000000  0.000000  -0.005029  0.000000 )
(  -0.000000  0.000000   0.000000  0.000000   0.350173  0.000000 )
(   0.000000  0.000000  -0.000000  0.000000  -0.350173  0.000000 )
(  -0.290189  0.000000  -0.167541  0.000000   0.116210  0.000000 )
(   0.000000  0.000000   0.335082  0.000000   0.116210  0.000000 )
(   0.290189  0.000000  -0.167541  0.000000   0.116210  0.000000 )
(   0.000000  0.000000  -0.335082  0.000000  -0.116210  0.000000 )
(  -0.290189  0.000000   0.167541  0.000000  -0.116210  0.000000 )
(   0.290189  0.000000   0.167541  0.000000  -0.116210  0.000000 )
***************************************************************************
