Dynamical matrix file
File generated with the CellConstructor by Lorenzo Monacelli
2 11 0     1.8897259890000000     0.0000000000000000     0.0000000000000000     0.0000000000000000     0.0000000000000000     0.0000000000000000
Basis vectors
    1.8043625020600758    -1.0417491762800017     2.9472043819527207
   -0.0000000000000026     2.0834983525600004     2.9472043819527260
   -1.8043625020600758    -1.0417491762800044     2.9472043819527207
	1  'La '  126604.5951757480361266
	2  'H '    918.7358275894680446
    1     1     0.0000000000000011    -0.0000000000000013     4.4208066171197817
    2     2     0.0000000000000000    -0.0000000000000022     2.2086467146582525
    3     2     0.0000000000000000     0.0000000000000022    -2.2086467146582525
    4     2    -0.0000000000000001    -0.0000000000000004     1.0634545086735330
    5     2     0.0000000000000001     0.0000000000000004    -1.0634545086735330
    6     2     0.9356348331198739     0.5401890221956016     6.2489161012741015
    7     2     0.0000000000000024    -1.0803780443912163     6.2489161012740997
    8     2    -0.9356348331198761     0.5401890221955995     6.2489161012741032
    9     2    -0.0000000000000011     1.0803780443912137     2.5926971292829077
   10     2     0.9356348331198792    -0.5401890221956078     2.5926971292829086
   11     2    -0.9356348331198754    -0.5401890221956092     2.5926971292829082

     Dynamical Matrix in cartesian axes

     q = (     0.000000000000     0.000000000000     0.000000000000 )

    1    1
     0.6192012875873567     0.0000000000000000        0.0000000000000002     0.0000000000000000        0.0000000000000000     0.0000000000000000
     0.0000000000000002     0.0000000000000000        0.6192012875874164     0.0000000000000000       -0.0000000000000005     0.0000000000000000
     0.0000000000000000     0.0000000000000000       -0.0000000000000005     0.0000000000000000        0.6226520650080680     0.0000000000000000
    1    2
    -0.0289839046656695     0.0000000000000000       -0.0000000000000000     0.0000000000000000       -0.0000000000000000     0.0000000000000000
    -0.0000000000000000     0.0000000000000000       -0.0289839046656723     0.0000000000000000        0.0000000000000000     0.0000000000000000
    -0.0000000000000000     0.0000000000000000        0.0000000000000000     0.0000000000000000       -0.0295299280908837     0.0000000000000000
    1    3
    -0.0289839046656695     0.0000000000000000       -0.0000000000000000     0.0000000000000000       -0.0000000000000000     0.0000000000000000
    -0.0000000000000000     0.0000000000000000       -0.0289839046656723     0.0000000000000000        0.0000000000000000     0.0000000000000000
    -0.0000000000000000     0.0000000000000000        0.0000000000000000     0.0000000000000000       -0.0295299280908837     0.0000000000000000
    1    4
    -0.0894766085314427     0.0000000000000000       -0.0000000000000000     0.0000000000000000       -0.0000000000000000     0.0000000000000000
    -0.0000000000000000     0.0000000000000000       -0.0894766085314513     0.0000000000000000       -0.0000000000000000     0.0000000000000000
    -0.0000000000000000     0.0000000000000000       -0.0000000000000000     0.0000000000000000       -0.0289770470552344     0.0000000000000000
    1    5
    -0.0894766085314427     0.0000000000000000       -0.0000000000000000     0.0000000000000000       -0.0000000000000000     0.0000000000000000
    -0.0000000000000000     0.0000000000000000       -0.0894766085314513     0.0000000000000000       -0.0000000000000000     0.0000000000000000
    -0.0000000000000000     0.0000000000000000       -0.0000000000000000     0.0000000000000000       -0.0289770470552344     0.0000000000000000
    1    6
    -0.0511437753252584     0.0000000000000000        0.0217711884986338     0.0000000000000000       -0.0151474618574424     0.0000000000000000
     0.0217711884986338     0.0000000000000000       -0.0762829784057930     0.0000000000000000       -0.0087453911809343     0.0000000000000000
    -0.0143237913873385     0.0000000000000000       -0.0082698448132962     0.0000000000000000       -0.0842730191193053     0.0000000000000000
    1    7
    -0.0888525799460494     0.0000000000000000       -0.0000000000000000     0.0000000000000000       -0.0000000000000000     0.0000000000000000
    -0.0000000000000001     0.0000000000000000       -0.0385741737849984     0.0000000000000000        0.0174907823618688     0.0000000000000000
    -0.0000000000000000     0.0000000000000000        0.0165396896265927     0.0000000000000000       -0.0842730191193052     0.0000000000000000
    1    8
    -0.0511437753252583     0.0000000000000000       -0.0217711884986338     0.0000000000000000        0.0151474618574424     0.0000000000000000
    -0.0217711884986337     0.0000000000000000       -0.0762829784057931     0.0000000000000000       -0.0087453911809343     0.0000000000000000
     0.0143237913873385     0.0000000000000000       -0.0082698448132962     0.0000000000000000       -0.0842730191193053     0.0000000000000000
    1    9
    -0.0888525799460494     0.0000000000000000       -0.0000000000000001     0.0000000000000000       -0.0000000000000000     0.0000000000000000
    -0.0000000000000001     0.0000000000000000       -0.0385741737849984     0.0000000000000000        0.0174907823618688     0.0000000000000000
    -0.0000000000000000     0.0000000000000000        0.0165396896265927     0.0000000000000000       -0.0842730191193052     0.0000000000000000
    1   10
    -0.0511437753252583     0.0000000000000000       -0.0217711884986338     0.0000000000000000        0.0151474618574424     0.0000000000000000
    -0.0217711884986338     0.0000000000000000       -0.0762829784057931     0.0000000000000000       -0.0087453911809343     0.0000000000000000
     0.0143237913873385     0.0000000000000000       -0.0082698448132962     0.0000000000000000       -0.0842730191193053     0.0000000000000000
    1   11
    -0.0511437753252583     0.0000000000000000        0.0217711884986338     0.0000000000000000       -0.0151474618574424     0.0000000000000000
     0.0217711884986338     0.0000000000000000       -0.0762829784057930     0.0000000000000000       -0.0087453911809343     0.0000000000000000
    -0.0143237913873385     0.0000000000000000       -0.0082698448132962     0.0000000000000000       -0.0842730191193053     0.0000000000000000
    2    1
    -0.0289839046656695     0.0000000000000000       -0.0000000000000000     0.0000000000000000       -0.0000000000000000     0.0000000000000000
    -0.0000000000000000     0.0000000000000000       -0.0289839046656723     0.0000000000000000        0.0000000000000000     0.0000000000000000
    -0.0000000000000000     0.0000000000000000        0.0000000000000000     0.0000000000000000       -0.0295299280908837     0.0000000000000000
    2    2
     0.0828403948878053     0.0000000000000000        0.0000000000000000     0.0000000000000000        0.0000000000000000     0.0000000000000000
    -0.0000000000000000     0.0000000000000000        0.0828403948878133     0.0000000000000000       -0.0000000000000001     0.0000000000000000
     0.0000000000000000     0.0000000000000000       -0.0000000000000001     0.0000000000000000        0.0835371169958021     0.0000000000000000
    2    3
    -0.0058235343321776     0.0000000000000000       -0.0000000000000000     0.0000000000000000       -0.0000000000000000     0.0000000000000000
    -0.0000000000000000     0.0000000000000000       -0.0058235343321782     0.0000000000000000        0.0000000000000000     0.0000000000000000
    -0.0000000000000000     0.0000000000000000        0.0000000000000000     0.0000000000000000       -0.0031530915904873     0.0000000000000000
    2    4
     0.0048818723427313     0.0000000000000000        0.0000000000000000     0.0000000000000000        0.0000000000000000     0.0000000000000000
     0.0000000000000000     0.0000000000000000        0.0048818723427317     0.0000000000000000        0.0000000000000000     0.0000000000000000
     0.0000000000000000     0.0000000000000000        0.0000000000000000     0.0000000000000000       -0.0196246449425640     0.0000000000000000
    2    5
    -0.0136040874161779     0.0000000000000000       -0.0000000000000000     0.0000000000000000       -0.0000000000000000     0.0000000000000000
    -0.0000000000000000     0.0000000000000000       -0.0136040874161792     0.0000000000000000       -0.0000000000000000     0.0000000000000000
    -0.0000000000000000     0.0000000000000000       -0.0000000000000000     0.0000000000000000       -0.0001813785437339     0.0000000000000000
    2    6
    -0.0033777437772570     0.0000000000000000        0.0062728956186760     0.0000000000000000       -0.0043573367683189     0.0000000000000000
     0.0062728956186760     0.0000000000000000       -0.0106210597253397     0.0000000000000000       -0.0025157095561389     0.0000000000000000
    -0.0049499465750630     0.0000000000000000       -0.0028578529875870     0.0000000000000000       -0.0121123211314708     0.0000000000000000
    2    7
    -0.0142427176993795     0.0000000000000000       -0.0000000000000000     0.0000000000000000       -0.0000000000000000     0.0000000000000000
    -0.0000000000000000     0.0000000000000000        0.0002439141967839     0.0000000000000000        0.0050314191122778     0.0000000000000000
    -0.0000000000000000     0.0000000000000000        0.0057157059751741     0.0000000000000000       -0.0121123211314708     0.0000000000000000
    2    8
    -0.0033777437772570     0.0000000000000000       -0.0062728956186760     0.0000000000000000        0.0043573367683189     0.0000000000000000
    -0.0062728956186760     0.0000000000000000       -0.0106210597253397     0.0000000000000000       -0.0025157095561389     0.0000000000000000
     0.0049499465750630     0.0000000000000000       -0.0028578529875870     0.0000000000000000       -0.0121123211314708     0.0000000000000000
    2    9
     0.0042228365728523     0.0000000000000000        0.0000000000000000     0.0000000000000000        0.0000000000000000     0.0000000000000000
     0.0000000000000000     0.0000000000000000       -0.0164311936145993     0.0000000000000000       -0.0077766026268829     0.0000000000000000
     0.0000000000000000     0.0000000000000000       -0.0079820819847476     0.0000000000000000        0.0017629631887597     0.0000000000000000
    2   10
    -0.0112676860677352     0.0000000000000000        0.0089434574164316     0.0000000000000000       -0.0067347354300170     0.0000000000000000
     0.0089434574164316     0.0000000000000000       -0.0009406709740103     0.0000000000000000        0.0038883013134414     0.0000000000000000
    -0.0069126857738812     0.0000000000000000        0.0039910409923738     0.0000000000000000        0.0017629631887597     0.0000000000000000
    2   11
    -0.0112676860677352     0.0000000000000000       -0.0089434574164316     0.0000000000000000        0.0067347354300170     0.0000000000000000
    -0.0089434574164316     0.0000000000000000       -0.0009406709740103     0.0000000000000000        0.0038883013134414     0.0000000000000000
     0.0069126857738812     0.0000000000000000        0.0039910409923738     0.0000000000000000        0.0017629631887597     0.0000000000000000
    3    1
    -0.0289839046656695     0.0000000000000000       -0.0000000000000000     0.0000000000000000       -0.0000000000000000     0.0000000000000000
    -0.0000000000000000     0.0000000000000000       -0.0289839046656723     0.0000000000000000        0.0000000000000000     0.0000000000000000
     0.0000000000000000     0.0000000000000000        0.0000000000000000     0.0000000000000000       -0.0295299280908837     0.0000000000000000
    3    2
    -0.0058235343321776     0.0000000000000000       -0.0000000000000000     0.0000000000000000       -0.0000000000000000     0.0000000000000000
    -0.0000000000000000     0.0000000000000000       -0.0058235343321782     0.0000000000000000        0.0000000000000000     0.0000000000000000
    -0.0000000000000000     0.0000000000000000        0.0000000000000000     0.0000000000000000       -0.0031530915904873     0.0000000000000000
    3    3
     0.0828403948878053     0.0000000000000000        0.0000000000000000     0.0000000000000000        0.0000000000000000     0.0000000000000000
    -0.0000000000000000     0.0000000000000000        0.0828403948878133     0.0000000000000000       -0.0000000000000001     0.0000000000000000
     0.0000000000000000     0.0000000000000000       -0.0000000000000001     0.0000000000000000        0.0835371169958021     0.0000000000000000
    3    4
    -0.0136040874161779     0.0000000000000000       -0.0000000000000000     0.0000000000000000       -0.0000000000000000     0.0000000000000000
    -0.0000000000000000     0.0000000000000000       -0.0136040874161792     0.0000000000000000       -0.0000000000000000     0.0000000000000000
    -0.0000000000000000     0.0000000000000000       -0.0000000000000000     0.0000000000000000       -0.0001813785437339     0.0000000000000000
    3    5
     0.0048818723427313     0.0000000000000000        0.0000000000000000     0.0000000000000000        0.0000000000000000     0.0000000000000000
     0.0000000000000000     0.0000000000000000        0.0048818723427317     0.0000000000000000        0.0000000000000000     0.0000000000000000
     0.0000000000000000     0.0000000000000000        0.0000000000000000     0.0000000000000000       -0.0196246449425640     0.0000000000000000
    3    6
    -0.0112676860677352     0.0000000000000000       -0.0089434574164316     0.0000000000000000        0.0067347354300170     0.0000000000000000
    -0.0089434574164316     0.0000000000000000       -0.0009406709740103     0.0000000000000000        0.0038883013134414     0.0000000000000000
     0.0069126857738812     0.0000000000000000        0.0039910409923738     0.0000000000000000        0.0017629631887597     0.0000000000000000
    3    7
     0.0042228365728523     0.0000000000000000        0.0000000000000000     0.0000000000000000        0.0000000000000000     0.0000000000000000
     0.0000000000000000     0.0000000000000000       -0.0164311936145993     0.0000000000000000       -0.0077766026268829     0.0000000000000000
     0.0000000000000000     0.0000000000000000       -0.0079820819847476     0.0000000000000000        0.0017629631887597     0.0000000000000000
    3    8
    -0.0112676860677352     0.0000000000000000        0.0089434574164316     0.0000000000000000       -0.0067347354300170     0.0000000000000000
     0.0089434574164316     0.0000000000000000       -0.0009406709740103     0.0000000000000000        0.0038883013134414     0.0000000000000000
    -0.0069126857738812     0.0000000000000000        0.0039910409923738     0.0000000000000000        0.0017629631887597     0.0000000000000000
    3    9
    -0.0142427176993795     0.0000000000000000       -0.0000000000000000     0.0000000000000000       -0.0000000000000000     0.0000000000000000
    -0.0000000000000000     0.0000000000000000        0.0002439141967839     0.0000000000000000        0.0050314191122778     0.0000000000000000
    -0.0000000000000000     0.0000000000000000        0.0057157059751741     0.0000000000000000       -0.0121123211314708     0.0000000000000000
    3   10
    -0.0033777437772570     0.0000000000000000       -0.0062728956186760     0.0000000000000000        0.0043573367683189     0.0000000000000000
    -0.0062728956186760     0.0000000000000000       -0.0106210597253397     0.0000000000000000       -0.0025157095561389     0.0000000000000000
     0.0049499465750630     0.0000000000000000       -0.0028578529875870     0.0000000000000000       -0.0121123211314708     0.0000000000000000
    3   11
    -0.0033777437772570     0.0000000000000000        0.0062728956186760     0.0000000000000000       -0.0043573367683189     0.0000000000000000
     0.0062728956186760     0.0000000000000000       -0.0106210597253397     0.0000000000000000       -0.0025157095561389     0.0000000000000000
    -0.0049499465750630     0.0000000000000000       -0.0028578529875870     0.0000000000000000       -0.0121123211314708     0.0000000000000000
    4    1
    -0.0894766085314427     0.0000000000000000       -0.0000000000000000     0.0000000000000000       -0.0000000000000000     0.0000000000000000
    -0.0000000000000000     0.0000000000000000       -0.0894766085314513     0.0000000000000000       -0.0000000000000000     0.0000000000000000
    -0.0000000000000000     0.0000000000000000       -0.0000000000000000     0.0000000000000000       -0.0289770470552344     0.0000000000000000
    4    2
     0.0048818723427313     0.0000000000000000        0.0000000000000000     0.0000000000000000        0.0000000000000000     0.0000000000000000
     0.0000000000000000     0.0000000000000000        0.0048818723427317     0.0000000000000000        0.0000000000000000     0.0000000000000000
     0.0000000000000000     0.0000000000000000        0.0000000000000000     0.0000000000000000       -0.0196246449425640     0.0000000000000000
    4    3
    -0.0136040874161779     0.0000000000000000       -0.0000000000000000     0.0000000000000000       -0.0000000000000000     0.0000000000000000
    -0.0000000000000000     0.0000000000000000       -0.0136040874161792     0.0000000000000000       -0.0000000000000000     0.0000000000000000
    -0.0000000000000000     0.0000000000000000       -0.0000000000000000     0.0000000000000000       -0.0001813785437339     0.0000000000000000
    4    4
     0.1098323800366881     0.0000000000000000        0.0000000000000000     0.0000000000000000        0.0000000000000000     0.0000000000000000
     0.0000000000000000     0.0000000000000000        0.1098323800366987     0.0000000000000000       -0.0000000000000001     0.0000000000000000
     0.0000000000000000     0.0000000000000000       -0.0000000000000001     0.0000000000000000        0.1311636214712212     0.0000000000000000
    4    5
    -0.0041900461663354     0.0000000000000000       -0.0000000000000000     0.0000000000000000       -0.0000000000000000     0.0000000000000000
    -0.0000000000000000     0.0000000000000000       -0.0041900461663358     0.0000000000000000       -0.0000000000000000     0.0000000000000000
    -0.0000000000000000     0.0000000000000000       -0.0000000000000000     0.0000000000000000       -0.0015241279471192     0.0000000000000000
    4    6
    -0.0015735074592639     0.0000000000000000       -0.0052079984932062     0.0000000000000000       -0.0049377307564095     0.0000000000000000
    -0.0052079984932061     0.0000000000000000        0.0044401712047197     0.0000000000000000       -0.0028508001813991     0.0000000000000000
    -0.0145611531792860     0.0000000000000000       -0.0084068857077725     0.0000000000000000        0.0028325415982513     0.0000000000000000
    4    7
     0.0074470105367108     0.0000000000000000        0.0000000000000000     0.0000000000000000       -0.0000000000000000     0.0000000000000000
     0.0000000000000000     0.0000000000000000       -0.0045803467912560     0.0000000000000000        0.0057016003627981     0.0000000000000000
    -0.0000000000000000     0.0000000000000000        0.0168137714155451     0.0000000000000000        0.0028325415982514     0.0000000000000000
    4    8
    -0.0015735074592640     0.0000000000000000        0.0052079984932061     0.0000000000000000        0.0049377307564095     0.0000000000000000
     0.0052079984932061     0.0000000000000000        0.0044401712047197     0.0000000000000000       -0.0028508001813990     0.0000000000000000
     0.0145611531792860     0.0000000000000000       -0.0084068857077725     0.0000000000000000        0.0028325415982513     0.0000000000000000
    4    9
     0.0064213901823203     0.0000000000000000        0.0000000000000000     0.0000000000000000        0.0000000000000000     0.0000000000000000
     0.0000000000000000     0.0000000000000000       -0.0142503941047524     0.0000000000000000       -0.0196515486896833     0.0000000000000000
     0.0000000000000000     0.0000000000000000       -0.0262180767835710     0.0000000000000000       -0.0297846825924412     0.0000000000000000
    4   10
    -0.0090824480329833     0.0000000000000000        0.0089511451670784     0.0000000000000000       -0.0170187403889718     0.0000000000000000
     0.0089511451670784     0.0000000000000000        0.0012534441105526     0.0000000000000000        0.0098257743448417     0.0000000000000000
    -0.0227055205329425     0.0000000000000000        0.0131090383917856     0.0000000000000000       -0.0297846825924412     0.0000000000000000
    4   11
    -0.0090824480329832     0.0000000000000000       -0.0089511451670784     0.0000000000000000        0.0170187403889717     0.0000000000000000
    -0.0089511451670784     0.0000000000000000        0.0012534441105525     0.0000000000000000        0.0098257743448417     0.0000000000000000
     0.0227055205329424     0.0000000000000000        0.0131090383917856     0.0000000000000000       -0.0297846825924412     0.0000000000000000
    5    1
    -0.0894766085314427     0.0000000000000000       -0.0000000000000000     0.0000000000000000       -0.0000000000000000     0.0000000000000000
    -0.0000000000000000     0.0000000000000000       -0.0894766085314513     0.0000000000000000       -0.0000000000000000     0.0000000000000000
    -0.0000000000000000     0.0000000000000000       -0.0000000000000000     0.0000000000000000       -0.0289770470552344     0.0000000000000000
    5    2
    -0.0136040874161779     0.0000000000000000       -0.0000000000000000     0.0000000000000000       -0.0000000000000000     0.0000000000000000
    -0.0000000000000000     0.0000000000000000       -0.0136040874161792     0.0000000000000000       -0.0000000000000000     0.0000000000000000
    -0.0000000000000000     0.0000000000000000       -0.0000000000000000     0.0000000000000000       -0.0001813785437339     0.0000000000000000
    5    3
     0.0048818723427313     0.0000000000000000        0.0000000000000000     0.0000000000000000        0.0000000000000000     0.0000000000000000
     0.0000000000000000     0.0000000000000000        0.0048818723427317     0.0000000000000000        0.0000000000000000     0.0000000000000000
     0.0000000000000000     0.0000000000000000        0.0000000000000000     0.0000000000000000       -0.0196246449425640     0.0000000000000000
    5    4
    -0.0041900461663354     0.0000000000000000       -0.0000000000000000     0.0000000000000000       -0.0000000000000000     0.0000000000000000
    -0.0000000000000000     0.0000000000000000       -0.0041900461663358     0.0000000000000000       -0.0000000000000000     0.0000000000000000
    -0.0000000000000000     0.0000000000000000       -0.0000000000000000     0.0000000000000000       -0.0015241279471192     0.0000000000000000
    5    5
     0.1098323800366881     0.0000000000000000        0.0000000000000000     0.0000000000000000       -0.0000000000000000     0.0000000000000000
     0.0000000000000000     0.0000000000000000        0.1098323800366987     0.0000000000000000       -0.0000000000000001     0.0000000000000000
     0.0000000000000000     0.0000000000000000       -0.0000000000000001     0.0000000000000000        0.1311636214712212     0.0000000000000000
    5    6
    -0.0090824480329832     0.0000000000000000       -0.0089511451670784     0.0000000000000000        0.0170187403889717     0.0000000000000000
    -0.0089511451670784     0.0000000000000000        0.0012534441105526     0.0000000000000000        0.0098257743448417     0.0000000000000000
     0.0227055205329425     0.0000000000000000        0.0131090383917856     0.0000000000000000       -0.0297846825924412     0.0000000000000000
    5    7
     0.0064213901823203     0.0000000000000000        0.0000000000000000     0.0000000000000000        0.0000000000000000     0.0000000000000000
     0.0000000000000000     0.0000000000000000       -0.0142503941047524     0.0000000000000000       -0.0196515486896833     0.0000000000000000
     0.0000000000000000     0.0000000000000000       -0.0262180767835710     0.0000000000000000       -0.0297846825924412     0.0000000000000000
    5    8
    -0.0090824480329833     0.0000000000000000        0.0089511451670784     0.0000000000000000       -0.0170187403889718     0.0000000000000000
     0.0089511451670784     0.0000000000000000        0.0012534441105526     0.0000000000000000        0.0098257743448417     0.0000000000000000
    -0.0227055205329425     0.0000000000000000        0.0131090383917856     0.0000000000000000       -0.0297846825924412     0.0000000000000000
    5    9
     0.0074470105367108     0.0000000000000000        0.0000000000000000     0.0000000000000000       -0.0000000000000000     0.0000000000000000
     0.0000000000000000     0.0000000000000000       -0.0045803467912560     0.0000000000000000        0.0057016003627981     0.0000000000000000
    -0.0000000000000000     0.0000000000000000        0.0168137714155451     0.0000000000000000        0.0028325415982514     0.0000000000000000
    5   10
    -0.0015735074592640     0.0000000000000000        0.0052079984932061     0.0000000000000000        0.0049377307564095     0.0000000000000000
     0.0052079984932061     0.0000000000000000        0.0044401712047197     0.0000000000000000       -0.0028508001813991     0.0000000000000000
     0.0145611531792860     0.0000000000000000       -0.0084068857077725     0.0000000000000000        0.0028325415982513     0.0000000000000000
    5   11
    -0.0015735074592639     0.0000000000000000       -0.0052079984932062     0.0000000000000000       -0.0049377307564095     0.0000000000000000
    -0.0052079984932061     0.0000000000000000        0.0044401712047197     0.0000000000000000       -0.0028508001813991     0.0000000000000000
    -0.0145611531792860     0.0000000000000000       -0.0084068857077725     0.0000000000000000        0.0028325415982513     0.0000000000000000
    6    1
    -0.0511437753252584     0.0000000000000000        0.0217711884986338     0.0000000000000000       -0.0143237913873385     0.0000000000000000
     0.0217711884986338     0.0000000000000000       -0.0762829784057930     0.0000000000000000       -0.0082698448132962     0.0000000000000000
    -0.0151474618574424     0.0000000000000000       -0.0087453911809343     0.0000000000000000       -0.0842730191193053     0.0000000000000000
    6    2
    -0.0033777437772570     0.0000000000000000        0.0062728956186760     0.0000000000000000       -0.0049499465750630     0.0000000000000000
     0.0062728956186760     0.0000000000000000       -0.0106210597253397     0.0000000000000000       -0.0028578529875870     0.0000000000000000
    -0.0043573367683189     0.0000000000000000       -0.0025157095561389     0.0000000000000000       -0.0121123211314708     0.0000000000000000
    6    3
    -0.0112676860677352     0.0000000000000000       -0.0089434574164316     0.0000000000000000        0.0069126857738812     0.0000000000000000
    -0.0089434574164316     0.0000000000000000       -0.0009406709740103     0.0000000000000000        0.0039910409923738     0.0000000000000000
     0.0067347354300170     0.0000000000000000        0.0038883013134414     0.0000000000000000        0.0017629631887597     0.0000000000000000
    6    4
    -0.0015735074592639     0.0000000000000000       -0.0052079984932061     0.0000000000000000       -0.0145611531792860     0.0000000000000000
    -0.0052079984932062     0.0000000000000000        0.0044401712047197     0.0000000000000000       -0.0084068857077725     0.0000000000000000
    -0.0049377307564095     0.0000000000000000       -0.0028508001813991     0.0000000000000000        0.0028325415982513     0.0000000000000000
    6    5
    -0.0090824480329832     0.0000000000000000       -0.0089511451670784     0.0000000000000000        0.0227055205329424     0.0000000000000000
    -0.0089511451670784     0.0000000000000000        0.0012534441105526     0.0000000000000000        0.0131090383917856     0.0000000000000000
     0.0170187403889717     0.0000000000000000        0.0098257743448417     0.0000000000000000       -0.0297846825924412     0.0000000000000000
    6    6
     0.1243954896624573     0.0000000000000000        0.0085499879654883     0.0000000000000000       -0.0062800819300130     0.0000000000000000
     0.0085499879654883     0.0000000000000000        0.1145228139555835     0.0000000000000000       -0.0036258069928262     0.0000000000000000
    -0.0062800819300130     0.0000000000000000       -0.0036258069928262     0.0000000000000000        0.1126624040288795     0.0000000000000000
    6    7
    -0.0083365507389918     0.0000000000000000       -0.0246509807630838     0.0000000000000000        0.0005316953640225     0.0000000000000000
    -0.0186645791393725     0.0000000000000000       -0.0333448009087764     0.0000000000000000       -0.0020499842933026     0.0000000000000000
     0.0020411861573702     0.0000000000000000        0.0005645304543333     0.0000000000000000        0.0051442570800100     0.0000000000000000
    6    8
    -0.0458489259936638     0.0000000000000000        0.0029932008118556     0.0000000000000000       -0.0015094907933478     0.0000000000000000
    -0.0029932008118557     0.0000000000000000        0.0041675743458992     0.0000000000000000        0.0014854538389692     0.0000000000000000
     0.0015094907933477     0.0000000000000000        0.0014854538389692     0.0000000000000000        0.0051442570800100     0.0000000000000000
    6    9
    -0.0015849961774515     0.0000000000000000        0.0116248482022904     0.0000000000000000        0.0094062890923679     0.0000000000000000
     0.0027761779336658     0.0000000000000000        0.0067294401387499     0.0000000000000000       -0.0023299277982588     0.0000000000000000
     0.0067209212084595     0.0000000000000000       -0.0069811214102020     0.0000000000000000        0.0013586907455072     0.0000000000000000
    6   10
     0.0108866582968496     0.0000000000000000       -0.0044243351343123     0.0000000000000000        0.0026853678839084     0.0000000000000000
     0.0044243351343123     0.0000000000000000       -0.0057422143355525     0.0000000000000000        0.0093110492084609     0.0000000000000000
    -0.0026853678839084     0.0000000000000000        0.0093110492084609     0.0000000000000000        0.0013586907455072     0.0000000000000000
    6   11
    -0.0030665143867020     0.0000000000000000        0.0009657958771683     0.0000000000000000       -0.0006170947820742     0.0000000000000000
     0.0009657958771683     0.0000000000000000       -0.0041817194060330     0.0000000000000000       -0.0003562798385461     0.0000000000000000
    -0.0006170947820742     0.0000000000000000       -0.0003562798385461     0.0000000000000000       -0.0040937816237076     0.0000000000000000
    7    1
    -0.0888525799460494     0.0000000000000000       -0.0000000000000000     0.0000000000000000       -0.0000000000000000     0.0000000000000000
    -0.0000000000000001     0.0000000000000000       -0.0385741737849984     0.0000000000000000        0.0165396896265927     0.0000000000000000
    -0.0000000000000000     0.0000000000000000        0.0174907823618688     0.0000000000000000       -0.0842730191193052     0.0000000000000000
    7    2
    -0.0142427176993795     0.0000000000000000       -0.0000000000000000     0.0000000000000000       -0.0000000000000000     0.0000000000000000
    -0.0000000000000000     0.0000000000000000        0.0002439141967839     0.0000000000000000        0.0057157059751741     0.0000000000000000
    -0.0000000000000000     0.0000000000000000        0.0050314191122778     0.0000000000000000       -0.0121123211314708     0.0000000000000000
    7    3
     0.0042228365728523     0.0000000000000000        0.0000000000000000     0.0000000000000000        0.0000000000000000     0.0000000000000000
     0.0000000000000000     0.0000000000000000       -0.0164311936145992     0.0000000000000000       -0.0079820819847476     0.0000000000000000
     0.0000000000000000     0.0000000000000000       -0.0077766026268829     0.0000000000000000        0.0017629631887597     0.0000000000000000
    7    4
     0.0074470105367108     0.0000000000000000        0.0000000000000000     0.0000000000000000       -0.0000000000000000     0.0000000000000000
     0.0000000000000000     0.0000000000000000       -0.0045803467912560     0.0000000000000000        0.0168137714155451     0.0000000000000000
    -0.0000000000000000     0.0000000000000000        0.0057016003627981     0.0000000000000000        0.0028325415982514     0.0000000000000000
    7    5
     0.0064213901823203     0.0000000000000000        0.0000000000000000     0.0000000000000000        0.0000000000000000     0.0000000000000000
     0.0000000000000000     0.0000000000000000       -0.0142503941047524     0.0000000000000000       -0.0262180767835710     0.0000000000000000
     0.0000000000000000     0.0000000000000000       -0.0196515486896833     0.0000000000000000       -0.0297846825924412     0.0000000000000000
    7    6
    -0.0083365507389918     0.0000000000000000       -0.0186645791393725     0.0000000000000000        0.0020411861573702     0.0000000000000000
    -0.0246509807630838     0.0000000000000000       -0.0333448009087764     0.0000000000000000        0.0005645304543333     0.0000000000000000
     0.0005316953640225     0.0000000000000000       -0.0020499842933026     0.0000000000000000        0.0051442570800100     0.0000000000000000
    7    7
     0.1095864761021300     0.0000000000000000        0.0000000000000000     0.0000000000000000        0.0000000000000000     0.0000000000000000
     0.0000000000000000     0.0000000000000000        0.1293318275159122     0.0000000000000000        0.0072516139856521     0.0000000000000000
     0.0000000000000000     0.0000000000000000        0.0072516139856521     0.0000000000000000        0.1126624040288795     0.0000000000000000
    7    8
    -0.0083365507389919     0.0000000000000000        0.0186645791393725     0.0000000000000000       -0.0020411861573703     0.0000000000000000
     0.0246509807630839     0.0000000000000000       -0.0333448009087763     0.0000000000000000        0.0005645304543333     0.0000000000000000
    -0.0005316953640225     0.0000000000000000       -0.0020499842933026     0.0000000000000000        0.0051442570800100     0.0000000000000000
    7    9
    -0.0047393219156979     0.0000000000000000       -0.0000000000000000     0.0000000000000000       -0.0000000000000000     0.0000000000000000
    -0.0000000000000000     0.0000000000000000       -0.0025089118770369     0.0000000000000000        0.0007125596770921     0.0000000000000000
    -0.0000000000000000     0.0000000000000000        0.0007125596770921     0.0000000000000000       -0.0040937816237076     0.0000000000000000
    7   10
    -0.0015849961774515     0.0000000000000000       -0.0027761779336658     0.0000000000000000       -0.0067209212084595     0.0000000000000000
    -0.0116248482022904     0.0000000000000000        0.0067294401387499     0.0000000000000000       -0.0069811214102021     0.0000000000000000
    -0.0094062890923679     0.0000000000000000       -0.0023299277982588     0.0000000000000000        0.0013586907455072     0.0000000000000000
    7   11
    -0.0015849961774515     0.0000000000000000        0.0027761779336658     0.0000000000000000        0.0067209212084595     0.0000000000000000
     0.0116248482022904     0.0000000000000000        0.0067294401387499     0.0000000000000000       -0.0069811214102020     0.0000000000000000
     0.0094062890923679     0.0000000000000000       -0.0023299277982588     0.0000000000000000        0.0013586907455072     0.0000000000000000
    8    1
    -0.0511437753252583     0.0000000000000000       -0.0217711884986338     0.0000000000000000        0.0143237913873385     0.0000000000000000
    -0.0217711884986338     0.0000000000000000       -0.0762829784057931     0.0000000000000000       -0.0082698448132962     0.0000000000000000
     0.0151474618574424     0.0000000000000000       -0.0087453911809343     0.0000000000000000       -0.0842730191193052     0.0000000000000000
    8    2
    -0.0033777437772570     0.0000000000000000       -0.0062728956186760     0.0000000000000000        0.0049499465750630     0.0000000000000000
    -0.0062728956186760     0.0000000000000000       -0.0106210597253397     0.0000000000000000       -0.0028578529875870     0.0000000000000000
     0.0043573367683189     0.0000000000000000       -0.0025157095561389     0.0000000000000000       -0.0121123211314708     0.0000000000000000
    8    3
    -0.0112676860677352     0.0000000000000000        0.0089434574164316     0.0000000000000000       -0.0069126857738812     0.0000000000000000
     0.0089434574164316     0.0000000000000000       -0.0009406709740103     0.0000000000000000        0.0039910409923738     0.0000000000000000
    -0.0067347354300170     0.0000000000000000        0.0038883013134414     0.0000000000000000        0.0017629631887597     0.0000000000000000
    8    4
    -0.0015735074592640     0.0000000000000000        0.0052079984932061     0.0000000000000000        0.0145611531792860     0.0000000000000000
     0.0052079984932061     0.0000000000000000        0.0044401712047197     0.0000000000000000       -0.0084068857077725     0.0000000000000000
     0.0049377307564095     0.0000000000000000       -0.0028508001813990     0.0000000000000000        0.0028325415982513     0.0000000000000000
    8    5
    -0.0090824480329833     0.0000000000000000        0.0089511451670784     0.0000000000000000       -0.0227055205329425     0.0000000000000000
     0.0089511451670784     0.0000000000000000        0.0012534441105526     0.0000000000000000        0.0131090383917856     0.0000000000000000
    -0.0170187403889717     0.0000000000000000        0.0098257743448417     0.0000000000000000       -0.0297846825924412     0.0000000000000000
    8    6
    -0.0458489259936638     0.0000000000000000       -0.0029932008118557     0.0000000000000000        0.0015094907933477     0.0000000000000000
     0.0029932008118556     0.0000000000000000        0.0041675743458992     0.0000000000000000        0.0014854538389692     0.0000000000000000
    -0.0015094907933478     0.0000000000000000        0.0014854538389692     0.0000000000000000        0.0051442570800100     0.0000000000000000
    8    7
    -0.0083365507389919     0.0000000000000000        0.0246509807630839     0.0000000000000000       -0.0005316953640225     0.0000000000000000
     0.0186645791393725     0.0000000000000000       -0.0333448009087763     0.0000000000000000       -0.0020499842933026     0.0000000000000000
    -0.0020411861573703     0.0000000000000000        0.0005645304543333     0.0000000000000000        0.0051442570800100     0.0000000000000000
    8    8
     0.1243954896624573     0.0000000000000000       -0.0085499879654882     0.0000000000000000        0.0062800819300131     0.0000000000000000
    -0.0085499879654882     0.0000000000000000        0.1145228139555835     0.0000000000000000       -0.0036258069928262     0.0000000000000000
     0.0062800819300131     0.0000000000000000       -0.0036258069928262     0.0000000000000000        0.1126624040288795     0.0000000000000000
    8    9
    -0.0015849961774515     0.0000000000000000       -0.0116248482022904     0.0000000000000000       -0.0094062890923679     0.0000000000000000
    -0.0027761779336658     0.0000000000000000        0.0067294401387499     0.0000000000000000       -0.0023299277982588     0.0000000000000000
    -0.0067209212084595     0.0000000000000000       -0.0069811214102021     0.0000000000000000        0.0013586907455072     0.0000000000000000
    8   10
    -0.0030665143867020     0.0000000000000000       -0.0009657958771683     0.0000000000000000        0.0006170947820742     0.0000000000000000
    -0.0009657958771683     0.0000000000000000       -0.0041817194060330     0.0000000000000000       -0.0003562798385461     0.0000000000000000
     0.0006170947820742     0.0000000000000000       -0.0003562798385461     0.0000000000000000       -0.0040937816237076     0.0000000000000000
    8   11
     0.0108866582968496     0.0000000000000000        0.0044243351343124     0.0000000000000000       -0.0026853678839084     0.0000000000000000
    -0.0044243351343123     0.0000000000000000       -0.0057422143355525     0.0000000000000000        0.0093110492084609     0.0000000000000000
     0.0026853678839084     0.0000000000000000        0.0093110492084609     0.0000000000000000        0.0013586907455072     0.0000000000000000
    9    1
    -0.0888525799460494     0.0000000000000000       -0.0000000000000001     0.0000000000000000       -0.0000000000000000     0.0000000000000000
    -0.0000000000000000     0.0000000000000000       -0.0385741737849984     0.0000000000000000        0.0165396896265927     0.0000000000000000
    -0.0000000000000000     0.0000000000000000        0.0174907823618688     0.0000000000000000       -0.0842730191193052     0.0000000000000000
    9    2
     0.0042228365728523     0.0000000000000000        0.0000000000000000     0.0000000000000000        0.0000000000000000     0.0000000000000000
     0.0000000000000000     0.0000000000000000       -0.0164311936145992     0.0000000000000000       -0.0079820819847476     0.0000000000000000
     0.0000000000000000     0.0000000000000000       -0.0077766026268829     0.0000000000000000        0.0017629631887597     0.0000000000000000
    9    3
    -0.0142427176993795     0.0000000000000000       -0.0000000000000000     0.0000000000000000       -0.0000000000000000     0.0000000000000000
    -0.0000000000000000     0.0000000000000000        0.0002439141967839     0.0000000000000000        0.0057157059751741     0.0000000000000000
    -0.0000000000000000     0.0000000000000000        0.0050314191122778     0.0000000000000000       -0.0121123211314708     0.0000000000000000
    9    4
     0.0064213901823203     0.0000000000000000        0.0000000000000000     0.0000000000000000        0.0000000000000000     0.0000000000000000
     0.0000000000000000     0.0000000000000000       -0.0142503941047524     0.0000000000000000       -0.0262180767835710     0.0000000000000000
     0.0000000000000000     0.0000000000000000       -0.0196515486896833     0.0000000000000000       -0.0297846825924412     0.0000000000000000
    9    5
     0.0074470105367108     0.0000000000000000        0.0000000000000000     0.0000000000000000       -0.0000000000000000     0.0000000000000000
     0.0000000000000000     0.0000000000000000       -0.0045803467912560     0.0000000000000000        0.0168137714155451     0.0000000000000000
    -0.0000000000000000     0.0000000000000000        0.0057016003627981     0.0000000000000000        0.0028325415982514     0.0000000000000000
    9    6
    -0.0015849961774515     0.0000000000000000        0.0027761779336658     0.0000000000000000        0.0067209212084595     0.0000000000000000
     0.0116248482022904     0.0000000000000000        0.0067294401387499     0.0000000000000000       -0.0069811214102020     0.0000000000000000
     0.0094062890923679     0.0000000000000000       -0.0023299277982588     0.0000000000000000        0.0013586907455072     0.0000000000000000
    9    7
    -0.0047393219156979     0.0000000000000000       -0.0000000000000000     0.0000000000000000       -0.0000000000000000     0.0000000000000000
    -0.0000000000000000     0.0000000000000000       -0.0025089118770369     0.0000000000000000        0.0007125596770921     0.0000000000000000
    -0.0000000000000000     0.0000000000000000        0.0007125596770921     0.0000000000000000       -0.0040937816237076     0.0000000000000000
    9    8
    -0.0015849961774515     0.0000000000000000       -0.0027761779336658     0.0000000000000000       -0.0067209212084595     0.0000000000000000
    -0.0116248482022904     0.0000000000000000        0.0067294401387499     0.0000000000000000       -0.0069811214102021     0.0000000000000000
    -0.0094062890923679     0.0000000000000000       -0.0023299277982588     0.0000000000000000        0.0013586907455072     0.0000000000000000
    9    9
     0.1095864761021300     0.0000000000000000        0.0000000000000000     0.0000000000000000        0.0000000000000000     0.0000000000000000
     0.0000000000000000     0.0000000000000000        0.1293318275159122     0.0000000000000000        0.0072516139856521     0.0000000000000000
     0.0000000000000000     0.0000000000000000        0.0072516139856521     0.0000000000000000        0.1126624040288795     0.0000000000000000
    9   10
    -0.0083365507389919     0.0000000000000000        0.0186645791393725     0.0000000000000000       -0.0020411861573703     0.0000000000000000
     0.0246509807630839     0.0000000000000000       -0.0333448009087763     0.0000000000000000        0.0005645304543333     0.0000000000000000
    -0.0005316953640225     0.0000000000000000       -0.0020499842933026     0.0000000000000000        0.0051442570800100     0.0000000000000000
    9   11
    -0.0083365507389918     0.0000000000000000       -0.0186645791393725     0.0000000000000000        0.0020411861573702     0.0000000000000000
    -0.0246509807630838     0.0000000000000000       -0.0333448009087764     0.0000000000000000        0.0005645304543333     0.0000000000000000
     0.0005316953640225     0.0000000000000000       -0.0020499842933026     0.0000000000000000        0.0051442570800100     0.0000000000000000
   10    1
    -0.0511437753252583     0.0000000000000000       -0.0217711884986338     0.0000000000000000        0.0143237913873385     0.0000000000000000
    -0.0217711884986338     0.0000000000000000       -0.0762829784057931     0.0000000000000000       -0.0082698448132962     0.0000000000000000
     0.0151474618574424     0.0000000000000000       -0.0087453911809343     0.0000000000000000       -0.0842730191193053     0.0000000000000000
   10    2
    -0.0112676860677352     0.0000000000000000        0.0089434574164316     0.0000000000000000       -0.0069126857738812     0.0000000000000000
     0.0089434574164316     0.0000000000000000       -0.0009406709740103     0.0000000000000000        0.0039910409923738     0.0000000000000000
    -0.0067347354300170     0.0000000000000000        0.0038883013134414     0.0000000000000000        0.0017629631887597     0.0000000000000000
   10    3
    -0.0033777437772570     0.0000000000000000       -0.0062728956186760     0.0000000000000000        0.0049499465750630     0.0000000000000000
    -0.0062728956186760     0.0000000000000000       -0.0106210597253397     0.0000000000000000       -0.0028578529875870     0.0000000000000000
     0.0043573367683189     0.0000000000000000       -0.0025157095561389     0.0000000000000000       -0.0121123211314708     0.0000000000000000
   10    4
    -0.0090824480329833     0.0000000000000000        0.0089511451670784     0.0000000000000000       -0.0227055205329425     0.0000000000000000
     0.0089511451670784     0.0000000000000000        0.0012534441105526     0.0000000000000000        0.0131090383917856     0.0000000000000000
    -0.0170187403889717     0.0000000000000000        0.0098257743448417     0.0000000000000000       -0.0297846825924412     0.0000000000000000
   10    5
    -0.0015735074592640     0.0000000000000000        0.0052079984932061     0.0000000000000000        0.0145611531792860     0.0000000000000000
     0.0052079984932061     0.0000000000000000        0.0044401712047197     0.0000000000000000       -0.0084068857077725     0.0000000000000000
     0.0049377307564095     0.0000000000000000       -0.0028508001813990     0.0000000000000000        0.0028325415982513     0.0000000000000000
   10    6
     0.0108866582968496     0.0000000000000000        0.0044243351343124     0.0000000000000000       -0.0026853678839084     0.0000000000000000
    -0.0044243351343123     0.0000000000000000       -0.0057422143355525     0.0000000000000000        0.0093110492084609     0.0000000000000000
     0.0026853678839084     0.0000000000000000        0.0093110492084609     0.0000000000000000        0.0013586907455072     0.0000000000000000
   10    7
    -0.0015849961774515     0.0000000000000000       -0.0116248482022904     0.0000000000000000       -0.0094062890923679     0.0000000000000000
    -0.0027761779336658     0.0000000000000000        0.0067294401387499     0.0000000000000000       -0.0023299277982588     0.0000000000000000
    -0.0067209212084595     0.0000000000000000       -0.0069811214102021     0.0000000000000000        0.0013586907455072     0.0000000000000000
   10    8
    -0.0030665143867020     0.0000000000000000       -0.0009657958771683     0.0000000000000000        0.0006170947820742     0.0000000000000000
    -0.0009657958771683     0.0000000000000000       -0.0041817194060330     0.0000000000000000       -0.0003562798385461     0.0000000000000000
     0.0006170947820742     0.0000000000000000       -0.0003562798385461     0.0000000000000000       -0.0040937816237076     0.0000000000000000
   10    9
    -0.0083365507389919     0.0000000000000000        0.0246509807630839     0.0000000000000000       -0.0005316953640225     0.0000000000000000
     0.0186645791393725     0.0000000000000000       -0.0333448009087763     0.0000000000000000       -0.0020499842933026     0.0000000000000000
    -0.0020411861573703     0.0000000000000000        0.0005645304543333     0.0000000000000000        0.0051442570800100     0.0000000000000000
   10   10
     0.1243954896624573     0.0000000000000000       -0.0085499879654882     0.0000000000000000        0.0062800819300131     0.0000000000000000
    -0.0085499879654882     0.0000000000000000        0.1145228139555835     0.0000000000000000       -0.0036258069928262     0.0000000000000000
     0.0062800819300131     0.0000000000000000       -0.0036258069928262     0.0000000000000000        0.1126624040288795     0.0000000000000000
   10   11
    -0.0458489259936638     0.0000000000000000       -0.0029932008118557     0.0000000000000000        0.0015094907933477     0.0000000000000000
     0.0029932008118556     0.0000000000000000        0.0041675743458992     0.0000000000000000        0.0014854538389692     0.0000000000000000
    -0.0015094907933478     0.0000000000000000        0.0014854538389692     0.0000000000000000        0.0051442570800100     0.0000000000000000
   11    1
    -0.0511437753252584     0.0000000000000000        0.0217711884986338     0.0000000000000000       -0.0143237913873384     0.0000000000000000
     0.0217711884986338     0.0000000000000000       -0.0762829784057930     0.0000000000000000       -0.0082698448132962     0.0000000000000000
    -0.0151474618574424     0.0000000000000000       -0.0087453911809343     0.0000000000000000       -0.0842730191193053     0.0000000000000000
   11    2
    -0.0112676860677352     0.0000000000000000       -0.0089434574164316     0.0000000000000000        0.0069126857738812     0.0000000000000000
    -0.0089434574164316     0.0000000000000000       -0.0009406709740103     0.0000000000000000        0.0039910409923738     0.0000000000000000
     0.0067347354300170     0.0000000000000000        0.0038883013134414     0.0000000000000000        0.0017629631887597     0.0000000000000000
   11    3
    -0.0033777437772570     0.0000000000000000        0.0062728956186760     0.0000000000000000       -0.0049499465750630     0.0000000000000000
     0.0062728956186760     0.0000000000000000       -0.0106210597253397     0.0000000000000000       -0.0028578529875870     0.0000000000000000
    -0.0043573367683189     0.0000000000000000       -0.0025157095561389     0.0000000000000000       -0.0121123211314708     0.0000000000000000
   11    4
    -0.0090824480329832     0.0000000000000000       -0.0089511451670784     0.0000000000000000        0.0227055205329424     0.0000000000000000
    -0.0089511451670784     0.0000000000000000        0.0012534441105526     0.0000000000000000        0.0131090383917856     0.0000000000000000
     0.0170187403889717     0.0000000000000000        0.0098257743448417     0.0000000000000000       -0.0297846825924412     0.0000000000000000
   11    5
    -0.0015735074592639     0.0000000000000000       -0.0052079984932061     0.0000000000000000       -0.0145611531792860     0.0000000000000000
    -0.0052079984932062     0.0000000000000000        0.0044401712047197     0.0000000000000000       -0.0084068857077725     0.0000000000000000
    -0.0049377307564095     0.0000000000000000       -0.0028508001813991     0.0000000000000000        0.0028325415982513     0.0000000000000000
   11    6
    -0.0030665143867020     0.0000000000000000        0.0009657958771683     0.0000000000000000       -0.0006170947820742     0.0000000000000000
     0.0009657958771683     0.0000000000000000       -0.0041817194060330     0.0000000000000000       -0.0003562798385461     0.0000000000000000
    -0.0006170947820742     0.0000000000000000       -0.0003562798385461     0.0000000000000000       -0.0040937816237076     0.0000000000000000
   11    7
    -0.0015849961774515     0.0000000000000000        0.0116248482022904     0.0000000000000000        0.0094062890923679     0.0000000000000000
     0.0027761779336658     0.0000000000000000        0.0067294401387499     0.0000000000000000       -0.0023299277982588     0.0000000000000000
     0.0067209212084595     0.0000000000000000       -0.0069811214102020     0.0000000000000000        0.0013586907455072     0.0000000000000000
   11    8
     0.0108866582968496     0.0000000000000000       -0.0044243351343123     0.0000000000000000        0.0026853678839084     0.0000000000000000
     0.0044243351343123     0.0000000000000000       -0.0057422143355525     0.0000000000000000        0.0093110492084609     0.0000000000000000
    -0.0026853678839084     0.0000000000000000        0.0093110492084609     0.0000000000000000        0.0013586907455072     0.0000000000000000
   11    9
    -0.0083365507389918     0.0000000000000000       -0.0246509807630838     0.0000000000000000        0.0005316953640225     0.0000000000000000
    -0.0186645791393725     0.0000000000000000       -0.0333448009087764     0.0000000000000000       -0.0020499842933026     0.0000000000000000
     0.0020411861573702     0.0000000000000000        0.0005645304543333     0.0000000000000000        0.0051442570800100     0.0000000000000000
   11   10
    -0.0458489259936638     0.0000000000000000        0.0029932008118556     0.0000000000000000       -0.0015094907933478     0.0000000000000000
    -0.0029932008118557     0.0000000000000000        0.0041675743458992     0.0000000000000000        0.0014854538389692     0.0000000000000000
     0.0015094907933477     0.0000000000000000        0.0014854538389692     0.0000000000000000        0.0051442570800100     0.0000000000000000
   11   11
     0.1243954896624573     0.0000000000000000        0.0085499879654883     0.0000000000000000       -0.0062800819300130     0.0000000000000000
     0.0085499879654883     0.0000000000000000        0.1145228139555835     0.0000000000000000       -0.0036258069928262     0.0000000000000000
    -0.0062800819300130     0.0000000000000000       -0.0036258069928262     0.0000000000000000        0.1126624040288795     0.0000000000000000

     Diagonalizing the dynamical matrix

     q = (     0.000000000000     0.000000000000     0.000000000000 )

***************************************************************************
   freq (    1) =    -0.00000079 [THz] =    -0.00002631 [cm-1]
(  -0.000000  0.000000   0.295653  0.000000  -0.059149  0.000000 )
(  -0.000000  0.000000   0.295653  0.000000  -0.059149  0.000000 )
(  -0.000000  0.000000   0.295653  0.000000  -0.059149  0.000000 )
(  -0.000000  0.000000   0.295653  0.000000  -0.059149  0.000000 )
(  -0.000000  0.000000   0.295653  0.000000  -0.059149  0.000000 )
(  -0.000000  0.000000   0.295653  0.000000  -0.059149  0.000000 )
(  -0.000000  0.000000   0.295653  0.000000  -0.059149  0.000000 )
(  -0.000000  0.000000   0.295653  0.000000  -0.059149  0.000000 )
(  -0.000000  0.000000   0.295653  0.000000  -0.059149  0.000000 )
(  -0.000000  0.000000   0.295653  0.000000  -0.059149  0.000000 )
(  -0.000000  0.000000   0.295653  0.000000  -0.059149  0.000000 )
   freq (    2) =     0.00000010 [THz] =     0.00000333 [cm-1]
(   0.301511  0.000000   0.000000  0.000000  -0.000000  0.000000 )
(   0.301511  0.000000   0.000000  0.000000  -0.000000  0.000000 )
(   0.301511  0.000000   0.000000  0.000000  -0.000000  0.000000 )
(   0.301511  0.000000   0.000000  0.000000  -0.000000  0.000000 )
(   0.301511  0.000000   0.000000  0.000000  -0.000000  0.000000 )
(   0.301511  0.000000   0.000000  0.000000  -0.000000  0.000000 )
(   0.301511  0.000000   0.000000  0.000000  -0.000000  0.000000 )
(   0.301511  0.000000   0.000000  0.000000  -0.000000  0.000000 )
(   0.301511  0.000000   0.000000  0.000000  -0.000000  0.000000 )
(   0.301511  0.000000   0.000000  0.000000  -0.000000  0.000000 )
(   0.301511  0.000000   0.000000  0.000000  -0.000000  0.000000 )
   freq (    3) =     0.00000041 [THz] =     0.00001372 [cm-1]
(   0.000000  0.000000   0.059149  0.000000   0.295653  0.000000 )
(   0.000000  0.000000   0.059149  0.000000   0.295653  0.000000 )
(  -0.000000  0.000000   0.059149  0.000000   0.295653  0.000000 )
(   0.000000  0.000000   0.059149  0.000000   0.295653  0.000000 )
(   0.000000  0.000000   0.059149  0.000000   0.295653  0.000000 )
(  -0.000000  0.000000   0.059149  0.000000   0.295653  0.000000 )
(  -0.000000  0.000000   0.059149  0.000000   0.295653  0.000000 )
(  -0.000000  0.000000   0.059149  0.000000   0.295653  0.000000 )
(  -0.000000  0.000000   0.059149  0.000000   0.295653  0.000000 )
(   0.000000  0.000000   0.059149  0.000000   0.295653  0.000000 )
(  -0.000000  0.000000   0.059149  0.000000   0.295653  0.000000 )
   freq (    4) =    25.31915274 [THz] =   844.55590656 [cm-1]
(  -0.020878  0.000000   0.000000  0.000000  -0.000000  0.000000 )
(   0.513258  0.000000  -0.000000  0.000000   0.000000  0.000000 )
(   0.513258  0.000000  -0.000000  0.000000   0.000000  0.000000 )
(   0.173317  0.000000  -0.000000  0.000000   0.000000  0.000000 )
(   0.173317  0.000000  -0.000000  0.000000   0.000000  0.000000 )
(   0.284974  0.000000   0.059431  0.000000  -0.042948  0.000000 )
(   0.182035  0.000000  -0.000000  0.000000   0.000000  0.000000 )
(   0.284974  0.000000  -0.059431  0.000000   0.042948  0.000000 )
(   0.182035  0.000000  -0.000000  0.000000   0.000000  0.000000 )
(   0.284974  0.000000  -0.059431  0.000000   0.042948  0.000000 )
(   0.284974  0.000000   0.059431  0.000000  -0.042948  0.000000 )
   freq (    5) =    25.31915274 [THz] =   844.55590656 [cm-1]
(  -0.000000  0.000000  -0.020878  0.000000  -0.000000  0.000000 )
(   0.000000  0.000000   0.513258  0.000000   0.000000  0.000000 )
(   0.000000  0.000000   0.513258  0.000000   0.000000  0.000000 )
(   0.000000  0.000000   0.173317  0.000000   0.000000  0.000000 )
(   0.000000  0.000000   0.173317  0.000000   0.000000  0.000000 )
(   0.059431  0.000000   0.216348  0.000000  -0.024796  0.000000 )
(   0.000000  0.000000   0.319286  0.000000   0.049592  0.000000 )
(  -0.059431  0.000000   0.216348  0.000000  -0.024796  0.000000 )
(   0.000000  0.000000   0.319286  0.000000   0.049592  0.000000 )
(  -0.059431  0.000000   0.216348  0.000000  -0.024796  0.000000 )
(   0.059431  0.000000   0.216348  0.000000  -0.024796  0.000000 )
   freq (    6) =    25.37939143 [THz] =   846.56525284 [cm-1]
(   0.000000  0.000000   0.000000  0.000000  -0.021003  0.000000 )
(  -0.000000  0.000000  -0.000000  0.000000   0.500214  0.000000 )
(  -0.000000  0.000000  -0.000000  0.000000   0.500214  0.000000 )
(  -0.000000  0.000000  -0.000000  0.000000   0.354842  0.000000 )
(  -0.000000  0.000000  -0.000000  0.000000   0.354842  0.000000 )
(  -0.041251  0.000000  -0.023817  0.000000   0.197355  0.000000 )
(  -0.000000  0.000000   0.047633  0.000000   0.197355  0.000000 )
(   0.041251  0.000000  -0.023817  0.000000   0.197355  0.000000 )
(  -0.000000  0.000000   0.047633  0.000000   0.197355  0.000000 )
(   0.041251  0.000000  -0.023817  0.000000   0.197355  0.000000 )
(  -0.041251  0.000000  -0.023817  0.000000   0.197355  0.000000 )
   freq (    7) =    26.34605334 [THz] =   878.80961882 [cm-1]
(   0.000000  0.000000  -0.000000  0.000000   0.000000  0.000000 )
(   0.000000  0.000000  -0.000000  0.000000   0.360601  0.000000 )
(  -0.000000  0.000000   0.000000  0.000000  -0.360601  0.000000 )
(  -0.000000  0.000000  -0.000000  0.000000   0.510721  0.000000 )
(  -0.000000  0.000000   0.000000  0.000000  -0.510721  0.000000 )
(   0.118411  0.000000   0.068364  0.000000  -0.132975  0.000000 )
(   0.000000  0.000000  -0.136729  0.000000  -0.132975  0.000000 )
(  -0.118411  0.000000   0.068364  0.000000  -0.132975  0.000000 )
(  -0.000000  0.000000   0.136729  0.000000   0.132975  0.000000 )
(   0.118411  0.000000  -0.068364  0.000000   0.132975  0.000000 )
(  -0.118411  0.000000  -0.068364  0.000000   0.132975  0.000000 )
   freq (    8) =    26.64528526 [THz] =   888.79091989 [cm-1]
(   0.000000  0.000000   0.000000  0.000000   0.000000  0.000000 )
(   0.350321  0.000000  -0.000473  0.000000  -0.000000  0.000000 )
(  -0.350321  0.000000   0.000473  0.000000  -0.000000  0.000000 )
(   0.099787  0.000000  -0.000135  0.000000  -0.000000  0.000000 )
(  -0.099787  0.000000   0.000135  0.000000   0.000000  0.000000 )
(  -0.373990  0.000000  -0.165198  0.000000   0.111309  0.000000 )
(  -0.087654  0.000000   0.000635  0.000000   0.000174  0.000000 )
(  -0.374437  0.000000   0.165693  0.000000  -0.111483  0.000000 )
(   0.087654  0.000000  -0.000635  0.000000  -0.000174  0.000000 )
(   0.374437  0.000000  -0.165693  0.000000   0.111483  0.000000 )
(   0.373990  0.000000   0.165198  0.000000  -0.111309  0.000000 )
   freq (    9) =    26.64528526 [THz] =   888.79091989 [cm-1]
(   0.000000  0.000000   0.000000  0.000000   0.000000  0.000000 )
(  -0.000473  0.000000  -0.350321  0.000000  -0.000000  0.000000 )
(   0.000473  0.000000   0.350321  0.000000   0.000000  0.000000 )
(  -0.000135  0.000000  -0.099787  0.000000  -0.000000  0.000000 )
(   0.000135  0.000000   0.099787  0.000000   0.000000  0.000000 )
(   0.165951  0.000000   0.183397  0.000000  -0.064465  0.000000 )
(   0.000118  0.000000   0.469733  0.000000   0.128629  0.000000 )
(  -0.164940  0.000000   0.182950  0.000000  -0.064164  0.000000 )
(  -0.000118  0.000000  -0.469733  0.000000  -0.128629  0.000000 )
(   0.164940  0.000000  -0.182950  0.000000   0.064164  0.000000 )
(  -0.165951  0.000000  -0.183397  0.000000   0.064465  0.000000 )
   freq (   10) =    28.84902596 [THz] =   962.29978639 [cm-1]
(   0.000000  0.000000  -0.000000  0.000000  -0.000000  0.000000 )
(  -0.000000  0.000000   0.000000  0.000000   0.514773  0.000000 )
(   0.000000  0.000000  -0.000000  0.000000  -0.514773  0.000000 )
(   0.000000  0.000000   0.000000  0.000000  -0.185352  0.000000 )
(  -0.000000  0.000000  -0.000000  0.000000   0.185352  0.000000 )
(   0.024465  0.000000   0.014125  0.000000   0.257072  0.000000 )
(  -0.000000  0.000000  -0.028250  0.000000   0.257072  0.000000 )
(  -0.024465  0.000000   0.014125  0.000000   0.257072  0.000000 )
(   0.000000  0.000000   0.028250  0.000000  -0.257072  0.000000 )
(   0.024465  0.000000  -0.014125  0.000000  -0.257072  0.000000 )
(  -0.024465  0.000000  -0.014125  0.000000  -0.257072  0.000000 )
   freq (   11) =    29.13718889 [THz] =   971.91186591 [cm-1]
(   0.000000  0.000000   0.000000  0.000000   0.000000  0.000000 )
(   0.518334  0.000000   0.000576  0.000000   0.000000  0.000000 )
(  -0.518334  0.000000  -0.000576  0.000000  -0.000000  0.000000 )
(  -0.253120  0.000000  -0.000281  0.000000  -0.000000  0.000000 )
(   0.253120  0.000000   0.000281  0.000000   0.000000  0.000000 )
(   0.207500  0.000000  -0.036820  0.000000   0.047396  0.000000 )
(   0.271797  0.000000   0.000207  0.000000  -0.000061  0.000000 )
(   0.207582  0.000000   0.037376  0.000000  -0.047335  0.000000 )
(  -0.271797  0.000000  -0.000207  0.000000   0.000061  0.000000 )
(  -0.207582  0.000000  -0.037376  0.000000   0.047335  0.000000 )
(  -0.207500  0.000000   0.036820  0.000000  -0.047396  0.000000 )
   freq (   12) =    29.13718889 [THz] =   971.91186591 [cm-1]
(   0.000000  0.000000   0.000000  0.000000  -0.000000  0.000000 )
(   0.000576  0.000000  -0.518334  0.000000  -0.000000  0.000000 )
(  -0.000576  0.000000   0.518334  0.000000   0.000000  0.000000 )
(  -0.000281  0.000000   0.253120  0.000000  -0.000000  0.000000 )
(   0.000281  0.000000  -0.253120  0.000000   0.000000  0.000000 )
(   0.037329  0.000000  -0.250420  0.000000  -0.027294  0.000000 )
(   0.000302  0.000000  -0.186122  0.000000   0.054693  0.000000 )
(  -0.036868  0.000000  -0.250337  0.000000  -0.027399  0.000000 )
(  -0.000302  0.000000   0.186122  0.000000  -0.054693  0.000000 )
(   0.036868  0.000000   0.250337  0.000000   0.027399  0.000000 )
(  -0.037329  0.000000   0.250420  0.000000   0.027294  0.000000 )
   freq (   13) =    31.34589708 [THz] =  1045.58643007 [cm-1]
(   0.000000  0.000000   0.000000  0.000000   0.000000  0.000000 )
(   0.025661  0.000000  -0.000170  0.000000   0.000000  0.000000 )
(  -0.025661  0.000000   0.000170  0.000000   0.000000  0.000000 )
(  -0.446306  0.000000   0.002956  0.000000  -0.000000  0.000000 )
(   0.446306  0.000000  -0.002956  0.000000  -0.000000  0.000000 )
(  -0.135727  0.000000   0.000691  0.000000  -0.348634  0.000000 )
(  -0.135371  0.000000   0.000900  0.000000  -0.002677  0.000000 )
(  -0.135729  0.000000   0.001103  0.000000   0.351310  0.000000 )
(   0.135371  0.000000  -0.000900  0.000000   0.002677  0.000000 )
(   0.135729  0.000000  -0.001103  0.000000  -0.351310  0.000000 )
(   0.135727  0.000000  -0.000691  0.000000   0.348634  0.000000 )
   freq (   14) =    31.34589708 [THz] =  1045.58643007 [cm-1]
(   0.000000  0.000000  -0.000000  0.000000   0.000000  0.000000 )
(   0.000170  0.000000   0.025661  0.000000   0.000000  0.000000 )
(  -0.000170  0.000000  -0.025661  0.000000  -0.000000  0.000000 )
(  -0.002956  0.000000  -0.446306  0.000000  -0.000000  0.000000 )
(   0.002956  0.000000   0.446306  0.000000  -0.000000  0.000000 )
(  -0.001105  0.000000  -0.135492  0.000000  -0.204374  0.000000 )
(  -0.000897  0.000000  -0.135847  0.000000   0.404113  0.000000 )
(  -0.000693  0.000000  -0.135489  0.000000  -0.199738  0.000000 )
(   0.000897  0.000000   0.135847  0.000000  -0.404113  0.000000 )
(   0.000693  0.000000   0.135489  0.000000   0.199738  0.000000 )
(   0.001105  0.000000   0.135492  0.000000   0.204374  0.000000 )
   freq (   15) =    31.44609240 [THz] =  1048.92858587 [cm-1]
(   0.000000  0.000000  -0.000000  0.000000  -0.000000  0.000000 )
(   0.000000  0.000000   0.000000  0.000000  -0.000000  0.000000 )
(  -0.000000  0.000000   0.000000  0.000000   0.000000  0.000000 )
(   0.000000  0.000000   0.000000  0.000000   0.000000  0.000000 )
(  -0.000000  0.000000  -0.000000  0.000000   0.000000  0.000000 )
(   0.204124  0.000000  -0.353553  0.000000   0.000000  0.000000 )
(  -0.408248  0.000000   0.000000  0.000000  -0.000000  0.000000 )
(   0.204124  0.000000   0.353553  0.000000  -0.000000  0.000000 )
(   0.408248  0.000000  -0.000000  0.000000   0.000000  0.000000 )
(  -0.204124  0.000000  -0.353553  0.000000   0.000000  0.000000 )
(  -0.204124  0.000000   0.353553  0.000000  -0.000000  0.000000 )
   freq (   16) =    32.05978698 [THz] =  1069.39923074 [cm-1]
(   0.000000  0.000000  -0.000000  0.000000   0.000000  0.000000 )
(  -0.000000  0.000000  -0.000000  0.000000   0.000000  0.000000 )
(  -0.000000  0.000000  -0.000000  0.000000   0.000000  0.000000 )
(   0.000000  0.000000  -0.000000  0.000000  -0.000000  0.000000 )
(   0.000000  0.000000   0.000000  0.000000  -0.000000  0.000000 )
(   0.204124  0.000000  -0.353553  0.000000   0.000000  0.000000 )
(  -0.408248  0.000000   0.000000  0.000000   0.000000  0.000000 )
(   0.204124  0.000000   0.353553  0.000000  -0.000000  0.000000 )
(  -0.408248  0.000000   0.000000  0.000000  -0.000000  0.000000 )
(   0.204124  0.000000   0.353553  0.000000  -0.000000  0.000000 )
(   0.204124  0.000000  -0.353553  0.000000   0.000000  0.000000 )
   freq (   17) =    32.17885084 [THz] =  1073.37077303 [cm-1]
(   0.000186  0.000000  -0.000000  0.000000   0.000000  0.000000 )
(   0.005152  0.000000  -0.000000  0.000000  -0.000000  0.000000 )
(   0.005152  0.000000  -0.000000  0.000000   0.000000  0.000000 )
(  -0.436526  0.000000   0.000000  0.000000  -0.000000  0.000000 )
(  -0.436526  0.000000   0.000000  0.000000  -0.000000  0.000000 )
(   0.136584  0.000000  -0.005075  0.000000   0.354206  0.000000 )
(   0.145374  0.000000  -0.000000  0.000000   0.000000  0.000000 )
(   0.136584  0.000000   0.005075  0.000000  -0.354206  0.000000 )
(   0.145374  0.000000  -0.000000  0.000000   0.000000  0.000000 )
(   0.136584  0.000000   0.005075  0.000000  -0.354206  0.000000 )
(   0.136584  0.000000  -0.005075  0.000000   0.354206  0.000000 )
   freq (   18) =    32.17885084 [THz] =  1073.37077303 [cm-1]
(  -0.000000  0.000000  -0.000186  0.000000  -0.000000  0.000000 )
(  -0.000000  0.000000  -0.005152  0.000000   0.000000  0.000000 )
(  -0.000000  0.000000  -0.005152  0.000000  -0.000000  0.000000 )
(   0.000000  0.000000   0.436526  0.000000   0.000000  0.000000 )
(   0.000000  0.000000   0.436526  0.000000   0.000000  0.000000 )
(   0.005075  0.000000  -0.142444  0.000000  -0.204501  0.000000 )
(  -0.000000  0.000000  -0.133654  0.000000   0.409001  0.000000 )
(  -0.005075  0.000000  -0.142444  0.000000  -0.204501  0.000000 )
(  -0.000000  0.000000  -0.133654  0.000000   0.409001  0.000000 )
(  -0.005075  0.000000  -0.142444  0.000000  -0.204501  0.000000 )
(   0.005075  0.000000  -0.142444  0.000000  -0.204501  0.000000 )
   freq (   19) =    33.43582282 [THz] =  1115.29883915 [cm-1]
(   0.001216  0.000000  -0.000000  0.000000  -0.000000  0.000000 )
(   0.078209  0.000000  -0.000000  0.000000  -0.000000  0.000000 )
(   0.078209  0.000000  -0.000000  0.000000  -0.000000  0.000000 )
(  -0.374585  0.000000   0.000000  0.000000   0.000000  0.000000 )
(  -0.374585  0.000000   0.000000  0.000000   0.000000  0.000000 )
(  -0.052412  0.000000  -0.213526  0.000000  -0.279400  0.000000 )
(   0.317426  0.000000   0.000000  0.000000  -0.000000  0.000000 )
(  -0.052412  0.000000   0.213526  0.000000   0.279400  0.000000 )
(   0.317426  0.000000   0.000000  0.000000  -0.000000  0.000000 )
(  -0.052412  0.000000   0.213526  0.000000   0.279400  0.000000 )
(  -0.052412  0.000000  -0.213526  0.000000  -0.279400  0.000000 )
   freq (   20) =    33.43582282 [THz] =  1115.29883915 [cm-1]
(   0.000000  0.000000   0.001216  0.000000   0.000000  0.000000 )
(   0.000000  0.000000   0.078209  0.000000  -0.000000  0.000000 )
(   0.000000  0.000000   0.078209  0.000000  -0.000000  0.000000 )
(  -0.000000  0.000000  -0.374585  0.000000   0.000000  0.000000 )
(  -0.000000  0.000000  -0.374585  0.000000   0.000000  0.000000 )
(  -0.213526  0.000000   0.194147  0.000000  -0.161311  0.000000 )
(   0.000000  0.000000  -0.175692  0.000000   0.322623  0.000000 )
(   0.213526  0.000000   0.194147  0.000000  -0.161311  0.000000 )
(   0.000000  0.000000  -0.175692  0.000000   0.322623  0.000000 )
(   0.213526  0.000000   0.194147  0.000000  -0.161311  0.000000 )
(  -0.213526  0.000000   0.194147  0.000000  -0.161311  0.000000 )
   freq (   21) =    34.71420111 [THz] =  1157.94094280 [cm-1]
(   0.006733  0.000000   0.000000  0.000000   0.000000  0.000000 )
(   0.489839  0.000000   0.000000  0.000000   0.000000  0.000000 )
(   0.489839  0.000000   0.000000  0.000000   0.000000  0.000000 )
(  -0.124846  0.000000  -0.000000  0.000000  -0.000000  0.000000 )
(  -0.124846  0.000000  -0.000000  0.000000  -0.000000  0.000000 )
(  -0.289100  0.000000  -0.022157  0.000000   0.081998  0.000000 )
(  -0.250723  0.000000  -0.000000  0.000000  -0.000000  0.000000 )
(  -0.289100  0.000000   0.022157  0.000000  -0.081998  0.000000 )
(  -0.250723  0.000000  -0.000000  0.000000  -0.000000  0.000000 )
(  -0.289100  0.000000   0.022157  0.000000  -0.081998  0.000000 )
(  -0.289100  0.000000  -0.022157  0.000000   0.081998  0.000000 )
   freq (   22) =    34.71420111 [THz] =  1157.94094280 [cm-1]
(  -0.000000  0.000000   0.006733  0.000000   0.000000  0.000000 )
(  -0.000000  0.000000   0.489839  0.000000   0.000000  0.000000 )
(  -0.000000  0.000000   0.489839  0.000000   0.000000  0.000000 )
(   0.000000  0.000000  -0.124846  0.000000  -0.000000  0.000000 )
(   0.000000  0.000000  -0.124846  0.000000  -0.000000  0.000000 )
(  -0.022157  0.000000  -0.263515  0.000000   0.047341  0.000000 )
(   0.000000  0.000000  -0.301893  0.000000  -0.094683  0.000000 )
(   0.022157  0.000000  -0.263515  0.000000   0.047341  0.000000 )
(   0.000000  0.000000  -0.301893  0.000000  -0.094683  0.000000 )
(   0.022157  0.000000  -0.263515  0.000000   0.047341  0.000000 )
(  -0.022157  0.000000  -0.263515  0.000000   0.047341  0.000000 )
   freq (   23) =    35.33736929 [THz] =  1178.72759278 [cm-1]
(  -0.000000  0.000000  -0.000000  0.000000   0.006396  0.000000 )
(  -0.000000  0.000000  -0.000000  0.000000   0.508326  0.000000 )
(  -0.000000  0.000000  -0.000000  0.000000   0.508326  0.000000 )
(   0.000000  0.000000  -0.000000  0.000000  -0.327129  0.000000 )
(  -0.000000  0.000000  -0.000000  0.000000  -0.327129  0.000000 )
(   0.037604  0.000000   0.021711  0.000000  -0.207295  0.000000 )
(   0.000000  0.000000  -0.043421  0.000000  -0.207295  0.000000 )
(  -0.037604  0.000000   0.021711  0.000000  -0.207295  0.000000 )
(   0.000000  0.000000  -0.043421  0.000000  -0.207295  0.000000 )
(  -0.037604  0.000000   0.021711  0.000000  -0.207295  0.000000 )
(   0.037604  0.000000   0.021711  0.000000  -0.207295  0.000000 )
   freq (   24) =    41.68574934 [THz] =  1390.48672732 [cm-1]
(  -0.000000  0.000000   0.000000  0.000000   0.000000  0.000000 )
(   0.013437  0.000000  -0.000174  0.000000   0.000000  0.000000 )
(  -0.013437  0.000000   0.000174  0.000000  -0.000000  0.000000 )
(  -0.331714  0.000000   0.004302  0.000000  -0.000000  0.000000 )
(   0.331714  0.000000  -0.004302  0.000000   0.000000  0.000000 )
(  -0.006201  0.000000   0.215249  0.000000   0.282778  0.000000 )
(  -0.370696  0.000000  -0.001543  0.000000   0.004266  0.000000 )
(  -0.000702  0.000000  -0.208809  0.000000  -0.287045  0.000000 )
(   0.370696  0.000000   0.001543  0.000000  -0.004266  0.000000 )
(   0.000702  0.000000   0.208809  0.000000   0.287045  0.000000 )
(   0.006201  0.000000  -0.215249  0.000000  -0.282778  0.000000 )
   freq (   25) =    41.68574934 [THz] =  1390.48672732 [cm-1]
(  -0.000000  0.000000   0.000000  0.000000   0.000000  0.000000 )
(   0.000174  0.000000   0.013437  0.000000  -0.000000  0.000000 )
(  -0.000174  0.000000  -0.013437  0.000000   0.000000  0.000000 )
(  -0.004302  0.000000  -0.331714  0.000000   0.000000  0.000000 )
(   0.004302  0.000000   0.331714  0.000000  -0.000000  0.000000 )
(   0.211984  0.000000  -0.245532  0.000000   0.168188  0.000000 )
(  -0.004807  0.000000   0.118964  0.000000  -0.328987  0.000000 )
(  -0.212074  0.000000  -0.251031  0.000000   0.160799  0.000000 )
(   0.004807  0.000000  -0.118964  0.000000   0.328987  0.000000 )
(   0.212074  0.000000   0.251031  0.000000  -0.160799  0.000000 )
(  -0.211984  0.000000   0.245532  0.000000  -0.168188  0.000000 )
   freq (   26) =    43.60881194 [THz] =  1454.63318151 [cm-1]
(   0.000000  0.000000  -0.000000  0.000000  -0.000000  0.000000 )
(   0.000000  0.000000  -0.000000  0.000000   0.323805  0.000000 )
(  -0.000000  0.000000   0.000000  0.000000  -0.323805  0.000000 )
(   0.000000  0.000000  -0.000000  0.000000  -0.286230  0.000000 )
(  -0.000000  0.000000   0.000000  0.000000   0.286230  0.000000 )
(  -0.160691  0.000000  -0.092775  0.000000  -0.264535  0.000000 )
(  -0.000000  0.000000   0.185550  0.000000  -0.264535  0.000000 )
(   0.160691  0.000000  -0.092775  0.000000  -0.264535  0.000000 )
(   0.000000  0.000000  -0.185550  0.000000   0.264535  0.000000 )
(  -0.160691  0.000000   0.092775  0.000000   0.264535  0.000000 )
(   0.160691  0.000000   0.092775  0.000000   0.264535  0.000000 )
   freq (   27) =    43.72787622 [THz] =  1458.60473803 [cm-1]
(  -0.000000  0.000000  -0.000000  0.000000  -0.000000  0.000000 )
(   0.328276  0.000000  -0.000328  0.000000  -0.000000  0.000000 )
(  -0.328276  0.000000   0.000328  0.000000   0.000000  0.000000 )
(   0.341646  0.000000  -0.000342  0.000000   0.000000  0.000000 )
(  -0.341646  0.000000   0.000342  0.000000  -0.000000  0.000000 )
(   0.082170  0.000000   0.226647  0.000000  -0.177868  0.000000 )
(  -0.309857  0.000000  -0.000213  0.000000  -0.000206  0.000000 )
(   0.082623  0.000000  -0.226289  0.000000   0.178073  0.000000 )
(   0.309857  0.000000   0.000213  0.000000   0.000206  0.000000 )
(  -0.082623  0.000000   0.226289  0.000000  -0.178073  0.000000 )
(  -0.082170  0.000000  -0.226647  0.000000   0.177868  0.000000 )
   freq (   28) =    43.72787622 [THz] =  1458.60473803 [cm-1]
(  -0.000000  0.000000   0.000000  0.000000   0.000000  0.000000 )
(   0.000328  0.000000   0.328276  0.000000   0.000000  0.000000 )
(  -0.000328  0.000000  -0.328276  0.000000  -0.000000  0.000000 )
(   0.000342  0.000000   0.341646  0.000000  -0.000000  0.000000 )
(  -0.000342  0.000000  -0.341646  0.000000   0.000000  0.000000 )
(   0.226550  0.000000  -0.178879  0.000000  -0.102929  0.000000 )
(  -0.000310  0.000000   0.213148  0.000000   0.205503  0.000000 )
(  -0.226385  0.000000  -0.179332  0.000000  -0.102573  0.000000 )
(   0.000310  0.000000  -0.213148  0.000000  -0.205503  0.000000 )
(   0.226385  0.000000   0.179332  0.000000   0.102573  0.000000 )
(  -0.226550  0.000000   0.178879  0.000000   0.102929  0.000000 )
   freq (   29) =    44.16666609 [THz] =  1473.24119040 [cm-1]
(   0.005760  0.000000   0.000000  0.000000   0.000000  0.000000 )
(  -0.004659  0.000000   0.000000  0.000000   0.000000  0.000000 )
(  -0.004659  0.000000  -0.000000  0.000000  -0.000000  0.000000 )
(  -0.345100  0.000000   0.000000  0.000000   0.000000  0.000000 )
(  -0.345100  0.000000   0.000000  0.000000   0.000000  0.000000 )
(   0.143371  0.000000   0.275521  0.000000  -0.195552  0.000000 )
(  -0.333845  0.000000   0.000000  0.000000  -0.000000  0.000000 )
(   0.143371  0.000000  -0.275521  0.000000   0.195552  0.000000 )
(  -0.333845  0.000000   0.000000  0.000000  -0.000000  0.000000 )
(   0.143371  0.000000  -0.275521  0.000000   0.195552  0.000000 )
(   0.143371  0.000000   0.275521  0.000000  -0.195552  0.000000 )
   freq (   30) =    44.16666609 [THz] =  1473.24119040 [cm-1]
(   0.000000  0.000000  -0.005760  0.000000   0.000000  0.000000 )
(  -0.000000  0.000000   0.004659  0.000000  -0.000000  0.000000 )
(   0.000000  0.000000   0.004659  0.000000  -0.000000  0.000000 )
(  -0.000000  0.000000   0.345100  0.000000   0.000000  0.000000 )
(   0.000000  0.000000   0.345100  0.000000   0.000000  0.000000 )
(  -0.275521  0.000000   0.174773  0.000000   0.112902  0.000000 )
(   0.000000  0.000000  -0.302443  0.000000  -0.225803  0.000000 )
(   0.275521  0.000000   0.174773  0.000000   0.112902  0.000000 )
(  -0.000000  0.000000  -0.302443  0.000000  -0.225803  0.000000 )
(   0.275521  0.000000   0.174773  0.000000   0.112902  0.000000 )
(  -0.275521  0.000000   0.174773  0.000000   0.112902  0.000000 )
   freq (   31) =    44.35890562 [THz] =  1479.65360987 [cm-1]
(   0.000000  0.000000  -0.000000  0.000000  -0.005847  0.000000 )
(  -0.000000  0.000000   0.000000  0.000000   0.014838  0.000000 )
(   0.000000  0.000000   0.000000  0.000000   0.014838  0.000000 )
(  -0.000000  0.000000   0.000000  0.000000  -0.371536  0.000000 )
(  -0.000000  0.000000   0.000000  0.000000  -0.371536  0.000000 )
(   0.205789  0.000000   0.118813  0.000000   0.253197  0.000000 )
(  -0.000000  0.000000  -0.237625  0.000000   0.253197  0.000000 )
(  -0.205789  0.000000   0.118813  0.000000   0.253197  0.000000 )
(  -0.000000  0.000000  -0.237625  0.000000   0.253197  0.000000 )
(  -0.205789  0.000000   0.118813  0.000000   0.253197  0.000000 )
(   0.205789  0.000000   0.118813  0.000000   0.253197  0.000000 )
   freq (   32) =    46.60881272 [THz] =  1554.70242190 [cm-1]
(  -0.000000  0.000000   0.000000  0.000000  -0.000501  0.000000 )
(   0.000000  0.000000  -0.000000  0.000000   0.009159  0.000000 )
(  -0.000000  0.000000  -0.000000  0.000000   0.009159  0.000000 )
(   0.000000  0.000000  -0.000000  0.000000  -0.361494  0.000000 )
(   0.000000  0.000000  -0.000000  0.000000  -0.361494  0.000000 )
(  -0.282559  0.000000  -0.163136  0.000000   0.128944  0.000000 )
(   0.000000  0.000000   0.326271  0.000000   0.128944  0.000000 )
(   0.282559  0.000000  -0.163136  0.000000   0.128944  0.000000 )
(   0.000000  0.000000   0.326271  0.000000   0.128944  0.000000 )
(   0.282559  0.000000  -0.163136  0.000000   0.128944  0.000000 )
(  -0.282559  0.000000  -0.163136  0.000000   0.128944  0.000000 )
   freq (   33) =    58.19177338 [THz] =  1941.06834579 [cm-1]
(   0.000000  0.000000  -0.000000  0.000000   0.000000  0.000000 )
(   0.000000  0.000000  -0.000000  0.000000  -0.011213  0.000000 )
(  -0.000000  0.000000   0.000000  0.000000   0.011213  0.000000 )
(   0.000000  0.000000  -0.000000  0.000000  -0.350544  0.000000 )
(   0.000000  0.000000   0.000000  0.000000   0.350544  0.000000 )
(   0.290790  0.000000   0.167888  0.000000  -0.113663  0.000000 )
(   0.000000  0.000000  -0.335775  0.000000  -0.113663  0.000000 )
(  -0.290790  0.000000   0.167888  0.000000  -0.113663  0.000000 )
(  -0.000000  0.000000   0.335775  0.000000   0.113663  0.000000 )
(   0.290790  0.000000  -0.167888  0.000000   0.113663  0.000000 )
(  -0.290790  0.000000  -0.167888  0.000000   0.113663  0.000000 )
***************************************************************************
