Dynamical matrix file
File generated with the CellConstructor by Lorenzo Monacelli
2 11 0     1.8897259890000000     0.0000000000000000     0.0000000000000000     0.0000000000000000     0.0000000000000000     0.0000000000000000
Basis vectors
    1.8216054416065011    -1.0517043920322153     2.8381869915015971
    0.0000000000000000     2.1034087840644307     2.8381869915015971
   -1.8216054416065011    -1.0517043920322153     2.8381869915015971
	1  'La '  126604.5951757480361266
	2  'H '    918.7358275894680446
    1     1     0.0000000000000002    -0.0000000000000001     4.2572805298084759
    2     2     0.0000000000000000     0.0000000000000002     2.1928765074752214
    3     2    -0.0000000000000000    -0.0000000000000002    -2.1928765074752214
    4     2     0.0000000000000002     0.0000000000000001     0.8909186668605773
    5     2    -0.0000000000000002    -0.0000000000000001    -0.8909186668605773
    6     2     0.9307402996566315     0.5373631619584786     6.1269086787593086
    7     2    -0.0000000000000001    -1.0747263239169569     6.1269086787593086
    8     2    -0.9307402996566306     0.5373631619584786     6.1269086787593086
    9     2     0.0000000000000000     1.0747263239169575     2.3876523773113032
   10     2     0.9307402996566315    -0.5373631619584787     2.3876523773113036
   11     2    -0.9307402996566311    -0.5373631619584786     2.3876523773113036

     Dynamical Matrix in cartesian axes

     q = (     0.000000000000     0.000000000000     0.000000000000 )

    1    1
     0.5183023165362748     0.0000000000000000        0.0000000000000016     0.0000000000000000        0.0000000000000026     0.0000000000000000
     0.0000000000000016     0.0000000000000000        0.5183023165723384     0.0000000000000000       -0.0000000000000012     0.0000000000000000
     0.0000000000000026     0.0000000000000000       -0.0000000000000012     0.0000000000000000        0.4940147704408240     0.0000000000000000
    1    2
    -0.0479105773062880     0.0000000000000000        0.0000000000000001     0.0000000000000000       -0.0000000000000007     0.0000000000000000
    -0.0000000000000004     0.0000000000000000       -0.0479105773096214     0.0000000000000000        0.0000000000000005     0.0000000000000000
    -0.0000000000000002     0.0000000000000000        0.0000000000000004     0.0000000000000000       -0.0886710999455588     0.0000000000000000
    1    3
    -0.0479105773062881     0.0000000000000000       -0.0000000000000001     0.0000000000000000       -0.0000000000000007     0.0000000000000000
     0.0000000000000002     0.0000000000000000       -0.0479105773096210     0.0000000000000000        0.0000000000000006     0.0000000000000000
     0.0000000000000000     0.0000000000000000       -0.0000000000000001     0.0000000000000000       -0.0886710999455579     0.0000000000000000
    1    4
    -0.0975975012611336     0.0000000000000000       -0.0000000000000003     0.0000000000000000       -0.0000000000000008     0.0000000000000000
    -0.0000000000000003     0.0000000000000000       -0.0975975012679235     0.0000000000000000        0.0000000000000009     0.0000000000000000
    -0.0000000000000001     0.0000000000000000       -0.0000000000000003     0.0000000000000000        0.0321406084858847     0.0000000000000000
    1    5
    -0.0975975012611335     0.0000000000000000       -0.0000000000000002     0.0000000000000000       -0.0000000000000007     0.0000000000000000
     0.0000000000000002     0.0000000000000000       -0.0975975012679233     0.0000000000000000        0.0000000000000003     0.0000000000000000
     0.0000000000000002     0.0000000000000000       -0.0000000000000003     0.0000000000000000        0.0321406084858838     0.0000000000000000
    1    6
    -0.0098878078705015     0.0000000000000000        0.0484856770512445     0.0000000000000000       -0.0297016890937583     0.0000000000000000
     0.0484856770512449     0.0000000000000000       -0.0658742452678912     0.0000000000000000       -0.0171482781942643     0.0000000000000000
    -0.0395191611331584     0.0000000000000000       -0.0228163983191715     0.0000000000000000       -0.0634922979202437     0.0000000000000000
    1    7
    -0.0938674639597122     0.0000000000000000        0.0000000000000000     0.0000000000000000        0.0000000000000001     0.0000000000000000
    -0.0000000000000004     0.0000000000000000        0.0181054108271617     0.0000000000000000        0.0342965563885291     0.0000000000000000
    -0.0000000000000000     0.0000000000000000        0.0456327966383418     0.0000000000000000       -0.0634922979202439     0.0000000000000000
    1    8
    -0.0098878078705012     0.0000000000000000       -0.0484856770512449     0.0000000000000000        0.0297016890937585     0.0000000000000000
    -0.0484856770512451     0.0000000000000000       -0.0658742452678919     0.0000000000000000       -0.0171482781942645     0.0000000000000000
     0.0395191611331586     0.0000000000000000       -0.0228163983191711     0.0000000000000000       -0.0634922979202442     0.0000000000000000
    1    9
    -0.0938674639597123     0.0000000000000000        0.0000000000000003     0.0000000000000000        0.0000000000000002     0.0000000000000000
    -0.0000000000000000     0.0000000000000000        0.0181054108271618     0.0000000000000000        0.0342965563885289     0.0000000000000000
    -0.0000000000000004     0.0000000000000000        0.0456327966383417     0.0000000000000000       -0.0634922979202441     0.0000000000000000
    1   10
    -0.0098878078705014     0.0000000000000000       -0.0484856770512449     0.0000000000000000        0.0297016890937585     0.0000000000000000
    -0.0484856770512448     0.0000000000000000       -0.0658742452678914     0.0000000000000000       -0.0171482781942647     0.0000000000000000
     0.0395191611331583     0.0000000000000000       -0.0228163983191711     0.0000000000000000       -0.0634922979202446     0.0000000000000000
    1   11
    -0.0098878078705015     0.0000000000000000        0.0484856770512446     0.0000000000000000       -0.0297016890937584     0.0000000000000000
     0.0484856770512449     0.0000000000000000       -0.0658742452678918     0.0000000000000000       -0.0171482781942650     0.0000000000000000
    -0.0395191611331585     0.0000000000000000       -0.0228163983191711     0.0000000000000000       -0.0634922979202445     0.0000000000000000
    2    1
    -0.0479105773062880     0.0000000000000000       -0.0000000000000004     0.0000000000000000       -0.0000000000000002     0.0000000000000000
     0.0000000000000001     0.0000000000000000       -0.0479105773096214     0.0000000000000000        0.0000000000000004     0.0000000000000000
    -0.0000000000000007     0.0000000000000000        0.0000000000000005     0.0000000000000000       -0.0886710999455588     0.0000000000000000
    2    2
     0.1065161288308475     0.0000000000000000        0.0000000000000001     0.0000000000000000        0.0000000000000000     0.0000000000000000
     0.0000000000000001     0.0000000000000000        0.1065161288382083     0.0000000000000000       -0.0000000000000001     0.0000000000000000
     0.0000000000000000     0.0000000000000000       -0.0000000000000001     0.0000000000000000        0.1042942677282424     0.0000000000000000
    2    3
    -0.0258939447764465     0.0000000000000000        0.0000000000000000     0.0000000000000000       -0.0000000000000000     0.0000000000000000
    -0.0000000000000001     0.0000000000000000       -0.0258939447781983     0.0000000000000000        0.0000000000000001     0.0000000000000000
    -0.0000000000000001     0.0000000000000000        0.0000000000000001     0.0000000000000000       -0.0081046210940511     0.0000000000000000
    2    4
     0.0154366880322470     0.0000000000000000       -0.0000000000000000     0.0000000000000000       -0.0000000000000000     0.0000000000000000
     0.0000000000000000     0.0000000000000000        0.0154366880333362     0.0000000000000000        0.0000000000000028     0.0000000000000000
     0.0000000000000000     0.0000000000000000       -0.0000000000000000     0.0000000000000000       -0.0202028461402653     0.0000000000000000
    2    5
    -0.0334763345492528     0.0000000000000000       -0.0000000000000000     0.0000000000000000       -0.0000000000000000     0.0000000000000000
     0.0000000000000000     0.0000000000000000       -0.0334763345515971     0.0000000000000000       -0.0000000000000028     0.0000000000000000
    -0.0000000000000000     0.0000000000000000       -0.0000000000000000     0.0000000000000000        0.0060959616221059     0.0000000000000000
    2    6
     0.0106457762661505     0.0000000000000000        0.0182539213572478     0.0000000000000000       -0.0140133305626210     0.0000000000000000
     0.0182539213572121     0.0000000000000000       -0.0104320365525471     0.0000000000000000       -0.0080906001728538     0.0000000000000000
    -0.0175738382103311     0.0000000000000000       -0.0101462602217826     0.0000000000000000       -0.0204017000085164     0.0000000000000000
    2    7
    -0.0209709429608201     0.0000000000000000        0.0000000000000000     0.0000000000000000        0.0000000000000000     0.0000000000000000
     0.0000000000000000     0.0000000000000000        0.0211846826766636     0.0000000000000000        0.0161812003457039     0.0000000000000000
     0.0000000000000000     0.0000000000000000        0.0202925204435652     0.0000000000000000       -0.0204017000085163     0.0000000000000000
    2    8
     0.0106457762661505     0.0000000000000000       -0.0182539213572478     0.0000000000000000        0.0140133305626210     0.0000000000000000
    -0.0182539213572120     0.0000000000000000       -0.0104320365525471     0.0000000000000000       -0.0080906001728537     0.0000000000000000
     0.0175738382103311     0.0000000000000000       -0.0101462602217825     0.0000000000000000       -0.0204017000085163     0.0000000000000000
    2    9
     0.0291564919601087     0.0000000000000000       -0.0000000000000000     0.0000000000000000        0.0000000000000000     0.0000000000000000
    -0.0000000000000000     0.0000000000000000       -0.0391515384979403     0.0000000000000000       -0.0110571379218850     0.0000000000000000
     0.0000000000000000     0.0000000000000000       -0.0103108728605639     0.0000000000000000        0.0225978126183581     0.0000000000000000
    2   10
    -0.0220745308813484     0.0000000000000000        0.0295782448294326     0.0000000000000000       -0.0095757623331709     0.0000000000000000
     0.0295782448293968     0.0000000000000000        0.0120794843471215     0.0000000000000000        0.0055285689609443     0.0000000000000000
    -0.0089294778321291     0.0000000000000000        0.0051554364302819     0.0000000000000000        0.0225978126183582     0.0000000000000000
    2   11
    -0.0220745308813484     0.0000000000000000       -0.0295782448294326     0.0000000000000000        0.0095757623331710     0.0000000000000000
    -0.0295782448293969     0.0000000000000000        0.0120794843471215     0.0000000000000000        0.0055285689609443     0.0000000000000000
     0.0089294778321291     0.0000000000000000        0.0051554364302818     0.0000000000000000        0.0225978126183582     0.0000000000000000
    3    1
    -0.0479105773062881     0.0000000000000000        0.0000000000000002     0.0000000000000000        0.0000000000000000     0.0000000000000000
    -0.0000000000000001     0.0000000000000000       -0.0479105773096210     0.0000000000000000       -0.0000000000000001     0.0000000000000000
    -0.0000000000000007     0.0000000000000000        0.0000000000000006     0.0000000000000000       -0.0886710999455579     0.0000000000000000
    3    2
    -0.0258939447764466     0.0000000000000000       -0.0000000000000001     0.0000000000000000       -0.0000000000000001     0.0000000000000000
     0.0000000000000000     0.0000000000000000       -0.0258939447781983     0.0000000000000000        0.0000000000000001     0.0000000000000000
    -0.0000000000000000     0.0000000000000000        0.0000000000000001     0.0000000000000000       -0.0081046210940511     0.0000000000000000
    3    3
     0.1065161288308476     0.0000000000000000       -0.0000000000000000     0.0000000000000000        0.0000000000000000     0.0000000000000000
    -0.0000000000000000     0.0000000000000000        0.1065161288382084     0.0000000000000000       -0.0000000000000001     0.0000000000000000
     0.0000000000000000     0.0000000000000000       -0.0000000000000001     0.0000000000000000        0.1042942677282423     0.0000000000000000
    3    4
    -0.0334763345492529     0.0000000000000000        0.0000000000000000     0.0000000000000000       -0.0000000000000000     0.0000000000000000
    -0.0000000000000000     0.0000000000000000       -0.0334763345515971     0.0000000000000000       -0.0000000000000028     0.0000000000000000
     0.0000000000000000     0.0000000000000000       -0.0000000000000001     0.0000000000000000        0.0060959616221059     0.0000000000000000
    3    5
     0.0154366880322470     0.0000000000000000       -0.0000000000000000     0.0000000000000000       -0.0000000000000000     0.0000000000000000
     0.0000000000000000     0.0000000000000000        0.0154366880333361     0.0000000000000000        0.0000000000000027     0.0000000000000000
    -0.0000000000000000     0.0000000000000000        0.0000000000000000     0.0000000000000000       -0.0202028461402653     0.0000000000000000
    3    6
    -0.0220745308813485     0.0000000000000000       -0.0295782448294326     0.0000000000000000        0.0095757623331710     0.0000000000000000
    -0.0295782448293968     0.0000000000000000        0.0120794843471215     0.0000000000000000        0.0055285689609443     0.0000000000000000
     0.0089294778321292     0.0000000000000000        0.0051554364302819     0.0000000000000000        0.0225978126183582     0.0000000000000000
    3    7
     0.0291564919601087     0.0000000000000000        0.0000000000000000     0.0000000000000000        0.0000000000000000     0.0000000000000000
    -0.0000000000000000     0.0000000000000000       -0.0391515384979403     0.0000000000000000       -0.0110571379218849     0.0000000000000000
     0.0000000000000001     0.0000000000000000       -0.0103108728605639     0.0000000000000000        0.0225978126183582     0.0000000000000000
    3    8
    -0.0220745308813484     0.0000000000000000        0.0295782448294326     0.0000000000000000       -0.0095757623331710     0.0000000000000000
     0.0295782448293969     0.0000000000000000        0.0120794843471215     0.0000000000000000        0.0055285689609443     0.0000000000000000
    -0.0089294778321291     0.0000000000000000        0.0051554364302819     0.0000000000000000        0.0225978126183582     0.0000000000000000
    3    9
    -0.0209709429608201     0.0000000000000000        0.0000000000000000     0.0000000000000000       -0.0000000000000000     0.0000000000000000
    -0.0000000000000000     0.0000000000000000        0.0211846826766635     0.0000000000000000        0.0161812003457039     0.0000000000000000
     0.0000000000000000     0.0000000000000000        0.0202925204435652     0.0000000000000000       -0.0204017000085162     0.0000000000000000
    3   10
     0.0106457762661505     0.0000000000000000       -0.0182539213572479     0.0000000000000000        0.0140133305626210     0.0000000000000000
    -0.0182539213572121     0.0000000000000000       -0.0104320365525471     0.0000000000000000       -0.0080906001728537     0.0000000000000000
     0.0175738382103310     0.0000000000000000       -0.0101462602217825     0.0000000000000000       -0.0204017000085163     0.0000000000000000
    3   11
     0.0106457762661505     0.0000000000000000        0.0182539213572478     0.0000000000000000       -0.0140133305626210     0.0000000000000000
     0.0182539213572121     0.0000000000000000       -0.0104320365525471     0.0000000000000000       -0.0080906001728537     0.0000000000000000
    -0.0175738382103310     0.0000000000000000       -0.0101462602217825     0.0000000000000000       -0.0204017000085164     0.0000000000000000
    4    1
    -0.0975975012611336     0.0000000000000000       -0.0000000000000003     0.0000000000000000       -0.0000000000000001     0.0000000000000000
    -0.0000000000000003     0.0000000000000000       -0.0975975012679235     0.0000000000000000       -0.0000000000000003     0.0000000000000000
    -0.0000000000000008     0.0000000000000000        0.0000000000000009     0.0000000000000000        0.0321406084858847     0.0000000000000000
    4    2
     0.0154366880322470     0.0000000000000000        0.0000000000000000     0.0000000000000000        0.0000000000000000     0.0000000000000000
    -0.0000000000000000     0.0000000000000000        0.0154366880333362     0.0000000000000000       -0.0000000000000000     0.0000000000000000
    -0.0000000000000000     0.0000000000000000        0.0000000000000028     0.0000000000000000       -0.0202028461402653     0.0000000000000000
    4    3
    -0.0334763345492529     0.0000000000000000       -0.0000000000000000     0.0000000000000000        0.0000000000000000     0.0000000000000000
     0.0000000000000000     0.0000000000000000       -0.0334763345515971     0.0000000000000000       -0.0000000000000001     0.0000000000000000
    -0.0000000000000000     0.0000000000000000       -0.0000000000000028     0.0000000000000000        0.0060959616221059     0.0000000000000000
    4    4
     0.1088358292575071     0.0000000000000000        0.0000000000000001     0.0000000000000000        0.0000000000000000     0.0000000000000000
     0.0000000000000001     0.0000000000000000        0.1088358292650745     0.0000000000000000       -0.0000000000000008     0.0000000000000000
     0.0000000000000000     0.0000000000000000       -0.0000000000000008     0.0000000000000000        0.1031195655298616     0.0000000000000000
    4    5
    -0.0111625817434744     0.0000000000000000       -0.0000000000000000     0.0000000000000000       -0.0000000000000000     0.0000000000000000
    -0.0000000000000001     0.0000000000000000       -0.0111625817442463     0.0000000000000000        0.0000000000000009     0.0000000000000000
    -0.0000000000000000     0.0000000000000000        0.0000000000000009     0.0000000000000000       -0.0458474690831877     0.0000000000000000
    4    6
    -0.0056689211194264     0.0000000000000000       -0.0178986681887328     0.0000000000000000       -0.0174928048811518     0.0000000000000000
    -0.0178986681887213     0.0000000000000000        0.0149986806746865     0.0000000000000000       -0.0100994756073661     0.0000000000000000
    -0.0211416461426376     0.0000000000000000       -0.0122061350919878     0.0000000000000000        0.0256986743211835     0.0000000000000000
    4    7
     0.0253324815701816     0.0000000000000000        0.0000000000000000     0.0000000000000000        0.0000000000000001     0.0000000000000000
     0.0000000000000001     0.0000000000000000       -0.0160027220170907     0.0000000000000000        0.0201989512147331     0.0000000000000000
     0.0000000000000000     0.0000000000000000        0.0244122701839720     0.0000000000000000        0.0256986743211824     0.0000000000000000
    4    8
    -0.0056689211194264     0.0000000000000000        0.0178986681887328     0.0000000000000000        0.0174928048811518     0.0000000000000000
     0.0178986681887213     0.0000000000000000        0.0149986806746865     0.0000000000000000       -0.0100994756073660     0.0000000000000000
     0.0211416461426376     0.0000000000000000       -0.0122061350919878     0.0000000000000000        0.0256986743211835     0.0000000000000000
    4    9
     0.0130368495639518     0.0000000000000000       -0.0000000000000000     0.0000000000000000       -0.0000000000000000     0.0000000000000000
    -0.0000000000000001     0.0000000000000000       -0.0103906756094747     0.0000000000000000       -0.0397511853059824     0.0000000000000000
     0.0000000000000000     0.0000000000000000       -0.0455855012736494     0.0000000000000000       -0.0508006144593157     0.0000000000000000
    4   10
    -0.0045337943155870     0.0000000000000000        0.0101444159740307     0.0000000000000000       -0.0344255363043247     0.0000000000000000
     0.0101444159740422     0.0000000000000000        0.0071799682712744     0.0000000000000000        0.0198755926529906     0.0000000000000000
    -0.0394782021458589     0.0000000000000000        0.0227927506368266     0.0000000000000000       -0.0508006144593168     0.0000000000000000
    4   11
    -0.0045337943155869     0.0000000000000000       -0.0101444159740307     0.0000000000000000        0.0344255363043247     0.0000000000000000
    -0.0101444159740421     0.0000000000000000        0.0071799682712744     0.0000000000000000        0.0198755926529906     0.0000000000000000
     0.0394782021458589     0.0000000000000000        0.0227927506368266     0.0000000000000000       -0.0508006144593168     0.0000000000000000
    5    1
    -0.0975975012611335     0.0000000000000000        0.0000000000000002     0.0000000000000000        0.0000000000000002     0.0000000000000000
    -0.0000000000000002     0.0000000000000000       -0.0975975012679233     0.0000000000000000       -0.0000000000000003     0.0000000000000000
    -0.0000000000000007     0.0000000000000000        0.0000000000000003     0.0000000000000000        0.0321406084858838     0.0000000000000000
    5    2
    -0.0334763345492528     0.0000000000000000        0.0000000000000000     0.0000000000000000       -0.0000000000000000     0.0000000000000000
    -0.0000000000000000     0.0000000000000000       -0.0334763345515971     0.0000000000000000       -0.0000000000000000     0.0000000000000000
    -0.0000000000000000     0.0000000000000000       -0.0000000000000028     0.0000000000000000        0.0060959616221059     0.0000000000000000
    5    3
     0.0154366880322470     0.0000000000000000        0.0000000000000000     0.0000000000000000       -0.0000000000000000     0.0000000000000000
    -0.0000000000000000     0.0000000000000000        0.0154366880333361     0.0000000000000000        0.0000000000000000     0.0000000000000000
    -0.0000000000000000     0.0000000000000000        0.0000000000000027     0.0000000000000000       -0.0202028461402653     0.0000000000000000
    5    4
    -0.0111625817434744     0.0000000000000000       -0.0000000000000001     0.0000000000000000       -0.0000000000000000     0.0000000000000000
    -0.0000000000000000     0.0000000000000000       -0.0111625817442463     0.0000000000000000        0.0000000000000009     0.0000000000000000
    -0.0000000000000000     0.0000000000000000        0.0000000000000009     0.0000000000000000       -0.0458474690831877     0.0000000000000000
    5    5
     0.1088358292575071     0.0000000000000000       -0.0000000000000000     0.0000000000000000        0.0000000000000000     0.0000000000000000
    -0.0000000000000000     0.0000000000000000        0.1088358292650745     0.0000000000000000       -0.0000000000000008     0.0000000000000000
     0.0000000000000000     0.0000000000000000       -0.0000000000000008     0.0000000000000000        0.1031195655298617     0.0000000000000000
    5    6
    -0.0045337943155869     0.0000000000000000       -0.0101444159740306     0.0000000000000000        0.0344255363043247     0.0000000000000000
    -0.0101444159740422     0.0000000000000000        0.0071799682712744     0.0000000000000000        0.0198755926529906     0.0000000000000000
     0.0394782021458589     0.0000000000000000        0.0227927506368266     0.0000000000000000       -0.0508006144593168     0.0000000000000000
    5    7
     0.0130368495639518     0.0000000000000000       -0.0000000000000000     0.0000000000000000       -0.0000000000000001     0.0000000000000000
     0.0000000000000000     0.0000000000000000       -0.0103906756094746     0.0000000000000000       -0.0397511853059824     0.0000000000000000
    -0.0000000000000000     0.0000000000000000       -0.0455855012736495     0.0000000000000000       -0.0508006144593157     0.0000000000000000
    5    8
    -0.0045337943155870     0.0000000000000000        0.0101444159740307     0.0000000000000000       -0.0344255363043247     0.0000000000000000
     0.0101444159740422     0.0000000000000000        0.0071799682712744     0.0000000000000000        0.0198755926529906     0.0000000000000000
    -0.0394782021458589     0.0000000000000000        0.0227927506368266     0.0000000000000000       -0.0508006144593167     0.0000000000000000
    5    9
     0.0253324815701816     0.0000000000000000        0.0000000000000000     0.0000000000000000       -0.0000000000000000     0.0000000000000000
     0.0000000000000000     0.0000000000000000       -0.0160027220170907     0.0000000000000000        0.0201989512147332     0.0000000000000000
     0.0000000000000000     0.0000000000000000        0.0244122701839719     0.0000000000000000        0.0256986743211824     0.0000000000000000
    5   10
    -0.0056689211194264     0.0000000000000000        0.0178986681887328     0.0000000000000000        0.0174928048811518     0.0000000000000000
     0.0178986681887212     0.0000000000000000        0.0149986806746866     0.0000000000000000       -0.0100994756073660     0.0000000000000000
     0.0211416461426376     0.0000000000000000       -0.0122061350919878     0.0000000000000000        0.0256986743211836     0.0000000000000000
    5   11
    -0.0056689211194264     0.0000000000000000       -0.0178986681887328     0.0000000000000000       -0.0174928048811518     0.0000000000000000
    -0.0178986681887213     0.0000000000000000        0.0149986806746865     0.0000000000000000       -0.0100994756073660     0.0000000000000000
    -0.0211416461426376     0.0000000000000000       -0.0122061350919878     0.0000000000000000        0.0256986743211835     0.0000000000000000
    6    1
    -0.0098878078705015     0.0000000000000000        0.0484856770512449     0.0000000000000000       -0.0395191611331584     0.0000000000000000
     0.0484856770512445     0.0000000000000000       -0.0658742452678912     0.0000000000000000       -0.0228163983191715     0.0000000000000000
    -0.0297016890937583     0.0000000000000000       -0.0171482781942643     0.0000000000000000       -0.0634922979202437     0.0000000000000000
    6    2
     0.0106457762661505     0.0000000000000000        0.0182539213572121     0.0000000000000000       -0.0175738382103311     0.0000000000000000
     0.0182539213572478     0.0000000000000000       -0.0104320365525471     0.0000000000000000       -0.0101462602217826     0.0000000000000000
    -0.0140133305626210     0.0000000000000000       -0.0080906001728538     0.0000000000000000       -0.0204017000085164     0.0000000000000000
    6    3
    -0.0220745308813485     0.0000000000000000       -0.0295782448293968     0.0000000000000000        0.0089294778321292     0.0000000000000000
    -0.0295782448294326     0.0000000000000000        0.0120794843471215     0.0000000000000000        0.0051554364302819     0.0000000000000000
     0.0095757623331710     0.0000000000000000        0.0055285689609443     0.0000000000000000        0.0225978126183582     0.0000000000000000
    6    4
    -0.0056689211194264     0.0000000000000000       -0.0178986681887213     0.0000000000000000       -0.0211416461426376     0.0000000000000000
    -0.0178986681887328     0.0000000000000000        0.0149986806746865     0.0000000000000000       -0.0122061350919878     0.0000000000000000
    -0.0174928048811518     0.0000000000000000       -0.0100994756073661     0.0000000000000000        0.0256986743211835     0.0000000000000000
    6    5
    -0.0045337943155869     0.0000000000000000       -0.0101444159740422     0.0000000000000000        0.0394782021458589     0.0000000000000000
    -0.0101444159740306     0.0000000000000000        0.0071799682712744     0.0000000000000000        0.0227927506368266     0.0000000000000000
     0.0344255363043247     0.0000000000000000        0.0198755926529906     0.0000000000000000       -0.0508006144593168     0.0000000000000000
    6    6
     0.1055724591802359     0.0000000000000000        0.0128533317891526     0.0000000000000000        0.0048215203643323     0.0000000000000000
     0.0128533317891526     0.0000000000000000        0.0907307100500886     0.0000000000000000        0.0027837060803563     0.0000000000000000
     0.0048215203643323     0.0000000000000000        0.0027837060803563     0.0000000000000000        0.1028554131984492     0.0000000000000000
    6    7
    -0.0061431327612349     0.0000000000000000       -0.0376655312850403     0.0000000000000000       -0.0006571441816222     0.0000000000000000
    -0.0300770842075400     0.0000000000000000       -0.0452543500532891     0.0000000000000000        0.0018397692593105     0.0000000000000000
    -0.0019218590064251     0.0000000000000000       -0.0003507810743929     0.0000000000000000        0.0122779509980405     0.0000000000000000
    6    8
    -0.0648099586946011     0.0000000000000000        0.0037942235387744     0.0000000000000000        0.0012647148247883     0.0000000000000000
    -0.0037942235387744     0.0000000000000000        0.0134124758841746     0.0000000000000000       -0.0014889881849241     0.0000000000000000
    -0.0012647148247883     0.0000000000000000       -0.0014889881849241     0.0000000000000000        0.0122779509980436     0.0000000000000000
    6    9
    -0.0039671901826182     0.0000000000000000        0.0150032336241974     0.0000000000000000        0.0208379620705962     0.0000000000000000
     0.0155399591473829     0.0000000000000000        0.0136669303863174     0.0000000000000000       -0.0086335604301928     0.0000000000000000
     0.0178958636926979     0.0000000000000000       -0.0137294243017729     0.0000000000000000       -0.0017523907805992     0.0000000000000000
    6   10
     0.0224839906693666     0.0000000000000000        0.0002683627615685     0.0000000000000000        0.0029420983779129     0.0000000000000000
    -0.0002683627615685     0.0000000000000000       -0.0127842504675234     0.0000000000000000        0.0223629847319721     0.0000000000000000
    -0.0029420983779129     0.0000000000000000        0.0223629847319721     0.0000000000000000       -0.0017523907806023     0.0000000000000000
    6   11
    -0.0216168902904357     0.0000000000000000       -0.0033718898449491     0.0000000000000000        0.0006178140521317     0.0000000000000000
    -0.0033718898449490     0.0000000000000000       -0.0177233672724117     0.0000000000000000        0.0003566951093108     0.0000000000000000
     0.0006178140521317     0.0000000000000000        0.0003566951093108     0.0000000000000000       -0.0375084081847962     0.0000000000000000
    7    1
    -0.0938674639597122     0.0000000000000000       -0.0000000000000004     0.0000000000000000       -0.0000000000000000     0.0000000000000000
     0.0000000000000000     0.0000000000000000        0.0181054108271617     0.0000000000000000        0.0456327966383418     0.0000000000000000
     0.0000000000000001     0.0000000000000000        0.0342965563885291     0.0000000000000000       -0.0634922979202439     0.0000000000000000
    7    2
    -0.0209709429608201     0.0000000000000000        0.0000000000000000     0.0000000000000000        0.0000000000000000     0.0000000000000000
     0.0000000000000000     0.0000000000000000        0.0211846826766636     0.0000000000000000        0.0202925204435652     0.0000000000000000
     0.0000000000000000     0.0000000000000000        0.0161812003457039     0.0000000000000000       -0.0204017000085163     0.0000000000000000
    7    3
     0.0291564919601087     0.0000000000000000       -0.0000000000000000     0.0000000000000000        0.0000000000000001     0.0000000000000000
     0.0000000000000000     0.0000000000000000       -0.0391515384979403     0.0000000000000000       -0.0103108728605639     0.0000000000000000
     0.0000000000000000     0.0000000000000000       -0.0110571379218849     0.0000000000000000        0.0225978126183582     0.0000000000000000
    7    4
     0.0253324815701816     0.0000000000000000        0.0000000000000001     0.0000000000000000        0.0000000000000000     0.0000000000000000
     0.0000000000000000     0.0000000000000000       -0.0160027220170907     0.0000000000000000        0.0244122701839720     0.0000000000000000
     0.0000000000000001     0.0000000000000000        0.0201989512147331     0.0000000000000000        0.0256986743211824     0.0000000000000000
    7    5
     0.0130368495639518     0.0000000000000000        0.0000000000000000     0.0000000000000000       -0.0000000000000000     0.0000000000000000
    -0.0000000000000000     0.0000000000000000       -0.0103906756094746     0.0000000000000000       -0.0455855012736495     0.0000000000000000
    -0.0000000000000001     0.0000000000000000       -0.0397511853059824     0.0000000000000000       -0.0508006144593157     0.0000000000000000
    7    6
    -0.0061431327612349     0.0000000000000000       -0.0300770842075400     0.0000000000000000       -0.0019218590064251     0.0000000000000000
    -0.0376655312850403     0.0000000000000000       -0.0452543500532891     0.0000000000000000       -0.0003507810743929     0.0000000000000000
    -0.0006571441816222     0.0000000000000000        0.0018397692593105     0.0000000000000000        0.0122779509980405     0.0000000000000000
    7    7
     0.0833098354756021     0.0000000000000000       -0.0000000000000000     0.0000000000000000        0.0000000000000001     0.0000000000000000
    -0.0000000000000000     0.0000000000000000        0.1129933337562335     0.0000000000000000       -0.0055674121606948     0.0000000000000000
     0.0000000000000001     0.0000000000000000       -0.0055674121606948     0.0000000000000000        0.1028554131984536     0.0000000000000000
    7    8
    -0.0061431327612348     0.0000000000000000        0.0300770842075401     0.0000000000000000        0.0019218590064250     0.0000000000000000
     0.0376655312850403     0.0000000000000000       -0.0452543500532891     0.0000000000000000       -0.0003507810743928     0.0000000000000000
     0.0006571441816222     0.0000000000000000        0.0018397692593104     0.0000000000000000        0.0122779509980405     0.0000000000000000
    7    9
    -0.0157766057616059     0.0000000000000000        0.0000000000000000     0.0000000000000000       -0.0000000000000000     0.0000000000000000
    -0.0000000000000000     0.0000000000000000       -0.0235636518016101     0.0000000000000000       -0.0007133902186393     0.0000000000000000
    -0.0000000000000000     0.0000000000000000       -0.0007133902186393     0.0000000000000000       -0.0375084081848006     0.0000000000000000
    7   10
    -0.0039671901826182     0.0000000000000000       -0.0155399591473829     0.0000000000000000       -0.0178958636926979     0.0000000000000000
    -0.0150032336241974     0.0000000000000000        0.0136669303863174     0.0000000000000000       -0.0137294243017729     0.0000000000000000
    -0.0208379620705961     0.0000000000000000       -0.0086335604301928     0.0000000000000000       -0.0017523907805992     0.0000000000000000
    7   11
    -0.0039671901826182     0.0000000000000000        0.0155399591473829     0.0000000000000000        0.0178958636926979     0.0000000000000000
     0.0150032336241974     0.0000000000000000        0.0136669303863175     0.0000000000000000       -0.0137294243017729     0.0000000000000000
     0.0208379620705961     0.0000000000000000       -0.0086335604301928     0.0000000000000000       -0.0017523907805992     0.0000000000000000
    8    1
    -0.0098878078705012     0.0000000000000000       -0.0484856770512451     0.0000000000000000        0.0395191611331586     0.0000000000000000
    -0.0484856770512449     0.0000000000000000       -0.0658742452678919     0.0000000000000000       -0.0228163983191711     0.0000000000000000
     0.0297016890937585     0.0000000000000000       -0.0171482781942645     0.0000000000000000       -0.0634922979202442     0.0000000000000000
    8    2
     0.0106457762661505     0.0000000000000000       -0.0182539213572120     0.0000000000000000        0.0175738382103311     0.0000000000000000
    -0.0182539213572478     0.0000000000000000       -0.0104320365525471     0.0000000000000000       -0.0101462602217825     0.0000000000000000
     0.0140133305626210     0.0000000000000000       -0.0080906001728537     0.0000000000000000       -0.0204017000085163     0.0000000000000000
    8    3
    -0.0220745308813484     0.0000000000000000        0.0295782448293969     0.0000000000000000       -0.0089294778321291     0.0000000000000000
     0.0295782448294326     0.0000000000000000        0.0120794843471215     0.0000000000000000        0.0051554364302819     0.0000000000000000
    -0.0095757623331710     0.0000000000000000        0.0055285689609443     0.0000000000000000        0.0225978126183582     0.0000000000000000
    8    4
    -0.0056689211194264     0.0000000000000000        0.0178986681887213     0.0000000000000000        0.0211416461426376     0.0000000000000000
     0.0178986681887328     0.0000000000000000        0.0149986806746866     0.0000000000000000       -0.0122061350919878     0.0000000000000000
     0.0174928048811518     0.0000000000000000       -0.0100994756073660     0.0000000000000000        0.0256986743211835     0.0000000000000000
    8    5
    -0.0045337943155870     0.0000000000000000        0.0101444159740422     0.0000000000000000       -0.0394782021458589     0.0000000000000000
     0.0101444159740307     0.0000000000000000        0.0071799682712744     0.0000000000000000        0.0227927506368266     0.0000000000000000
    -0.0344255363043247     0.0000000000000000        0.0198755926529906     0.0000000000000000       -0.0508006144593167     0.0000000000000000
    8    6
    -0.0648099586946011     0.0000000000000000       -0.0037942235387744     0.0000000000000000       -0.0012647148247882     0.0000000000000000
     0.0037942235387744     0.0000000000000000        0.0134124758841746     0.0000000000000000       -0.0014889881849241     0.0000000000000000
     0.0012647148247883     0.0000000000000000       -0.0014889881849241     0.0000000000000000        0.0122779509980436     0.0000000000000000
    8    7
    -0.0061431327612348     0.0000000000000000        0.0376655312850403     0.0000000000000000        0.0006571441816222     0.0000000000000000
     0.0300770842075401     0.0000000000000000       -0.0452543500532891     0.0000000000000000        0.0018397692593105     0.0000000000000000
     0.0019218590064250     0.0000000000000000       -0.0003507810743928     0.0000000000000000        0.0122779509980405     0.0000000000000000
    8    8
     0.1055724591802358     0.0000000000000000       -0.0128533317891526     0.0000000000000000       -0.0048215203643322     0.0000000000000000
    -0.0128533317891526     0.0000000000000000        0.0907307100500886     0.0000000000000000        0.0027837060803563     0.0000000000000000
    -0.0048215203643322     0.0000000000000000        0.0027837060803562     0.0000000000000000        0.1028554131984492     0.0000000000000000
    8    9
    -0.0039671901826182     0.0000000000000000       -0.0150032336241974     0.0000000000000000       -0.0208379620705961     0.0000000000000000
    -0.0155399591473829     0.0000000000000000        0.0136669303863174     0.0000000000000000       -0.0086335604301928     0.0000000000000000
    -0.0178958636926978     0.0000000000000000       -0.0137294243017729     0.0000000000000000       -0.0017523907805992     0.0000000000000000
    8   10
    -0.0216168902904357     0.0000000000000000        0.0033718898449491     0.0000000000000000       -0.0006178140521317     0.0000000000000000
     0.0033718898449490     0.0000000000000000       -0.0177233672724117     0.0000000000000000        0.0003566951093108     0.0000000000000000
    -0.0006178140521318     0.0000000000000000        0.0003566951093108     0.0000000000000000       -0.0375084081847961     0.0000000000000000
    8   11
     0.0224839906693666     0.0000000000000000       -0.0002683627615685     0.0000000000000000       -0.0029420983779129     0.0000000000000000
     0.0002683627615685     0.0000000000000000       -0.0127842504675234     0.0000000000000000        0.0223629847319721     0.0000000000000000
     0.0029420983779129     0.0000000000000000        0.0223629847319721     0.0000000000000000       -0.0017523907806023     0.0000000000000000
    9    1
    -0.0938674639597123     0.0000000000000000       -0.0000000000000000     0.0000000000000000       -0.0000000000000004     0.0000000000000000
     0.0000000000000003     0.0000000000000000        0.0181054108271618     0.0000000000000000        0.0456327966383417     0.0000000000000000
     0.0000000000000002     0.0000000000000000        0.0342965563885289     0.0000000000000000       -0.0634922979202441     0.0000000000000000
    9    2
     0.0291564919601087     0.0000000000000000       -0.0000000000000000     0.0000000000000000        0.0000000000000000     0.0000000000000000
    -0.0000000000000000     0.0000000000000000       -0.0391515384979403     0.0000000000000000       -0.0103108728605639     0.0000000000000000
     0.0000000000000000     0.0000000000000000       -0.0110571379218850     0.0000000000000000        0.0225978126183581     0.0000000000000000
    9    3
    -0.0209709429608201     0.0000000000000000       -0.0000000000000000     0.0000000000000000        0.0000000000000000     0.0000000000000000
     0.0000000000000000     0.0000000000000000        0.0211846826766635     0.0000000000000000        0.0202925204435652     0.0000000000000000
    -0.0000000000000000     0.0000000000000000        0.0161812003457039     0.0000000000000000       -0.0204017000085162     0.0000000000000000
    9    4
     0.0130368495639518     0.0000000000000000       -0.0000000000000001     0.0000000000000000        0.0000000000000000     0.0000000000000000
    -0.0000000000000000     0.0000000000000000       -0.0103906756094747     0.0000000000000000       -0.0455855012736494     0.0000000000000000
    -0.0000000000000000     0.0000000000000000       -0.0397511853059824     0.0000000000000000       -0.0508006144593157     0.0000000000000000
    9    5
     0.0253324815701816     0.0000000000000000        0.0000000000000000     0.0000000000000000        0.0000000000000000     0.0000000000000000
     0.0000000000000000     0.0000000000000000       -0.0160027220170907     0.0000000000000000        0.0244122701839719     0.0000000000000000
    -0.0000000000000000     0.0000000000000000        0.0201989512147332     0.0000000000000000        0.0256986743211824     0.0000000000000000
    9    6
    -0.0039671901826182     0.0000000000000000        0.0155399591473829     0.0000000000000000        0.0178958636926979     0.0000000000000000
     0.0150032336241974     0.0000000000000000        0.0136669303863174     0.0000000000000000       -0.0137294243017729     0.0000000000000000
     0.0208379620705962     0.0000000000000000       -0.0086335604301928     0.0000000000000000       -0.0017523907805992     0.0000000000000000
    9    7
    -0.0157766057616059     0.0000000000000000       -0.0000000000000000     0.0000000000000000       -0.0000000000000000     0.0000000000000000
     0.0000000000000000     0.0000000000000000       -0.0235636518016101     0.0000000000000000       -0.0007133902186393     0.0000000000000000
    -0.0000000000000000     0.0000000000000000       -0.0007133902186393     0.0000000000000000       -0.0375084081848006     0.0000000000000000
    9    8
    -0.0039671901826182     0.0000000000000000       -0.0155399591473829     0.0000000000000000       -0.0178958636926978     0.0000000000000000
    -0.0150032336241974     0.0000000000000000        0.0136669303863174     0.0000000000000000       -0.0137294243017729     0.0000000000000000
    -0.0208379620705961     0.0000000000000000       -0.0086335604301928     0.0000000000000000       -0.0017523907805992     0.0000000000000000
    9    9
     0.0833098354756021     0.0000000000000000       -0.0000000000000000     0.0000000000000000        0.0000000000000000     0.0000000000000000
    -0.0000000000000000     0.0000000000000000        0.1129933337562335     0.0000000000000000       -0.0055674121606948     0.0000000000000000
     0.0000000000000000     0.0000000000000000       -0.0055674121606948     0.0000000000000000        0.1028554131984537     0.0000000000000000
    9   10
    -0.0061431327612348     0.0000000000000000        0.0300770842075401     0.0000000000000000        0.0019218590064251     0.0000000000000000
     0.0376655312850403     0.0000000000000000       -0.0452543500532891     0.0000000000000000       -0.0003507810743929     0.0000000000000000
     0.0006571441816222     0.0000000000000000        0.0018397692593105     0.0000000000000000        0.0122779509980405     0.0000000000000000
    9   11
    -0.0061431327612348     0.0000000000000000       -0.0300770842075400     0.0000000000000000       -0.0019218590064251     0.0000000000000000
    -0.0376655312850403     0.0000000000000000       -0.0452543500532891     0.0000000000000000       -0.0003507810743929     0.0000000000000000
    -0.0006571441816222     0.0000000000000000        0.0018397692593105     0.0000000000000000        0.0122779509980405     0.0000000000000000
   10    1
    -0.0098878078705014     0.0000000000000000       -0.0484856770512448     0.0000000000000000        0.0395191611331583     0.0000000000000000
    -0.0484856770512449     0.0000000000000000       -0.0658742452678914     0.0000000000000000       -0.0228163983191711     0.0000000000000000
     0.0297016890937585     0.0000000000000000       -0.0171482781942647     0.0000000000000000       -0.0634922979202446     0.0000000000000000
   10    2
    -0.0220745308813484     0.0000000000000000        0.0295782448293968     0.0000000000000000       -0.0089294778321291     0.0000000000000000
     0.0295782448294326     0.0000000000000000        0.0120794843471215     0.0000000000000000        0.0051554364302819     0.0000000000000000
    -0.0095757623331709     0.0000000000000000        0.0055285689609443     0.0000000000000000        0.0225978126183582     0.0000000000000000
   10    3
     0.0106457762661505     0.0000000000000000       -0.0182539213572121     0.0000000000000000        0.0175738382103310     0.0000000000000000
    -0.0182539213572479     0.0000000000000000       -0.0104320365525471     0.0000000000000000       -0.0101462602217825     0.0000000000000000
     0.0140133305626210     0.0000000000000000       -0.0080906001728537     0.0000000000000000       -0.0204017000085163     0.0000000000000000
   10    4
    -0.0045337943155870     0.0000000000000000        0.0101444159740422     0.0000000000000000       -0.0394782021458589     0.0000000000000000
     0.0101444159740307     0.0000000000000000        0.0071799682712744     0.0000000000000000        0.0227927506368266     0.0000000000000000
    -0.0344255363043247     0.0000000000000000        0.0198755926529906     0.0000000000000000       -0.0508006144593168     0.0000000000000000
   10    5
    -0.0056689211194264     0.0000000000000000        0.0178986681887212     0.0000000000000000        0.0211416461426376     0.0000000000000000
     0.0178986681887328     0.0000000000000000        0.0149986806746866     0.0000000000000000       -0.0122061350919878     0.0000000000000000
     0.0174928048811518     0.0000000000000000       -0.0100994756073660     0.0000000000000000        0.0256986743211836     0.0000000000000000
   10    6
     0.0224839906693666     0.0000000000000000       -0.0002683627615685     0.0000000000000000       -0.0029420983779129     0.0000000000000000
     0.0002683627615686     0.0000000000000000       -0.0127842504675234     0.0000000000000000        0.0223629847319721     0.0000000000000000
     0.0029420983779129     0.0000000000000000        0.0223629847319721     0.0000000000000000       -0.0017523907806023     0.0000000000000000
   10    7
    -0.0039671901826182     0.0000000000000000       -0.0150032336241974     0.0000000000000000       -0.0208379620705961     0.0000000000000000
    -0.0155399591473829     0.0000000000000000        0.0136669303863174     0.0000000000000000       -0.0086335604301928     0.0000000000000000
    -0.0178958636926979     0.0000000000000000       -0.0137294243017729     0.0000000000000000       -0.0017523907805992     0.0000000000000000
   10    8
    -0.0216168902904357     0.0000000000000000        0.0033718898449490     0.0000000000000000       -0.0006178140521318     0.0000000000000000
     0.0033718898449491     0.0000000000000000       -0.0177233672724117     0.0000000000000000        0.0003566951093108     0.0000000000000000
    -0.0006178140521317     0.0000000000000000        0.0003566951093108     0.0000000000000000       -0.0375084081847961     0.0000000000000000
   10    9
    -0.0061431327612348     0.0000000000000000        0.0376655312850403     0.0000000000000000        0.0006571441816222     0.0000000000000000
     0.0300770842075401     0.0000000000000000       -0.0452543500532891     0.0000000000000000        0.0018397692593105     0.0000000000000000
     0.0019218590064251     0.0000000000000000       -0.0003507810743929     0.0000000000000000        0.0122779509980405     0.0000000000000000
   10   10
     0.1055724591802357     0.0000000000000000       -0.0128533317891526     0.0000000000000000       -0.0048215203643321     0.0000000000000000
    -0.0128533317891526     0.0000000000000000        0.0907307100500886     0.0000000000000000        0.0027837060803563     0.0000000000000000
    -0.0048215203643321     0.0000000000000000        0.0027837060803563     0.0000000000000000        0.1028554131984492     0.0000000000000000
   10   11
    -0.0648099586946010     0.0000000000000000       -0.0037942235387744     0.0000000000000000       -0.0012647148247882     0.0000000000000000
     0.0037942235387744     0.0000000000000000        0.0134124758841746     0.0000000000000000       -0.0014889881849241     0.0000000000000000
     0.0012647148247882     0.0000000000000000       -0.0014889881849241     0.0000000000000000        0.0122779509980436     0.0000000000000000
   11    1
    -0.0098878078705015     0.0000000000000000        0.0484856770512450     0.0000000000000000       -0.0395191611331585     0.0000000000000000
     0.0484856770512446     0.0000000000000000       -0.0658742452678918     0.0000000000000000       -0.0228163983191711     0.0000000000000000
    -0.0297016890937584     0.0000000000000000       -0.0171482781942650     0.0000000000000000       -0.0634922979202445     0.0000000000000000
   11    2
    -0.0220745308813484     0.0000000000000000       -0.0295782448293969     0.0000000000000000        0.0089294778321291     0.0000000000000000
    -0.0295782448294326     0.0000000000000000        0.0120794843471215     0.0000000000000000        0.0051554364302818     0.0000000000000000
     0.0095757623331710     0.0000000000000000        0.0055285689609443     0.0000000000000000        0.0225978126183582     0.0000000000000000
   11    3
     0.0106457762661505     0.0000000000000000        0.0182539213572121     0.0000000000000000       -0.0175738382103310     0.0000000000000000
     0.0182539213572478     0.0000000000000000       -0.0104320365525471     0.0000000000000000       -0.0101462602217825     0.0000000000000000
    -0.0140133305626210     0.0000000000000000       -0.0080906001728537     0.0000000000000000       -0.0204017000085164     0.0000000000000000
   11    4
    -0.0045337943155869     0.0000000000000000       -0.0101444159740421     0.0000000000000000        0.0394782021458589     0.0000000000000000
    -0.0101444159740307     0.0000000000000000        0.0071799682712744     0.0000000000000000        0.0227927506368266     0.0000000000000000
     0.0344255363043247     0.0000000000000000        0.0198755926529907     0.0000000000000000       -0.0508006144593168     0.0000000000000000
   11    5
    -0.0056689211194264     0.0000000000000000       -0.0178986681887213     0.0000000000000000       -0.0211416461426376     0.0000000000000000
    -0.0178986681887328     0.0000000000000000        0.0149986806746865     0.0000000000000000       -0.0122061350919878     0.0000000000000000
    -0.0174928048811518     0.0000000000000000       -0.0100994756073660     0.0000000000000000        0.0256986743211835     0.0000000000000000
   11    6
    -0.0216168902904357     0.0000000000000000       -0.0033718898449491     0.0000000000000000        0.0006178140521317     0.0000000000000000
    -0.0033718898449491     0.0000000000000000       -0.0177233672724117     0.0000000000000000        0.0003566951093108     0.0000000000000000
     0.0006178140521317     0.0000000000000000        0.0003566951093108     0.0000000000000000       -0.0375084081847962     0.0000000000000000
   11    7
    -0.0039671901826182     0.0000000000000000        0.0150032336241974     0.0000000000000000        0.0208379620705961     0.0000000000000000
     0.0155399591473829     0.0000000000000000        0.0136669303863175     0.0000000000000000       -0.0086335604301928     0.0000000000000000
     0.0178958636926979     0.0000000000000000       -0.0137294243017729     0.0000000000000000       -0.0017523907805991     0.0000000000000000
   11    8
     0.0224839906693666     0.0000000000000000        0.0002683627615685     0.0000000000000000        0.0029420983779129     0.0000000000000000
    -0.0002683627615685     0.0000000000000000       -0.0127842504675234     0.0000000000000000        0.0223629847319721     0.0000000000000000
    -0.0029420983779129     0.0000000000000000        0.0223629847319721     0.0000000000000000       -0.0017523907806023     0.0000000000000000
   11    9
    -0.0061431327612348     0.0000000000000000       -0.0376655312850403     0.0000000000000000       -0.0006571441816222     0.0000000000000000
    -0.0300770842075400     0.0000000000000000       -0.0452543500532891     0.0000000000000000        0.0018397692593105     0.0000000000000000
    -0.0019218590064251     0.0000000000000000       -0.0003507810743929     0.0000000000000000        0.0122779509980405     0.0000000000000000
   11   10
    -0.0648099586946010     0.0000000000000000        0.0037942235387744     0.0000000000000000        0.0012647148247882     0.0000000000000000
    -0.0037942235387744     0.0000000000000000        0.0134124758841746     0.0000000000000000       -0.0014889881849241     0.0000000000000000
    -0.0012647148247882     0.0000000000000000       -0.0014889881849241     0.0000000000000000        0.0122779509980436     0.0000000000000000
   11   11
     0.1055724591802357     0.0000000000000000        0.0128533317891526     0.0000000000000000        0.0048215203643322     0.0000000000000000
     0.0128533317891526     0.0000000000000000        0.0907307100500886     0.0000000000000000        0.0027837060803562     0.0000000000000000
     0.0048215203643322     0.0000000000000000        0.0027837060803562     0.0000000000000000        0.1028554131984492     0.0000000000000000

     Diagonalizing the dynamical matrix

     q = (     0.000000000000     0.000000000000     0.000000000000 )

***************************************************************************
   freq (    1) =    -0.00000110 [THz] =    -0.00003657 [cm-1]
(   0.000000  0.000000  -0.251259  0.000000   0.166668  0.000000 )
(  -0.000000  0.000000  -0.251259  0.000000   0.166668  0.000000 )
(   0.000000  0.000000  -0.251259  0.000000   0.166668  0.000000 )
(   0.000000  0.000000  -0.251259  0.000000   0.166668  0.000000 )
(  -0.000000  0.000000  -0.251259  0.000000   0.166668  0.000000 )
(   0.000000  0.000000  -0.251259  0.000000   0.166668  0.000000 )
(   0.000000  0.000000  -0.251259  0.000000   0.166668  0.000000 )
(  -0.000000  0.000000  -0.251259  0.000000   0.166668  0.000000 )
(   0.000000  0.000000  -0.251259  0.000000   0.166668  0.000000 )
(   0.000000  0.000000  -0.251259  0.000000   0.166668  0.000000 )
(  -0.000000  0.000000  -0.251259  0.000000   0.166668  0.000000 )
   freq (    2) =     0.00000031 [THz] =     0.00001048 [cm-1]
(   0.301511  0.000000   0.000000  0.000000  -0.000000  0.000000 )
(   0.301511  0.000000  -0.000000  0.000000   0.000000  0.000000 )
(   0.301511  0.000000   0.000000  0.000000   0.000000  0.000000 )
(   0.301511  0.000000   0.000000  0.000000   0.000000  0.000000 )
(   0.301511  0.000000  -0.000000  0.000000  -0.000000  0.000000 )
(   0.301511  0.000000   0.000000  0.000000  -0.000000  0.000000 )
(   0.301511  0.000000   0.000000  0.000000   0.000000  0.000000 )
(   0.301511  0.000000   0.000000  0.000000  -0.000000  0.000000 )
(   0.301511  0.000000  -0.000000  0.000000  -0.000000  0.000000 )
(   0.301511  0.000000  -0.000000  0.000000   0.000000  0.000000 )
(   0.301511  0.000000  -0.000000  0.000000   0.000000  0.000000 )
   freq (    3) =     0.00000065 [THz] =     0.00002182 [cm-1]
(   0.000000  0.000000   0.166668  0.000000   0.251259  0.000000 )
(   0.000000  0.000000   0.166668  0.000000   0.251259  0.000000 )
(  -0.000000  0.000000   0.166668  0.000000   0.251259  0.000000 )
(  -0.000000  0.000000   0.166668  0.000000   0.251259  0.000000 )
(   0.000000  0.000000   0.166668  0.000000   0.251259  0.000000 )
(   0.000000  0.000000   0.166668  0.000000   0.251259  0.000000 )
(   0.000000  0.000000   0.166668  0.000000   0.251259  0.000000 )
(  -0.000000  0.000000   0.166668  0.000000   0.251259  0.000000 )
(   0.000000  0.000000   0.166668  0.000000   0.251259  0.000000 )
(   0.000000  0.000000   0.166668  0.000000   0.251259  0.000000 )
(   0.000000  0.000000   0.166668  0.000000   0.251259  0.000000 )
   freq (    4) =     5.48415709 [THz] =   182.93176356 [cm-1]
(  -0.000000  0.000000  -0.000000  0.000000  -0.000000  0.000000 )
(   0.420380  0.000000   0.000090  0.000000   0.000000  0.000000 )
(  -0.420380  0.000000  -0.000090  0.000000  -0.000000  0.000000 )
(  -0.132202  0.000000  -0.000028  0.000000  -0.000000  0.000000 )
(   0.132202  0.000000   0.000028  0.000000   0.000000  0.000000 )
(  -0.311304  0.000000  -0.213289  0.000000   0.094050  0.000000 )
(   0.058144  0.000000  -0.000093  0.000000  -0.000023  0.000000 )
(  -0.311213  0.000000   0.213261  0.000000  -0.094027  0.000000 )
(  -0.058144  0.000000   0.000093  0.000000   0.000023  0.000000 )
(   0.311213  0.000000  -0.213261  0.000000   0.094027  0.000000 )
(   0.311304  0.000000   0.213289  0.000000  -0.094050  0.000000 )
   freq (    5) =     5.48415709 [THz] =   182.93176356 [cm-1]
(  -0.000000  0.000000   0.000000  0.000000  -0.000000  0.000000 )
(   0.000090  0.000000  -0.420380  0.000000   0.000000  0.000000 )
(  -0.000090  0.000000   0.420380  0.000000  -0.000000  0.000000 )
(  -0.000028  0.000000   0.132202  0.000000  -0.000000  0.000000 )
(   0.000028  0.000000  -0.132202  0.000000   0.000000  0.000000 )
(   0.213208  0.000000   0.064944  0.000000  -0.054273  0.000000 )
(   0.000012  0.000000   0.434393  0.000000   0.108586  0.000000 )
(  -0.213342  0.000000   0.065036  0.000000  -0.054313  0.000000 )
(  -0.000012  0.000000  -0.434393  0.000000  -0.108586  0.000000 )
(   0.213342  0.000000  -0.065036  0.000000   0.054313  0.000000 )
(  -0.213208  0.000000  -0.064944  0.000000   0.054273  0.000000 )
   freq (    6) =     5.87977493 [THz] =   196.12815234 [cm-1]
(  -0.000000  0.000000  -0.000000  0.000000   0.000000  0.000000 )
(   0.000000  0.000000   0.000000  0.000000  -0.085579  0.000000 )
(  -0.000000  0.000000  -0.000000  0.000000   0.085579  0.000000 )
(  -0.000000  0.000000  -0.000000  0.000000   0.523180  0.000000 )
(   0.000000  0.000000   0.000000  0.000000  -0.523180  0.000000 )
(   0.087007  0.000000   0.050234  0.000000  -0.250784  0.000000 )
(   0.000000  0.000000  -0.100467  0.000000  -0.250784  0.000000 )
(  -0.087007  0.000000   0.050234  0.000000  -0.250784  0.000000 )
(  -0.000000  0.000000   0.100467  0.000000   0.250784  0.000000 )
(   0.087007  0.000000  -0.050234  0.000000   0.250784  0.000000 )
(  -0.087007  0.000000  -0.050234  0.000000   0.250784  0.000000 )
   freq (    7) =    10.71350789 [THz] =   357.36410546 [cm-1]
(  -0.000000  0.000000  -0.000000  0.000000   0.017750  0.000000 )
(  -0.000000  0.000000   0.000000  0.000000  -0.007821  0.000000 )
(  -0.000000  0.000000   0.000000  0.000000  -0.007821  0.000000 )
(  -0.000000  0.000000   0.000000  0.000000  -0.545375  0.000000 )
(  -0.000000  0.000000   0.000000  0.000000  -0.545375  0.000000 )
(   0.114888  0.000000   0.066331  0.000000  -0.223271  0.000000 )
(   0.000000  0.000000  -0.132661  0.000000  -0.223271  0.000000 )
(  -0.114888  0.000000   0.066331  0.000000  -0.223271  0.000000 )
(   0.000000  0.000000  -0.132661  0.000000  -0.223271  0.000000 )
(  -0.114888  0.000000   0.066331  0.000000  -0.223271  0.000000 )
(   0.114888  0.000000   0.066331  0.000000  -0.223271  0.000000 )
   freq (    8) =    16.19041950 [THz] =   540.05418586 [cm-1]
(   0.000000  0.000000  -0.000000  0.000000  -0.000000  0.000000 )
(   0.000000  0.000000   0.000000  0.000000   0.000000  0.000000 )
(  -0.000000  0.000000   0.000000  0.000000   0.000000  0.000000 )
(  -0.000000  0.000000   0.000000  0.000000  -0.000000  0.000000 )
(   0.000000  0.000000   0.000000  0.000000   0.000000  0.000000 )
(   0.204124  0.000000  -0.353553  0.000000   0.000000  0.000000 )
(  -0.408248  0.000000   0.000000  0.000000   0.000000  0.000000 )
(   0.204124  0.000000   0.353553  0.000000  -0.000000  0.000000 )
(   0.408248  0.000000   0.000000  0.000000  -0.000000  0.000000 )
(  -0.204124  0.000000  -0.353553  0.000000   0.000000  0.000000 )
(  -0.204124  0.000000   0.353553  0.000000  -0.000000  0.000000 )
   freq (    9) =    16.47628000 [THz] =   549.58946448 [cm-1]
(  -0.013548  0.000000   0.000000  0.000000   0.000000  0.000000 )
(   0.323506  0.000000  -0.000000  0.000000   0.000000  0.000000 )
(   0.323506  0.000000  -0.000000  0.000000   0.000000  0.000000 )
(   0.375550  0.000000  -0.000000  0.000000  -0.000000  0.000000 )
(   0.375550  0.000000  -0.000000  0.000000  -0.000000  0.000000 )
(   0.216373  0.000000   0.239440  0.000000   0.057336  0.000000 )
(  -0.198349  0.000000  -0.000000  0.000000   0.000000  0.000000 )
(   0.216373  0.000000  -0.239440  0.000000  -0.057336  0.000000 )
(  -0.198349  0.000000  -0.000000  0.000000   0.000000  0.000000 )
(   0.216373  0.000000  -0.239440  0.000000  -0.057336  0.000000 )
(   0.216373  0.000000   0.239440  0.000000   0.057336  0.000000 )
   freq (   10) =    16.47628000 [THz] =   549.58946449 [cm-1]
(  -0.000000  0.000000  -0.013548  0.000000  -0.000000  0.000000 )
(   0.000000  0.000000   0.323506  0.000000   0.000000  0.000000 )
(   0.000000  0.000000   0.323506  0.000000   0.000000  0.000000 )
(   0.000000  0.000000   0.375550  0.000000   0.000000  0.000000 )
(   0.000000  0.000000   0.375550  0.000000   0.000000  0.000000 )
(   0.239440  0.000000  -0.060108  0.000000   0.033103  0.000000 )
(  -0.000000  0.000000   0.354614  0.000000  -0.066205  0.000000 )
(  -0.239440  0.000000  -0.060108  0.000000   0.033103  0.000000 )
(  -0.000000  0.000000   0.354614  0.000000  -0.066205  0.000000 )
(  -0.239440  0.000000  -0.060108  0.000000   0.033103  0.000000 )
(   0.239440  0.000000  -0.060108  0.000000   0.033103  0.000000 )
   freq (   11) =    18.72353062 [THz] =   624.54966554 [cm-1]
(  -0.013750  0.000000   0.000000  0.000000  -0.000000  0.000000 )
(  -0.015722  0.000000   0.000000  0.000000  -0.000000  0.000000 )
(  -0.015722  0.000000   0.000000  0.000000  -0.000000  0.000000 )
(  -0.040517  0.000000   0.000000  0.000000   0.000000  0.000000 )
(  -0.040517  0.000000   0.000000  0.000000   0.000000  0.000000 )
(   0.311061  0.000000  -0.040680  0.000000  -0.278954  0.000000 )
(   0.381521  0.000000  -0.000000  0.000000  -0.000000  0.000000 )
(   0.311061  0.000000   0.040680  0.000000   0.278954  0.000000 )
(   0.381521  0.000000  -0.000000  0.000000  -0.000000  0.000000 )
(   0.311061  0.000000   0.040680  0.000000   0.278954  0.000000 )
(   0.311061  0.000000  -0.040680  0.000000  -0.278954  0.000000 )
   freq (   12) =    18.72353062 [THz] =   624.54966555 [cm-1]
(   0.000000  0.000000   0.013750  0.000000  -0.000000  0.000000 )
(   0.000000  0.000000   0.015722  0.000000   0.000000  0.000000 )
(   0.000000  0.000000   0.015722  0.000000   0.000000  0.000000 )
(   0.000000  0.000000   0.040517  0.000000   0.000000  0.000000 )
(   0.000000  0.000000   0.040517  0.000000   0.000000  0.000000 )
(   0.040680  0.000000  -0.358034  0.000000   0.161054  0.000000 )
(  -0.000000  0.000000  -0.287574  0.000000  -0.322109  0.000000 )
(  -0.040680  0.000000  -0.358034  0.000000   0.161054  0.000000 )
(  -0.000000  0.000000  -0.287574  0.000000  -0.322109  0.000000 )
(  -0.040680  0.000000  -0.358034  0.000000   0.161054  0.000000 )
(   0.040680  0.000000  -0.358034  0.000000   0.161054  0.000000 )
   freq (   13) =    23.68180051 [THz] =   789.93972308 [cm-1]
(   0.000000  0.000000   0.000000  0.000000   0.000000  0.000000 )
(  -0.025709  0.000000   0.000000  0.000000  -0.000000  0.000000 )
(   0.025709  0.000000  -0.000000  0.000000   0.000000  0.000000 )
(   0.499380  0.000000  -0.000002  0.000000  -0.000000  0.000000 )
(  -0.499380  0.000000   0.000002  0.000000   0.000000  0.000000 )
(   0.010566  0.000000  -0.032658  0.000000   0.348636  0.000000 )
(   0.067131  0.000000   0.000000  0.000000   0.000001  0.000000 )
(   0.010566  0.000000   0.032658  0.000000  -0.348638  0.000000 )
(  -0.067131  0.000000  -0.000000  0.000000  -0.000001  0.000000 )
(  -0.010566  0.000000  -0.032658  0.000000   0.348638  0.000000 )
(  -0.010566  0.000000   0.032658  0.000000  -0.348636  0.000000 )
   freq (   14) =    23.68180051 [THz] =   789.93972309 [cm-1]
(   0.000000  0.000000   0.000000  0.000000   0.000000  0.000000 )
(  -0.000000  0.000000  -0.025709  0.000000  -0.000000  0.000000 )
(   0.000000  0.000000   0.025709  0.000000   0.000000  0.000000 )
(   0.000002  0.000000   0.499380  0.000000  -0.000000  0.000000 )
(  -0.000002  0.000000  -0.499380  0.000000   0.000000  0.000000 )
(  -0.032658  0.000000   0.048276  0.000000   0.201287  0.000000 )
(   0.000000  0.000000  -0.008289  0.000000  -0.402571  0.000000 )
(   0.032658  0.000000   0.048276  0.000000   0.201284  0.000000 )
(  -0.000000  0.000000   0.008289  0.000000   0.402571  0.000000 )
(  -0.032658  0.000000  -0.048276  0.000000  -0.201284  0.000000 )
(   0.032658  0.000000  -0.048276  0.000000  -0.201287  0.000000 )
   freq (   15) =    24.01227447 [THz] =   800.96314605 [cm-1]
(   0.004572  0.000000   0.000000  0.000000   0.000000  0.000000 )
(  -0.032124  0.000000  -0.000000  0.000000  -0.000000  0.000000 )
(  -0.032124  0.000000  -0.000000  0.000000   0.000000  0.000000 )
(   0.307042  0.000000   0.000000  0.000000  -0.000000  0.000000 )
(   0.307042  0.000000   0.000000  0.000000   0.000000  0.000000 )
(  -0.203301  0.000000  -0.011516  0.000000  -0.379563  0.000000 )
(  -0.183354  0.000000  -0.000000  0.000000   0.000000  0.000000 )
(  -0.203301  0.000000   0.011516  0.000000   0.379563  0.000000 )
(  -0.183354  0.000000  -0.000000  0.000000   0.000000  0.000000 )
(  -0.203301  0.000000   0.011516  0.000000   0.379563  0.000000 )
(  -0.203301  0.000000  -0.011516  0.000000  -0.379563  0.000000 )
   freq (   16) =    24.01227447 [THz] =   800.96314606 [cm-1]
(  -0.000000  0.000000   0.004572  0.000000   0.000000  0.000000 )
(   0.000000  0.000000  -0.032124  0.000000  -0.000000  0.000000 )
(   0.000000  0.000000  -0.032124  0.000000  -0.000000  0.000000 )
(  -0.000000  0.000000   0.307042  0.000000  -0.000000  0.000000 )
(  -0.000000  0.000000   0.307042  0.000000  -0.000000  0.000000 )
(  -0.011516  0.000000  -0.190003  0.000000  -0.219141  0.000000 )
(   0.000000  0.000000  -0.209950  0.000000   0.438282  0.000000 )
(   0.011516  0.000000  -0.190003  0.000000  -0.219141  0.000000 )
(   0.000000  0.000000  -0.209950  0.000000   0.438282  0.000000 )
(   0.011516  0.000000  -0.190003  0.000000  -0.219141  0.000000 )
(  -0.011516  0.000000  -0.190003  0.000000  -0.219141  0.000000 )
   freq (   17) =    24.86066680 [THz] =   829.26246411 [cm-1]
(   0.000000  0.000000  -0.000000  0.000000   0.000000  0.000000 )
(  -0.000000  0.000000  -0.000000  0.000000  -0.000000  0.000000 )
(  -0.000000  0.000000   0.000000  0.000000   0.000000  0.000000 )
(  -0.000000  0.000000   0.000000  0.000000  -0.000000  0.000000 )
(  -0.000000  0.000000  -0.000000  0.000000   0.000000  0.000000 )
(   0.204124  0.000000  -0.353553  0.000000  -0.000000  0.000000 )
(  -0.408248  0.000000   0.000000  0.000000  -0.000000  0.000000 )
(   0.204124  0.000000   0.353553  0.000000   0.000000  0.000000 )
(  -0.408248  0.000000  -0.000000  0.000000   0.000000  0.000000 )
(   0.204124  0.000000   0.353553  0.000000   0.000000  0.000000 )
(   0.204124  0.000000  -0.353553  0.000000  -0.000000  0.000000 )
   freq (   18) =    25.27445470 [THz] =   843.06494086 [cm-1]
(   0.000000  0.000000   0.000000  0.000000  -0.000000  0.000000 )
(  -0.000000  0.000000   0.000000  0.000000   0.593663  0.000000 )
(   0.000000  0.000000  -0.000000  0.000000  -0.593663  0.000000 )
(   0.000000  0.000000   0.000000  0.000000   0.190669  0.000000 )
(  -0.000000  0.000000  -0.000000  0.000000  -0.190669  0.000000 )
(   0.127519  0.000000   0.073623  0.000000   0.124050  0.000000 )
(  -0.000000  0.000000  -0.147247  0.000000   0.124050  0.000000 )
(  -0.127519  0.000000   0.073623  0.000000   0.124050  0.000000 )
(  -0.000000  0.000000   0.147247  0.000000  -0.124050  0.000000 )
(   0.127519  0.000000  -0.073623  0.000000  -0.124050  0.000000 )
(  -0.127519  0.000000  -0.073623  0.000000  -0.124050  0.000000 )
   freq (   19) =    27.44829649 [THz] =   915.57648733 [cm-1]
(   0.000000  0.000000  -0.000000  0.000000   0.000000  0.000000 )
(   0.264319  0.000000  -0.000003  0.000000   0.000000  0.000000 )
(  -0.264319  0.000000   0.000003  0.000000  -0.000000  0.000000 )
(  -0.176370  0.000000   0.000002  0.000000   0.000000  0.000000 )
(   0.176370  0.000000  -0.000002  0.000000  -0.000000  0.000000 )
(   0.319072  0.000000  -0.057817  0.000000   0.080614  0.000000 )
(   0.419206  0.000000  -0.000004  0.000000   0.000001  0.000000 )
(   0.319071  0.000000   0.057808  0.000000  -0.080616  0.000000 )
(  -0.419206  0.000000   0.000004  0.000000  -0.000001  0.000000 )
(  -0.319071  0.000000  -0.057808  0.000000   0.080616  0.000000 )
(  -0.319072  0.000000   0.057817  0.000000  -0.080614  0.000000 )
   freq (   20) =    27.44829649 [THz] =   915.57648736 [cm-1]
(   0.000000  0.000000   0.000000  0.000000   0.000000  0.000000 )
(   0.000003  0.000000   0.264319  0.000000   0.000000  0.000000 )
(  -0.000003  0.000000  -0.264319  0.000000  -0.000000  0.000000 )
(  -0.000002  0.000000  -0.176370  0.000000   0.000000  0.000000 )
(   0.000002  0.000000   0.176370  0.000000  -0.000000  0.000000 )
(  -0.057809  0.000000   0.385827  0.000000   0.046544  0.000000 )
(   0.000005  0.000000   0.285693  0.000000  -0.093086  0.000000 )
(   0.057817  0.000000   0.385828  0.000000   0.046542  0.000000 )
(  -0.000005  0.000000  -0.285693  0.000000   0.093086  0.000000 )
(  -0.057817  0.000000  -0.385828  0.000000  -0.046542  0.000000 )
(   0.057809  0.000000  -0.385827  0.000000  -0.046544  0.000000 )
   freq (   21) =    32.08340712 [THz] =  1070.18711352 [cm-1]
(  -0.000000  0.000000   0.000000  0.000000  -0.006439  0.000000 )
(  -0.000000  0.000000  -0.000000  0.000000   0.627437  0.000000 )
(  -0.000000  0.000000  -0.000000  0.000000   0.627437  0.000000 )
(  -0.000000  0.000000  -0.000000  0.000000   0.192948  0.000000 )
(   0.000000  0.000000  -0.000000  0.000000   0.192948  0.000000 )
(   0.073765  0.000000   0.042588  0.000000  -0.125575  0.000000 )
(   0.000000  0.000000  -0.085177  0.000000  -0.125575  0.000000 )
(  -0.073765  0.000000   0.042588  0.000000  -0.125575  0.000000 )
(  -0.000000  0.000000  -0.085177  0.000000  -0.125575  0.000000 )
(  -0.073765  0.000000   0.042588  0.000000  -0.125575  0.000000 )
(   0.073765  0.000000   0.042588  0.000000  -0.125575  0.000000 )
   freq (   22) =    33.84107718 [THz] =  1128.81666757 [cm-1]
(   0.004098  0.000000   0.000000  0.000000  -0.000000  0.000000 )
(  -0.625114  0.000000   0.000000  0.000000  -0.000000  0.000000 )
(  -0.625114  0.000000   0.000000  0.000000  -0.000000  0.000000 )
(   0.185997  0.000000  -0.000000  0.000000  -0.000000  0.000000 )
(   0.185997  0.000000  -0.000000  0.000000  -0.000000  0.000000 )
(   0.123147  0.000000   0.122798  0.000000   0.055327  0.000000 )
(  -0.089546  0.000000   0.000000  0.000000   0.000000  0.000000 )
(   0.123147  0.000000  -0.122798  0.000000  -0.055327  0.000000 )
(  -0.089546  0.000000   0.000000  0.000000   0.000000  0.000000 )
(   0.123147  0.000000  -0.122798  0.000000  -0.055327  0.000000 )
(   0.123147  0.000000   0.122798  0.000000   0.055327  0.000000 )
   freq (   23) =    33.84107718 [THz] =  1128.81666761 [cm-1]
(  -0.000000  0.000000   0.004098  0.000000   0.000000  0.000000 )
(  -0.000000  0.000000  -0.625114  0.000000  -0.000000  0.000000 )
(  -0.000000  0.000000  -0.625114  0.000000  -0.000000  0.000000 )
(   0.000000  0.000000   0.185997  0.000000  -0.000000  0.000000 )
(  -0.000000  0.000000   0.185997  0.000000  -0.000000  0.000000 )
(   0.122798  0.000000  -0.018648  0.000000   0.031943  0.000000 )
(  -0.000000  0.000000   0.194044  0.000000  -0.063886  0.000000 )
(  -0.122798  0.000000  -0.018648  0.000000   0.031943  0.000000 )
(   0.000000  0.000000   0.194044  0.000000  -0.063886  0.000000 )
(  -0.122798  0.000000  -0.018648  0.000000   0.031943  0.000000 )
(   0.122798  0.000000  -0.018648  0.000000   0.031943  0.000000 )
   freq (   24) =    38.34186758 [THz] =  1278.94685390 [cm-1]
(  -0.000000  0.000000   0.000000  0.000000  -0.011482  0.000000 )
(   0.000000  0.000000   0.000000  0.000000   0.286699  0.000000 )
(   0.000000  0.000000   0.000000  0.000000   0.286699  0.000000 )
(  -0.000000  0.000000  -0.000000  0.000000  -0.389090  0.000000 )
(  -0.000000  0.000000  -0.000000  0.000000  -0.389090  0.000000 )
(   0.007776  0.000000   0.004489  0.000000   0.297828  0.000000 )
(   0.000000  0.000000  -0.008979  0.000000   0.297828  0.000000 )
(  -0.007776  0.000000   0.004489  0.000000   0.297828  0.000000 )
(   0.000000  0.000000  -0.008979  0.000000   0.297828  0.000000 )
(  -0.007776  0.000000   0.004489  0.000000   0.297828  0.000000 )
(   0.007776  0.000000   0.004489  0.000000   0.297828  0.000000 )
   freq (   25) =    44.35374230 [THz] =  1479.48138017 [cm-1]
(  -0.009547  0.000000  -0.000000  0.000000   0.000000  0.000000 )
(  -0.000139  0.000000   0.000000  0.000000   0.000000  0.000000 )
(  -0.000139  0.000000   0.000000  0.000000   0.000000  0.000000 )
(   0.477851  0.000000   0.000000  0.000000   0.000000  0.000000 )
(   0.477851  0.000000   0.000000  0.000000   0.000000  0.000000 )
(  -0.072797  0.000000  -0.230075  0.000000   0.156622  0.000000 )
(   0.325705  0.000000   0.000000  0.000000  -0.000000  0.000000 )
(  -0.072797  0.000000   0.230075  0.000000  -0.156622  0.000000 )
(   0.325705  0.000000   0.000000  0.000000  -0.000000  0.000000 )
(  -0.072797  0.000000   0.230075  0.000000  -0.156622  0.000000 )
(  -0.072797  0.000000  -0.230075  0.000000   0.156622  0.000000 )
   freq (   26) =    44.35374230 [THz] =  1479.48138019 [cm-1]
(  -0.000000  0.000000   0.009547  0.000000  -0.000000  0.000000 )
(   0.000000  0.000000   0.000139  0.000000  -0.000000  0.000000 )
(   0.000000  0.000000   0.000139  0.000000  -0.000000  0.000000 )
(   0.000000  0.000000  -0.477851  0.000000   0.000000  0.000000 )
(   0.000000  0.000000  -0.477851  0.000000   0.000000  0.000000 )
(   0.230075  0.000000  -0.192871  0.000000  -0.090426  0.000000 )
(   0.000000  0.000000   0.205631  0.000000   0.180851  0.000000 )
(  -0.230075  0.000000  -0.192871  0.000000  -0.090426  0.000000 )
(   0.000000  0.000000   0.205631  0.000000   0.180851  0.000000 )
(  -0.230075  0.000000  -0.192871  0.000000  -0.090426  0.000000 )
(   0.230075  0.000000  -0.192871  0.000000  -0.090426  0.000000 )
   freq (   27) =    46.27839249 [THz] =  1543.68079095 [cm-1]
(  -0.000000  0.000000  -0.000000  0.000000  -0.004272  0.000000 )
(  -0.000000  0.000000   0.000000  0.000000  -0.145019  0.000000 )
(   0.000000  0.000000   0.000000  0.000000  -0.145019  0.000000 )
(   0.000000  0.000000   0.000000  0.000000   0.149726  0.000000 )
(   0.000000  0.000000   0.000000  0.000000   0.149726  0.000000 )
(   0.327327  0.000000   0.188982  0.000000   0.096558  0.000000 )
(   0.000000  0.000000  -0.377965  0.000000   0.096558  0.000000 )
(  -0.327327  0.000000   0.188982  0.000000   0.096558  0.000000 )
(   0.000000  0.000000  -0.377965  0.000000   0.096558  0.000000 )
(  -0.327327  0.000000   0.188982  0.000000   0.096558  0.000000 )
(   0.327327  0.000000   0.188982  0.000000   0.096558  0.000000 )
   freq (   28) =    51.04108620 [THz] =  1702.54713005 [cm-1]
(  -0.000000  0.000000   0.000000  0.000000   0.000000  0.000000 )
(   0.038106  0.000000  -0.000001  0.000000   0.000000  0.000000 )
(  -0.038106  0.000000   0.000001  0.000000  -0.000000  0.000000 )
(  -0.368434  0.000000   0.000011  0.000000   0.000000  0.000000 )
(   0.368434  0.000000  -0.000011  0.000000  -0.000000  0.000000 )
(   0.036536  0.000000   0.194716  0.000000   0.311351  0.000000 )
(  -0.300707  0.000000  -0.000005  0.000000   0.000011  0.000000 )
(   0.036547  0.000000  -0.194705  0.000000  -0.311362  0.000000 )
(   0.300707  0.000000   0.000005  0.000000  -0.000011  0.000000 )
(  -0.036547  0.000000   0.194705  0.000000   0.311362  0.000000 )
(  -0.036536  0.000000  -0.194716  0.000000  -0.311351  0.000000 )
   freq (   29) =    51.04108620 [THz] =  1702.54713007 [cm-1]
(  -0.000000  0.000000   0.000000  0.000000  -0.000000  0.000000 )
(   0.000001  0.000000   0.038106  0.000000  -0.000000  0.000000 )
(  -0.000001  0.000000  -0.038106  0.000000   0.000000  0.000000 )
(  -0.000011  0.000000  -0.368434  0.000000  -0.000000  0.000000 )
(   0.000011  0.000000   0.368434  0.000000   0.000000  0.000000 )
(   0.194711  0.000000  -0.188285  0.000000   0.179771  0.000000 )
(  -0.000009  0.000000   0.148958  0.000000  -0.359523  0.000000 )
(  -0.194709  0.000000  -0.188297  0.000000   0.179752  0.000000 )
(   0.000009  0.000000  -0.148958  0.000000   0.359523  0.000000 )
(   0.194709  0.000000   0.188297  0.000000  -0.179752  0.000000 )
(  -0.194711  0.000000   0.188285  0.000000  -0.179771  0.000000 )
   freq (   30) =    53.44512067 [THz] =  1782.73707695 [cm-1]
(  -0.000000  0.000000  -0.000000  0.000000  -0.000000  0.000000 )
(   0.501301  0.000000  -0.000002  0.000000  -0.000000  0.000000 )
(  -0.501301  0.000000   0.000002  0.000000   0.000000  0.000000 )
(   0.257473  0.000000  -0.000001  0.000000   0.000000  0.000000 )
(  -0.257473  0.000000   0.000001  0.000000  -0.000000  0.000000 )
(   0.090542  0.000000   0.192855  0.000000  -0.127152  0.000000 )
(  -0.243491  0.000000  -0.000001  0.000000  -0.000001  0.000000 )
(   0.090544  0.000000  -0.192854  0.000000   0.127152  0.000000 )
(   0.243491  0.000000   0.000001  0.000000   0.000001  0.000000 )
(  -0.090544  0.000000   0.192854  0.000000  -0.127152  0.000000 )
(  -0.090542  0.000000  -0.192855  0.000000   0.127152  0.000000 )
   freq (   31) =    53.44512067 [THz] =  1782.73707699 [cm-1]
(  -0.000000  0.000000   0.000000  0.000000  -0.000000  0.000000 )
(  -0.000002  0.000000  -0.501301  0.000000   0.000000  0.000000 )
(   0.000002  0.000000   0.501301  0.000000  -0.000000  0.000000 )
(  -0.000001  0.000000  -0.257473  0.000000  -0.000000  0.000000 )
(   0.000001  0.000000   0.257473  0.000000   0.000000  0.000000 )
(  -0.192855  0.000000   0.132146  0.000000   0.073412  0.000000 )
(   0.000001  0.000000  -0.201888  0.000000  -0.146822  0.000000 )
(   0.192854  0.000000   0.132147  0.000000   0.073411  0.000000 )
(  -0.000001  0.000000   0.201888  0.000000   0.146822  0.000000 )
(  -0.192854  0.000000  -0.132147  0.000000  -0.073411  0.000000 )
(   0.192855  0.000000  -0.132146  0.000000  -0.073412  0.000000 )
   freq (   32) =    55.75812256 [THz] =  1859.89050403 [cm-1]
(  -0.000000  0.000000   0.000000  0.000000   0.000000  0.000000 )
(  -0.000000  0.000000  -0.000000  0.000000  -0.373918  0.000000 )
(   0.000000  0.000000   0.000000  0.000000   0.373918  0.000000 )
(  -0.000000  0.000000  -0.000000  0.000000   0.160625  0.000000 )
(   0.000000  0.000000   0.000000  0.000000  -0.160625  0.000000 )
(   0.196354  0.000000   0.113365  0.000000   0.245061  0.000000 )
(   0.000000  0.000000  -0.226730  0.000000   0.245061  0.000000 )
(  -0.196354  0.000000   0.113365  0.000000   0.245061  0.000000 )
(  -0.000000  0.000000   0.226730  0.000000  -0.245061  0.000000 )
(   0.196354  0.000000  -0.113365  0.000000  -0.245061  0.000000 )
(  -0.196354  0.000000  -0.113365  0.000000  -0.245061  0.000000 )
   freq (   33) =    68.25130958 [THz] =  2276.61830692 [cm-1]
(  -0.000000  0.000000   0.000000  0.000000   0.000000  0.000000 )
(  -0.000000  0.000000   0.000000  0.000000  -0.020633  0.000000 )
(   0.000000  0.000000  -0.000000  0.000000   0.020633  0.000000 )
(   0.000000  0.000000  -0.000000  0.000000   0.405127  0.000000 )
(  -0.000000  0.000000   0.000000  0.000000  -0.405127  0.000000 )
(  -0.250227  0.000000  -0.144469  0.000000   0.168317  0.000000 )
(   0.000000  0.000000   0.288937  0.000000   0.168317  0.000000 )
(   0.250227  0.000000  -0.144469  0.000000   0.168317  0.000000 )
(  -0.000000  0.000000  -0.288937  0.000000  -0.168317  0.000000 )
(  -0.250227  0.000000   0.144469  0.000000  -0.168317  0.000000 )
(   0.250227  0.000000   0.144469  0.000000  -0.168317  0.000000 )
***************************************************************************
