Dynamical matrix file
File generated with the CellConstructor by Lorenzo Monacelli
2 11 0     1.8897259890000000     0.0000000000000000     0.0000000000000000     0.0000000000000000     0.0000000000000000     0.0000000000000000
Basis vectors
    1.8216054416065011    -1.0517043920322153     2.8381869915015971
    0.0000000000000000     2.1034087840644307     2.8381869915015971
   -1.8216054416065011    -1.0517043920322153     2.8381869915015971
	1  'La '  126604.5951757480361266
	2  'H '    918.7358275894680446
    1     1     0.0000000000000002    -0.0000000000000001     4.2572805298084759
    2     2     0.0000000000000000     0.0000000000000002     2.1791236351957872
    3     2    -0.0000000000000000    -0.0000000000000002    -2.1791236351957872
    4     2     0.0000000000000002     0.0000000000000001     0.9753824957808234
    5     2    -0.0000000000000002    -0.0000000000000001    -0.9753824957808234
    6     2     0.9444160526623785     0.5452588616379922     6.0857456344161420
    7     2    -0.0000000000000001    -1.0905177232759842     6.0857456344161420
    8     2    -0.9444160526623778     0.5452588616379922     6.0857456344161420
    9     2     0.0000000000000000     1.0905177232759848     2.4288154216544684
   10     2     0.9444160526623787    -0.5452588616379923     2.4288154216544688
   11     2    -0.9444160526623780    -0.5452588616379922     2.4288154216544688

     Dynamical Matrix in cartesian axes

     q = (     0.000000000000     0.000000000000     0.000000000000 )

    1    1
     0.5314450246191148     0.0000000000000000        0.0000000000000000     0.0000000000000000        0.0000000000000002     0.0000000000000000
     0.0000000000000000     0.0000000000000000        0.5314450246560890     0.0000000000000000        0.0000000000000001     0.0000000000000000
     0.0000000000000002     0.0000000000000000        0.0000000000000001     0.0000000000000000        0.5126922837861190     0.0000000000000000
    1    2
    -0.0462288975495347     0.0000000000000000        0.0000000000000000     0.0000000000000000       -0.0000000000000000     0.0000000000000000
    -0.0000000000000000     0.0000000000000000       -0.0462288975527510     0.0000000000000000       -0.0000000000000000     0.0000000000000000
    -0.0000000000000000     0.0000000000000000       -0.0000000000000000     0.0000000000000000       -0.0870377152275612     0.0000000000000000
    1    3
    -0.0462288975495347     0.0000000000000000        0.0000000000000000     0.0000000000000000       -0.0000000000000000     0.0000000000000000
     0.0000000000000000     0.0000000000000000       -0.0462288975527510     0.0000000000000000       -0.0000000000000000     0.0000000000000000
    -0.0000000000000000     0.0000000000000000       -0.0000000000000000     0.0000000000000000       -0.0870377152275612     0.0000000000000000
    1    4
    -0.0958647674997834     0.0000000000000000       -0.0000000000000000     0.0000000000000000        0.0000000000000000     0.0000000000000000
     0.0000000000000000     0.0000000000000000       -0.0958647675064530     0.0000000000000000       -0.0000000000000000     0.0000000000000000
     0.0000000000000000     0.0000000000000000        0.0000000000000000     0.0000000000000000        0.0272174686064834     0.0000000000000000
    1    5
    -0.0958647674997834     0.0000000000000000       -0.0000000000000000     0.0000000000000000        0.0000000000000000     0.0000000000000000
     0.0000000000000000     0.0000000000000000       -0.0958647675064530     0.0000000000000000       -0.0000000000000000     0.0000000000000000
     0.0000000000000000     0.0000000000000000        0.0000000000000000     0.0000000000000000        0.0272174686064834     0.0000000000000000
    1    6
    -0.0132560285320346     0.0000000000000000        0.0484170333229202     0.0000000000000000       -0.0283853506413717     0.0000000000000000
     0.0484170333229202     0.0000000000000000       -0.0691632029796037     0.0000000000000000       -0.0163882898344079     0.0000000000000000
    -0.0372093536968173     0.0000000000000000       -0.0214828303739768     0.0000000000000000       -0.0655086317573273     0.0000000000000000
    1    7
    -0.0971167901961705     0.0000000000000000        0.0000000000000000     0.0000000000000000       -0.0000000000000000     0.0000000000000000
     0.0000000000000000     0.0000000000000000        0.0146975586903667     0.0000000000000000        0.0327765796688159     0.0000000000000000
    -0.0000000000000000     0.0000000000000000        0.0429656607479535     0.0000000000000000       -0.0655086317573273     0.0000000000000000
    1    8
    -0.0132560285320345     0.0000000000000000       -0.0484170333229202     0.0000000000000000        0.0283853506413717     0.0000000000000000
    -0.0484170333229202     0.0000000000000000       -0.0691632029796037     0.0000000000000000       -0.0163882898344080     0.0000000000000000
     0.0372093536968172     0.0000000000000000       -0.0214828303739768     0.0000000000000000       -0.0655086317573273     0.0000000000000000
    1    9
    -0.0971167901961705     0.0000000000000000        0.0000000000000000     0.0000000000000000       -0.0000000000000000     0.0000000000000000
     0.0000000000000000     0.0000000000000000        0.0146975586903667     0.0000000000000000        0.0327765796688159     0.0000000000000000
    -0.0000000000000000     0.0000000000000000        0.0429656607479535     0.0000000000000000       -0.0655086317573273     0.0000000000000000
    1   10
    -0.0132560285320345     0.0000000000000000       -0.0484170333229202     0.0000000000000000        0.0283853506413716     0.0000000000000000
    -0.0484170333229202     0.0000000000000000       -0.0691632029796037     0.0000000000000000       -0.0163882898344080     0.0000000000000000
     0.0372093536968172     0.0000000000000000       -0.0214828303739768     0.0000000000000000       -0.0655086317573273     0.0000000000000000
    1   11
    -0.0132560285320346     0.0000000000000000        0.0484170333229202     0.0000000000000000       -0.0283853506413717     0.0000000000000000
     0.0484170333229202     0.0000000000000000       -0.0691632029796038     0.0000000000000000       -0.0163882898344079     0.0000000000000000
    -0.0372093536968173     0.0000000000000000       -0.0214828303739768     0.0000000000000000       -0.0655086317573273     0.0000000000000000
    2    1
    -0.0462288975495347     0.0000000000000000       -0.0000000000000000     0.0000000000000000       -0.0000000000000000     0.0000000000000000
     0.0000000000000000     0.0000000000000000       -0.0462288975527510     0.0000000000000000       -0.0000000000000000     0.0000000000000000
    -0.0000000000000000     0.0000000000000000       -0.0000000000000000     0.0000000000000000       -0.0870377152275612     0.0000000000000000
    2    2
     0.1052498068743407     0.0000000000000000       -0.0000000000000000     0.0000000000000000        0.0000000000000000     0.0000000000000000
     0.0000000000000000     0.0000000000000000        0.1052498068816632     0.0000000000000000        0.0000000000000000     0.0000000000000000
     0.0000000000000000     0.0000000000000000        0.0000000000000000     0.0000000000000000        0.1047082279634346     0.0000000000000000
    2    3
    -0.0240297908324881     0.0000000000000000        0.0000000000000000     0.0000000000000000       -0.0000000000000000     0.0000000000000000
     0.0000000000000000     0.0000000000000000       -0.0240297908341600     0.0000000000000000       -0.0000000000000000     0.0000000000000000
    -0.0000000000000000     0.0000000000000000       -0.0000000000000000     0.0000000000000000       -0.0076815836844742     0.0000000000000000
    2    4
     0.0153290735641237     0.0000000000000000       -0.0000000000000000     0.0000000000000000       -0.0000000000000000     0.0000000000000000
     0.0000000000000000     0.0000000000000000        0.0153290735651902     0.0000000000000000       -0.0000000000000000     0.0000000000000000
    -0.0000000000000000     0.0000000000000000       -0.0000000000000000     0.0000000000000000       -0.0211827215613942     0.0000000000000000
    2    5
    -0.0315973221554947     0.0000000000000000        0.0000000000000000     0.0000000000000000        0.0000000000000000     0.0000000000000000
    -0.0000000000000000     0.0000000000000000       -0.0315973221576930     0.0000000000000000        0.0000000000000000     0.0000000000000000
     0.0000000000000000     0.0000000000000000        0.0000000000000000     0.0000000000000000        0.0052166247247837     0.0000000000000000
    2    6
     0.0092725320565385     0.0000000000000000        0.0168388802933389     0.0000000000000000       -0.0131331220657593     0.0000000000000000
     0.0168388802933389     0.0000000000000000       -0.0101713320839149     0.0000000000000000       -0.0075824115602301     0.0000000000000000
    -0.0162664695796861     0.0000000000000000       -0.0093914505909234     0.0000000000000000       -0.0193558701683865     0.0000000000000000
    2    7
    -0.0198932641530802     0.0000000000000000        0.0000000000000000     0.0000000000000000       -0.0000000000000000     0.0000000000000000
    -0.0000000000000000     0.0000000000000000        0.0189944641277330     0.0000000000000000        0.0151648231204602     0.0000000000000000
    -0.0000000000000000     0.0000000000000000        0.0187829011818467     0.0000000000000000       -0.0193558701683865     0.0000000000000000
    2    8
     0.0092725320565386     0.0000000000000000       -0.0168388802933389     0.0000000000000000        0.0131331220657593     0.0000000000000000
    -0.0168388802933389     0.0000000000000000       -0.0101713320839149     0.0000000000000000       -0.0075824115602301     0.0000000000000000
     0.0162664695796861     0.0000000000000000       -0.0093914505909234     0.0000000000000000       -0.0193558701683865     0.0000000000000000
    2    9
     0.0274136433016710     0.0000000000000000       -0.0000000000000000     0.0000000000000000        0.0000000000000000     0.0000000000000000
    -0.0000000000000000     0.0000000000000000       -0.0389967565450132     0.0000000000000000       -0.0110995933100592     0.0000000000000000
     0.0000000000000000     0.0000000000000000       -0.0098376670349020     0.0000000000000000        0.0213482594301236     0.0000000000000000
    2   10
    -0.0223941565813073     0.0000000000000000        0.0287565466711809     0.0000000000000000       -0.0096125297778527     0.0000000000000000
     0.0287565466711809     0.0000000000000000        0.0108110433414304     0.0000000000000000        0.0055497966550296     0.0000000000000000
    -0.0085196695659015     0.0000000000000000        0.0049188335174510     0.0000000000000000        0.0213482594301236     0.0000000000000000
    2   11
    -0.0223941565813073     0.0000000000000000       -0.0287565466711809     0.0000000000000000        0.0096125297778527     0.0000000000000000
    -0.0287565466711809     0.0000000000000000        0.0108110433414304     0.0000000000000000        0.0055497966550296     0.0000000000000000
     0.0085196695659015     0.0000000000000000        0.0049188335174510     0.0000000000000000        0.0213482594301236     0.0000000000000000
    3    1
    -0.0462288975495347     0.0000000000000000        0.0000000000000000     0.0000000000000000       -0.0000000000000000     0.0000000000000000
    -0.0000000000000000     0.0000000000000000       -0.0462288975527510     0.0000000000000000       -0.0000000000000000     0.0000000000000000
    -0.0000000000000000     0.0000000000000000       -0.0000000000000000     0.0000000000000000       -0.0870377152275612     0.0000000000000000
    3    2
    -0.0240297908324881     0.0000000000000000        0.0000000000000000     0.0000000000000000       -0.0000000000000000     0.0000000000000000
     0.0000000000000000     0.0000000000000000       -0.0240297908341600     0.0000000000000000       -0.0000000000000000     0.0000000000000000
    -0.0000000000000000     0.0000000000000000       -0.0000000000000000     0.0000000000000000       -0.0076815836844742     0.0000000000000000
    3    3
     0.1052498068743407     0.0000000000000000       -0.0000000000000000     0.0000000000000000        0.0000000000000000     0.0000000000000000
     0.0000000000000000     0.0000000000000000        0.1052498068816632     0.0000000000000000        0.0000000000000000     0.0000000000000000
     0.0000000000000000     0.0000000000000000        0.0000000000000000     0.0000000000000000        0.1047082279634346     0.0000000000000000
    3    4
    -0.0315973221554947     0.0000000000000000        0.0000000000000000     0.0000000000000000        0.0000000000000000     0.0000000000000000
    -0.0000000000000000     0.0000000000000000       -0.0315973221576930     0.0000000000000000        0.0000000000000000     0.0000000000000000
     0.0000000000000000     0.0000000000000000        0.0000000000000000     0.0000000000000000        0.0052166247247837     0.0000000000000000
    3    5
     0.0153290735641237     0.0000000000000000       -0.0000000000000000     0.0000000000000000       -0.0000000000000000     0.0000000000000000
     0.0000000000000000     0.0000000000000000        0.0153290735651902     0.0000000000000000       -0.0000000000000000     0.0000000000000000
    -0.0000000000000000     0.0000000000000000       -0.0000000000000000     0.0000000000000000       -0.0211827215613942     0.0000000000000000
    3    6
    -0.0223941565813073     0.0000000000000000       -0.0287565466711809     0.0000000000000000        0.0096125297778527     0.0000000000000000
    -0.0287565466711809     0.0000000000000000        0.0108110433414304     0.0000000000000000        0.0055497966550296     0.0000000000000000
     0.0085196695659015     0.0000000000000000        0.0049188335174510     0.0000000000000000        0.0213482594301236     0.0000000000000000
    3    7
     0.0274136433016710     0.0000000000000000       -0.0000000000000000     0.0000000000000000        0.0000000000000000     0.0000000000000000
    -0.0000000000000000     0.0000000000000000       -0.0389967565450132     0.0000000000000000       -0.0110995933100592     0.0000000000000000
     0.0000000000000000     0.0000000000000000       -0.0098376670349020     0.0000000000000000        0.0213482594301236     0.0000000000000000
    3    8
    -0.0223941565813073     0.0000000000000000        0.0287565466711809     0.0000000000000000       -0.0096125297778527     0.0000000000000000
     0.0287565466711809     0.0000000000000000        0.0108110433414304     0.0000000000000000        0.0055497966550296     0.0000000000000000
    -0.0085196695659015     0.0000000000000000        0.0049188335174510     0.0000000000000000        0.0213482594301236     0.0000000000000000
    3    9
    -0.0198932641530802     0.0000000000000000        0.0000000000000000     0.0000000000000000       -0.0000000000000000     0.0000000000000000
     0.0000000000000000     0.0000000000000000        0.0189944641277330     0.0000000000000000        0.0151648231204602     0.0000000000000000
    -0.0000000000000000     0.0000000000000000        0.0187829011818467     0.0000000000000000       -0.0193558701683865     0.0000000000000000
    3   10
     0.0092725320565386     0.0000000000000000       -0.0168388802933389     0.0000000000000000        0.0131331220657593     0.0000000000000000
    -0.0168388802933389     0.0000000000000000       -0.0101713320839149     0.0000000000000000       -0.0075824115602301     0.0000000000000000
     0.0162664695796861     0.0000000000000000       -0.0093914505909234     0.0000000000000000       -0.0193558701683865     0.0000000000000000
    3   11
     0.0092725320565385     0.0000000000000000        0.0168388802933389     0.0000000000000000       -0.0131331220657593     0.0000000000000000
     0.0168388802933389     0.0000000000000000       -0.0101713320839149     0.0000000000000000       -0.0075824115602301     0.0000000000000000
    -0.0162664695796861     0.0000000000000000       -0.0093914505909234     0.0000000000000000       -0.0193558701683865     0.0000000000000000
    4    1
    -0.0958647674997834     0.0000000000000000       -0.0000000000000000     0.0000000000000000        0.0000000000000000     0.0000000000000000
     0.0000000000000000     0.0000000000000000       -0.0958647675064530     0.0000000000000000        0.0000000000000000     0.0000000000000000
     0.0000000000000000     0.0000000000000000        0.0000000000000000     0.0000000000000000        0.0272174686064834     0.0000000000000000
    4    2
     0.0153290735641237     0.0000000000000000       -0.0000000000000000     0.0000000000000000       -0.0000000000000000     0.0000000000000000
     0.0000000000000000     0.0000000000000000        0.0153290735651902     0.0000000000000000       -0.0000000000000000     0.0000000000000000
    -0.0000000000000000     0.0000000000000000       -0.0000000000000000     0.0000000000000000       -0.0211827215613942     0.0000000000000000
    4    3
    -0.0315973221554947     0.0000000000000000        0.0000000000000000     0.0000000000000000        0.0000000000000000     0.0000000000000000
    -0.0000000000000000     0.0000000000000000       -0.0315973221576930     0.0000000000000000        0.0000000000000000     0.0000000000000000
     0.0000000000000000     0.0000000000000000        0.0000000000000000     0.0000000000000000        0.0052166247247837     0.0000000000000000
    4    4
     0.1081382106367027     0.0000000000000000       -0.0000000000000000     0.0000000000000000        0.0000000000000000     0.0000000000000000
     0.0000000000000000     0.0000000000000000        0.1081382106442262     0.0000000000000000        0.0000000000000000     0.0000000000000000
     0.0000000000000000     0.0000000000000000       -0.0000000000000000     0.0000000000000000        0.1048806630990348     0.0000000000000000
    4    5
    -0.0100599713926626     0.0000000000000000        0.0000000000000000     0.0000000000000000       -0.0000000000000000     0.0000000000000000
    -0.0000000000000000     0.0000000000000000       -0.0100599713933625     0.0000000000000000       -0.0000000000000000     0.0000000000000000
    -0.0000000000000000     0.0000000000000000       -0.0000000000000000     0.0000000000000000       -0.0431040462612571     0.0000000000000000
    4    6
    -0.0065436361715139     0.0000000000000000       -0.0174746320224311     0.0000000000000000       -0.0165356117274876     0.0000000000000000
    -0.0174746320224310     0.0000000000000000        0.0136343308330131     0.0000000000000000       -0.0095468398824122     0.0000000000000000
    -0.0216455586219579     0.0000000000000000       -0.0124970690975819     0.0000000000000000        0.0241033050867596     0.0000000000000000
    4    7
     0.0237233143338538     0.0000000000000000        0.0000000000000000     0.0000000000000000        0.0000000000000000     0.0000000000000000
     0.0000000000000000     0.0000000000000000       -0.0166326196744604     0.0000000000000000        0.0190936797648244     0.0000000000000000
     0.0000000000000000     0.0000000000000000        0.0249941381951639     0.0000000000000000        0.0241033050867596     0.0000000000000000
    4    8
    -0.0065436361715139     0.0000000000000000        0.0174746320224310     0.0000000000000000        0.0165356117274876     0.0000000000000000
     0.0174746320224310     0.0000000000000000        0.0136343308330131     0.0000000000000000       -0.0095468398824122     0.0000000000000000
     0.0216455586219579     0.0000000000000000       -0.0124970690975819     0.0000000000000000        0.0241033050867596     0.0000000000000000
    4    9
     0.0128994388196949     0.0000000000000000       -0.0000000000000000     0.0000000000000000       -0.0000000000000000     0.0000000000000000
    -0.0000000000000000     0.0000000000000000       -0.0106202822495749     0.0000000000000000       -0.0377305953030975     0.0000000000000000
    -0.0000000000000000     0.0000000000000000       -0.0442274014661041     0.0000000000000000       -0.0484459679559765     0.0000000000000000
    4   10
    -0.0047403519817033     0.0000000000000000        0.0101843379679902     0.0000000000000000       -0.0326756540312556     0.0000000000000000
     0.0101843379679902     0.0000000000000000        0.0070195085530506     0.0000000000000000        0.0188652976515487     0.0000000000000000
    -0.0383020532116869     0.0000000000000000        0.0221137007330520     0.0000000000000000       -0.0484459679559765     0.0000000000000000
    4   11
    -0.0047403519817033     0.0000000000000000       -0.0101843379679902     0.0000000000000000        0.0326756540312556     0.0000000000000000
    -0.0101843379679902     0.0000000000000000        0.0070195085530505     0.0000000000000000        0.0188652976515487     0.0000000000000000
     0.0383020532116868     0.0000000000000000        0.0221137007330520     0.0000000000000000       -0.0484459679559765     0.0000000000000000
    5    1
    -0.0958647674997834     0.0000000000000000       -0.0000000000000000     0.0000000000000000        0.0000000000000000     0.0000000000000000
     0.0000000000000000     0.0000000000000000       -0.0958647675064530     0.0000000000000000       -0.0000000000000000     0.0000000000000000
     0.0000000000000000     0.0000000000000000        0.0000000000000000     0.0000000000000000        0.0272174686064834     0.0000000000000000
    5    2
    -0.0315973221554947     0.0000000000000000        0.0000000000000000     0.0000000000000000        0.0000000000000000     0.0000000000000000
     0.0000000000000000     0.0000000000000000       -0.0315973221576931     0.0000000000000000        0.0000000000000000     0.0000000000000000
     0.0000000000000000     0.0000000000000000        0.0000000000000000     0.0000000000000000        0.0052166247247837     0.0000000000000000
    5    3
     0.0153290735641237     0.0000000000000000       -0.0000000000000000     0.0000000000000000       -0.0000000000000000     0.0000000000000000
     0.0000000000000000     0.0000000000000000        0.0153290735651902     0.0000000000000000       -0.0000000000000000     0.0000000000000000
    -0.0000000000000000     0.0000000000000000       -0.0000000000000000     0.0000000000000000       -0.0211827215613942     0.0000000000000000
    5    4
    -0.0100599713926625     0.0000000000000000       -0.0000000000000000     0.0000000000000000       -0.0000000000000000     0.0000000000000000
    -0.0000000000000000     0.0000000000000000       -0.0100599713933625     0.0000000000000000       -0.0000000000000000     0.0000000000000000
    -0.0000000000000000     0.0000000000000000       -0.0000000000000000     0.0000000000000000       -0.0431040462612571     0.0000000000000000
    5    5
     0.1081382106367027     0.0000000000000000       -0.0000000000000000     0.0000000000000000        0.0000000000000000     0.0000000000000000
     0.0000000000000000     0.0000000000000000        0.1081382106442262     0.0000000000000000        0.0000000000000000     0.0000000000000000
     0.0000000000000000     0.0000000000000000        0.0000000000000000     0.0000000000000000        0.1048806630990348     0.0000000000000000
    5    6
    -0.0047403519817033     0.0000000000000000       -0.0101843379679902     0.0000000000000000        0.0326756540312555     0.0000000000000000
    -0.0101843379679902     0.0000000000000000        0.0070195085530505     0.0000000000000000        0.0188652976515487     0.0000000000000000
     0.0383020532116868     0.0000000000000000        0.0221137007330520     0.0000000000000000       -0.0484459679559765     0.0000000000000000
    5    7
     0.0128994388196949     0.0000000000000000       -0.0000000000000000     0.0000000000000000       -0.0000000000000000     0.0000000000000000
    -0.0000000000000000     0.0000000000000000       -0.0106202822495749     0.0000000000000000       -0.0377305953030975     0.0000000000000000
    -0.0000000000000000     0.0000000000000000       -0.0442274014661041     0.0000000000000000       -0.0484459679559765     0.0000000000000000
    5    8
    -0.0047403519817033     0.0000000000000000        0.0101843379679902     0.0000000000000000       -0.0326756540312556     0.0000000000000000
     0.0101843379679902     0.0000000000000000        0.0070195085530505     0.0000000000000000        0.0188652976515487     0.0000000000000000
    -0.0383020532116869     0.0000000000000000        0.0221137007330520     0.0000000000000000       -0.0484459679559765     0.0000000000000000
    5    9
     0.0237233143338538     0.0000000000000000        0.0000000000000000     0.0000000000000000        0.0000000000000000     0.0000000000000000
     0.0000000000000000     0.0000000000000000       -0.0166326196744604     0.0000000000000000        0.0190936797648244     0.0000000000000000
     0.0000000000000000     0.0000000000000000        0.0249941381951639     0.0000000000000000        0.0241033050867596     0.0000000000000000
    5   10
    -0.0065436361715139     0.0000000000000000        0.0174746320224310     0.0000000000000000        0.0165356117274876     0.0000000000000000
     0.0174746320224310     0.0000000000000000        0.0136343308330131     0.0000000000000000       -0.0095468398824122     0.0000000000000000
     0.0216455586219579     0.0000000000000000       -0.0124970690975819     0.0000000000000000        0.0241033050867596     0.0000000000000000
    5   11
    -0.0065436361715140     0.0000000000000000       -0.0174746320224310     0.0000000000000000       -0.0165356117274876     0.0000000000000000
    -0.0174746320224310     0.0000000000000000        0.0136343308330131     0.0000000000000000       -0.0095468398824122     0.0000000000000000
    -0.0216455586219579     0.0000000000000000       -0.0124970690975819     0.0000000000000000        0.0241033050867596     0.0000000000000000
    6    1
    -0.0132560285320346     0.0000000000000000        0.0484170333229202     0.0000000000000000       -0.0372093536968173     0.0000000000000000
     0.0484170333229202     0.0000000000000000       -0.0691632029796037     0.0000000000000000       -0.0214828303739768     0.0000000000000000
    -0.0283853506413717     0.0000000000000000       -0.0163882898344080     0.0000000000000000       -0.0655086317573273     0.0000000000000000
    6    2
     0.0092725320565385     0.0000000000000000        0.0168388802933389     0.0000000000000000       -0.0162664695796861     0.0000000000000000
     0.0168388802933389     0.0000000000000000       -0.0101713320839149     0.0000000000000000       -0.0093914505909234     0.0000000000000000
    -0.0131331220657593     0.0000000000000000       -0.0075824115602301     0.0000000000000000       -0.0193558701683865     0.0000000000000000
    6    3
    -0.0223941565813073     0.0000000000000000       -0.0287565466711809     0.0000000000000000        0.0085196695659015     0.0000000000000000
    -0.0287565466711809     0.0000000000000000        0.0108110433414304     0.0000000000000000        0.0049188335174510     0.0000000000000000
     0.0096125297778527     0.0000000000000000        0.0055497966550296     0.0000000000000000        0.0213482594301236     0.0000000000000000
    6    4
    -0.0065436361715139     0.0000000000000000       -0.0174746320224310     0.0000000000000000       -0.0216455586219579     0.0000000000000000
    -0.0174746320224310     0.0000000000000000        0.0136343308330131     0.0000000000000000       -0.0124970690975819     0.0000000000000000
    -0.0165356117274876     0.0000000000000000       -0.0095468398824122     0.0000000000000000        0.0241033050867596     0.0000000000000000
    6    5
    -0.0047403519817033     0.0000000000000000       -0.0101843379679902     0.0000000000000000        0.0383020532116868     0.0000000000000000
    -0.0101843379679902     0.0000000000000000        0.0070195085530505     0.0000000000000000        0.0221137007330520     0.0000000000000000
     0.0326756540312555     0.0000000000000000        0.0188652976515487     0.0000000000000000       -0.0484459679559765     0.0000000000000000
    6    6
     0.1087048391879320     0.0000000000000000        0.0120291334041999     0.0000000000000000        0.0037595963153993     0.0000000000000000
     0.0120291334041999     0.0000000000000000        0.0948147923769462     0.0000000000000000        0.0021706039448156     0.0000000000000000
     0.0037595963153992     0.0000000000000000        0.0021706039448156     0.0000000000000000        0.1024601260865102     0.0000000000000000
    6    7
    -0.0060732418605455     0.0000000000000000       -0.0365007705619229     0.0000000000000000       -0.0005697470262206     0.0000000000000000
    -0.0285562278350498     0.0000000000000000       -0.0436339173994359     0.0000000000000000        0.0013397760605054     0.0000000000000000
    -0.0014451536168498     0.0000000000000000       -0.0001764726317978     0.0000000000000000        0.0118339074379621     0.0000000000000000
    6    8
    -0.0624142551643275     0.0000000000000000        0.0039722713634366     0.0000000000000000        0.0008754065906292     0.0000000000000000
    -0.0039722713634366     0.0000000000000000        0.0127070959082658     0.0000000000000000       -0.0011633034287075     0.0000000000000000
    -0.0008754065906292     0.0000000000000000       -0.0011633034287075     0.0000000000000000        0.0118339074379621     0.0000000000000000
    6    9
    -0.0040346092885366     0.0000000000000000        0.0152947293813658     0.0000000000000000        0.0202253657359969     0.0000000000000000
     0.0142893368428172     0.0000000000000000        0.0130457593100326     0.0000000000000000       -0.0078637069197401     0.0000000000000000
     0.0169228528281720     0.0000000000000000       -0.0135838270689440     0.0000000000000000       -0.0018408356924034     0.0000000000000000
    6   10
     0.0215859436079558     0.0000000000000000       -0.0005026962692743     0.0000000000000000        0.0033025129078250     0.0000000000000000
     0.0005026962692743     0.0000000000000000       -0.0125747935882423     0.0000000000000000        0.0214475339886841     0.0000000000000000
    -0.0033025129078250     0.0000000000000000        0.0214475339886841     0.0000000000000000       -0.0018408356924034     0.0000000000000000
    6   11
    -0.0201070352724576     0.0000000000000000       -0.0031330642724621     0.0000000000000000        0.0007065245972432     0.0000000000000000
    -0.0031330642724621     0.0000000000000000       -0.0164892842715419     0.0000000000000000        0.0004079121664216     0.0000000000000000
     0.0007065245972432     0.0000000000000000        0.0004079121664216     0.0000000000000000       -0.0345873642128205     0.0000000000000000
    7    1
    -0.0971167901961705     0.0000000000000000        0.0000000000000000     0.0000000000000000       -0.0000000000000000     0.0000000000000000
     0.0000000000000000     0.0000000000000000        0.0146975586903667     0.0000000000000000        0.0429656607479535     0.0000000000000000
    -0.0000000000000000     0.0000000000000000        0.0327765796688159     0.0000000000000000       -0.0655086317573273     0.0000000000000000
    7    2
    -0.0198932641530802     0.0000000000000000        0.0000000000000000     0.0000000000000000       -0.0000000000000000     0.0000000000000000
     0.0000000000000000     0.0000000000000000        0.0189944641277330     0.0000000000000000        0.0187829011818467     0.0000000000000000
    -0.0000000000000000     0.0000000000000000        0.0151648231204602     0.0000000000000000       -0.0193558701683865     0.0000000000000000
    7    3
     0.0274136433016710     0.0000000000000000       -0.0000000000000000     0.0000000000000000        0.0000000000000000     0.0000000000000000
    -0.0000000000000000     0.0000000000000000       -0.0389967565450132     0.0000000000000000       -0.0098376670349020     0.0000000000000000
     0.0000000000000000     0.0000000000000000       -0.0110995933100592     0.0000000000000000        0.0213482594301236     0.0000000000000000
    7    4
     0.0237233143338538     0.0000000000000000        0.0000000000000000     0.0000000000000000        0.0000000000000000     0.0000000000000000
     0.0000000000000000     0.0000000000000000       -0.0166326196744604     0.0000000000000000        0.0249941381951639     0.0000000000000000
     0.0000000000000000     0.0000000000000000        0.0190936797648244     0.0000000000000000        0.0241033050867596     0.0000000000000000
    7    5
     0.0128994388196949     0.0000000000000000       -0.0000000000000000     0.0000000000000000       -0.0000000000000000     0.0000000000000000
    -0.0000000000000000     0.0000000000000000       -0.0106202822495749     0.0000000000000000       -0.0442274014661041     0.0000000000000000
    -0.0000000000000000     0.0000000000000000       -0.0377305953030975     0.0000000000000000       -0.0484459679559765     0.0000000000000000
    7    6
    -0.0060732418605455     0.0000000000000000       -0.0285562278350498     0.0000000000000000       -0.0014451536168498     0.0000000000000000
    -0.0365007705619229     0.0000000000000000       -0.0436339173994359     0.0000000000000000       -0.0001764726317978     0.0000000000000000
    -0.0005697470262206     0.0000000000000000        0.0013397760605054     0.0000000000000000        0.0118339074379621     0.0000000000000000
    7    7
     0.0878697689615585     0.0000000000000000        0.0000000000000000     0.0000000000000000        0.0000000000000000     0.0000000000000000
    -0.0000000000000000     0.0000000000000000        0.1156498626047693     0.0000000000000000       -0.0043412078896311     0.0000000000000000
     0.0000000000000000     0.0000000000000000       -0.0043412078896311     0.0000000000000000        0.1024601260865102     0.0000000000000000
    7    8
    -0.0060732418605455     0.0000000000000000        0.0285562278350498     0.0000000000000000        0.0014451536168498     0.0000000000000000
     0.0365007705619229     0.0000000000000000       -0.0436339173994359     0.0000000000000000       -0.0001764726317978     0.0000000000000000
     0.0005697470262206     0.0000000000000000        0.0013397760605054     0.0000000000000000        0.0118339074379621     0.0000000000000000
    7    9
    -0.0146804087693632     0.0000000000000000        0.0000000000000000     0.0000000000000000       -0.0000000000000000     0.0000000000000000
     0.0000000000000000     0.0000000000000000       -0.0219159107750138     0.0000000000000000       -0.0008158243328433     0.0000000000000000
    -0.0000000000000000     0.0000000000000000       -0.0008158243328433     0.0000000000000000       -0.0345873642128205     0.0000000000000000
    7   10
    -0.0040346092885367     0.0000000000000000       -0.0142893368428172     0.0000000000000000       -0.0169228528281720     0.0000000000000000
    -0.0152947293813658     0.0000000000000000        0.0130457593100326     0.0000000000000000       -0.0135838270689440     0.0000000000000000
    -0.0202253657359970     0.0000000000000000       -0.0078637069197401     0.0000000000000000       -0.0018408356924034     0.0000000000000000
    7   11
    -0.0040346092885366     0.0000000000000000        0.0142893368428172     0.0000000000000000        0.0169228528281720     0.0000000000000000
     0.0152947293813658     0.0000000000000000        0.0130457593100326     0.0000000000000000       -0.0135838270689440     0.0000000000000000
     0.0202253657359970     0.0000000000000000       -0.0078637069197401     0.0000000000000000       -0.0018408356924034     0.0000000000000000
    8    1
    -0.0132560285320345     0.0000000000000000       -0.0484170333229202     0.0000000000000000        0.0372093536968172     0.0000000000000000
    -0.0484170333229202     0.0000000000000000       -0.0691632029796037     0.0000000000000000       -0.0214828303739768     0.0000000000000000
     0.0283853506413717     0.0000000000000000       -0.0163882898344080     0.0000000000000000       -0.0655086317573273     0.0000000000000000
    8    2
     0.0092725320565386     0.0000000000000000       -0.0168388802933389     0.0000000000000000        0.0162664695796861     0.0000000000000000
    -0.0168388802933389     0.0000000000000000       -0.0101713320839149     0.0000000000000000       -0.0093914505909234     0.0000000000000000
     0.0131331220657593     0.0000000000000000       -0.0075824115602301     0.0000000000000000       -0.0193558701683865     0.0000000000000000
    8    3
    -0.0223941565813073     0.0000000000000000        0.0287565466711809     0.0000000000000000       -0.0085196695659015     0.0000000000000000
     0.0287565466711809     0.0000000000000000        0.0108110433414304     0.0000000000000000        0.0049188335174510     0.0000000000000000
    -0.0096125297778527     0.0000000000000000        0.0055497966550296     0.0000000000000000        0.0213482594301236     0.0000000000000000
    8    4
    -0.0065436361715139     0.0000000000000000        0.0174746320224310     0.0000000000000000        0.0216455586219579     0.0000000000000000
     0.0174746320224310     0.0000000000000000        0.0136343308330131     0.0000000000000000       -0.0124970690975819     0.0000000000000000
     0.0165356117274876     0.0000000000000000       -0.0095468398824122     0.0000000000000000        0.0241033050867596     0.0000000000000000
    8    5
    -0.0047403519817033     0.0000000000000000        0.0101843379679902     0.0000000000000000       -0.0383020532116869     0.0000000000000000
     0.0101843379679902     0.0000000000000000        0.0070195085530505     0.0000000000000000        0.0221137007330520     0.0000000000000000
    -0.0326756540312556     0.0000000000000000        0.0188652976515487     0.0000000000000000       -0.0484459679559765     0.0000000000000000
    8    6
    -0.0624142551643275     0.0000000000000000       -0.0039722713634366     0.0000000000000000       -0.0008754065906292     0.0000000000000000
     0.0039722713634366     0.0000000000000000        0.0127070959082658     0.0000000000000000       -0.0011633034287075     0.0000000000000000
     0.0008754065906292     0.0000000000000000       -0.0011633034287075     0.0000000000000000        0.0118339074379621     0.0000000000000000
    8    7
    -0.0060732418605455     0.0000000000000000        0.0365007705619229     0.0000000000000000        0.0005697470262206     0.0000000000000000
     0.0285562278350498     0.0000000000000000       -0.0436339173994359     0.0000000000000000        0.0013397760605054     0.0000000000000000
     0.0014451536168498     0.0000000000000000       -0.0001764726317978     0.0000000000000000        0.0118339074379621     0.0000000000000000
    8    8
     0.1087048391879320     0.0000000000000000       -0.0120291334041999     0.0000000000000000       -0.0037595963153992     0.0000000000000000
    -0.0120291334041999     0.0000000000000000        0.0948147923769463     0.0000000000000000        0.0021706039448156     0.0000000000000000
    -0.0037595963153992     0.0000000000000000        0.0021706039448156     0.0000000000000000        0.1024601260865102     0.0000000000000000
    8    9
    -0.0040346092885367     0.0000000000000000       -0.0152947293813658     0.0000000000000000       -0.0202253657359969     0.0000000000000000
    -0.0142893368428172     0.0000000000000000        0.0130457593100326     0.0000000000000000       -0.0078637069197401     0.0000000000000000
    -0.0169228528281720     0.0000000000000000       -0.0135838270689440     0.0000000000000000       -0.0018408356924034     0.0000000000000000
    8   10
    -0.0201070352724576     0.0000000000000000        0.0031330642724621     0.0000000000000000       -0.0007065245972432     0.0000000000000000
     0.0031330642724621     0.0000000000000000       -0.0164892842715419     0.0000000000000000        0.0004079121664216     0.0000000000000000
    -0.0007065245972432     0.0000000000000000        0.0004079121664216     0.0000000000000000       -0.0345873642128205     0.0000000000000000
    8   11
     0.0215859436079558     0.0000000000000000        0.0005026962692743     0.0000000000000000       -0.0033025129078250     0.0000000000000000
    -0.0005026962692743     0.0000000000000000       -0.0125747935882423     0.0000000000000000        0.0214475339886841     0.0000000000000000
     0.0033025129078250     0.0000000000000000        0.0214475339886841     0.0000000000000000       -0.0018408356924034     0.0000000000000000
    9    1
    -0.0971167901961705     0.0000000000000000        0.0000000000000000     0.0000000000000000       -0.0000000000000000     0.0000000000000000
     0.0000000000000000     0.0000000000000000        0.0146975586903667     0.0000000000000000        0.0429656607479535     0.0000000000000000
    -0.0000000000000000     0.0000000000000000        0.0327765796688159     0.0000000000000000       -0.0655086317573273     0.0000000000000000
    9    2
     0.0274136433016710     0.0000000000000000       -0.0000000000000000     0.0000000000000000        0.0000000000000000     0.0000000000000000
    -0.0000000000000000     0.0000000000000000       -0.0389967565450132     0.0000000000000000       -0.0098376670349020     0.0000000000000000
     0.0000000000000000     0.0000000000000000       -0.0110995933100592     0.0000000000000000        0.0213482594301236     0.0000000000000000
    9    3
    -0.0198932641530802     0.0000000000000000        0.0000000000000000     0.0000000000000000       -0.0000000000000000     0.0000000000000000
     0.0000000000000000     0.0000000000000000        0.0189944641277330     0.0000000000000000        0.0187829011818467     0.0000000000000000
    -0.0000000000000000     0.0000000000000000        0.0151648231204602     0.0000000000000000       -0.0193558701683865     0.0000000000000000
    9    4
     0.0128994388196949     0.0000000000000000       -0.0000000000000000     0.0000000000000000       -0.0000000000000000     0.0000000000000000
    -0.0000000000000000     0.0000000000000000       -0.0106202822495749     0.0000000000000000       -0.0442274014661041     0.0000000000000000
    -0.0000000000000000     0.0000000000000000       -0.0377305953030975     0.0000000000000000       -0.0484459679559765     0.0000000000000000
    9    5
     0.0237233143338538     0.0000000000000000        0.0000000000000000     0.0000000000000000        0.0000000000000000     0.0000000000000000
     0.0000000000000000     0.0000000000000000       -0.0166326196744604     0.0000000000000000        0.0249941381951639     0.0000000000000000
     0.0000000000000000     0.0000000000000000        0.0190936797648244     0.0000000000000000        0.0241033050867596     0.0000000000000000
    9    6
    -0.0040346092885366     0.0000000000000000        0.0142893368428172     0.0000000000000000        0.0169228528281720     0.0000000000000000
     0.0152947293813658     0.0000000000000000        0.0130457593100326     0.0000000000000000       -0.0135838270689440     0.0000000000000000
     0.0202253657359970     0.0000000000000000       -0.0078637069197401     0.0000000000000000       -0.0018408356924034     0.0000000000000000
    9    7
    -0.0146804087693632     0.0000000000000000        0.0000000000000000     0.0000000000000000       -0.0000000000000000     0.0000000000000000
     0.0000000000000000     0.0000000000000000       -0.0219159107750138     0.0000000000000000       -0.0008158243328433     0.0000000000000000
    -0.0000000000000000     0.0000000000000000       -0.0008158243328433     0.0000000000000000       -0.0345873642128205     0.0000000000000000
    9    8
    -0.0040346092885367     0.0000000000000000       -0.0142893368428172     0.0000000000000000       -0.0169228528281720     0.0000000000000000
    -0.0152947293813658     0.0000000000000000        0.0130457593100326     0.0000000000000000       -0.0135838270689440     0.0000000000000000
    -0.0202253657359970     0.0000000000000000       -0.0078637069197401     0.0000000000000000       -0.0018408356924034     0.0000000000000000
    9    9
     0.0878697689615585     0.0000000000000000        0.0000000000000000     0.0000000000000000        0.0000000000000000     0.0000000000000000
     0.0000000000000000     0.0000000000000000        0.1156498626047693     0.0000000000000000       -0.0043412078896311     0.0000000000000000
     0.0000000000000000     0.0000000000000000       -0.0043412078896311     0.0000000000000000        0.1024601260865102     0.0000000000000000
    9   10
    -0.0060732418605455     0.0000000000000000        0.0285562278350498     0.0000000000000000        0.0014451536168498     0.0000000000000000
     0.0365007705619229     0.0000000000000000       -0.0436339173994359     0.0000000000000000       -0.0001764726317978     0.0000000000000000
     0.0005697470262206     0.0000000000000000        0.0013397760605054     0.0000000000000000        0.0118339074379621     0.0000000000000000
    9   11
    -0.0060732418605455     0.0000000000000000       -0.0285562278350498     0.0000000000000000       -0.0014451536168498     0.0000000000000000
    -0.0365007705619229     0.0000000000000000       -0.0436339173994359     0.0000000000000000       -0.0001764726317978     0.0000000000000000
    -0.0005697470262206     0.0000000000000000        0.0013397760605054     0.0000000000000000        0.0118339074379621     0.0000000000000000
   10    1
    -0.0132560285320345     0.0000000000000000       -0.0484170333229202     0.0000000000000000        0.0372093536968172     0.0000000000000000
    -0.0484170333229202     0.0000000000000000       -0.0691632029796037     0.0000000000000000       -0.0214828303739768     0.0000000000000000
     0.0283853506413717     0.0000000000000000       -0.0163882898344080     0.0000000000000000       -0.0655086317573273     0.0000000000000000
   10    2
    -0.0223941565813073     0.0000000000000000        0.0287565466711809     0.0000000000000000       -0.0085196695659015     0.0000000000000000
     0.0287565466711809     0.0000000000000000        0.0108110433414304     0.0000000000000000        0.0049188335174510     0.0000000000000000
    -0.0096125297778527     0.0000000000000000        0.0055497966550296     0.0000000000000000        0.0213482594301236     0.0000000000000000
   10    3
     0.0092725320565386     0.0000000000000000       -0.0168388802933389     0.0000000000000000        0.0162664695796861     0.0000000000000000
    -0.0168388802933389     0.0000000000000000       -0.0101713320839149     0.0000000000000000       -0.0093914505909234     0.0000000000000000
     0.0131331220657593     0.0000000000000000       -0.0075824115602301     0.0000000000000000       -0.0193558701683865     0.0000000000000000
   10    4
    -0.0047403519817033     0.0000000000000000        0.0101843379679902     0.0000000000000000       -0.0383020532116869     0.0000000000000000
     0.0101843379679902     0.0000000000000000        0.0070195085530505     0.0000000000000000        0.0221137007330520     0.0000000000000000
    -0.0326756540312556     0.0000000000000000        0.0188652976515487     0.0000000000000000       -0.0484459679559765     0.0000000000000000
   10    5
    -0.0065436361715139     0.0000000000000000        0.0174746320224310     0.0000000000000000        0.0216455586219579     0.0000000000000000
     0.0174746320224310     0.0000000000000000        0.0136343308330131     0.0000000000000000       -0.0124970690975819     0.0000000000000000
     0.0165356117274876     0.0000000000000000       -0.0095468398824122     0.0000000000000000        0.0241033050867596     0.0000000000000000
   10    6
     0.0215859436079558     0.0000000000000000        0.0005026962692743     0.0000000000000000       -0.0033025129078250     0.0000000000000000
    -0.0005026962692743     0.0000000000000000       -0.0125747935882423     0.0000000000000000        0.0214475339886841     0.0000000000000000
     0.0033025129078250     0.0000000000000000        0.0214475339886841     0.0000000000000000       -0.0018408356924034     0.0000000000000000
   10    7
    -0.0040346092885367     0.0000000000000000       -0.0152947293813658     0.0000000000000000       -0.0202253657359969     0.0000000000000000
    -0.0142893368428172     0.0000000000000000        0.0130457593100326     0.0000000000000000       -0.0078637069197401     0.0000000000000000
    -0.0169228528281720     0.0000000000000000       -0.0135838270689440     0.0000000000000000       -0.0018408356924034     0.0000000000000000
   10    8
    -0.0201070352724576     0.0000000000000000        0.0031330642724621     0.0000000000000000       -0.0007065245972432     0.0000000000000000
     0.0031330642724621     0.0000000000000000       -0.0164892842715419     0.0000000000000000        0.0004079121664216     0.0000000000000000
    -0.0007065245972432     0.0000000000000000        0.0004079121664216     0.0000000000000000       -0.0345873642128205     0.0000000000000000
   10    9
    -0.0060732418605455     0.0000000000000000        0.0365007705619229     0.0000000000000000        0.0005697470262206     0.0000000000000000
     0.0285562278350498     0.0000000000000000       -0.0436339173994359     0.0000000000000000        0.0013397760605054     0.0000000000000000
     0.0014451536168498     0.0000000000000000       -0.0001764726317978     0.0000000000000000        0.0118339074379621     0.0000000000000000
   10   10
     0.1087048391879320     0.0000000000000000       -0.0120291334041999     0.0000000000000000       -0.0037595963153992     0.0000000000000000
    -0.0120291334041999     0.0000000000000000        0.0948147923769463     0.0000000000000000        0.0021706039448156     0.0000000000000000
    -0.0037595963153992     0.0000000000000000        0.0021706039448156     0.0000000000000000        0.1024601260865102     0.0000000000000000
   10   11
    -0.0624142551643275     0.0000000000000000       -0.0039722713634366     0.0000000000000000       -0.0008754065906292     0.0000000000000000
     0.0039722713634366     0.0000000000000000        0.0127070959082658     0.0000000000000000       -0.0011633034287075     0.0000000000000000
     0.0008754065906292     0.0000000000000000       -0.0011633034287075     0.0000000000000000        0.0118339074379621     0.0000000000000000
   11    1
    -0.0132560285320346     0.0000000000000000        0.0484170333229202     0.0000000000000000       -0.0372093536968173     0.0000000000000000
     0.0484170333229202     0.0000000000000000       -0.0691632029796037     0.0000000000000000       -0.0214828303739768     0.0000000000000000
    -0.0283853506413717     0.0000000000000000       -0.0163882898344080     0.0000000000000000       -0.0655086317573273     0.0000000000000000
   11    2
    -0.0223941565813073     0.0000000000000000       -0.0287565466711809     0.0000000000000000        0.0085196695659015     0.0000000000000000
    -0.0287565466711809     0.0000000000000000        0.0108110433414304     0.0000000000000000        0.0049188335174510     0.0000000000000000
     0.0096125297778527     0.0000000000000000        0.0055497966550296     0.0000000000000000        0.0213482594301236     0.0000000000000000
   11    3
     0.0092725320565385     0.0000000000000000        0.0168388802933389     0.0000000000000000       -0.0162664695796862     0.0000000000000000
     0.0168388802933389     0.0000000000000000       -0.0101713320839149     0.0000000000000000       -0.0093914505909234     0.0000000000000000
    -0.0131331220657593     0.0000000000000000       -0.0075824115602301     0.0000000000000000       -0.0193558701683865     0.0000000000000000
   11    4
    -0.0047403519817033     0.0000000000000000       -0.0101843379679902     0.0000000000000000        0.0383020532116868     0.0000000000000000
    -0.0101843379679902     0.0000000000000000        0.0070195085530505     0.0000000000000000        0.0221137007330520     0.0000000000000000
     0.0326756540312556     0.0000000000000000        0.0188652976515487     0.0000000000000000       -0.0484459679559765     0.0000000000000000
   11    5
    -0.0065436361715139     0.0000000000000000       -0.0174746320224310     0.0000000000000000       -0.0216455586219579     0.0000000000000000
    -0.0174746320224310     0.0000000000000000        0.0136343308330131     0.0000000000000000       -0.0124970690975819     0.0000000000000000
    -0.0165356117274876     0.0000000000000000       -0.0095468398824122     0.0000000000000000        0.0241033050867596     0.0000000000000000
   11    6
    -0.0201070352724576     0.0000000000000000       -0.0031330642724621     0.0000000000000000        0.0007065245972432     0.0000000000000000
    -0.0031330642724621     0.0000000000000000       -0.0164892842715419     0.0000000000000000        0.0004079121664216     0.0000000000000000
     0.0007065245972432     0.0000000000000000        0.0004079121664216     0.0000000000000000       -0.0345873642128205     0.0000000000000000
   11    7
    -0.0040346092885366     0.0000000000000000        0.0152947293813658     0.0000000000000000        0.0202253657359969     0.0000000000000000
     0.0142893368428172     0.0000000000000000        0.0130457593100326     0.0000000000000000       -0.0078637069197401     0.0000000000000000
     0.0169228528281720     0.0000000000000000       -0.0135838270689440     0.0000000000000000       -0.0018408356924034     0.0000000000000000
   11    8
     0.0215859436079558     0.0000000000000000       -0.0005026962692743     0.0000000000000000        0.0033025129078250     0.0000000000000000
     0.0005026962692743     0.0000000000000000       -0.0125747935882423     0.0000000000000000        0.0214475339886841     0.0000000000000000
    -0.0033025129078250     0.0000000000000000        0.0214475339886841     0.0000000000000000       -0.0018408356924034     0.0000000000000000
   11    9
    -0.0060732418605455     0.0000000000000000       -0.0365007705619229     0.0000000000000000       -0.0005697470262206     0.0000000000000000
    -0.0285562278350498     0.0000000000000000       -0.0436339173994359     0.0000000000000000        0.0013397760605054     0.0000000000000000
    -0.0014451536168498     0.0000000000000000       -0.0001764726317978     0.0000000000000000        0.0118339074379621     0.0000000000000000
   11   10
    -0.0624142551643275     0.0000000000000000        0.0039722713634366     0.0000000000000000        0.0008754065906292     0.0000000000000000
    -0.0039722713634366     0.0000000000000000        0.0127070959082658     0.0000000000000000       -0.0011633034287075     0.0000000000000000
    -0.0008754065906292     0.0000000000000000       -0.0011633034287075     0.0000000000000000        0.0118339074379621     0.0000000000000000
   11   11
     0.1087048391879320     0.0000000000000000        0.0120291334041999     0.0000000000000000        0.0037595963153993     0.0000000000000000
     0.0120291334041999     0.0000000000000000        0.0948147923769462     0.0000000000000000        0.0021706039448156     0.0000000000000000
     0.0037595963153992     0.0000000000000000        0.0021706039448156     0.0000000000000000        0.1024601260865102     0.0000000000000000

     Diagonalizing the dynamical matrix

     q = (     0.000000000000     0.000000000000     0.000000000000 )

***************************************************************************
   freq (    1) =    -0.00000020 [THz] =    -0.00000654 [cm-1]
(  -0.301511  0.000000  -0.000000  0.000000  -0.000000  0.000000 )
(  -0.301511  0.000000  -0.000000  0.000000  -0.000000  0.000000 )
(  -0.301511  0.000000  -0.000000  0.000000  -0.000000  0.000000 )
(  -0.301511  0.000000  -0.000000  0.000000   0.000000  0.000000 )
(  -0.301511  0.000000  -0.000000  0.000000   0.000000  0.000000 )
(  -0.301511  0.000000  -0.000000  0.000000   0.000000  0.000000 )
(  -0.301511  0.000000  -0.000000  0.000000   0.000000  0.000000 )
(  -0.301511  0.000000  -0.000000  0.000000  -0.000000  0.000000 )
(  -0.301511  0.000000  -0.000000  0.000000   0.000000  0.000000 )
(  -0.301511  0.000000  -0.000000  0.000000  -0.000000  0.000000 )
(  -0.301511  0.000000  -0.000000  0.000000   0.000000  0.000000 )
   freq (    2) =     0.00000026 [THz] =     0.00000874 [cm-1]
(  -0.000000  0.000000  -0.061362  0.000000   0.295201  0.000000 )
(  -0.000000  0.000000  -0.061362  0.000000   0.295201  0.000000 )
(   0.000000  0.000000  -0.061362  0.000000   0.295201  0.000000 )
(   0.000000  0.000000  -0.061362  0.000000   0.295201  0.000000 )
(  -0.000000  0.000000  -0.061362  0.000000   0.295201  0.000000 )
(   0.000000  0.000000  -0.061362  0.000000   0.295201  0.000000 )
(  -0.000000  0.000000  -0.061362  0.000000   0.295201  0.000000 )
(   0.000000  0.000000  -0.061362  0.000000   0.295201  0.000000 )
(   0.000000  0.000000  -0.061362  0.000000   0.295201  0.000000 )
(  -0.000000  0.000000  -0.061362  0.000000   0.295201  0.000000 )
(  -0.000000  0.000000  -0.061362  0.000000   0.295201  0.000000 )
   freq (    3) =     0.00000143 [THz] =     0.00004756 [cm-1]
(  -0.000000  0.000000   0.295201  0.000000   0.061362  0.000000 )
(   0.000000  0.000000   0.295201  0.000000   0.061362  0.000000 )
(  -0.000000  0.000000   0.295201  0.000000   0.061362  0.000000 )
(  -0.000000  0.000000   0.295201  0.000000   0.061362  0.000000 )
(   0.000000  0.000000   0.295201  0.000000   0.061362  0.000000 )
(  -0.000000  0.000000   0.295201  0.000000   0.061362  0.000000 )
(   0.000000  0.000000   0.295201  0.000000   0.061362  0.000000 )
(  -0.000000  0.000000   0.295201  0.000000   0.061362  0.000000 )
(  -0.000000  0.000000   0.295201  0.000000   0.061362  0.000000 )
(   0.000000  0.000000   0.295201  0.000000   0.061362  0.000000 )
(   0.000000  0.000000   0.295201  0.000000   0.061362  0.000000 )
   freq (    4) =     8.62843953 [THz] =   287.81372133 [cm-1]
(  -0.000000  0.000000  -0.000000  0.000000   0.000000  0.000000 )
(   0.425534  0.000000  -0.000016  0.000000   0.000000  0.000000 )
(  -0.425534  0.000000   0.000016  0.000000  -0.000000  0.000000 )
(  -0.141868  0.000000   0.000005  0.000000  -0.000000  0.000000 )
(   0.141868  0.000000  -0.000005  0.000000   0.000000  0.000000 )
(  -0.307822  0.000000  -0.211452  0.000000   0.090653  0.000000 )
(   0.058420  0.000000   0.000016  0.000000   0.000004  0.000000 )
(  -0.307838  0.000000   0.211457  0.000000  -0.090657  0.000000 )
(  -0.058420  0.000000  -0.000016  0.000000  -0.000004  0.000000 )
(   0.307838  0.000000  -0.211457  0.000000   0.090657  0.000000 )
(   0.307822  0.000000   0.211452  0.000000  -0.090653  0.000000 )
   freq (    5) =     8.62843953 [THz] =   287.81372134 [cm-1]
(  -0.000000  0.000000   0.000000  0.000000  -0.000000  0.000000 )
(   0.000016  0.000000   0.425534  0.000000   0.000000  0.000000 )
(  -0.000016  0.000000  -0.425534  0.000000  -0.000000  0.000000 )
(  -0.000005  0.000000  -0.141868  0.000000  -0.000000  0.000000 )
(   0.000005  0.000000   0.141868  0.000000   0.000000  0.000000 )
(  -0.211466  0.000000  -0.063672  0.000000   0.052343  0.000000 )
(   0.000002  0.000000  -0.429913  0.000000  -0.104680  0.000000 )
(   0.211443  0.000000  -0.063656  0.000000   0.052336  0.000000 )
(  -0.000002  0.000000   0.429913  0.000000   0.104680  0.000000 )
(  -0.211443  0.000000   0.063656  0.000000  -0.052336  0.000000 )
(   0.211466  0.000000   0.063672  0.000000  -0.052343  0.000000 )
   freq (    6) =     9.83812987 [THz] =   328.16464189 [cm-1]
(  -0.000000  0.000000   0.000000  0.000000   0.000000  0.000000 )
(  -0.000000  0.000000  -0.000000  0.000000   0.071385  0.000000 )
(   0.000000  0.000000   0.000000  0.000000  -0.071385  0.000000 )
(   0.000000  0.000000   0.000000  0.000000  -0.527211  0.000000 )
(  -0.000000  0.000000  -0.000000  0.000000   0.527211  0.000000 )
(  -0.090062  0.000000  -0.051997  0.000000   0.247997  0.000000 )
(  -0.000000  0.000000   0.103994  0.000000   0.247997  0.000000 )
(   0.090062  0.000000  -0.051997  0.000000   0.247997  0.000000 )
(   0.000000  0.000000  -0.103994  0.000000  -0.247997  0.000000 )
(  -0.090062  0.000000   0.051997  0.000000  -0.247997  0.000000 )
(   0.090062  0.000000   0.051997  0.000000  -0.247997  0.000000 )
   freq (    7) =    13.85466197 [THz] =   462.14171215 [cm-1]
(   0.000000  0.000000   0.000000  0.000000  -0.018179  0.000000 )
(  -0.000000  0.000000  -0.000000  0.000000   0.029264  0.000000 )
(   0.000000  0.000000  -0.000000  0.000000   0.029264  0.000000 )
(  -0.000000  0.000000  -0.000000  0.000000   0.545244  0.000000 )
(  -0.000000  0.000000  -0.000000  0.000000   0.545244  0.000000 )
(  -0.110032  0.000000  -0.063527  0.000000   0.226023  0.000000 )
(  -0.000000  0.000000   0.127054  0.000000   0.226023  0.000000 )
(   0.110032  0.000000  -0.063527  0.000000   0.226023  0.000000 )
(  -0.000000  0.000000   0.127054  0.000000   0.226023  0.000000 )
(   0.110032  0.000000  -0.063527  0.000000   0.226023  0.000000 )
(  -0.110032  0.000000  -0.063527  0.000000   0.226023  0.000000 )
   freq (    8) =    17.36494091 [THz] =   579.23199731 [cm-1]
(  -0.015490  0.000000  -0.000000  0.000000  -0.000000  0.000000 )
(   0.334378  0.000000  -0.000000  0.000000  -0.000000  0.000000 )
(   0.334378  0.000000   0.000000  0.000000  -0.000000  0.000000 )
(   0.365150  0.000000  -0.000000  0.000000  -0.000000  0.000000 )
(   0.365150  0.000000  -0.000000  0.000000  -0.000000  0.000000 )
(   0.254172  0.000000   0.227930  0.000000   0.030443  0.000000 )
(  -0.140613  0.000000   0.000000  0.000000   0.000000  0.000000 )
(   0.254172  0.000000  -0.227930  0.000000  -0.030443  0.000000 )
(  -0.140613  0.000000  -0.000000  0.000000   0.000000  0.000000 )
(   0.254172  0.000000  -0.227930  0.000000  -0.030443  0.000000 )
(   0.254172  0.000000   0.227930  0.000000   0.030443  0.000000 )
   freq (    9) =    17.36494091 [THz] =   579.23199733 [cm-1]
(  -0.000000  0.000000  -0.015490  0.000000  -0.000000  0.000000 )
(   0.000000  0.000000   0.334378  0.000000   0.000000  0.000000 )
(   0.000000  0.000000   0.334378  0.000000   0.000000  0.000000 )
(  -0.000000  0.000000   0.365150  0.000000   0.000000  0.000000 )
(   0.000000  0.000000   0.365150  0.000000   0.000000  0.000000 )
(   0.227930  0.000000  -0.009018  0.000000   0.017576  0.000000 )
(  -0.000000  0.000000   0.385768  0.000000  -0.035152  0.000000 )
(  -0.227930  0.000000  -0.009018  0.000000   0.017576  0.000000 )
(   0.000000  0.000000   0.385768  0.000000  -0.035152  0.000000 )
(  -0.227930  0.000000  -0.009018  0.000000   0.017576  0.000000 )
(   0.227930  0.000000  -0.009018  0.000000   0.017576  0.000000 )
   freq (   10) =    18.91735274 [THz] =   631.01487465 [cm-1]
(  -0.000000  0.000000  -0.000000  0.000000   0.000000  0.000000 )
(  -0.000000  0.000000   0.000000  0.000000   0.000000  0.000000 )
(   0.000000  0.000000   0.000000  0.000000  -0.000000  0.000000 )
(   0.000000  0.000000   0.000000  0.000000  -0.000000  0.000000 )
(  -0.000000  0.000000  -0.000000  0.000000  -0.000000  0.000000 )
(  -0.204124  0.000000   0.353553  0.000000  -0.000000  0.000000 )
(   0.408248  0.000000   0.000000  0.000000   0.000000  0.000000 )
(  -0.204124  0.000000  -0.353553  0.000000   0.000000  0.000000 )
(  -0.408248  0.000000   0.000000  0.000000   0.000000  0.000000 )
(   0.204124  0.000000   0.353553  0.000000  -0.000000  0.000000 )
(   0.204124  0.000000  -0.353553  0.000000   0.000000  0.000000 )
   freq (   11) =    20.63429601 [THz] =   688.28592927 [cm-1]
(  -0.011685  0.000000  -0.000000  0.000000  -0.000000  0.000000 )
(  -0.037800  0.000000   0.000000  0.000000  -0.000000  0.000000 )
(  -0.037800  0.000000   0.000000  0.000000  -0.000000  0.000000 )
(  -0.066679  0.000000  -0.000000  0.000000   0.000000  0.000000 )
(  -0.066679  0.000000   0.000000  0.000000   0.000000  0.000000 )
(   0.260185  0.000000  -0.074488  0.000000  -0.313121  0.000000 )
(   0.389201  0.000000   0.000000  0.000000   0.000000  0.000000 )
(   0.260185  0.000000   0.074488  0.000000   0.313121  0.000000 )
(   0.389201  0.000000   0.000000  0.000000  -0.000000  0.000000 )
(   0.260185  0.000000   0.074488  0.000000   0.313121  0.000000 )
(   0.260185  0.000000  -0.074488  0.000000  -0.313121  0.000000 )
   freq (   12) =    20.63429601 [THz] =   688.28592929 [cm-1]
(  -0.000000  0.000000  -0.011685  0.000000   0.000000  0.000000 )
(  -0.000000  0.000000  -0.037800  0.000000  -0.000000  0.000000 )
(  -0.000000  0.000000  -0.037800  0.000000  -0.000000  0.000000 )
(  -0.000000  0.000000  -0.066679  0.000000  -0.000000  0.000000 )
(  -0.000000  0.000000  -0.066679  0.000000  -0.000000  0.000000 )
(  -0.074488  0.000000   0.346196  0.000000  -0.180781  0.000000 )
(  -0.000000  0.000000   0.217180  0.000000   0.361561  0.000000 )
(   0.074488  0.000000   0.346196  0.000000  -0.180781  0.000000 )
(   0.000000  0.000000   0.217180  0.000000   0.361561  0.000000 )
(   0.074488  0.000000   0.346196  0.000000  -0.180781  0.000000 )
(  -0.074488  0.000000   0.346196  0.000000  -0.180781  0.000000 )
   freq (   13) =    24.07521635 [THz] =   803.06266091 [cm-1]
(  -0.000000  0.000000   0.000000  0.000000  -0.000000  0.000000 )
(  -0.014522  0.000000   0.000000  0.000000  -0.000000  0.000000 )
(   0.014522  0.000000  -0.000000  0.000000   0.000000  0.000000 )
(   0.493711  0.000000  -0.000004  0.000000  -0.000000  0.000000 )
(  -0.493711  0.000000   0.000004  0.000000   0.000000  0.000000 )
(   0.011289  0.000000  -0.035638  0.000000   0.352073  0.000000 )
(   0.073014  0.000000   0.000000  0.000000   0.000003  0.000000 )
(   0.011289  0.000000   0.035637  0.000000  -0.352076  0.000000 )
(  -0.073014  0.000000  -0.000000  0.000000  -0.000003  0.000000 )
(  -0.011289  0.000000  -0.035637  0.000000   0.352076  0.000000 )
(  -0.011289  0.000000   0.035638  0.000000  -0.352073  0.000000 )
   freq (   14) =    24.07521635 [THz] =   803.06266092 [cm-1]
(  -0.000000  0.000000   0.000000  0.000000  -0.000000  0.000000 )
(  -0.000000  0.000000  -0.014522  0.000000  -0.000000  0.000000 )
(   0.000000  0.000000   0.014522  0.000000   0.000000  0.000000 )
(   0.000004  0.000000   0.493711  0.000000  -0.000000  0.000000 )
(  -0.000004  0.000000  -0.493711  0.000000   0.000000  0.000000 )
(  -0.035637  0.000000   0.052439  0.000000   0.203273  0.000000 )
(   0.000001  0.000000  -0.009286  0.000000  -0.406540  0.000000 )
(   0.035637  0.000000   0.052440  0.000000   0.203268  0.000000 )
(  -0.000001  0.000000   0.009286  0.000000   0.406540  0.000000 )
(  -0.035637  0.000000  -0.052440  0.000000  -0.203268  0.000000 )
(   0.035637  0.000000  -0.052439  0.000000  -0.203273  0.000000 )
   freq (   15) =    24.99039067 [THz] =   833.58958585 [cm-1]
(  -0.005287  0.000000   0.000000  0.000000   0.000000  0.000000 )
(   0.035779  0.000000  -0.000000  0.000000   0.000000  0.000000 )
(   0.035779  0.000000  -0.000000  0.000000   0.000000  0.000000 )
(  -0.323421  0.000000   0.000000  0.000000  -0.000000  0.000000 )
(  -0.323421  0.000000   0.000000  0.000000   0.000000  0.000000 )
(   0.216649  0.000000  -0.001156  0.000000   0.355261  0.000000 )
(   0.218651  0.000000  -0.000000  0.000000  -0.000000  0.000000 )
(   0.216649  0.000000   0.001156  0.000000  -0.355261  0.000000 )
(   0.218651  0.000000  -0.000000  0.000000  -0.000000  0.000000 )
(   0.216649  0.000000   0.001156  0.000000  -0.355261  0.000000 )
(   0.216649  0.000000  -0.001156  0.000000   0.355261  0.000000 )
   freq (   16) =    24.99039067 [THz] =   833.58958587 [cm-1]
(  -0.000000  0.000000  -0.005287  0.000000   0.000000  0.000000 )
(   0.000000  0.000000   0.035779  0.000000  -0.000000  0.000000 )
(  -0.000000  0.000000   0.035779  0.000000  -0.000000  0.000000 )
(   0.000000  0.000000  -0.323421  0.000000  -0.000000  0.000000 )
(  -0.000000  0.000000  -0.323421  0.000000  -0.000000  0.000000 )
(  -0.001156  0.000000   0.217984  0.000000   0.205110  0.000000 )
(   0.000000  0.000000   0.215982  0.000000  -0.410220  0.000000 )
(   0.001156  0.000000   0.217984  0.000000   0.205110  0.000000 )
(  -0.000000  0.000000   0.215982  0.000000  -0.410220  0.000000 )
(   0.001156  0.000000   0.217984  0.000000   0.205110  0.000000 )
(  -0.001156  0.000000   0.217984  0.000000   0.205110  0.000000 )
   freq (   17) =    25.75824536 [THz] =   859.20245796 [cm-1]
(  -0.000000  0.000000   0.000000  0.000000  -0.000000  0.000000 )
(  -0.000000  0.000000   0.000000  0.000000   0.593716  0.000000 )
(   0.000000  0.000000  -0.000000  0.000000  -0.593716  0.000000 )
(   0.000000  0.000000   0.000000  0.000000   0.182121  0.000000 )
(  -0.000000  0.000000  -0.000000  0.000000  -0.182121  0.000000 )
(   0.124329  0.000000   0.071781  0.000000   0.132291  0.000000 )
(  -0.000000  0.000000  -0.143563  0.000000   0.132291  0.000000 )
(  -0.124329  0.000000   0.071781  0.000000   0.132291  0.000000 )
(  -0.000000  0.000000   0.143563  0.000000  -0.132291  0.000000 )
(   0.124329  0.000000  -0.071781  0.000000  -0.132291  0.000000 )
(  -0.124329  0.000000  -0.071781  0.000000  -0.132291  0.000000 )
   freq (   18) =    26.27106802 [THz] =   876.30837807 [cm-1]
(   0.000000  0.000000   0.000000  0.000000  -0.000000  0.000000 )
(  -0.000000  0.000000  -0.000000  0.000000  -0.000000  0.000000 )
(  -0.000000  0.000000  -0.000000  0.000000   0.000000  0.000000 )
(  -0.000000  0.000000  -0.000000  0.000000  -0.000000  0.000000 )
(  -0.000000  0.000000  -0.000000  0.000000   0.000000  0.000000 )
(   0.204124  0.000000  -0.353553  0.000000  -0.000000  0.000000 )
(  -0.408248  0.000000   0.000000  0.000000  -0.000000  0.000000 )
(   0.204124  0.000000   0.353553  0.000000   0.000000  0.000000 )
(  -0.408248  0.000000  -0.000000  0.000000   0.000000  0.000000 )
(   0.204124  0.000000   0.353553  0.000000   0.000000  0.000000 )
(   0.204124  0.000000  -0.353553  0.000000  -0.000000  0.000000 )
   freq (   19) =    28.44333091 [THz] =   948.76725810 [cm-1]
(   0.000000  0.000000  -0.000000  0.000000  -0.000000  0.000000 )
(  -0.264157  0.000000   0.000001  0.000000  -0.000000  0.000000 )
(   0.264157  0.000000  -0.000001  0.000000   0.000000  0.000000 )
(   0.183262  0.000000  -0.000000  0.000000   0.000000  0.000000 )
(  -0.183262  0.000000   0.000000  0.000000  -0.000000  0.000000 )
(  -0.322608  0.000000   0.052876  0.000000  -0.075297  0.000000 )
(  -0.414190  0.000000   0.000001  0.000000  -0.000000  0.000000 )
(  -0.322608  0.000000  -0.052874  0.000000   0.075297  0.000000 )
(   0.414190  0.000000  -0.000001  0.000000   0.000000  0.000000 )
(   0.322608  0.000000   0.052874  0.000000  -0.075297  0.000000 )
(   0.322608  0.000000  -0.052876  0.000000   0.075297  0.000000 )
   freq (   20) =    28.44333091 [THz] =   948.76725813 [cm-1]
(   0.000000  0.000000   0.000000  0.000000  -0.000000  0.000000 )
(   0.000001  0.000000   0.264157  0.000000   0.000000  0.000000 )
(  -0.000001  0.000000  -0.264157  0.000000  -0.000000  0.000000 )
(  -0.000000  0.000000  -0.183262  0.000000   0.000000  0.000000 )
(   0.000000  0.000000   0.183262  0.000000  -0.000000  0.000000 )
(  -0.052874  0.000000   0.383663  0.000000   0.043473  0.000000 )
(   0.000001  0.000000   0.292081  0.000000  -0.086945  0.000000 )
(   0.052875  0.000000   0.383663  0.000000   0.043472  0.000000 )
(  -0.000001  0.000000  -0.292081  0.000000   0.086945  0.000000 )
(  -0.052875  0.000000  -0.383663  0.000000  -0.043472  0.000000 )
(   0.052874  0.000000  -0.383663  0.000000  -0.043473  0.000000 )
   freq (   21) =    32.21994322 [THz] =  1074.74146685 [cm-1]
(   0.000000  0.000000   0.000000  0.000000  -0.005755  0.000000 )
(  -0.000000  0.000000  -0.000000  0.000000   0.623095  0.000000 )
(  -0.000000  0.000000  -0.000000  0.000000   0.623095  0.000000 )
(   0.000000  0.000000  -0.000000  0.000000   0.183298  0.000000 )
(   0.000000  0.000000  -0.000000  0.000000   0.183298  0.000000 )
(   0.074402  0.000000   0.042956  0.000000  -0.136621  0.000000 )
(  -0.000000  0.000000  -0.085912  0.000000  -0.136621  0.000000 )
(  -0.074402  0.000000   0.042956  0.000000  -0.136621  0.000000 )
(  -0.000000  0.000000  -0.085912  0.000000  -0.136621  0.000000 )
(  -0.074402  0.000000   0.042956  0.000000  -0.136621  0.000000 )
(   0.074402  0.000000   0.042956  0.000000  -0.136621  0.000000 )
   freq (   22) =    34.07430574 [THz] =  1136.59633375 [cm-1]
(  -0.002860  0.000000   0.000000  0.000000   0.000000  0.000000 )
(   0.618166  0.000000   0.000000  0.000000  -0.000000  0.000000 )
(   0.618166  0.000000   0.000000  0.000000   0.000000  0.000000 )
(  -0.206038  0.000000  -0.000000  0.000000   0.000000  0.000000 )
(  -0.206038  0.000000  -0.000000  0.000000   0.000000  0.000000 )
(  -0.137820  0.000000  -0.114530  0.000000  -0.061341  0.000000 )
(   0.060552  0.000000  -0.000000  0.000000  -0.000000  0.000000 )
(  -0.137820  0.000000   0.114530  0.000000   0.061341  0.000000 )
(   0.060552  0.000000  -0.000000  0.000000  -0.000000  0.000000 )
(  -0.137820  0.000000   0.114530  0.000000   0.061341  0.000000 )
(  -0.137820  0.000000  -0.114530  0.000000  -0.061341  0.000000 )
   freq (   23) =    34.07430574 [THz] =  1136.59633379 [cm-1]
(   0.000000  0.000000   0.002860  0.000000  -0.000000  0.000000 )
(   0.000000  0.000000  -0.618166  0.000000  -0.000000  0.000000 )
(   0.000000  0.000000  -0.618166  0.000000  -0.000000  0.000000 )
(   0.000000  0.000000   0.206038  0.000000  -0.000000  0.000000 )
(   0.000000  0.000000   0.206038  0.000000  -0.000000  0.000000 )
(   0.114530  0.000000   0.005572  0.000000   0.035415  0.000000 )
(  -0.000000  0.000000   0.203944  0.000000  -0.070830  0.000000 )
(  -0.114530  0.000000   0.005572  0.000000   0.035415  0.000000 )
(  -0.000000  0.000000   0.203944  0.000000  -0.070830  0.000000 )
(  -0.114530  0.000000   0.005572  0.000000   0.035415  0.000000 )
(   0.114530  0.000000   0.005572  0.000000   0.035415  0.000000 )
   freq (   24) =    38.62957720 [THz] =  1288.54381236 [cm-1]
(   0.000000  0.000000  -0.000000  0.000000   0.011213  0.000000 )
(  -0.000000  0.000000  -0.000000  0.000000  -0.297218  0.000000 )
(  -0.000000  0.000000  -0.000000  0.000000  -0.297218  0.000000 )
(   0.000000  0.000000   0.000000  0.000000   0.397048  0.000000 )
(   0.000000  0.000000   0.000000  0.000000   0.397048  0.000000 )
(  -0.007822  0.000000  -0.004516  0.000000  -0.290807  0.000000 )
(  -0.000000  0.000000   0.009032  0.000000  -0.290807  0.000000 )
(   0.007822  0.000000  -0.004516  0.000000  -0.290807  0.000000 )
(  -0.000000  0.000000   0.009032  0.000000  -0.290807  0.000000 )
(   0.007822  0.000000  -0.004516  0.000000  -0.290807  0.000000 )
(  -0.007822  0.000000  -0.004516  0.000000  -0.290807  0.000000 )
   freq (   25) =    44.52538329 [THz] =  1485.20670657 [cm-1]
(   0.009472  0.000000  -0.000000  0.000000  -0.000000  0.000000 )
(  -0.024610  0.000000   0.000000  0.000000  -0.000000  0.000000 )
(  -0.024610  0.000000   0.000000  0.000000  -0.000000  0.000000 )
(  -0.464523  0.000000   0.000000  0.000000   0.000000  0.000000 )
(  -0.464523  0.000000   0.000000  0.000000   0.000000  0.000000 )
(   0.083155  0.000000   0.238407  0.000000  -0.153801  0.000000 )
(  -0.329778  0.000000  -0.000000  0.000000   0.000000  0.000000 )
(   0.083155  0.000000  -0.238407  0.000000   0.153801  0.000000 )
(  -0.329778  0.000000  -0.000000  0.000000   0.000000  0.000000 )
(   0.083155  0.000000  -0.238407  0.000000   0.153801  0.000000 )
(   0.083155  0.000000   0.238407  0.000000  -0.153801  0.000000 )
   freq (   26) =    44.52538329 [THz] =  1485.20670659 [cm-1]
(  -0.000000  0.000000  -0.009472  0.000000   0.000000  0.000000 )
(  -0.000000  0.000000   0.024610  0.000000   0.000000  0.000000 )
(  -0.000000  0.000000   0.024610  0.000000   0.000000  0.000000 )
(   0.000000  0.000000   0.464523  0.000000  -0.000000  0.000000 )
(   0.000000  0.000000   0.464523  0.000000  -0.000000  0.000000 )
(  -0.238407  0.000000   0.192133  0.000000   0.088797  0.000000 )
(   0.000000  0.000000  -0.220799  0.000000  -0.177594  0.000000 )
(   0.238407  0.000000   0.192133  0.000000   0.088797  0.000000 )
(   0.000000  0.000000  -0.220799  0.000000  -0.177594  0.000000 )
(   0.238407  0.000000   0.192133  0.000000   0.088797  0.000000 )
(  -0.238407  0.000000   0.192133  0.000000   0.088797  0.000000 )
   freq (   27) =    46.09276513 [THz] =  1537.48892974 [cm-1]
(  -0.000000  0.000000  -0.000000  0.000000  -0.004272  0.000000 )
(  -0.000000  0.000000   0.000000  0.000000  -0.138283  0.000000 )
(   0.000000  0.000000   0.000000  0.000000  -0.138283  0.000000 )
(   0.000000  0.000000   0.000000  0.000000   0.142920  0.000000 )
(   0.000000  0.000000   0.000000  0.000000   0.142920  0.000000 )
(   0.328809  0.000000   0.189838  0.000000   0.096578  0.000000 )
(   0.000000  0.000000  -0.379676  0.000000   0.096578  0.000000 )
(  -0.328809  0.000000   0.189838  0.000000   0.096578  0.000000 )
(   0.000000  0.000000  -0.379676  0.000000   0.096578  0.000000 )
(  -0.328809  0.000000   0.189838  0.000000   0.096578  0.000000 )
(   0.328809  0.000000   0.189838  0.000000   0.096578  0.000000 )
   freq (   28) =    50.19056112 [THz] =  1674.17667130 [cm-1]
(   0.000000  0.000000   0.000000  0.000000   0.000000  0.000000 )
(   0.021682  0.000000  -0.000000  0.000000  -0.000000  0.000000 )
(  -0.021682  0.000000   0.000000  0.000000  -0.000000  0.000000 )
(  -0.374933  0.000000   0.000007  0.000000   0.000000  0.000000 )
(   0.374933  0.000000  -0.000007  0.000000  -0.000000  0.000000 )
(   0.033860  0.000000   0.191174  0.000000   0.312414  0.000000 )
(  -0.297254  0.000000  -0.000003  0.000000   0.000007  0.000000 )
(   0.033867  0.000000  -0.191167  0.000000  -0.312421  0.000000 )
(   0.297254  0.000000   0.000003  0.000000  -0.000007  0.000000 )
(  -0.033867  0.000000   0.191167  0.000000   0.312421  0.000000 )
(  -0.033860  0.000000  -0.191174  0.000000  -0.312414  0.000000 )
   freq (   29) =    50.19056112 [THz] =  1674.17667131 [cm-1]
(   0.000000  0.000000  -0.000000  0.000000   0.000000  0.000000 )
(   0.000000  0.000000   0.021682  0.000000  -0.000000  0.000000 )
(  -0.000000  0.000000  -0.021682  0.000000   0.000000  0.000000 )
(  -0.000007  0.000000  -0.374933  0.000000  -0.000000  0.000000 )
(   0.000007  0.000000   0.374933  0.000000   0.000000  0.000000 )
(   0.191172  0.000000  -0.186878  0.000000   0.180380  0.000000 )
(  -0.000005  0.000000   0.144237  0.000000  -0.360748  0.000000 )
(  -0.191170  0.000000  -0.186885  0.000000   0.180369  0.000000 )
(   0.000005  0.000000  -0.144237  0.000000   0.360748  0.000000 )
(   0.191170  0.000000   0.186885  0.000000  -0.180369  0.000000 )
(  -0.191172  0.000000   0.186878  0.000000  -0.180380  0.000000 )
   freq (   30) =    52.70744581 [THz] =  1758.13089578 [cm-1]
(  -0.000000  0.000000  -0.000000  0.000000   0.000000  0.000000 )
(  -0.498458  0.000000  -0.000008  0.000000   0.000000  0.000000 )
(   0.498458  0.000000   0.000008  0.000000  -0.000000  0.000000 )
(  -0.248924  0.000000  -0.000004  0.000000  -0.000000  0.000000 )
(   0.248924  0.000000   0.000004  0.000000   0.000000  0.000000 )
(  -0.090688  0.000000  -0.199184  0.000000   0.120629  0.000000 )
(   0.254315  0.000000  -0.000003  0.000000  -0.000002  0.000000 )
(  -0.090682  0.000000   0.199188  0.000000  -0.120627  0.000000 )
(  -0.254315  0.000000   0.000003  0.000000   0.000002  0.000000 )
(   0.090682  0.000000  -0.199188  0.000000   0.120627  0.000000 )
(   0.090688  0.000000   0.199184  0.000000  -0.120629  0.000000 )
   freq (   31) =    52.70744582 [THz] =  1758.13089582 [cm-1]
(  -0.000000  0.000000  -0.000000  0.000000  -0.000000  0.000000 )
(   0.000008  0.000000  -0.498458  0.000000   0.000000  0.000000 )
(  -0.000008  0.000000   0.498458  0.000000  -0.000000  0.000000 )
(   0.000004  0.000000  -0.248924  0.000000  -0.000000  0.000000 )
(  -0.000004  0.000000   0.248924  0.000000   0.000000  0.000000 )
(  -0.199185  0.000000   0.139318  0.000000   0.069643  0.000000 )
(  -0.000004  0.000000  -0.205685  0.000000  -0.139290  0.000000 )
(   0.199187  0.000000   0.139312  0.000000   0.069647  0.000000 )
(   0.000004  0.000000   0.205685  0.000000   0.139290  0.000000 )
(  -0.199187  0.000000  -0.139312  0.000000  -0.069647  0.000000 )
(   0.199185  0.000000  -0.139318  0.000000  -0.069643  0.000000 )
   freq (   32) =    54.76128664 [THz] =  1826.63964160 [cm-1]
(   0.000000  0.000000   0.000000  0.000000  -0.000000  0.000000 )
(  -0.000000  0.000000  -0.000000  0.000000  -0.376883  0.000000 )
(   0.000000  0.000000   0.000000  0.000000   0.376883  0.000000 )
(  -0.000000  0.000000  -0.000000  0.000000   0.166699  0.000000 )
(   0.000000  0.000000   0.000000  0.000000  -0.166699  0.000000 )
(   0.191693  0.000000   0.110674  0.000000   0.247107  0.000000 )
(   0.000000  0.000000  -0.221348  0.000000   0.247107  0.000000 )
(  -0.191693  0.000000   0.110674  0.000000   0.247107  0.000000 )
(  -0.000000  0.000000   0.221348  0.000000  -0.247107  0.000000 )
(   0.191693  0.000000  -0.110674  0.000000  -0.247107  0.000000 )
(  -0.191693  0.000000  -0.110674  0.000000  -0.247107  0.000000 )
   freq (   33) =    67.74982230 [THz] =  2259.89049417 [cm-1]
(  -0.000000  0.000000   0.000000  0.000000   0.000000  0.000000 )
(  -0.000000  0.000000  -0.000000  0.000000   0.019104  0.000000 )
(   0.000000  0.000000   0.000000  0.000000  -0.019104  0.000000 )
(  -0.000000  0.000000   0.000000  0.000000  -0.401362  0.000000 )
(   0.000000  0.000000  -0.000000  0.000000   0.401362  0.000000 )
(   0.254332  0.000000   0.146839  0.000000  -0.163098  0.000000 )
(   0.000000  0.000000  -0.293678  0.000000  -0.163098  0.000000 )
(  -0.254332  0.000000   0.146839  0.000000  -0.163098  0.000000 )
(  -0.000000  0.000000   0.293678  0.000000   0.163098  0.000000 )
(   0.254332  0.000000  -0.146839  0.000000   0.163098  0.000000 )
(  -0.254332  0.000000  -0.146839  0.000000   0.163098  0.000000 )
***************************************************************************
