Dynamical matrix file
File generated with the CellConstructor by Lorenzo Monacelli
2 11 0     1.8897259890000000     0.0000000000000000     0.0000000000000000     0.0000000000000000     0.0000000000000000     0.0000000000000000
Basis vectors
    1.7975477262461645    -1.0378146636279073     2.9308341059679113
   -0.0000000000000035     2.0756293272558080     2.9308341059679091
   -1.7975477262461717    -1.0378146636279066     2.9308341059679059
	1  'La '  126604.5951757480361266
	2  'H '    918.7358275894680446
    1     1    -0.0000000000000049    -0.0000000000000028     4.3962512028971048
    2     2    -0.0000000000000029    -0.0000000000000009     2.2010277713333930
    3     2     0.0000000000000029     0.0000000000000009    -2.2010277713333930
    4     2    -0.0000000000000010    -0.0000000000000005     1.0563584886554778
    5     2     0.0000000000000011     0.0000000000000005    -1.0563584886554782
    6     2     0.9312738960406787     0.5376712340003181     6.2177012562289047
    7     2    -0.0000000000000058    -1.0753424680006445     6.2177012562288994
    8     2    -0.9312738960406927     0.5376712340003170     6.2177012562288976
    9     2    -0.0000000000000027     1.0753424680006398     2.5748011459032027
   10     2     0.9312738960406819    -0.5376712340003220     2.5748011459032036
   11     2    -0.9312738960406874    -0.5376712340003212     2.5748011459032001

     Dynamical Matrix in cartesian axes

     q = (     0.000000000000     0.000000000000     0.000000000000 )

    1    1
     0.6216553174820584     0.0000000000000000        0.0000000000000000     0.0000000000000000        0.0000000000000000     0.0000000000000000
    -0.0000000000000001     0.0000000000000000        0.6216553174838795     0.0000000000000000        0.0000000000000003     0.0000000000000000
    -0.0000000000000001     0.0000000000000000        0.0000000000000003     0.0000000000000000        0.6285437484794271     0.0000000000000000
    1    2
    -0.0356761831610790     0.0000000000000000        0.0000000000000000     0.0000000000000000        0.0000000000000000     0.0000000000000000
     0.0000000000000000     0.0000000000000000       -0.0356761831611836     0.0000000000000000       -0.0000000000000000     0.0000000000000000
     0.0000000000000000     0.0000000000000000       -0.0000000000000000     0.0000000000000000       -0.0328910514015844     0.0000000000000000
    1    3
    -0.0356761831610790     0.0000000000000000        0.0000000000000000     0.0000000000000000        0.0000000000000000     0.0000000000000000
     0.0000000000000000     0.0000000000000000       -0.0356761831611836     0.0000000000000000       -0.0000000000000000     0.0000000000000000
     0.0000000000000000     0.0000000000000000       -0.0000000000000000     0.0000000000000000       -0.0328910514015844     0.0000000000000000
    1    4
    -0.0917703405059840     0.0000000000000000       -0.0000000000000000     0.0000000000000000       -0.0000000000000001     0.0000000000000000
     0.0000000000000000     0.0000000000000000       -0.0917703405062528     0.0000000000000000       -0.0000000000000001     0.0000000000000000
    -0.0000000000000001     0.0000000000000000       -0.0000000000000001     0.0000000000000000       -0.0294551223141577     0.0000000000000000
    1    5
    -0.0917703405059840     0.0000000000000000       -0.0000000000000000     0.0000000000000000       -0.0000000000000001     0.0000000000000000
     0.0000000000000000     0.0000000000000000       -0.0917703405062528     0.0000000000000000       -0.0000000000000001     0.0000000000000000
    -0.0000000000000001     0.0000000000000000       -0.0000000000000001     0.0000000000000000       -0.0294551223141577     0.0000000000000000
    1    6
    -0.0463518368549189     0.0000000000000000        0.0255914112424278     0.0000000000000000       -0.0177759618057678     0.0000000000000000
     0.0255914112424278     0.0000000000000000       -0.0759022531946142     0.0000000000000000       -0.0102629563336796     0.0000000000000000
    -0.0160176429835109     0.0000000000000000       -0.0092477904883269     0.0000000000000000       -0.0839752335079905     0.0000000000000000
    1    7
    -0.0906774613641283     0.0000000000000000       -0.0000000000000000     0.0000000000000000        0.0000000000000000     0.0000000000000000
    -0.0000000000000000     0.0000000000000000       -0.0315766286852749     0.0000000000000000        0.0205259126673593     0.0000000000000000
     0.0000000000000000     0.0000000000000000        0.0184955809766538     0.0000000000000000       -0.0839752335079904     0.0000000000000000
    1    8
    -0.0463518368549190     0.0000000000000000       -0.0255914112424278     0.0000000000000000        0.0177759618057679     0.0000000000000000
    -0.0255914112424278     0.0000000000000000       -0.0759022531946142     0.0000000000000000       -0.0102629563336797     0.0000000000000000
     0.0160176429835110     0.0000000000000000       -0.0092477904883270     0.0000000000000000       -0.0839752335079904     0.0000000000000000
    1    9
    -0.0906774613641283     0.0000000000000000       -0.0000000000000000     0.0000000000000000        0.0000000000000000     0.0000000000000000
    -0.0000000000000000     0.0000000000000000       -0.0315766286852749     0.0000000000000000        0.0205259126673593     0.0000000000000000
    -0.0000000000000000     0.0000000000000000        0.0184955809766538     0.0000000000000000       -0.0839752335079904     0.0000000000000000
    1   10
    -0.0463518368549190     0.0000000000000000       -0.0255914112424278     0.0000000000000000        0.0177759618057680     0.0000000000000000
    -0.0255914112424278     0.0000000000000000       -0.0759022531946142     0.0000000000000000       -0.0102629563336797     0.0000000000000000
     0.0160176429835110     0.0000000000000000       -0.0092477904883270     0.0000000000000000       -0.0839752335079904     0.0000000000000000
    1   11
    -0.0463518368549189     0.0000000000000000        0.0255914112424278     0.0000000000000000       -0.0177759618057678     0.0000000000000000
     0.0255914112424278     0.0000000000000000       -0.0759022531946142     0.0000000000000000       -0.0102629563336796     0.0000000000000000
    -0.0160176429835109     0.0000000000000000       -0.0092477904883269     0.0000000000000000       -0.0839752335079905     0.0000000000000000
    2    1
    -0.0356761831610790     0.0000000000000000        0.0000000000000000     0.0000000000000000        0.0000000000000000     0.0000000000000000
     0.0000000000000000     0.0000000000000000       -0.0356761831611835     0.0000000000000000       -0.0000000000000000     0.0000000000000000
     0.0000000000000000     0.0000000000000000       -0.0000000000000000     0.0000000000000000       -0.0328910514015844     0.0000000000000000
    2    2
     0.0906548630386719     0.0000000000000000        0.0000000000000000     0.0000000000000000       -0.0000000000000000     0.0000000000000000
     0.0000000000000000     0.0000000000000000        0.0906548630389374     0.0000000000000000        0.0000000000000001     0.0000000000000000
     0.0000000000000000     0.0000000000000000        0.0000000000000001     0.0000000000000000        0.0942369857090953     0.0000000000000000
    2    3
    -0.0056174476632468     0.0000000000000000        0.0000000000000000     0.0000000000000000        0.0000000000000000     0.0000000000000000
    -0.0000000000000000     0.0000000000000000       -0.0056174476632632     0.0000000000000000       -0.0000000000000000     0.0000000000000000
     0.0000000000000000     0.0000000000000000       -0.0000000000000000     0.0000000000000000       -0.0077140400573203     0.0000000000000000
    2    4
     0.0088893598710289     0.0000000000000000       -0.0000000000000000     0.0000000000000000        0.0000000000000000     0.0000000000000000
    -0.0000000000000000     0.0000000000000000        0.0088893598710549     0.0000000000000000        0.0000000000000000     0.0000000000000000
     0.0000000000000000     0.0000000000000000        0.0000000000000000     0.0000000000000000       -0.0230542750875534     0.0000000000000000
    2    5
    -0.0186049297032613     0.0000000000000000       -0.0000000000000000     0.0000000000000000       -0.0000000000000000     0.0000000000000000
     0.0000000000000000     0.0000000000000000       -0.0186049297033158     0.0000000000000000       -0.0000000000000000     0.0000000000000000
    -0.0000000000000000     0.0000000000000000       -0.0000000000000000     0.0000000000000000        0.0024355016942819     0.0000000000000000
    2    6
    -0.0038238697501908     0.0000000000000000        0.0085979731496526     0.0000000000000000       -0.0059070455922580     0.0000000000000000
     0.0085979731496526     0.0000000000000000       -0.0137519539750908     0.0000000000000000       -0.0034104343628106     0.0000000000000000
    -0.0052703665834689     0.0000000000000000       -0.0030428475656982     0.0000000000000000       -0.0159573969495847     0.0000000000000000
    2    7
    -0.0187159960874804     0.0000000000000000       -0.0000000000000000     0.0000000000000000        0.0000000000000000     0.0000000000000000
    -0.0000000000000000     0.0000000000000000        0.0011401723622423     0.0000000000000000        0.0068208687256212     0.0000000000000000
    -0.0000000000000000     0.0000000000000000        0.0060856951313965     0.0000000000000000       -0.0159573969495847     0.0000000000000000
    2    8
    -0.0038238697501909     0.0000000000000000       -0.0085979731496526     0.0000000000000000        0.0059070455922581     0.0000000000000000
    -0.0085979731496526     0.0000000000000000       -0.0137519539750908     0.0000000000000000       -0.0034104343628106     0.0000000000000000
     0.0052703665834689     0.0000000000000000       -0.0030428475656983     0.0000000000000000       -0.0159573969495847     0.0000000000000000
    2    9
     0.0090061703058402     0.0000000000000000        0.0000000000000000     0.0000000000000000        0.0000000000000000     0.0000000000000000
     0.0000000000000000     0.0000000000000000       -0.0178607881687269     0.0000000000000000       -0.0091909412021578     0.0000000000000000
     0.0000000000000000     0.0000000000000000       -0.0099225990724566     0.0000000000000000        0.0049530233306116     0.0000000000000000
    2   10
    -0.0111440485500458     0.0000000000000000        0.0116337342806927     0.0000000000000000       -0.0079595885657461     0.0000000000000000
     0.0116337342806927     0.0000000000000000        0.0022894306872182     0.0000000000000000        0.0045954706010789     0.0000000000000000
    -0.0085932228683027     0.0000000000000000        0.0049612995362283     0.0000000000000000        0.0049530233306116     0.0000000000000000
    2   11
    -0.0111440485500459     0.0000000000000000       -0.0116337342806927     0.0000000000000000        0.0079595885657461     0.0000000000000000
    -0.0116337342806927     0.0000000000000000        0.0022894306872182     0.0000000000000000        0.0045954706010789     0.0000000000000000
     0.0085932228683027     0.0000000000000000        0.0049612995362283     0.0000000000000000        0.0049530233306117     0.0000000000000000
    3    1
    -0.0356761831610790     0.0000000000000000        0.0000000000000000     0.0000000000000000        0.0000000000000000     0.0000000000000000
    -0.0000000000000000     0.0000000000000000       -0.0356761831611836     0.0000000000000000       -0.0000000000000000     0.0000000000000000
     0.0000000000000000     0.0000000000000000       -0.0000000000000000     0.0000000000000000       -0.0328910514015844     0.0000000000000000
    3    2
    -0.0056174476632468     0.0000000000000000        0.0000000000000000     0.0000000000000000        0.0000000000000000     0.0000000000000000
     0.0000000000000000     0.0000000000000000       -0.0056174476632632     0.0000000000000000       -0.0000000000000000     0.0000000000000000
     0.0000000000000000     0.0000000000000000       -0.0000000000000000     0.0000000000000000       -0.0077140400573203     0.0000000000000000
    3    3
     0.0906548630386719     0.0000000000000000        0.0000000000000000     0.0000000000000000       -0.0000000000000000     0.0000000000000000
     0.0000000000000000     0.0000000000000000        0.0906548630389374     0.0000000000000000        0.0000000000000001     0.0000000000000000
     0.0000000000000000     0.0000000000000000        0.0000000000000001     0.0000000000000000        0.0942369857090953     0.0000000000000000
    3    4
    -0.0186049297032613     0.0000000000000000       -0.0000000000000000     0.0000000000000000       -0.0000000000000000     0.0000000000000000
     0.0000000000000000     0.0000000000000000       -0.0186049297033158     0.0000000000000000       -0.0000000000000000     0.0000000000000000
    -0.0000000000000000     0.0000000000000000       -0.0000000000000000     0.0000000000000000        0.0024355016942819     0.0000000000000000
    3    5
     0.0088893598710289     0.0000000000000000       -0.0000000000000000     0.0000000000000000        0.0000000000000000     0.0000000000000000
    -0.0000000000000000     0.0000000000000000        0.0088893598710549     0.0000000000000000        0.0000000000000000     0.0000000000000000
     0.0000000000000000     0.0000000000000000        0.0000000000000000     0.0000000000000000       -0.0230542750875534     0.0000000000000000
    3    6
    -0.0111440485500459     0.0000000000000000       -0.0116337342806927     0.0000000000000000        0.0079595885657461     0.0000000000000000
    -0.0116337342806927     0.0000000000000000        0.0022894306872182     0.0000000000000000        0.0045954706010789     0.0000000000000000
     0.0085932228683027     0.0000000000000000        0.0049612995362283     0.0000000000000000        0.0049530233306117     0.0000000000000000
    3    7
     0.0090061703058402     0.0000000000000000        0.0000000000000000     0.0000000000000000        0.0000000000000000     0.0000000000000000
     0.0000000000000000     0.0000000000000000       -0.0178607881687269     0.0000000000000000       -0.0091909412021578     0.0000000000000000
     0.0000000000000000     0.0000000000000000       -0.0099225990724566     0.0000000000000000        0.0049530233306116     0.0000000000000000
    3    8
    -0.0111440485500458     0.0000000000000000        0.0116337342806927     0.0000000000000000       -0.0079595885657461     0.0000000000000000
     0.0116337342806927     0.0000000000000000        0.0022894306872182     0.0000000000000000        0.0045954706010789     0.0000000000000000
    -0.0085932228683027     0.0000000000000000        0.0049612995362283     0.0000000000000000        0.0049530233306116     0.0000000000000000
    3    9
    -0.0187159960874804     0.0000000000000000       -0.0000000000000000     0.0000000000000000       -0.0000000000000000     0.0000000000000000
    -0.0000000000000000     0.0000000000000000        0.0011401723622423     0.0000000000000000        0.0068208687256212     0.0000000000000000
    -0.0000000000000000     0.0000000000000000        0.0060856951313965     0.0000000000000000       -0.0159573969495847     0.0000000000000000
    3   10
    -0.0038238697501909     0.0000000000000000       -0.0085979731496526     0.0000000000000000        0.0059070455922581     0.0000000000000000
    -0.0085979731496526     0.0000000000000000       -0.0137519539750908     0.0000000000000000       -0.0034104343628106     0.0000000000000000
     0.0052703665834689     0.0000000000000000       -0.0030428475656983     0.0000000000000000       -0.0159573969495847     0.0000000000000000
    3   11
    -0.0038238697501908     0.0000000000000000        0.0085979731496526     0.0000000000000000       -0.0059070455922580     0.0000000000000000
     0.0085979731496526     0.0000000000000000       -0.0137519539750908     0.0000000000000000       -0.0034104343628106     0.0000000000000000
    -0.0052703665834689     0.0000000000000000       -0.0030428475656982     0.0000000000000000       -0.0159573969495847     0.0000000000000000
    4    1
    -0.0917703405059840     0.0000000000000000       -0.0000000000000000     0.0000000000000000       -0.0000000000000001     0.0000000000000000
     0.0000000000000000     0.0000000000000000       -0.0917703405062528     0.0000000000000000       -0.0000000000000001     0.0000000000000000
    -0.0000000000000001     0.0000000000000000       -0.0000000000000001     0.0000000000000000       -0.0294551223141577     0.0000000000000000
    4    2
     0.0088893598710289     0.0000000000000000       -0.0000000000000000     0.0000000000000000        0.0000000000000000     0.0000000000000000
    -0.0000000000000000     0.0000000000000000        0.0088893598710549     0.0000000000000000        0.0000000000000000     0.0000000000000000
     0.0000000000000000     0.0000000000000000        0.0000000000000000     0.0000000000000000       -0.0230542750875534     0.0000000000000000
    4    3
    -0.0186049297032613     0.0000000000000000       -0.0000000000000000     0.0000000000000000       -0.0000000000000000     0.0000000000000000
     0.0000000000000000     0.0000000000000000       -0.0186049297033158     0.0000000000000000       -0.0000000000000000     0.0000000000000000
    -0.0000000000000000     0.0000000000000000       -0.0000000000000000     0.0000000000000000        0.0024355016942819     0.0000000000000000
    4    4
     0.1235974229857563     0.0000000000000000        0.0000000000000000     0.0000000000000000       -0.0000000000000000     0.0000000000000000
     0.0000000000000000     0.0000000000000000        0.1235974229861182     0.0000000000000000        0.0000000000000000     0.0000000000000000
    -0.0000000000000000     0.0000000000000000        0.0000000000000001     0.0000000000000000        0.1433653268148442     0.0000000000000000
    4    5
    -0.0057788223269532     0.0000000000000000       -0.0000000000000000     0.0000000000000000       -0.0000000000000000     0.0000000000000000
    -0.0000000000000000     0.0000000000000000       -0.0057788223269701     0.0000000000000000       -0.0000000000000000     0.0000000000000000
    -0.0000000000000000     0.0000000000000000       -0.0000000000000000     0.0000000000000000       -0.0037419349418663     0.0000000000000000
    4    6
    -0.0023041948239625     0.0000000000000000       -0.0041432735973622     0.0000000000000000       -0.0049062973597112     0.0000000000000000
    -0.0041432735973622     0.0000000000000000        0.0024800454295644     0.0000000000000000       -0.0028326521013577     0.0000000000000000
    -0.0142902297361867     0.0000000000000000       -0.0082504679849811     0.0000000000000000        0.0034638754775321     0.0000000000000000
    4    7
     0.0048721655563170     0.0000000000000000       -0.0000000000000000     0.0000000000000000        0.0000000000000000     0.0000000000000000
    -0.0000000000000000     0.0000000000000000       -0.0046963149507361     0.0000000000000000        0.0056653042027155     0.0000000000000000
     0.0000000000000000     0.0000000000000000        0.0165009359699622     0.0000000000000000        0.0034638754775322     0.0000000000000000
    4    8
    -0.0023041948239625     0.0000000000000000        0.0041432735973622     0.0000000000000000        0.0049062973597111     0.0000000000000000
     0.0041432735973622     0.0000000000000000        0.0024800454295644     0.0000000000000000       -0.0028326521013577     0.0000000000000000
     0.0142902297361867     0.0000000000000000       -0.0082504679849811     0.0000000000000000        0.0034638754775322     0.0000000000000000
    4    9
     0.0055020701945277     0.0000000000000000        0.0000000000000000     0.0000000000000000        0.0000000000000001     0.0000000000000000
     0.0000000000000000     0.0000000000000000       -0.0165663810138952     0.0000000000000000       -0.0202482866597368     0.0000000000000000
     0.0000000000000001     0.0000000000000000       -0.0289603532278701     0.0000000000000000       -0.0333137075327151     0.0000000000000000
    4   10
    -0.0110492682117531     0.0000000000000000        0.0095559196843288     0.0000000000000000       -0.0175355306304159     0.0000000000000000
     0.0095559196843288     0.0000000000000000       -0.0000150426075659     0.0000000000000000        0.0101241433298684     0.0000000000000000
    -0.0250804015978694     0.0000000000000000        0.0144801766139351     0.0000000000000000       -0.0333137075327151     0.0000000000000000
    4   11
    -0.0110492682117532     0.0000000000000000       -0.0095559196843289     0.0000000000000000        0.0175355306304160     0.0000000000000000
    -0.0095559196843289     0.0000000000000000       -0.0000150426075659     0.0000000000000000        0.0101241433298684     0.0000000000000000
     0.0250804015978695     0.0000000000000000        0.0144801766139350     0.0000000000000000       -0.0333137075327150     0.0000000000000000
    5    1
    -0.0917703405059840     0.0000000000000000       -0.0000000000000000     0.0000000000000000       -0.0000000000000001     0.0000000000000000
     0.0000000000000000     0.0000000000000000       -0.0917703405062528     0.0000000000000000       -0.0000000000000001     0.0000000000000000
    -0.0000000000000001     0.0000000000000000       -0.0000000000000001     0.0000000000000000       -0.0294551223141577     0.0000000000000000
    5    2
    -0.0186049297032613     0.0000000000000000       -0.0000000000000000     0.0000000000000000       -0.0000000000000000     0.0000000000000000
     0.0000000000000000     0.0000000000000000       -0.0186049297033158     0.0000000000000000       -0.0000000000000000     0.0000000000000000
    -0.0000000000000000     0.0000000000000000       -0.0000000000000000     0.0000000000000000        0.0024355016942819     0.0000000000000000
    5    3
     0.0088893598710289     0.0000000000000000       -0.0000000000000000     0.0000000000000000        0.0000000000000000     0.0000000000000000
    -0.0000000000000000     0.0000000000000000        0.0088893598710549     0.0000000000000000        0.0000000000000000     0.0000000000000000
     0.0000000000000000     0.0000000000000000        0.0000000000000000     0.0000000000000000       -0.0230542750875534     0.0000000000000000
    5    4
    -0.0057788223269532     0.0000000000000000       -0.0000000000000000     0.0000000000000000       -0.0000000000000000     0.0000000000000000
     0.0000000000000000     0.0000000000000000       -0.0057788223269701     0.0000000000000000       -0.0000000000000000     0.0000000000000000
    -0.0000000000000000     0.0000000000000000       -0.0000000000000000     0.0000000000000000       -0.0037419349418663     0.0000000000000000
    5    5
     0.1235974229857563     0.0000000000000000        0.0000000000000000     0.0000000000000000       -0.0000000000000000     0.0000000000000000
     0.0000000000000000     0.0000000000000000        0.1235974229861182     0.0000000000000000        0.0000000000000000     0.0000000000000000
    -0.0000000000000000     0.0000000000000000        0.0000000000000001     0.0000000000000000        0.1433653268148442     0.0000000000000000
    5    6
    -0.0110492682117532     0.0000000000000000       -0.0095559196843289     0.0000000000000000        0.0175355306304160     0.0000000000000000
    -0.0095559196843288     0.0000000000000000       -0.0000150426075659     0.0000000000000000        0.0101241433298684     0.0000000000000000
     0.0250804015978695     0.0000000000000000        0.0144801766139350     0.0000000000000000       -0.0333137075327150     0.0000000000000000
    5    7
     0.0055020701945277     0.0000000000000000        0.0000000000000001     0.0000000000000000        0.0000000000000001     0.0000000000000000
     0.0000000000000000     0.0000000000000000       -0.0165663810138952     0.0000000000000000       -0.0202482866597368     0.0000000000000000
     0.0000000000000000     0.0000000000000000       -0.0289603532278701     0.0000000000000000       -0.0333137075327151     0.0000000000000000
    5    8
    -0.0110492682117531     0.0000000000000000        0.0095559196843288     0.0000000000000000       -0.0175355306304159     0.0000000000000000
     0.0095559196843288     0.0000000000000000       -0.0000150426075659     0.0000000000000000        0.0101241433298684     0.0000000000000000
    -0.0250804015978694     0.0000000000000000        0.0144801766139351     0.0000000000000000       -0.0333137075327151     0.0000000000000000
    5    9
     0.0048721655563170     0.0000000000000000       -0.0000000000000000     0.0000000000000000        0.0000000000000000     0.0000000000000000
    -0.0000000000000000     0.0000000000000000       -0.0046963149507361     0.0000000000000000        0.0056653042027155     0.0000000000000000
     0.0000000000000000     0.0000000000000000        0.0165009359699622     0.0000000000000000        0.0034638754775322     0.0000000000000000
    5   10
    -0.0023041948239625     0.0000000000000000        0.0041432735973622     0.0000000000000000        0.0049062973597111     0.0000000000000000
     0.0041432735973622     0.0000000000000000        0.0024800454295644     0.0000000000000000       -0.0028326521013577     0.0000000000000000
     0.0142902297361867     0.0000000000000000       -0.0082504679849811     0.0000000000000000        0.0034638754775322     0.0000000000000000
    5   11
    -0.0023041948239625     0.0000000000000000       -0.0041432735973622     0.0000000000000000       -0.0049062973597112     0.0000000000000000
    -0.0041432735973622     0.0000000000000000        0.0024800454295644     0.0000000000000000       -0.0028326521013577     0.0000000000000000
    -0.0142902297361867     0.0000000000000000       -0.0082504679849811     0.0000000000000000        0.0034638754775321     0.0000000000000000
    6    1
    -0.0463518368549189     0.0000000000000000        0.0255914112424278     0.0000000000000000       -0.0160176429835109     0.0000000000000000
     0.0255914112424278     0.0000000000000000       -0.0759022531946142     0.0000000000000000       -0.0092477904883269     0.0000000000000000
    -0.0177759618057678     0.0000000000000000       -0.0102629563336796     0.0000000000000000       -0.0839752335079905     0.0000000000000000
    6    2
    -0.0038238697501908     0.0000000000000000        0.0085979731496526     0.0000000000000000       -0.0052703665834689     0.0000000000000000
     0.0085979731496526     0.0000000000000000       -0.0137519539750908     0.0000000000000000       -0.0030428475656982     0.0000000000000000
    -0.0059070455922580     0.0000000000000000       -0.0034104343628106     0.0000000000000000       -0.0159573969495847     0.0000000000000000
    6    3
    -0.0111440485500459     0.0000000000000000       -0.0116337342806927     0.0000000000000000        0.0085932228683027     0.0000000000000000
    -0.0116337342806927     0.0000000000000000        0.0022894306872182     0.0000000000000000        0.0049612995362283     0.0000000000000000
     0.0079595885657461     0.0000000000000000        0.0045954706010789     0.0000000000000000        0.0049530233306117     0.0000000000000000
    6    4
    -0.0023041948239625     0.0000000000000000       -0.0041432735973622     0.0000000000000000       -0.0142902297361867     0.0000000000000000
    -0.0041432735973622     0.0000000000000000        0.0024800454295644     0.0000000000000000       -0.0082504679849811     0.0000000000000000
    -0.0049062973597112     0.0000000000000000       -0.0028326521013577     0.0000000000000000        0.0034638754775321     0.0000000000000000
    6    5
    -0.0110492682117532     0.0000000000000000       -0.0095559196843288     0.0000000000000000        0.0250804015978695     0.0000000000000000
    -0.0095559196843289     0.0000000000000000       -0.0000150426075659     0.0000000000000000        0.0144801766139350     0.0000000000000000
     0.0175355306304160     0.0000000000000000        0.0101241433298684     0.0000000000000000       -0.0333137075327150     0.0000000000000000
    6    6
     0.1343941134142785     0.0000000000000000        0.0068565179510952     0.0000000000000000       -0.0039359634800761     0.0000000000000000
     0.0068565179510952     0.0000000000000000        0.1264768884451239     0.0000000000000000       -0.0022724295747457     0.0000000000000000
    -0.0039359634800761     0.0000000000000000       -0.0022724295747457     0.0000000000000000        0.1244211041960416     0.0000000000000000
    6    7
    -0.0111914486349260     0.0000000000000000       -0.0266808899715218     0.0000000000000000        0.0000653173346132     0.0000000000000000
    -0.0194997143990203     0.0000000000000000       -0.0378538329996699     0.0000000000000000       -0.0037682836090057     0.0000000000000000
     0.0032960880013652     0.0000000000000000        0.0018275753334201     0.0000000000000000        0.0047744135188005     0.0000000000000000
    6    8
    -0.0511850251818756     0.0000000000000000        0.0035905877862508     0.0000000000000000       -0.0032307706667520     0.0000000000000000
    -0.0035905877862507     0.0000000000000000        0.0021397435473968     0.0000000000000000        0.0019407082755854     0.0000000000000000
     0.0032307706667519     0.0000000000000000        0.0019407082755854     0.0000000000000000        0.0047744135188005     0.0000000000000000
    6    9
    -0.0014591365915401     0.0000000000000000        0.0105505602679761     0.0000000000000000        0.0068361216013990     0.0000000000000000
     0.0032916171592461     0.0000000000000000        0.0065326482722446     0.0000000000000000       -0.0006741300038744     0.0000000000000000
     0.0040018745095072     0.0000000000000000       -0.0055831899682425     0.0000000000000000       -0.0008425627482368     0.0000000000000000
    6   10
     0.0105285407041083     0.0000000000000000       -0.0036294715543650     0.0000000000000000        0.0028342470918918     0.0000000000000000
     0.0036294715543650     0.0000000000000000       -0.0054550290234389     0.0000000000000000        0.0062573199721170     0.0000000000000000
    -0.0028342470918917     0.0000000000000000        0.0062573199721170     0.0000000000000000       -0.0008425627482368     0.0000000000000000
    6   11
    -0.0064138255191737     0.0000000000000000        0.0004562386908682     0.0000000000000000       -0.0006643370440815     0.0000000000000000
     0.0004562386908682     0.0000000000000000       -0.0069406445811682     0.0000000000000000       -0.0003835551712337     0.0000000000000000
    -0.0006643370440815     0.0000000000000000       -0.0003835551712337     0.0000000000000000       -0.0074553665550226     0.0000000000000000
    7    1
    -0.0906774613641283     0.0000000000000000       -0.0000000000000000     0.0000000000000000        0.0000000000000000     0.0000000000000000
    -0.0000000000000000     0.0000000000000000       -0.0315766286852749     0.0000000000000000        0.0184955809766538     0.0000000000000000
    -0.0000000000000000     0.0000000000000000        0.0205259126673593     0.0000000000000000       -0.0839752335079904     0.0000000000000000
    7    2
    -0.0187159960874804     0.0000000000000000       -0.0000000000000000     0.0000000000000000       -0.0000000000000000     0.0000000000000000
    -0.0000000000000000     0.0000000000000000        0.0011401723622423     0.0000000000000000        0.0060856951313965     0.0000000000000000
     0.0000000000000000     0.0000000000000000        0.0068208687256212     0.0000000000000000       -0.0159573969495847     0.0000000000000000
    7    3
     0.0090061703058402     0.0000000000000000        0.0000000000000000     0.0000000000000000        0.0000000000000000     0.0000000000000000
     0.0000000000000000     0.0000000000000000       -0.0178607881687269     0.0000000000000000       -0.0099225990724566     0.0000000000000000
     0.0000000000000000     0.0000000000000000       -0.0091909412021578     0.0000000000000000        0.0049530233306116     0.0000000000000000
    7    4
     0.0048721655563170     0.0000000000000000       -0.0000000000000000     0.0000000000000000        0.0000000000000000     0.0000000000000000
    -0.0000000000000000     0.0000000000000000       -0.0046963149507361     0.0000000000000000        0.0165009359699622     0.0000000000000000
     0.0000000000000000     0.0000000000000000        0.0056653042027155     0.0000000000000000        0.0034638754775322     0.0000000000000000
    7    5
     0.0055020701945277     0.0000000000000000        0.0000000000000000     0.0000000000000000        0.0000000000000000     0.0000000000000000
     0.0000000000000000     0.0000000000000000       -0.0165663810138952     0.0000000000000000       -0.0289603532278701     0.0000000000000000
     0.0000000000000001     0.0000000000000000       -0.0202482866597368     0.0000000000000000       -0.0333137075327151     0.0000000000000000
    7    6
    -0.0111914486349260     0.0000000000000000       -0.0194997143990203     0.0000000000000000        0.0032960880013652     0.0000000000000000
    -0.0266808899715218     0.0000000000000000       -0.0378538329996699     0.0000000000000000        0.0018275753334201     0.0000000000000000
     0.0000653173346132     0.0000000000000000       -0.0037682836090057     0.0000000000000000        0.0047744135188005     0.0000000000000000
    7    7
     0.1225182759599910     0.0000000000000000        0.0000000000000000     0.0000000000000000       -0.0000000000000000     0.0000000000000000
     0.0000000000000000     0.0000000000000000        0.1383527258994462     0.0000000000000000        0.0045448591494917     0.0000000000000000
    -0.0000000000000000     0.0000000000000000        0.0045448591494917     0.0000000000000000        0.1244211041960416     0.0000000000000000
    7    8
    -0.0111914486349260     0.0000000000000000        0.0194997143990203     0.0000000000000000       -0.0032960880013652     0.0000000000000000
     0.0266808899715218     0.0000000000000000       -0.0378538329996700     0.0000000000000000        0.0018275753334202     0.0000000000000000
    -0.0000653173346132     0.0000000000000000       -0.0037682836090056     0.0000000000000000        0.0047744135188005     0.0000000000000000
    7    9
    -0.0072040541121349     0.0000000000000000       -0.0000000000000000     0.0000000000000000        0.0000000000000000     0.0000000000000000
     0.0000000000000000     0.0000000000000000       -0.0061504159882047     0.0000000000000000        0.0007671103424673     0.0000000000000000
     0.0000000000000000     0.0000000000000000        0.0007671103424673     0.0000000000000000       -0.0074553665550226     0.0000000000000000
    7   10
    -0.0014591365915401     0.0000000000000000       -0.0032916171592461     0.0000000000000000       -0.0040018745095072     0.0000000000000000
    -0.0105505602679761     0.0000000000000000        0.0065326482722446     0.0000000000000000       -0.0055831899682425     0.0000000000000000
    -0.0068361216013990     0.0000000000000000       -0.0006741300038745     0.0000000000000000       -0.0008425627482368     0.0000000000000000
    7   11
    -0.0014591365915401     0.0000000000000000        0.0032916171592461     0.0000000000000000        0.0040018745095072     0.0000000000000000
     0.0105505602679761     0.0000000000000000        0.0065326482722446     0.0000000000000000       -0.0055831899682425     0.0000000000000000
     0.0068361216013990     0.0000000000000000       -0.0006741300038745     0.0000000000000000       -0.0008425627482368     0.0000000000000000
    8    1
    -0.0463518368549190     0.0000000000000000       -0.0255914112424278     0.0000000000000000        0.0160176429835110     0.0000000000000000
    -0.0255914112424278     0.0000000000000000       -0.0759022531946142     0.0000000000000000       -0.0092477904883270     0.0000000000000000
     0.0177759618057679     0.0000000000000000       -0.0102629563336797     0.0000000000000000       -0.0839752335079904     0.0000000000000000
    8    2
    -0.0038238697501909     0.0000000000000000       -0.0085979731496526     0.0000000000000000        0.0052703665834689     0.0000000000000000
    -0.0085979731496526     0.0000000000000000       -0.0137519539750908     0.0000000000000000       -0.0030428475656983     0.0000000000000000
     0.0059070455922581     0.0000000000000000       -0.0034104343628106     0.0000000000000000       -0.0159573969495847     0.0000000000000000
    8    3
    -0.0111440485500458     0.0000000000000000        0.0116337342806927     0.0000000000000000       -0.0085932228683027     0.0000000000000000
     0.0116337342806927     0.0000000000000000        0.0022894306872182     0.0000000000000000        0.0049612995362283     0.0000000000000000
    -0.0079595885657461     0.0000000000000000        0.0045954706010789     0.0000000000000000        0.0049530233306116     0.0000000000000000
    8    4
    -0.0023041948239625     0.0000000000000000        0.0041432735973622     0.0000000000000000        0.0142902297361867     0.0000000000000000
     0.0041432735973622     0.0000000000000000        0.0024800454295644     0.0000000000000000       -0.0082504679849811     0.0000000000000000
     0.0049062973597112     0.0000000000000000       -0.0028326521013577     0.0000000000000000        0.0034638754775322     0.0000000000000000
    8    5
    -0.0110492682117531     0.0000000000000000        0.0095559196843288     0.0000000000000000       -0.0250804015978694     0.0000000000000000
     0.0095559196843288     0.0000000000000000       -0.0000150426075659     0.0000000000000000        0.0144801766139351     0.0000000000000000
    -0.0175355306304159     0.0000000000000000        0.0101241433298684     0.0000000000000000       -0.0333137075327151     0.0000000000000000
    8    6
    -0.0511850251818756     0.0000000000000000       -0.0035905877862507     0.0000000000000000        0.0032307706667519     0.0000000000000000
     0.0035905877862507     0.0000000000000000        0.0021397435473968     0.0000000000000000        0.0019407082755854     0.0000000000000000
    -0.0032307706667520     0.0000000000000000        0.0019407082755854     0.0000000000000000        0.0047744135188005     0.0000000000000000
    8    7
    -0.0111914486349260     0.0000000000000000        0.0266808899715218     0.0000000000000000       -0.0000653173346132     0.0000000000000000
     0.0194997143990203     0.0000000000000000       -0.0378538329996699     0.0000000000000000       -0.0037682836090056     0.0000000000000000
    -0.0032960880013652     0.0000000000000000        0.0018275753334202     0.0000000000000000        0.0047744135188005     0.0000000000000000
    8    8
     0.1343941134142785     0.0000000000000000       -0.0068565179510951     0.0000000000000000        0.0039359634800761     0.0000000000000000
    -0.0068565179510951     0.0000000000000000        0.1264768884451239     0.0000000000000000       -0.0022724295747457     0.0000000000000000
     0.0039359634800761     0.0000000000000000       -0.0022724295747457     0.0000000000000000        0.1244211041960416     0.0000000000000000
    8    9
    -0.0014591365915401     0.0000000000000000       -0.0105505602679761     0.0000000000000000       -0.0068361216013990     0.0000000000000000
    -0.0032916171592461     0.0000000000000000        0.0065326482722446     0.0000000000000000       -0.0006741300038745     0.0000000000000000
    -0.0040018745095072     0.0000000000000000       -0.0055831899682425     0.0000000000000000       -0.0008425627482368     0.0000000000000000
    8   10
    -0.0064138255191737     0.0000000000000000       -0.0004562386908682     0.0000000000000000        0.0006643370440815     0.0000000000000000
    -0.0004562386908682     0.0000000000000000       -0.0069406445811682     0.0000000000000000       -0.0003835551712337     0.0000000000000000
     0.0006643370440815     0.0000000000000000       -0.0003835551712337     0.0000000000000000       -0.0074553665550226     0.0000000000000000
    8   11
     0.0105285407041083     0.0000000000000000        0.0036294715543650     0.0000000000000000       -0.0028342470918917     0.0000000000000000
    -0.0036294715543650     0.0000000000000000       -0.0054550290234389     0.0000000000000000        0.0062573199721170     0.0000000000000000
     0.0028342470918918     0.0000000000000000        0.0062573199721170     0.0000000000000000       -0.0008425627482368     0.0000000000000000
    9    1
    -0.0906774613641283     0.0000000000000000       -0.0000000000000000     0.0000000000000000        0.0000000000000000     0.0000000000000000
    -0.0000000000000000     0.0000000000000000       -0.0315766286852749     0.0000000000000000        0.0184955809766538     0.0000000000000000
    -0.0000000000000000     0.0000000000000000        0.0205259126673593     0.0000000000000000       -0.0839752335079904     0.0000000000000000
    9    2
     0.0090061703058402     0.0000000000000000        0.0000000000000000     0.0000000000000000        0.0000000000000000     0.0000000000000000
     0.0000000000000000     0.0000000000000000       -0.0178607881687269     0.0000000000000000       -0.0099225990724566     0.0000000000000000
     0.0000000000000000     0.0000000000000000       -0.0091909412021578     0.0000000000000000        0.0049530233306116     0.0000000000000000
    9    3
    -0.0187159960874804     0.0000000000000000       -0.0000000000000000     0.0000000000000000       -0.0000000000000000     0.0000000000000000
    -0.0000000000000000     0.0000000000000000        0.0011401723622423     0.0000000000000000        0.0060856951313965     0.0000000000000000
     0.0000000000000000     0.0000000000000000        0.0068208687256212     0.0000000000000000       -0.0159573969495847     0.0000000000000000
    9    4
     0.0055020701945277     0.0000000000000000        0.0000000000000000     0.0000000000000000        0.0000000000000000     0.0000000000000000
     0.0000000000000000     0.0000000000000000       -0.0165663810138952     0.0000000000000000       -0.0289603532278701     0.0000000000000000
     0.0000000000000000     0.0000000000000000       -0.0202482866597368     0.0000000000000000       -0.0333137075327151     0.0000000000000000
    9    5
     0.0048721655563170     0.0000000000000000       -0.0000000000000000     0.0000000000000000        0.0000000000000000     0.0000000000000000
    -0.0000000000000000     0.0000000000000000       -0.0046963149507361     0.0000000000000000        0.0165009359699622     0.0000000000000000
     0.0000000000000000     0.0000000000000000        0.0056653042027155     0.0000000000000000        0.0034638754775322     0.0000000000000000
    9    6
    -0.0014591365915401     0.0000000000000000        0.0032916171592461     0.0000000000000000        0.0040018745095072     0.0000000000000000
     0.0105505602679761     0.0000000000000000        0.0065326482722446     0.0000000000000000       -0.0055831899682425     0.0000000000000000
     0.0068361216013990     0.0000000000000000       -0.0006741300038745     0.0000000000000000       -0.0008425627482368     0.0000000000000000
    9    7
    -0.0072040541121349     0.0000000000000000       -0.0000000000000000     0.0000000000000000        0.0000000000000000     0.0000000000000000
    -0.0000000000000000     0.0000000000000000       -0.0061504159882047     0.0000000000000000        0.0007671103424673     0.0000000000000000
     0.0000000000000000     0.0000000000000000        0.0007671103424673     0.0000000000000000       -0.0074553665550226     0.0000000000000000
    9    8
    -0.0014591365915401     0.0000000000000000       -0.0032916171592461     0.0000000000000000       -0.0040018745095072     0.0000000000000000
    -0.0105505602679761     0.0000000000000000        0.0065326482722446     0.0000000000000000       -0.0055831899682425     0.0000000000000000
    -0.0068361216013990     0.0000000000000000       -0.0006741300038745     0.0000000000000000       -0.0008425627482368     0.0000000000000000
    9    9
     0.1225182759599910     0.0000000000000000        0.0000000000000000     0.0000000000000000       -0.0000000000000000     0.0000000000000000
     0.0000000000000000     0.0000000000000000        0.1383527258994461     0.0000000000000000        0.0045448591494916     0.0000000000000000
    -0.0000000000000000     0.0000000000000000        0.0045448591494916     0.0000000000000000        0.1244211041960416     0.0000000000000000
    9   10
    -0.0111914486349260     0.0000000000000000        0.0194997143990203     0.0000000000000000       -0.0032960880013652     0.0000000000000000
     0.0266808899715218     0.0000000000000000       -0.0378538329996700     0.0000000000000000        0.0018275753334202     0.0000000000000000
    -0.0000653173346132     0.0000000000000000       -0.0037682836090056     0.0000000000000000        0.0047744135188005     0.0000000000000000
    9   11
    -0.0111914486349260     0.0000000000000000       -0.0194997143990203     0.0000000000000000        0.0032960880013652     0.0000000000000000
    -0.0266808899715218     0.0000000000000000       -0.0378538329996699     0.0000000000000000        0.0018275753334201     0.0000000000000000
     0.0000653173346132     0.0000000000000000       -0.0037682836090057     0.0000000000000000        0.0047744135188005     0.0000000000000000
   10    1
    -0.0463518368549190     0.0000000000000000       -0.0255914112424278     0.0000000000000000        0.0160176429835110     0.0000000000000000
    -0.0255914112424278     0.0000000000000000       -0.0759022531946142     0.0000000000000000       -0.0092477904883270     0.0000000000000000
     0.0177759618057679     0.0000000000000000       -0.0102629563336797     0.0000000000000000       -0.0839752335079904     0.0000000000000000
   10    2
    -0.0111440485500458     0.0000000000000000        0.0116337342806927     0.0000000000000000       -0.0085932228683027     0.0000000000000000
     0.0116337342806927     0.0000000000000000        0.0022894306872182     0.0000000000000000        0.0049612995362283     0.0000000000000000
    -0.0079595885657461     0.0000000000000000        0.0045954706010789     0.0000000000000000        0.0049530233306116     0.0000000000000000
   10    3
    -0.0038238697501909     0.0000000000000000       -0.0085979731496526     0.0000000000000000        0.0052703665834689     0.0000000000000000
    -0.0085979731496526     0.0000000000000000       -0.0137519539750908     0.0000000000000000       -0.0030428475656983     0.0000000000000000
     0.0059070455922581     0.0000000000000000       -0.0034104343628106     0.0000000000000000       -0.0159573969495847     0.0000000000000000
   10    4
    -0.0110492682117531     0.0000000000000000        0.0095559196843288     0.0000000000000000       -0.0250804015978694     0.0000000000000000
     0.0095559196843288     0.0000000000000000       -0.0000150426075659     0.0000000000000000        0.0144801766139351     0.0000000000000000
    -0.0175355306304159     0.0000000000000000        0.0101241433298684     0.0000000000000000       -0.0333137075327151     0.0000000000000000
   10    5
    -0.0023041948239625     0.0000000000000000        0.0041432735973622     0.0000000000000000        0.0142902297361867     0.0000000000000000
     0.0041432735973622     0.0000000000000000        0.0024800454295644     0.0000000000000000       -0.0082504679849811     0.0000000000000000
     0.0049062973597112     0.0000000000000000       -0.0028326521013577     0.0000000000000000        0.0034638754775322     0.0000000000000000
   10    6
     0.0105285407041083     0.0000000000000000        0.0036294715543650     0.0000000000000000       -0.0028342470918917     0.0000000000000000
    -0.0036294715543650     0.0000000000000000       -0.0054550290234389     0.0000000000000000        0.0062573199721170     0.0000000000000000
     0.0028342470918918     0.0000000000000000        0.0062573199721170     0.0000000000000000       -0.0008425627482368     0.0000000000000000
   10    7
    -0.0014591365915401     0.0000000000000000       -0.0105505602679761     0.0000000000000000       -0.0068361216013990     0.0000000000000000
    -0.0032916171592461     0.0000000000000000        0.0065326482722446     0.0000000000000000       -0.0006741300038745     0.0000000000000000
    -0.0040018745095072     0.0000000000000000       -0.0055831899682425     0.0000000000000000       -0.0008425627482368     0.0000000000000000
   10    8
    -0.0064138255191737     0.0000000000000000       -0.0004562386908682     0.0000000000000000        0.0006643370440815     0.0000000000000000
    -0.0004562386908682     0.0000000000000000       -0.0069406445811682     0.0000000000000000       -0.0003835551712337     0.0000000000000000
     0.0006643370440815     0.0000000000000000       -0.0003835551712337     0.0000000000000000       -0.0074553665550226     0.0000000000000000
   10    9
    -0.0111914486349260     0.0000000000000000        0.0266808899715218     0.0000000000000000       -0.0000653173346132     0.0000000000000000
     0.0194997143990203     0.0000000000000000       -0.0378538329996699     0.0000000000000000       -0.0037682836090056     0.0000000000000000
    -0.0032960880013652     0.0000000000000000        0.0018275753334202     0.0000000000000000        0.0047744135188005     0.0000000000000000
   10   10
     0.1343941134142784     0.0000000000000000       -0.0068565179510951     0.0000000000000000        0.0039359634800761     0.0000000000000000
    -0.0068565179510951     0.0000000000000000        0.1264768884451239     0.0000000000000000       -0.0022724295747457     0.0000000000000000
     0.0039359634800761     0.0000000000000000       -0.0022724295747457     0.0000000000000000        0.1244211041960416     0.0000000000000000
   10   11
    -0.0511850251818756     0.0000000000000000       -0.0035905877862507     0.0000000000000000        0.0032307706667519     0.0000000000000000
     0.0035905877862507     0.0000000000000000        0.0021397435473968     0.0000000000000000        0.0019407082755854     0.0000000000000000
    -0.0032307706667520     0.0000000000000000        0.0019407082755854     0.0000000000000000        0.0047744135188005     0.0000000000000000
   11    1
    -0.0463518368549189     0.0000000000000000        0.0255914112424278     0.0000000000000000       -0.0160176429835109     0.0000000000000000
     0.0255914112424278     0.0000000000000000       -0.0759022531946142     0.0000000000000000       -0.0092477904883269     0.0000000000000000
    -0.0177759618057678     0.0000000000000000       -0.0102629563336796     0.0000000000000000       -0.0839752335079905     0.0000000000000000
   11    2
    -0.0111440485500459     0.0000000000000000       -0.0116337342806927     0.0000000000000000        0.0085932228683027     0.0000000000000000
    -0.0116337342806927     0.0000000000000000        0.0022894306872182     0.0000000000000000        0.0049612995362283     0.0000000000000000
     0.0079595885657461     0.0000000000000000        0.0045954706010789     0.0000000000000000        0.0049530233306117     0.0000000000000000
   11    3
    -0.0038238697501908     0.0000000000000000        0.0085979731496526     0.0000000000000000       -0.0052703665834689     0.0000000000000000
     0.0085979731496526     0.0000000000000000       -0.0137519539750908     0.0000000000000000       -0.0030428475656983     0.0000000000000000
    -0.0059070455922580     0.0000000000000000       -0.0034104343628106     0.0000000000000000       -0.0159573969495847     0.0000000000000000
   11    4
    -0.0110492682117532     0.0000000000000000       -0.0095559196843289     0.0000000000000000        0.0250804015978695     0.0000000000000000
    -0.0095559196843289     0.0000000000000000       -0.0000150426075659     0.0000000000000000        0.0144801766139350     0.0000000000000000
     0.0175355306304160     0.0000000000000000        0.0101241433298684     0.0000000000000000       -0.0333137075327150     0.0000000000000000
   11    5
    -0.0023041948239625     0.0000000000000000       -0.0041432735973622     0.0000000000000000       -0.0142902297361867     0.0000000000000000
    -0.0041432735973622     0.0000000000000000        0.0024800454295644     0.0000000000000000       -0.0082504679849811     0.0000000000000000
    -0.0049062973597112     0.0000000000000000       -0.0028326521013577     0.0000000000000000        0.0034638754775321     0.0000000000000000
   11    6
    -0.0064138255191737     0.0000000000000000        0.0004562386908682     0.0000000000000000       -0.0006643370440815     0.0000000000000000
     0.0004562386908682     0.0000000000000000       -0.0069406445811682     0.0000000000000000       -0.0003835551712337     0.0000000000000000
    -0.0006643370440815     0.0000000000000000       -0.0003835551712337     0.0000000000000000       -0.0074553665550226     0.0000000000000000
   11    7
    -0.0014591365915401     0.0000000000000000        0.0105505602679761     0.0000000000000000        0.0068361216013990     0.0000000000000000
     0.0032916171592461     0.0000000000000000        0.0065326482722446     0.0000000000000000       -0.0006741300038744     0.0000000000000000
     0.0040018745095072     0.0000000000000000       -0.0055831899682425     0.0000000000000000       -0.0008425627482368     0.0000000000000000
   11    8
     0.0105285407041083     0.0000000000000000       -0.0036294715543650     0.0000000000000000        0.0028342470918918     0.0000000000000000
     0.0036294715543650     0.0000000000000000       -0.0054550290234389     0.0000000000000000        0.0062573199721170     0.0000000000000000
    -0.0028342470918917     0.0000000000000000        0.0062573199721170     0.0000000000000000       -0.0008425627482368     0.0000000000000000
   11    9
    -0.0111914486349260     0.0000000000000000       -0.0266808899715218     0.0000000000000000        0.0000653173346132     0.0000000000000000
    -0.0194997143990203     0.0000000000000000       -0.0378538329996699     0.0000000000000000       -0.0037682836090057     0.0000000000000000
     0.0032960880013652     0.0000000000000000        0.0018275753334201     0.0000000000000000        0.0047744135188005     0.0000000000000000
   11   10
    -0.0511850251818756     0.0000000000000000        0.0035905877862508     0.0000000000000000       -0.0032307706667520     0.0000000000000000
    -0.0035905877862507     0.0000000000000000        0.0021397435473968     0.0000000000000000        0.0019407082755854     0.0000000000000000
     0.0032307706667519     0.0000000000000000        0.0019407082755854     0.0000000000000000        0.0047744135188005     0.0000000000000000
   11   11
     0.1343941134142784     0.0000000000000000        0.0068565179510952     0.0000000000000000       -0.0039359634800761     0.0000000000000000
     0.0068565179510951     0.0000000000000000        0.1264768884451239     0.0000000000000000       -0.0022724295747457     0.0000000000000000
    -0.0039359634800761     0.0000000000000000       -0.0022724295747457     0.0000000000000000        0.1244211041960416     0.0000000000000000

     Diagonalizing the dynamical matrix

     q = (     0.000000000000     0.000000000000     0.000000000000 )

***************************************************************************
   freq (    1) =    -0.00000075 [THz] =    -0.00002517 [cm-1]
(   0.000000  0.000000   0.269155  0.000000  -0.135885  0.000000 )
(   0.000000  0.000000   0.269155  0.000000  -0.135885  0.000000 )
(   0.000000  0.000000   0.269155  0.000000  -0.135885  0.000000 )
(   0.000000  0.000000   0.269155  0.000000  -0.135885  0.000000 )
(   0.000000  0.000000   0.269155  0.000000  -0.135885  0.000000 )
(   0.000000  0.000000   0.269155  0.000000  -0.135885  0.000000 )
(   0.000000  0.000000   0.269155  0.000000  -0.135885  0.000000 )
(   0.000000  0.000000   0.269155  0.000000  -0.135885  0.000000 )
(   0.000000  0.000000   0.269155  0.000000  -0.135885  0.000000 )
(   0.000000  0.000000   0.269155  0.000000  -0.135885  0.000000 )
(   0.000000  0.000000   0.269155  0.000000  -0.135885  0.000000 )
   freq (    2) =    -0.00000006 [THz] =    -0.00000186 [cm-1]
(  -0.301511  0.000000   0.000000  0.000000  -0.000000  0.000000 )
(  -0.301511  0.000000   0.000000  0.000000  -0.000000  0.000000 )
(  -0.301511  0.000000   0.000000  0.000000  -0.000000  0.000000 )
(  -0.301511  0.000000   0.000000  0.000000  -0.000000  0.000000 )
(  -0.301511  0.000000   0.000000  0.000000  -0.000000  0.000000 )
(  -0.301511  0.000000   0.000000  0.000000  -0.000000  0.000000 )
(  -0.301511  0.000000   0.000000  0.000000  -0.000000  0.000000 )
(  -0.301511  0.000000   0.000000  0.000000  -0.000000  0.000000 )
(  -0.301511  0.000000   0.000000  0.000000  -0.000000  0.000000 )
(  -0.301511  0.000000   0.000000  0.000000  -0.000000  0.000000 )
(  -0.301511  0.000000   0.000000  0.000000  -0.000000  0.000000 )
   freq (    3) =     0.00000017 [THz] =     0.00000570 [cm-1]
(  -0.000000  0.000000  -0.135885  0.000000  -0.269155  0.000000 )
(  -0.000000  0.000000  -0.135885  0.000000  -0.269155  0.000000 )
(  -0.000000  0.000000  -0.135885  0.000000  -0.269155  0.000000 )
(  -0.000000  0.000000  -0.135885  0.000000  -0.269155  0.000000 )
(  -0.000000  0.000000  -0.135885  0.000000  -0.269155  0.000000 )
(   0.000000  0.000000  -0.135885  0.000000  -0.269155  0.000000 )
(  -0.000000  0.000000  -0.135885  0.000000  -0.269155  0.000000 )
(   0.000000  0.000000  -0.135885  0.000000  -0.269155  0.000000 )
(  -0.000000  0.000000  -0.135885  0.000000  -0.269155  0.000000 )
(   0.000000  0.000000  -0.135885  0.000000  -0.269155  0.000000 )
(   0.000000  0.000000  -0.135885  0.000000  -0.269155  0.000000 )
   freq (    4) =    25.61293714 [THz] =   854.35549812 [cm-1]
(  -0.021486  0.000000   0.000000  0.000000  -0.000000  0.000000 )
(   0.451153  0.000000  -0.000000  0.000000   0.000000  0.000000 )
(   0.451153  0.000000  -0.000000  0.000000   0.000000  0.000000 )
(   0.197175  0.000000  -0.000000  0.000000   0.000000  0.000000 )
(   0.197175  0.000000  -0.000000  0.000000  -0.000000  0.000000 )
(   0.318945  0.000000   0.072030  0.000000  -0.053930  0.000000 )
(   0.194185  0.000000  -0.000000  0.000000  -0.000000  0.000000 )
(   0.318945  0.000000  -0.072030  0.000000   0.053930  0.000000 )
(   0.194185  0.000000  -0.000000  0.000000   0.000000  0.000000 )
(   0.318945  0.000000  -0.072030  0.000000   0.053930  0.000000 )
(   0.318945  0.000000   0.072030  0.000000  -0.053930  0.000000 )
   freq (    5) =    25.61293714 [THz] =   854.35549812 [cm-1]
(  -0.000000  0.000000  -0.021486  0.000000   0.000000  0.000000 )
(   0.000000  0.000000   0.451153  0.000000  -0.000000  0.000000 )
(   0.000000  0.000000   0.451153  0.000000  -0.000000  0.000000 )
(   0.000000  0.000000   0.197175  0.000000  -0.000000  0.000000 )
(   0.000000  0.000000   0.197175  0.000000  -0.000000  0.000000 )
(   0.072030  0.000000   0.235771  0.000000  -0.031136  0.000000 )
(   0.000000  0.000000   0.360531  0.000000   0.062273  0.000000 )
(  -0.072030  0.000000   0.235771  0.000000  -0.031136  0.000000 )
(   0.000000  0.000000   0.360531  0.000000   0.062273  0.000000 )
(  -0.072030  0.000000   0.235771  0.000000  -0.031136  0.000000 )
(   0.072030  0.000000   0.235771  0.000000  -0.031136  0.000000 )
   freq (    6) =    25.80586434 [THz] =   860.79085588 [cm-1]
(   0.000000  0.000000  -0.000000  0.000000  -0.021334  0.000000 )
(  -0.000000  0.000000   0.000000  0.000000   0.477200  0.000000 )
(  -0.000000  0.000000   0.000000  0.000000   0.477200  0.000000 )
(  -0.000000  0.000000   0.000000  0.000000   0.361569  0.000000 )
(  -0.000000  0.000000   0.000000  0.000000   0.361569  0.000000 )
(  -0.046168  0.000000  -0.026655  0.000000   0.210393  0.000000 )
(  -0.000000  0.000000   0.053310  0.000000   0.210393  0.000000 )
(   0.046168  0.000000  -0.026655  0.000000   0.210393  0.000000 )
(  -0.000000  0.000000   0.053310  0.000000   0.210393  0.000000 )
(   0.046168  0.000000  -0.026655  0.000000   0.210393  0.000000 )
(  -0.046168  0.000000  -0.026655  0.000000   0.210393  0.000000 )
   freq (    7) =    27.76531363 [THz] =   926.15103954 [cm-1]
(   0.000000  0.000000  -0.000000  0.000000   0.000000  0.000000 )
(   0.499372  0.000000  -0.000203  0.000000   0.000000  0.000000 )
(  -0.499372  0.000000   0.000203  0.000000  -0.000000  0.000000 )
(  -0.019558  0.000000   0.000008  0.000000   0.000000  0.000000 )
(   0.019558  0.000000  -0.000008  0.000000  -0.000000  0.000000 )
(  -0.282949  0.000000  -0.170075  0.000000   0.126534  0.000000 )
(   0.011622  0.000000   0.000155  0.000000   0.000059  0.000000 )
(  -0.283087  0.000000   0.170146  0.000000  -0.126593  0.000000 )
(  -0.011622  0.000000  -0.000155  0.000000  -0.000059  0.000000 )
(   0.283087  0.000000  -0.170146  0.000000   0.126593  0.000000 )
(   0.282949  0.000000   0.170075  0.000000  -0.126534  0.000000 )
   freq (    8) =    27.76531363 [THz] =   926.15103954 [cm-1]
(   0.000000  0.000000  -0.000000  0.000000  -0.000000  0.000000 )
(   0.000203  0.000000   0.499372  0.000000  -0.000000  0.000000 )
(  -0.000203  0.000000  -0.499372  0.000000   0.000000  0.000000 )
(  -0.000008  0.000000  -0.019558  0.000000  -0.000000  0.000000 )
(   0.000008  0.000000   0.019558  0.000000   0.000000  0.000000 )
(  -0.170225  0.000000  -0.086660  0.000000   0.073123  0.000000 )
(   0.000005  0.000000  -0.381231  0.000000  -0.146143  0.000000 )
(   0.169995  0.000000  -0.086522  0.000000   0.073020  0.000000 )
(  -0.000005  0.000000   0.381231  0.000000   0.146143  0.000000 )
(  -0.169995  0.000000   0.086522  0.000000  -0.073020  0.000000 )
(   0.170225  0.000000   0.086660  0.000000  -0.073123  0.000000 )
   freq (    9) =    27.96788719 [THz] =   932.90816488 [cm-1]
(   0.000000  0.000000  -0.000000  0.000000  -0.000000  0.000000 )
(  -0.000000  0.000000   0.000000  0.000000   0.371449  0.000000 )
(   0.000000  0.000000  -0.000000  0.000000  -0.371449  0.000000 )
(  -0.000000  0.000000  -0.000000  0.000000   0.512543  0.000000 )
(  -0.000000  0.000000   0.000000  0.000000  -0.512543  0.000000 )
(   0.126058  0.000000   0.072780  0.000000  -0.109183  0.000000 )
(  -0.000000  0.000000  -0.145560  0.000000  -0.109183  0.000000 )
(  -0.126058  0.000000   0.072780  0.000000  -0.109183  0.000000 )
(  -0.000000  0.000000   0.145560  0.000000   0.109183  0.000000 )
(   0.126058  0.000000  -0.072780  0.000000   0.109183  0.000000 )
(  -0.126058  0.000000  -0.072780  0.000000   0.109183  0.000000 )
   freq (   10) =    28.77451070 [THz] =   959.81422515 [cm-1]
(  -0.000000  0.000000  -0.000000  0.000000  -0.000000  0.000000 )
(   0.367562  0.000000  -0.000015  0.000000   0.000000  0.000000 )
(  -0.367562  0.000000   0.000015  0.000000   0.000000  0.000000 )
(  -0.293487  0.000000   0.000012  0.000000  -0.000000  0.000000 )
(   0.293487  0.000000  -0.000012  0.000000   0.000000  0.000000 )
(   0.312347  0.000000   0.017065  0.000000  -0.039372  0.000000 )
(   0.282769  0.000000  -0.000013  0.000000  -0.000002  0.000000 )
(   0.312348  0.000000  -0.017090  0.000000   0.039374  0.000000 )
(  -0.282769  0.000000   0.000013  0.000000   0.000002  0.000000 )
(  -0.312348  0.000000   0.017090  0.000000  -0.039374  0.000000 )
(  -0.312347  0.000000  -0.017065  0.000000   0.039372  0.000000 )
   freq (   11) =    28.77451070 [THz] =   959.81422515 [cm-1]
(  -0.000000  0.000000  -0.000000  0.000000   0.000000  0.000000 )
(   0.000015  0.000000   0.367562  0.000000  -0.000000  0.000000 )
(  -0.000015  0.000000  -0.367562  0.000000   0.000000  0.000000 )
(  -0.000012  0.000000  -0.293487  0.000000  -0.000000  0.000000 )
(   0.000012  0.000000   0.293487  0.000000   0.000000  0.000000 )
(   0.017090  0.000000   0.292629  0.000000  -0.022734  0.000000 )
(   0.000012  0.000000   0.322207  0.000000   0.045464  0.000000 )
(  -0.017064  0.000000   0.292628  0.000000  -0.022730  0.000000 )
(  -0.000012  0.000000  -0.322207  0.000000  -0.045464  0.000000 )
(   0.017064  0.000000  -0.292628  0.000000   0.022730  0.000000 )
(  -0.017090  0.000000  -0.292629  0.000000   0.022734  0.000000 )
   freq (   12) =    29.91857531 [THz] =   997.97610740 [cm-1]
(   0.000000  0.000000  -0.000000  0.000000   0.000000  0.000000 )
(   0.000000  0.000000   0.000000  0.000000   0.490802  0.000000 )
(   0.000000  0.000000  -0.000000  0.000000  -0.490802  0.000000 )
(  -0.000000  0.000000   0.000000  0.000000  -0.201511  0.000000 )
(   0.000000  0.000000  -0.000000  0.000000   0.201511  0.000000 )
(   0.018066  0.000000   0.010430  0.000000   0.269073  0.000000 )
(  -0.000000  0.000000  -0.020861  0.000000   0.269073  0.000000 )
(  -0.018066  0.000000   0.010430  0.000000   0.269073  0.000000 )
(  -0.000000  0.000000   0.020861  0.000000  -0.269073  0.000000 )
(   0.018066  0.000000  -0.010430  0.000000  -0.269073  0.000000 )
(  -0.018066  0.000000  -0.010430  0.000000  -0.269073  0.000000 )
   freq (   13) =    34.26440850 [THz] =  1142.93747838 [cm-1]
(  -0.000000  0.000000   0.000000  0.000000   0.000000  0.000000 )
(   0.019505  0.000000  -0.000007  0.000000   0.000000  0.000000 )
(  -0.019505  0.000000   0.000007  0.000000  -0.000000  0.000000 )
(   0.420516  0.000000  -0.000146  0.000000  -0.000000  0.000000 )
(  -0.420516  0.000000   0.000146  0.000000  -0.000000  0.000000 )
(   0.160686  0.000000   0.004048  0.000000   0.351728  0.000000 )
(   0.153583  0.000000  -0.000056  0.000000   0.000141  0.000000 )
(   0.160689  0.000000  -0.004156  0.000000  -0.351868  0.000000 )
(  -0.153583  0.000000   0.000056  0.000000  -0.000141  0.000000 )
(  -0.160689  0.000000   0.004156  0.000000   0.351868  0.000000 )
(  -0.160686  0.000000  -0.004048  0.000000  -0.351728  0.000000 )
   freq (   14) =    34.26440850 [THz] =  1142.93747838 [cm-1]
(  -0.000000  0.000000   0.000000  0.000000  -0.000000  0.000000 )
(  -0.000007  0.000000  -0.019505  0.000000   0.000000  0.000000 )
(   0.000007  0.000000   0.019505  0.000000  -0.000000  0.000000 )
(  -0.000146  0.000000  -0.420516  0.000000   0.000000  0.000000 )
(   0.000146  0.000000   0.420516  0.000000  -0.000000  0.000000 )
(  -0.004157  0.000000  -0.155953  0.000000  -0.203232  0.000000 )
(  -0.000053  0.000000  -0.163055  0.000000   0.406221  0.000000 )
(   0.004046  0.000000  -0.155950  0.000000  -0.202989  0.000000 )
(   0.000053  0.000000   0.163055  0.000000  -0.406221  0.000000 )
(  -0.004046  0.000000   0.155950  0.000000   0.202989  0.000000 )
(   0.004157  0.000000   0.155953  0.000000   0.203232  0.000000 )
   freq (   15) =    34.30396685 [THz] =  1144.25700269 [cm-1]
(   0.000000  0.000000   0.000000  0.000000  -0.000000  0.000000 )
(  -0.000000  0.000000   0.000000  0.000000   0.000000  0.000000 )
(  -0.000000  0.000000   0.000000  0.000000  -0.000000  0.000000 )
(   0.000000  0.000000  -0.000000  0.000000   0.000000  0.000000 )
(   0.000000  0.000000  -0.000000  0.000000   0.000000  0.000000 )
(   0.204124  0.000000  -0.353553  0.000000  -0.000000  0.000000 )
(  -0.408248  0.000000   0.000000  0.000000  -0.000000  0.000000 )
(   0.204124  0.000000   0.353553  0.000000   0.000000  0.000000 )
(  -0.408248  0.000000  -0.000000  0.000000  -0.000000  0.000000 )
(   0.204124  0.000000   0.353553  0.000000   0.000000  0.000000 )
(   0.204124  0.000000  -0.353553  0.000000  -0.000000  0.000000 )
   freq (   16) =    34.31896016 [THz] =  1144.75712558 [cm-1]
(   0.000000  0.000000  -0.000000  0.000000  -0.000000  0.000000 )
(   0.000000  0.000000   0.000000  0.000000  -0.000000  0.000000 )
(  -0.000000  0.000000   0.000000  0.000000  -0.000000  0.000000 )
(  -0.000000  0.000000   0.000000  0.000000   0.000000  0.000000 )
(   0.000000  0.000000  -0.000000  0.000000   0.000000  0.000000 )
(   0.204124  0.000000  -0.353553  0.000000  -0.000000  0.000000 )
(  -0.408248  0.000000   0.000000  0.000000  -0.000000  0.000000 )
(   0.204124  0.000000   0.353553  0.000000   0.000000  0.000000 )
(   0.408248  0.000000  -0.000000  0.000000   0.000000  0.000000 )
(  -0.204124  0.000000  -0.353553  0.000000  -0.000000  0.000000 )
(  -0.204124  0.000000   0.353553  0.000000   0.000000  0.000000 )
   freq (   17) =    34.39320306 [THz] =  1147.23360180 [cm-1]
(   0.000088  0.000000  -0.000000  0.000000  -0.000000  0.000000 )
(  -0.041133  0.000000   0.000000  0.000000  -0.000000  0.000000 )
(  -0.041133  0.000000   0.000000  0.000000   0.000000  0.000000 )
(   0.425451  0.000000  -0.000000  0.000000   0.000000  0.000000 )
(   0.425451  0.000000  -0.000000  0.000000   0.000000  0.000000 )
(  -0.122605  0.000000   0.013033  0.000000  -0.364568  0.000000 )
(  -0.145179  0.000000   0.000000  0.000000  -0.000000  0.000000 )
(  -0.122605  0.000000  -0.013033  0.000000   0.364568  0.000000 )
(  -0.145179  0.000000   0.000000  0.000000  -0.000000  0.000000 )
(  -0.122605  0.000000  -0.013033  0.000000   0.364568  0.000000 )
(  -0.122605  0.000000   0.013033  0.000000  -0.364568  0.000000 )
   freq (   18) =    34.39320306 [THz] =  1147.23360180 [cm-1]
(  -0.000000  0.000000  -0.000088  0.000000   0.000000  0.000000 )
(   0.000000  0.000000   0.041133  0.000000  -0.000000  0.000000 )
(   0.000000  0.000000   0.041133  0.000000  -0.000000  0.000000 )
(  -0.000000  0.000000  -0.425451  0.000000   0.000000  0.000000 )
(  -0.000000  0.000000  -0.425451  0.000000   0.000000  0.000000 )
(  -0.013033  0.000000   0.137654  0.000000   0.210483  0.000000 )
(   0.000000  0.000000   0.115080  0.000000  -0.420966  0.000000 )
(   0.013033  0.000000   0.137654  0.000000   0.210483  0.000000 )
(   0.000000  0.000000   0.115080  0.000000  -0.420966  0.000000 )
(   0.013033  0.000000   0.137654  0.000000   0.210483  0.000000 )
(  -0.013033  0.000000   0.137654  0.000000   0.210483  0.000000 )
   freq (   19) =    35.26851523 [THz] =  1176.43086884 [cm-1]
(   0.004290  0.000000   0.000000  0.000000  -0.000000  0.000000 )
(   0.548339  0.000000  -0.000000  0.000000  -0.000000  0.000000 )
(   0.548339  0.000000   0.000000  0.000000   0.000000  0.000000 )
(  -0.123952  0.000000  -0.000000  0.000000  -0.000000  0.000000 )
(  -0.123952  0.000000  -0.000000  0.000000  -0.000000  0.000000 )
(  -0.269182  0.000000  -0.050558  0.000000   0.021656  0.000000 )
(  -0.181613  0.000000   0.000000  0.000000   0.000000  0.000000 )
(  -0.269182  0.000000   0.050558  0.000000  -0.021656  0.000000 )
(  -0.181613  0.000000  -0.000000  0.000000  -0.000000  0.000000 )
(  -0.269182  0.000000   0.050558  0.000000  -0.021656  0.000000 )
(  -0.269182  0.000000  -0.050558  0.000000   0.021656  0.000000 )
   freq (   20) =    35.26851523 [THz] =  1176.43086884 [cm-1]
(  -0.000000  0.000000   0.004290  0.000000   0.000000  0.000000 )
(   0.000000  0.000000   0.548339  0.000000  -0.000000  0.000000 )
(  -0.000000  0.000000   0.548339  0.000000  -0.000000  0.000000 )
(   0.000000  0.000000  -0.123952  0.000000   0.000000  0.000000 )
(  -0.000000  0.000000  -0.123952  0.000000   0.000000  0.000000 )
(  -0.050558  0.000000  -0.210802  0.000000   0.012503  0.000000 )
(   0.000000  0.000000  -0.298371  0.000000  -0.025006  0.000000 )
(   0.050558  0.000000  -0.210802  0.000000   0.012503  0.000000 )
(   0.000000  0.000000  -0.298371  0.000000  -0.025006  0.000000 )
(   0.050558  0.000000  -0.210802  0.000000   0.012503  0.000000 )
(  -0.050558  0.000000  -0.210802  0.000000   0.012503  0.000000 )
   freq (   21) =    36.23325497 [THz] =  1208.61111818 [cm-1]
(   0.000000  0.000000  -0.000000  0.000000  -0.005690  0.000000 )
(   0.000000  0.000000   0.000000  0.000000  -0.528261  0.000000 )
(  -0.000000  0.000000   0.000000  0.000000  -0.528261  0.000000 )
(   0.000000  0.000000  -0.000000  0.000000   0.301193  0.000000 )
(   0.000000  0.000000  -0.000000  0.000000   0.301193  0.000000 )
(  -0.024729  0.000000  -0.014277  0.000000   0.206366  0.000000 )
(  -0.000000  0.000000   0.028555  0.000000   0.206366  0.000000 )
(   0.024729  0.000000  -0.014277  0.000000   0.206366  0.000000 )
(  -0.000000  0.000000   0.028555  0.000000   0.206366  0.000000 )
(   0.024729  0.000000  -0.014277  0.000000   0.206366  0.000000 )
(  -0.024729  0.000000  -0.014277  0.000000   0.206366  0.000000 )
   freq (   22) =    36.31360861 [THz] =  1211.29142657 [cm-1]
(   0.000119  0.000000  -0.000000  0.000000  -0.000000  0.000000 )
(   0.013111  0.000000  -0.000000  0.000000  -0.000000  0.000000 )
(   0.013111  0.000000  -0.000000  0.000000  -0.000000  0.000000 )
(  -0.359140  0.000000   0.000000  0.000000   0.000000  0.000000 )
(  -0.359140  0.000000   0.000000  0.000000   0.000000  0.000000 )
(  -0.006415  0.000000  -0.206147  0.000000  -0.285326  0.000000 )
(   0.350642  0.000000   0.000000  0.000000  -0.000000  0.000000 )
(  -0.006415  0.000000   0.206147  0.000000   0.285326  0.000000 )
(   0.350642  0.000000   0.000000  0.000000  -0.000000  0.000000 )
(  -0.006415  0.000000   0.206147  0.000000   0.285326  0.000000 )
(  -0.006415  0.000000  -0.206147  0.000000  -0.285326  0.000000 )
   freq (   23) =    36.31360861 [THz] =  1211.29142657 [cm-1]
(  -0.000000  0.000000  -0.000119  0.000000  -0.000000  0.000000 )
(  -0.000000  0.000000  -0.013111  0.000000  -0.000000  0.000000 )
(  -0.000000  0.000000  -0.013111  0.000000  -0.000000  0.000000 )
(   0.000000  0.000000   0.359140  0.000000   0.000000  0.000000 )
(   0.000000  0.000000   0.359140  0.000000   0.000000  0.000000 )
(   0.206147  0.000000  -0.231623  0.000000   0.164733  0.000000 )
(  -0.000000  0.000000   0.125434  0.000000  -0.329466  0.000000 )
(  -0.206147  0.000000  -0.231623  0.000000   0.164733  0.000000 )
(  -0.000000  0.000000   0.125434  0.000000  -0.329466  0.000000 )
(  -0.206147  0.000000  -0.231623  0.000000   0.164733  0.000000 )
(   0.206147  0.000000  -0.231623  0.000000   0.164733  0.000000 )
   freq (   24) =    43.09560640 [THz] =  1437.51448976 [cm-1]
(   0.000000  0.000000   0.000000  0.000000  -0.000000  0.000000 )
(  -0.002198  0.000000   0.000000  0.000000   0.000000  0.000000 )
(   0.002198  0.000000  -0.000000  0.000000  -0.000000  0.000000 )
(  -0.366271  0.000000   0.000003  0.000000  -0.000000  0.000000 )
(   0.366271  0.000000  -0.000003  0.000000   0.000000  0.000000 )
(   0.009622  0.000000   0.203710  0.000000   0.287113  0.000000 )
(  -0.343208  0.000000  -0.000001  0.000000   0.000003  0.000000 )
(   0.009626  0.000000  -0.203706  0.000000  -0.287116  0.000000 )
(   0.343208  0.000000   0.000001  0.000000  -0.000003  0.000000 )
(  -0.009626  0.000000   0.203706  0.000000   0.287116  0.000000 )
(  -0.009622  0.000000  -0.203710  0.000000  -0.287113  0.000000 )
   freq (   25) =    43.09560640 [THz] =  1437.51448976 [cm-1]
(   0.000000  0.000000  -0.000000  0.000000  -0.000000  0.000000 )
(   0.000000  0.000000   0.002198  0.000000   0.000000  0.000000 )
(  -0.000000  0.000000  -0.002198  0.000000  -0.000000  0.000000 )
(   0.000003  0.000000   0.366271  0.000000   0.000000  0.000000 )
(  -0.000003  0.000000  -0.366271  0.000000  -0.000000  0.000000 )
(  -0.203708  0.000000   0.225596  0.000000  -0.165768  0.000000 )
(   0.000003  0.000000  -0.127235  0.000000   0.331532  0.000000 )
(   0.203708  0.000000   0.225599  0.000000  -0.165763  0.000000 )
(  -0.000003  0.000000   0.127235  0.000000  -0.331532  0.000000 )
(  -0.203708  0.000000  -0.225599  0.000000   0.165763  0.000000 )
(   0.203708  0.000000  -0.225596  0.000000   0.165768  0.000000 )
   freq (   26) =    45.06244818 [THz] =  1503.12126044 [cm-1]
(  -0.006211  0.000000   0.000000  0.000000  -0.000000  0.000000 )
(  -0.001194  0.000000   0.000000  0.000000   0.000000  0.000000 )
(  -0.001194  0.000000   0.000000  0.000000   0.000000  0.000000 )
(   0.363379  0.000000  -0.000000  0.000000  -0.000000  0.000000 )
(   0.363379  0.000000  -0.000000  0.000000  -0.000000  0.000000 )
(  -0.136501  0.000000  -0.274407  0.000000   0.180687  0.000000 )
(   0.338786  0.000000   0.000000  0.000000   0.000000  0.000000 )
(  -0.136501  0.000000   0.274407  0.000000  -0.180687  0.000000 )
(   0.338786  0.000000   0.000000  0.000000   0.000000  0.000000 )
(  -0.136501  0.000000   0.274407  0.000000  -0.180687  0.000000 )
(  -0.136501  0.000000  -0.274407  0.000000   0.180687  0.000000 )
   freq (   27) =    45.06244818 [THz] =  1503.12126044 [cm-1]
(  -0.000000  0.000000  -0.006211  0.000000   0.000000  0.000000 )
(  -0.000000  0.000000  -0.001194  0.000000  -0.000000  0.000000 )
(  -0.000000  0.000000  -0.001194  0.000000  -0.000000  0.000000 )
(   0.000000  0.000000   0.363379  0.000000   0.000000  0.000000 )
(   0.000000  0.000000   0.363379  0.000000   0.000000  0.000000 )
(  -0.274407  0.000000   0.180357  0.000000   0.104320  0.000000 )
(   0.000000  0.000000  -0.294930  0.000000  -0.208639  0.000000 )
(   0.274407  0.000000   0.180357  0.000000   0.104320  0.000000 )
(   0.000000  0.000000  -0.294930  0.000000  -0.208639  0.000000 )
(   0.274407  0.000000   0.180357  0.000000   0.104320  0.000000 )
(  -0.274407  0.000000   0.180357  0.000000   0.104320  0.000000 )
   freq (   28) =    45.34323214 [THz] =  1512.48720375 [cm-1]
(   0.000000  0.000000  -0.000000  0.000000  -0.005509  0.000000 )
(  -0.000000  0.000000   0.000000  0.000000   0.031949  0.000000 )
(  -0.000000  0.000000   0.000000  0.000000   0.031949  0.000000 )
(  -0.000000  0.000000   0.000000  0.000000  -0.385652  0.000000 )
(  -0.000000  0.000000   0.000000  0.000000  -0.385652  0.000000 )
(   0.206761  0.000000   0.119373  0.000000   0.244429  0.000000 )
(  -0.000000  0.000000  -0.238747  0.000000   0.244429  0.000000 )
(  -0.206761  0.000000   0.119373  0.000000   0.244429  0.000000 )
(  -0.000000  0.000000  -0.238747  0.000000   0.244429  0.000000 )
(  -0.206761  0.000000   0.119373  0.000000   0.244429  0.000000 )
(   0.206761  0.000000   0.119373  0.000000   0.244429  0.000000 )
   freq (   29) =    47.74771823 [THz] =  1592.69221506 [cm-1]
(   0.000000  0.000000   0.000000  0.000000  -0.000000  0.000000 )
(   0.339324  0.000000  -0.000085  0.000000   0.000000  0.000000 )
(  -0.339324  0.000000   0.000085  0.000000  -0.000000  0.000000 )
(   0.320148  0.000000  -0.000081  0.000000  -0.000000  0.000000 )
(  -0.320148  0.000000   0.000081  0.000000   0.000000  0.000000 )
(   0.068935  0.000000   0.232982  0.000000  -0.161948  0.000000 )
(  -0.334456  0.000000  -0.000051  0.000000  -0.000047  0.000000 )
(   0.069052  0.000000  -0.232881  0.000000   0.161995  0.000000 )
(   0.334456  0.000000   0.000051  0.000000   0.000047  0.000000 )
(  -0.069052  0.000000   0.232881  0.000000  -0.161995  0.000000 )
(  -0.068935  0.000000  -0.232982  0.000000   0.161948  0.000000 )
   freq (   30) =    47.74771823 [THz] =  1592.69221506 [cm-1]
(   0.000000  0.000000  -0.000000  0.000000   0.000000  0.000000 )
(   0.000085  0.000000   0.339324  0.000000  -0.000000  0.000000 )
(  -0.000085  0.000000  -0.339324  0.000000   0.000000  0.000000 )
(   0.000081  0.000000   0.320148  0.000000   0.000000  0.000000 )
(  -0.000081  0.000000  -0.320148  0.000000  -0.000000  0.000000 )
(   0.232949  0.000000  -0.199914  0.000000  -0.093555  0.000000 )
(  -0.000084  0.000000   0.203477  0.000000   0.187029  0.000000 )
(  -0.232914  0.000000  -0.200031  0.000000  -0.093474  0.000000 )
(   0.000084  0.000000  -0.203477  0.000000  -0.187029  0.000000 )
(   0.232914  0.000000   0.200031  0.000000   0.093474  0.000000 )
(  -0.232949  0.000000   0.199914  0.000000   0.093555  0.000000 )
   freq (   31) =    47.81477457 [THz] =  1594.92897355 [cm-1]
(   0.000000  0.000000  -0.000000  0.000000  -0.000000  0.000000 )
(   0.000000  0.000000  -0.000000  0.000000  -0.348039  0.000000 )
(  -0.000000  0.000000   0.000000  0.000000   0.348039  0.000000 )
(   0.000000  0.000000  -0.000000  0.000000   0.259926  0.000000 )
(  -0.000000  0.000000   0.000000  0.000000  -0.259926  0.000000 )
(   0.162350  0.000000   0.093733  0.000000   0.261965  0.000000 )
(  -0.000000  0.000000  -0.187466  0.000000   0.261965  0.000000 )
(  -0.162350  0.000000   0.093733  0.000000   0.261965  0.000000 )
(   0.000000  0.000000   0.187466  0.000000  -0.261965  0.000000 )
(   0.162350  0.000000  -0.093733  0.000000  -0.261965  0.000000 )
(  -0.162350  0.000000  -0.093733  0.000000  -0.261965  0.000000 )
   freq (   32) =    49.08222475 [THz] =  1637.20655460 [cm-1]
(   0.000000  0.000000  -0.000000  0.000000   0.000237  0.000000 )
(   0.000000  0.000000   0.000000  0.000000   0.004090  0.000000 )
(  -0.000000  0.000000   0.000000  0.000000   0.004090  0.000000 )
(  -0.000000  0.000000   0.000000  0.000000   0.362955  0.000000 )
(  -0.000000  0.000000   0.000000  0.000000   0.362955  0.000000 )
(   0.282510  0.000000   0.163107  0.000000  -0.127801  0.000000 )
(  -0.000000  0.000000  -0.326215  0.000000  -0.127801  0.000000 )
(  -0.282510  0.000000   0.163107  0.000000  -0.127801  0.000000 )
(  -0.000000  0.000000  -0.326215  0.000000  -0.127801  0.000000 )
(  -0.282510  0.000000   0.163107  0.000000  -0.127801  0.000000 )
(   0.282510  0.000000   0.163107  0.000000  -0.127801  0.000000 )
   freq (   33) =    60.34236048 [THz] =  2012.80419959 [cm-1]
(  -0.000000  0.000000  -0.000000  0.000000  -0.000000  0.000000 )
(  -0.000000  0.000000  -0.000000  0.000000   0.002832  0.000000 )
(   0.000000  0.000000   0.000000  0.000000  -0.002832  0.000000 )
(   0.000000  0.000000  -0.000000  0.000000  -0.359350  0.000000 )
(  -0.000000  0.000000   0.000000  0.000000   0.359350  0.000000 )
(   0.287098  0.000000   0.165756  0.000000  -0.117130  0.000000 )
(   0.000000  0.000000  -0.331512  0.000000  -0.117130  0.000000 )
(  -0.287098  0.000000   0.165756  0.000000  -0.117130  0.000000 )
(  -0.000000  0.000000   0.331512  0.000000   0.117130  0.000000 )
(   0.287098  0.000000  -0.165756  0.000000   0.117130  0.000000 )
(  -0.287098  0.000000  -0.165756  0.000000   0.117130  0.000000 )
***************************************************************************
