Dynamical matrix file
File generated with the CellConstructor by Lorenzo Monacelli
2 11 0     1.8897259890000000     0.0000000000000000     0.0000000000000000     0.0000000000000000     0.0000000000000000     0.0000000000000000
Basis vectors
    1.8053313283571488    -1.0423085284018450     2.9420368635541490
   -0.0000000000000033     2.0846170568036819     2.9420368635541485
   -1.8053313283571557    -1.0423085284018443     2.9420368635541450
	1  'La '  126604.5951757480361266
	2  'H '    918.7358275894680446
    1     1    -0.0000000000000049    -0.0000000000000036     4.4130553394444396
    2     2    -0.0000000000000025    -0.0000000000000014     2.2044993366886785
    3     2     0.0000000000000025     0.0000000000000014    -2.2044993366886785
    4     2    -0.0000000000000010    -0.0000000000000006     1.0620930225411329
    5     2     0.0000000000000011     0.0000000000000007    -1.0620930225411331
    6     2     0.9352115783025852     0.5399446559117027     6.2407681274137428
    7     2    -0.0000000000000058    -1.0798893118234136     6.2407681274137374
    8     2    -0.9352115783025982     0.5399446559117006     6.2407681274137392
    9     2    -0.0000000000000020     1.0798893118234079     2.5853425477990326
   10     2     0.9352115783025892    -0.5399446559117066     2.5853425477990326
   11     2    -0.9352115783025942    -0.5399446559117058     2.5853425477990295

     Dynamical Matrix in cartesian axes

     q = (     0.000000000000     0.000000000000     0.000000000000 )

    1    1
     0.6315211930863345     0.0000000000000000       -0.0000000000000001     0.0000000000000000        0.0000000000000003     0.0000000000000000
    -0.0000000000000002     0.0000000000000000        0.6315211930883027     0.0000000000000000        0.0000000000000004     0.0000000000000000
     0.0000000000000002     0.0000000000000000        0.0000000000000003     0.0000000000000000        0.6300843683107836     0.0000000000000000
    1    2
    -0.0340190819955862     0.0000000000000000        0.0000000000000000     0.0000000000000000       -0.0000000000000000     0.0000000000000000
     0.0000000000000000     0.0000000000000000       -0.0340190819956923     0.0000000000000000       -0.0000000000000000     0.0000000000000000
    -0.0000000000000000     0.0000000000000000       -0.0000000000000000     0.0000000000000000       -0.0363244291826159     0.0000000000000000
    1    3
    -0.0340190819955862     0.0000000000000000        0.0000000000000000     0.0000000000000000       -0.0000000000000000     0.0000000000000000
     0.0000000000000000     0.0000000000000000       -0.0340190819956923     0.0000000000000000       -0.0000000000000000     0.0000000000000000
    -0.0000000000000000     0.0000000000000000       -0.0000000000000000     0.0000000000000000       -0.0363244291826159     0.0000000000000000
    1    4
    -0.0912959675082990     0.0000000000000000        0.0000000000000000     0.0000000000000000       -0.0000000000000001     0.0000000000000000
     0.0000000000000000     0.0000000000000000       -0.0912959675085835     0.0000000000000000       -0.0000000000000001     0.0000000000000000
    -0.0000000000000001     0.0000000000000000       -0.0000000000000001     0.0000000000000000       -0.0252585700695986     0.0000000000000000
    1    5
    -0.0912959675082990     0.0000000000000000        0.0000000000000000     0.0000000000000000       -0.0000000000000001     0.0000000000000000
     0.0000000000000000     0.0000000000000000       -0.0912959675085835     0.0000000000000000       -0.0000000000000001     0.0000000000000000
    -0.0000000000000001     0.0000000000000000       -0.0000000000000001     0.0000000000000000       -0.0252585700695986     0.0000000000000000
    1    6
    -0.0484576862859942     0.0000000000000000        0.0260226131845597     0.0000000000000000       -0.0188515100501744     0.0000000000000000
     0.0260226131845596     0.0000000000000000       -0.0785060117404382     0.0000000000000000       -0.0108839244021161     0.0000000000000000
    -0.0174996982563586     0.0000000000000000       -0.0101034554990616     0.0000000000000000       -0.0844863949677258     0.0000000000000000
    1    7
    -0.0935301744672930     0.0000000000000000       -0.0000000000000000     0.0000000000000000       -0.0000000000000000     0.0000000000000000
    -0.0000000000000000     0.0000000000000000       -0.0334335235589989     0.0000000000000000        0.0217678488042322     0.0000000000000000
    -0.0000000000000001     0.0000000000000000        0.0202069109981233     0.0000000000000000       -0.0844863949677256     0.0000000000000000
    1    8
    -0.0484576862859943     0.0000000000000000       -0.0260226131845596     0.0000000000000000        0.0188515100501744     0.0000000000000000
    -0.0260226131845596     0.0000000000000000       -0.0785060117404381     0.0000000000000000       -0.0108839244021162     0.0000000000000000
     0.0174996982563586     0.0000000000000000       -0.0101034554990617     0.0000000000000000       -0.0844863949677257     0.0000000000000000
    1    9
    -0.0935301744672930     0.0000000000000000       -0.0000000000000000     0.0000000000000000       -0.0000000000000000     0.0000000000000000
    -0.0000000000000000     0.0000000000000000       -0.0334335235589989     0.0000000000000000        0.0217678488042322     0.0000000000000000
    -0.0000000000000001     0.0000000000000000        0.0202069109981233     0.0000000000000000       -0.0844863949677256     0.0000000000000000
    1   10
    -0.0484576862859943     0.0000000000000000       -0.0260226131845596     0.0000000000000000        0.0188515100501744     0.0000000000000000
    -0.0260226131845596     0.0000000000000000       -0.0785060117404381     0.0000000000000000       -0.0108839244021162     0.0000000000000000
     0.0174996982563586     0.0000000000000000       -0.0101034554990617     0.0000000000000000       -0.0844863949677257     0.0000000000000000
    1   11
    -0.0484576862859942     0.0000000000000000        0.0260226131845597     0.0000000000000000       -0.0188515100501744     0.0000000000000000
     0.0260226131845596     0.0000000000000000       -0.0785060117404382     0.0000000000000000       -0.0108839244021161     0.0000000000000000
    -0.0174996982563586     0.0000000000000000       -0.0101034554990616     0.0000000000000000       -0.0844863949677257     0.0000000000000000
    2    1
    -0.0340190819955862     0.0000000000000000        0.0000000000000000     0.0000000000000000       -0.0000000000000000     0.0000000000000000
     0.0000000000000000     0.0000000000000000       -0.0340190819956923     0.0000000000000000       -0.0000000000000000     0.0000000000000000
    -0.0000000000000000     0.0000000000000000       -0.0000000000000000     0.0000000000000000       -0.0363244291826159     0.0000000000000000
    2    2
     0.0921453088648205     0.0000000000000000       -0.0000000000000000     0.0000000000000000        0.0000000000000000     0.0000000000000000
    -0.0000000000000000     0.0000000000000000        0.0921453088651076     0.0000000000000000        0.0000000000000000     0.0000000000000000
     0.0000000000000000     0.0000000000000000        0.0000000000000000     0.0000000000000000        0.0932636728602688     0.0000000000000000
    2    3
    -0.0075141791242578     0.0000000000000000        0.0000000000000000     0.0000000000000000       -0.0000000000000000     0.0000000000000000
     0.0000000000000000     0.0000000000000000       -0.0075141791242812     0.0000000000000000       -0.0000000000000000     0.0000000000000000
    -0.0000000000000000     0.0000000000000000       -0.0000000000000000     0.0000000000000000       -0.0057771757810701     0.0000000000000000
    2    4
     0.0085268018869557     0.0000000000000000       -0.0000000000000000     0.0000000000000000        0.0000000000000000     0.0000000000000000
     0.0000000000000000     0.0000000000000000        0.0085268018869823     0.0000000000000000        0.0000000000000000     0.0000000000000000
     0.0000000000000000     0.0000000000000000        0.0000000000000000     0.0000000000000000       -0.0216077538751724     0.0000000000000000
    2    5
    -0.0184600659280617     0.0000000000000000        0.0000000000000000     0.0000000000000000       -0.0000000000000000     0.0000000000000000
     0.0000000000000000     0.0000000000000000       -0.0184600659281192     0.0000000000000000       -0.0000000000000000     0.0000000000000000
    -0.0000000000000000     0.0000000000000000       -0.0000000000000000     0.0000000000000000        0.0032619318474923     0.0000000000000000
    2    6
    -0.0035002362450659     0.0000000000000000        0.0088030448637503     0.0000000000000000       -0.0053266071572919     0.0000000000000000
     0.0088030448637503     0.0000000000000000       -0.0136651168886418     0.0000000000000000       -0.0030753180761346     0.0000000000000000
    -0.0061606350563535     0.0000000000000000       -0.0035568443081703     0.0000000000000000       -0.0162798582890887     0.0000000000000000
    2    7
    -0.0187475572103659     0.0000000000000000       -0.0000000000000000     0.0000000000000000       -0.0000000000000000     0.0000000000000000
    -0.0000000000000000     0.0000000000000000        0.0015822040767057     0.0000000000000000        0.0061506361522693     0.0000000000000000
    -0.0000000000000000     0.0000000000000000        0.0071136886163406     0.0000000000000000       -0.0162798582890886     0.0000000000000000
    2    8
    -0.0035002362450659     0.0000000000000000       -0.0088030448637503     0.0000000000000000        0.0053266071572919     0.0000000000000000
    -0.0088030448637503     0.0000000000000000       -0.0136651168886418     0.0000000000000000       -0.0030753180761347     0.0000000000000000
     0.0061606350563535     0.0000000000000000       -0.0035568443081703     0.0000000000000000       -0.0162798582890886     0.0000000000000000
    2    9
     0.0092929819235469     0.0000000000000000        0.0000000000000000     0.0000000000000000        0.0000000000000000     0.0000000000000000
     0.0000000000000000     0.0000000000000000       -0.0192468179258554     0.0000000000000000       -0.0098183002576382     0.0000000000000000
     0.0000000000000000     0.0000000000000000       -0.0097403507061637     0.0000000000000000        0.0053411096661211     0.0000000000000000
    2   10
    -0.0121118679634598     0.0000000000000000        0.0123580958442461     0.0000000000000000       -0.0085028974450847     0.0000000000000000
     0.0123580958442461     0.0000000000000000        0.0021580319612180     0.0000000000000000        0.0049091501288191     0.0000000000000000
    -0.0084353911532943     0.0000000000000000        0.0048701753530819     0.0000000000000000        0.0053411096661211     0.0000000000000000
    2   11
    -0.0121118679634598     0.0000000000000000       -0.0123580958442461     0.0000000000000000        0.0085028974450847     0.0000000000000000
    -0.0123580958442461     0.0000000000000000        0.0021580319612180     0.0000000000000000        0.0049091501288191     0.0000000000000000
     0.0084353911532943     0.0000000000000000        0.0048701753530818     0.0000000000000000        0.0053411096661211     0.0000000000000000
    3    1
    -0.0340190819955862     0.0000000000000000        0.0000000000000000     0.0000000000000000       -0.0000000000000000     0.0000000000000000
     0.0000000000000000     0.0000000000000000       -0.0340190819956923     0.0000000000000000       -0.0000000000000000     0.0000000000000000
    -0.0000000000000000     0.0000000000000000       -0.0000000000000000     0.0000000000000000       -0.0363244291826159     0.0000000000000000
    3    2
    -0.0075141791242578     0.0000000000000000        0.0000000000000000     0.0000000000000000       -0.0000000000000000     0.0000000000000000
     0.0000000000000000     0.0000000000000000       -0.0075141791242812     0.0000000000000000       -0.0000000000000000     0.0000000000000000
    -0.0000000000000000     0.0000000000000000       -0.0000000000000000     0.0000000000000000       -0.0057771757810701     0.0000000000000000
    3    3
     0.0921453088648205     0.0000000000000000       -0.0000000000000000     0.0000000000000000        0.0000000000000000     0.0000000000000000
    -0.0000000000000000     0.0000000000000000        0.0921453088651076     0.0000000000000000        0.0000000000000000     0.0000000000000000
     0.0000000000000000     0.0000000000000000        0.0000000000000000     0.0000000000000000        0.0932636728602688     0.0000000000000000
    3    4
    -0.0184600659280617     0.0000000000000000        0.0000000000000000     0.0000000000000000       -0.0000000000000000     0.0000000000000000
     0.0000000000000000     0.0000000000000000       -0.0184600659281192     0.0000000000000000       -0.0000000000000000     0.0000000000000000
    -0.0000000000000000     0.0000000000000000       -0.0000000000000000     0.0000000000000000        0.0032619318474923     0.0000000000000000
    3    5
     0.0085268018869557     0.0000000000000000       -0.0000000000000000     0.0000000000000000        0.0000000000000000     0.0000000000000000
     0.0000000000000000     0.0000000000000000        0.0085268018869823     0.0000000000000000        0.0000000000000000     0.0000000000000000
     0.0000000000000000     0.0000000000000000        0.0000000000000000     0.0000000000000000       -0.0216077538751724     0.0000000000000000
    3    6
    -0.0121118679634598     0.0000000000000000       -0.0123580958442461     0.0000000000000000        0.0085028974450847     0.0000000000000000
    -0.0123580958442461     0.0000000000000000        0.0021580319612180     0.0000000000000000        0.0049091501288191     0.0000000000000000
     0.0084353911532943     0.0000000000000000        0.0048701753530818     0.0000000000000000        0.0053411096661211     0.0000000000000000
    3    7
     0.0092929819235469     0.0000000000000000        0.0000000000000000     0.0000000000000000        0.0000000000000000     0.0000000000000000
     0.0000000000000000     0.0000000000000000       -0.0192468179258554     0.0000000000000000       -0.0098183002576382     0.0000000000000000
     0.0000000000000000     0.0000000000000000       -0.0097403507061637     0.0000000000000000        0.0053411096661211     0.0000000000000000
    3    8
    -0.0121118679634598     0.0000000000000000        0.0123580958442461     0.0000000000000000       -0.0085028974450847     0.0000000000000000
     0.0123580958442461     0.0000000000000000        0.0021580319612180     0.0000000000000000        0.0049091501288191     0.0000000000000000
    -0.0084353911532943     0.0000000000000000        0.0048701753530819     0.0000000000000000        0.0053411096661211     0.0000000000000000
    3    9
    -0.0187475572103659     0.0000000000000000       -0.0000000000000000     0.0000000000000000       -0.0000000000000000     0.0000000000000000
    -0.0000000000000000     0.0000000000000000        0.0015822040767057     0.0000000000000000        0.0061506361522693     0.0000000000000000
    -0.0000000000000000     0.0000000000000000        0.0071136886163406     0.0000000000000000       -0.0162798582890886     0.0000000000000000
    3   10
    -0.0035002362450659     0.0000000000000000       -0.0088030448637503     0.0000000000000000        0.0053266071572919     0.0000000000000000
    -0.0088030448637503     0.0000000000000000       -0.0136651168886418     0.0000000000000000       -0.0030753180761347     0.0000000000000000
     0.0061606350563535     0.0000000000000000       -0.0035568443081703     0.0000000000000000       -0.0162798582890886     0.0000000000000000
    3   11
    -0.0035002362450659     0.0000000000000000        0.0088030448637503     0.0000000000000000       -0.0053266071572919     0.0000000000000000
     0.0088030448637503     0.0000000000000000       -0.0136651168886418     0.0000000000000000       -0.0030753180761346     0.0000000000000000
    -0.0061606350563535     0.0000000000000000       -0.0035568443081703     0.0000000000000000       -0.0162798582890887     0.0000000000000000
    4    1
    -0.0912959675082990     0.0000000000000000        0.0000000000000000     0.0000000000000000       -0.0000000000000001     0.0000000000000000
     0.0000000000000000     0.0000000000000000       -0.0912959675085835     0.0000000000000000       -0.0000000000000001     0.0000000000000000
    -0.0000000000000001     0.0000000000000000       -0.0000000000000001     0.0000000000000000       -0.0252585700695986     0.0000000000000000
    4    2
     0.0085268018869557     0.0000000000000000       -0.0000000000000000     0.0000000000000000        0.0000000000000000     0.0000000000000000
     0.0000000000000000     0.0000000000000000        0.0085268018869823     0.0000000000000000        0.0000000000000000     0.0000000000000000
     0.0000000000000000     0.0000000000000000        0.0000000000000000     0.0000000000000000       -0.0216077538751724     0.0000000000000000
    4    3
    -0.0184600659280617     0.0000000000000000        0.0000000000000000     0.0000000000000000       -0.0000000000000000     0.0000000000000000
     0.0000000000000000     0.0000000000000000       -0.0184600659281192     0.0000000000000000       -0.0000000000000000     0.0000000000000000
    -0.0000000000000000     0.0000000000000000       -0.0000000000000000     0.0000000000000000        0.0032619318474923     0.0000000000000000
    4    4
     0.1223822211671894     0.0000000000000000       -0.0000000000000000     0.0000000000000000        0.0000000000000000     0.0000000000000000
     0.0000000000000000     0.0000000000000000        0.1223822211675709     0.0000000000000000        0.0000000000000000     0.0000000000000000
     0.0000000000000000     0.0000000000000000        0.0000000000000001     0.0000000000000000        0.1445301506664863     0.0000000000000000
    4    5
    -0.0064186066018694     0.0000000000000000        0.0000000000000000     0.0000000000000000        0.0000000000000000     0.0000000000000000
     0.0000000000000000     0.0000000000000000       -0.0064186066018894     0.0000000000000000       -0.0000000000000000     0.0000000000000000
    -0.0000000000000000     0.0000000000000000       -0.0000000000000000     0.0000000000000000       -0.0078292898804485     0.0000000000000000
    4    6
    -0.0022582340074532     0.0000000000000000       -0.0045522251630665     0.0000000000000000       -0.0041318119839823     0.0000000000000000
    -0.0045522251630665     0.0000000000000000        0.0029982228391643     0.0000000000000000       -0.0023855027611968     0.0000000000000000
    -0.0159293996629678     0.0000000000000000       -0.0091968431834579     0.0000000000000000        0.0031679742082795     0.0000000000000000
    4    7
     0.0056264512624591     0.0000000000000000       -0.0000000000000000     0.0000000000000000        0.0000000000000000     0.0000000000000000
    -0.0000000000000000     0.0000000000000000       -0.0048864624307726     0.0000000000000000        0.0047710055223936     0.0000000000000000
     0.0000000000000000     0.0000000000000000        0.0183936863669159     0.0000000000000000        0.0031679742082795     0.0000000000000000
    4    8
    -0.0022582340074533     0.0000000000000000        0.0045522251630665     0.0000000000000000        0.0041318119839823     0.0000000000000000
     0.0045522251630665     0.0000000000000000        0.0029982228391643     0.0000000000000000       -0.0023855027611968     0.0000000000000000
     0.0159293996629678     0.0000000000000000       -0.0091968431834579     0.0000000000000000        0.0031679742082795     0.0000000000000000
    4    9
     0.0061279379974273     0.0000000000000000        0.0000000000000000     0.0000000000000000        0.0000000000000000     0.0000000000000000
     0.0000000000000000     0.0000000000000000       -0.0166908488397912     0.0000000000000000       -0.0210762422572752     0.0000000000000000
     0.0000000000000000     0.0000000000000000       -0.0310861505272461     0.0000000000000000       -0.0342001304378659     0.0000000000000000
    4   10
    -0.0109861521304475     0.0000000000000000        0.0098808245422795     0.0000000000000000       -0.0182525612110870     0.0000000000000000
     0.0098808245422795     0.0000000000000000        0.0004232412881370     0.0000000000000000        0.0105381211286376     0.0000000000000000
    -0.0269213960624202     0.0000000000000000        0.0155430752636231     0.0000000000000000       -0.0342001304378659     0.0000000000000000
    4   11
    -0.0109861521304476     0.0000000000000000       -0.0098808245422795     0.0000000000000000        0.0182525612110870     0.0000000000000000
    -0.0098808245422795     0.0000000000000000        0.0004232412881370     0.0000000000000000        0.0105381211286376     0.0000000000000000
     0.0269213960624202     0.0000000000000000        0.0155430752636231     0.0000000000000000       -0.0342001304378658     0.0000000000000000
    5    1
    -0.0912959675082990     0.0000000000000000        0.0000000000000000     0.0000000000000000       -0.0000000000000001     0.0000000000000000
     0.0000000000000000     0.0000000000000000       -0.0912959675085835     0.0000000000000000       -0.0000000000000001     0.0000000000000000
    -0.0000000000000001     0.0000000000000000       -0.0000000000000001     0.0000000000000000       -0.0252585700695986     0.0000000000000000
    5    2
    -0.0184600659280617     0.0000000000000000        0.0000000000000000     0.0000000000000000       -0.0000000000000000     0.0000000000000000
     0.0000000000000000     0.0000000000000000       -0.0184600659281192     0.0000000000000000       -0.0000000000000000     0.0000000000000000
    -0.0000000000000000     0.0000000000000000       -0.0000000000000000     0.0000000000000000        0.0032619318474923     0.0000000000000000
    5    3
     0.0085268018869557     0.0000000000000000        0.0000000000000000     0.0000000000000000        0.0000000000000000     0.0000000000000000
     0.0000000000000000     0.0000000000000000        0.0085268018869823     0.0000000000000000        0.0000000000000000     0.0000000000000000
     0.0000000000000000     0.0000000000000000        0.0000000000000000     0.0000000000000000       -0.0216077538751724     0.0000000000000000
    5    4
    -0.0064186066018694     0.0000000000000000       -0.0000000000000000     0.0000000000000000        0.0000000000000000     0.0000000000000000
     0.0000000000000000     0.0000000000000000       -0.0064186066018894     0.0000000000000000       -0.0000000000000000     0.0000000000000000
    -0.0000000000000000     0.0000000000000000       -0.0000000000000000     0.0000000000000000       -0.0078292898804485     0.0000000000000000
    5    5
     0.1223822211671894     0.0000000000000000       -0.0000000000000000     0.0000000000000000        0.0000000000000000     0.0000000000000000
    -0.0000000000000000     0.0000000000000000        0.1223822211675709     0.0000000000000000        0.0000000000000000     0.0000000000000000
     0.0000000000000000     0.0000000000000000        0.0000000000000001     0.0000000000000000        0.1445301506664863     0.0000000000000000
    5    6
    -0.0109861521304476     0.0000000000000000       -0.0098808245422795     0.0000000000000000        0.0182525612110870     0.0000000000000000
    -0.0098808245422795     0.0000000000000000        0.0004232412881370     0.0000000000000000        0.0105381211286376     0.0000000000000000
     0.0269213960624202     0.0000000000000000        0.0155430752636231     0.0000000000000000       -0.0342001304378658     0.0000000000000000
    5    7
     0.0061279379974273     0.0000000000000000        0.0000000000000000     0.0000000000000000        0.0000000000000000     0.0000000000000000
     0.0000000000000000     0.0000000000000000       -0.0166908488397912     0.0000000000000000       -0.0210762422572752     0.0000000000000000
     0.0000000000000000     0.0000000000000000       -0.0310861505272461     0.0000000000000000       -0.0342001304378659     0.0000000000000000
    5    8
    -0.0109861521304475     0.0000000000000000        0.0098808245422795     0.0000000000000000       -0.0182525612110870     0.0000000000000000
     0.0098808245422795     0.0000000000000000        0.0004232412881370     0.0000000000000000        0.0105381211286376     0.0000000000000000
    -0.0269213960624202     0.0000000000000000        0.0155430752636231     0.0000000000000000       -0.0342001304378659     0.0000000000000000
    5    9
     0.0056264512624591     0.0000000000000000       -0.0000000000000000     0.0000000000000000        0.0000000000000000     0.0000000000000000
    -0.0000000000000000     0.0000000000000000       -0.0048864624307726     0.0000000000000000        0.0047710055223936     0.0000000000000000
     0.0000000000000000     0.0000000000000000        0.0183936863669159     0.0000000000000000        0.0031679742082795     0.0000000000000000
    5   10
    -0.0022582340074533     0.0000000000000000        0.0045522251630665     0.0000000000000000        0.0041318119839823     0.0000000000000000
     0.0045522251630665     0.0000000000000000        0.0029982228391643     0.0000000000000000       -0.0023855027611968     0.0000000000000000
     0.0159293996629678     0.0000000000000000       -0.0091968431834579     0.0000000000000000        0.0031679742082795     0.0000000000000000
    5   11
    -0.0022582340074532     0.0000000000000000       -0.0045522251630665     0.0000000000000000       -0.0041318119839823     0.0000000000000000
    -0.0045522251630665     0.0000000000000000        0.0029982228391643     0.0000000000000000       -0.0023855027611968     0.0000000000000000
    -0.0159293996629678     0.0000000000000000       -0.0091968431834579     0.0000000000000000        0.0031679742082795     0.0000000000000000
    6    1
    -0.0484576862859943     0.0000000000000000        0.0260226131845597     0.0000000000000000       -0.0174996982563586     0.0000000000000000
     0.0260226131845597     0.0000000000000000       -0.0785060117404382     0.0000000000000000       -0.0101034554990616     0.0000000000000000
    -0.0188515100501744     0.0000000000000000       -0.0108839244021161     0.0000000000000000       -0.0844863949677258     0.0000000000000000
    6    2
    -0.0035002362450659     0.0000000000000000        0.0088030448637503     0.0000000000000000       -0.0061606350563535     0.0000000000000000
     0.0088030448637503     0.0000000000000000       -0.0136651168886418     0.0000000000000000       -0.0035568443081703     0.0000000000000000
    -0.0053266071572919     0.0000000000000000       -0.0030753180761346     0.0000000000000000       -0.0162798582890887     0.0000000000000000
    6    3
    -0.0121118679634598     0.0000000000000000       -0.0123580958442461     0.0000000000000000        0.0084353911532943     0.0000000000000000
    -0.0123580958442461     0.0000000000000000        0.0021580319612180     0.0000000000000000        0.0048701753530818     0.0000000000000000
     0.0085028974450847     0.0000000000000000        0.0049091501288191     0.0000000000000000        0.0053411096661212     0.0000000000000000
    6    4
    -0.0022582340074532     0.0000000000000000       -0.0045522251630665     0.0000000000000000       -0.0159293996629678     0.0000000000000000
    -0.0045522251630665     0.0000000000000000        0.0029982228391643     0.0000000000000000       -0.0091968431834579     0.0000000000000000
    -0.0041318119839823     0.0000000000000000       -0.0023855027611968     0.0000000000000000        0.0031679742082795     0.0000000000000000
    6    5
    -0.0109861521304476     0.0000000000000000       -0.0098808245422795     0.0000000000000000        0.0269213960624202     0.0000000000000000
    -0.0098808245422795     0.0000000000000000        0.0004232412881370     0.0000000000000000        0.0155430752636231     0.0000000000000000
     0.0182525612110870     0.0000000000000000        0.0105381211286376     0.0000000000000000       -0.0342001304378658     0.0000000000000000
    6    6
     0.1379233419617467     0.0000000000000000        0.0084396905771824     0.0000000000000000       -0.0048226170940477     0.0000000000000000
     0.0084396905771824     0.0000000000000000        0.1281780267089346     0.0000000000000000       -0.0027843392774512     0.0000000000000000
    -0.0048226170940477     0.0000000000000000       -0.0027843392774512     0.0000000000000000        0.1258875904488773     0.0000000000000000
    6    7
    -0.0106508236168736     0.0000000000000000       -0.0283592070302682     0.0000000000000000        0.0002378513368923     0.0000000000000000
    -0.0199374201838173     0.0000000000000000       -0.0385348943399536     0.0000000000000000       -0.0031706328192654     0.0000000000000000
     0.0028647742359983     0.0000000000000000        0.0013793311095594     0.0000000000000000        0.0040093821960322     0.0000000000000000
    6    8
    -0.0524769297013133     0.0000000000000000        0.0042108934232255     0.0000000000000000       -0.0026269228991060     0.0000000000000000
    -0.0042108934232255     0.0000000000000000        0.0032912117446165     0.0000000000000000        0.0017913017097058     0.0000000000000000
     0.0026269228991059     0.0000000000000000        0.0017913017097058     0.0000000000000000        0.0040093821960322     0.0000000000000000
    6    9
    -0.0019200214841363     0.0000000000000000        0.0118484470507311     0.0000000000000000        0.0085194260729824     0.0000000000000000
     0.0029346570311081     0.0000000000000000        0.0066150076369792     0.0000000000000000       -0.0008544380560392     0.0000000000000000
     0.0049996780989802     0.0000000000000000       -0.0069508203768582     0.0000000000000000       -0.0007295135571828     0.0000000000000000
    6   10
     0.0108825221975060     0.0000000000000000       -0.0044568950098115     0.0000000000000000        0.0035197479740022     0.0000000000000000
     0.0044568950098115     0.0000000000000000       -0.0061875360447029     0.0000000000000000        0.0078052584328974     0.0000000000000000
    -0.0035197479740022     0.0000000000000000        0.0078052584328974     0.0000000000000000       -0.0007295135571828     0.0000000000000000
    6   11
    -0.0064439127245086     0.0000000000000000        0.0002825584902228     0.0000000000000000       -0.0005945396307576     0.0000000000000000
     0.0002825584902228     0.0000000000000000       -0.0067701831653131     0.0000000000000000       -0.0003432576158624     0.0000000000000000
    -0.0005945396307576     0.0000000000000000       -0.0003432576158624     0.0000000000000000       -0.0059900279062965     0.0000000000000000
    7    1
    -0.0935301744672931     0.0000000000000000       -0.0000000000000000     0.0000000000000000       -0.0000000000000000     0.0000000000000000
    -0.0000000000000000     0.0000000000000000       -0.0334335235589989     0.0000000000000000        0.0202069109981233     0.0000000000000000
    -0.0000000000000000     0.0000000000000000        0.0217678488042322     0.0000000000000000       -0.0844863949677257     0.0000000000000000
    7    2
    -0.0187475572103659     0.0000000000000000       -0.0000000000000000     0.0000000000000000       -0.0000000000000000     0.0000000000000000
    -0.0000000000000000     0.0000000000000000        0.0015822040767057     0.0000000000000000        0.0071136886163406     0.0000000000000000
    -0.0000000000000000     0.0000000000000000        0.0061506361522693     0.0000000000000000       -0.0162798582890886     0.0000000000000000
    7    3
     0.0092929819235469     0.0000000000000000        0.0000000000000000     0.0000000000000000        0.0000000000000000     0.0000000000000000
     0.0000000000000000     0.0000000000000000       -0.0192468179258554     0.0000000000000000       -0.0097403507061637     0.0000000000000000
     0.0000000000000000     0.0000000000000000       -0.0098183002576382     0.0000000000000000        0.0053411096661211     0.0000000000000000
    7    4
     0.0056264512624591     0.0000000000000000       -0.0000000000000000     0.0000000000000000        0.0000000000000000     0.0000000000000000
    -0.0000000000000000     0.0000000000000000       -0.0048864624307726     0.0000000000000000        0.0183936863669159     0.0000000000000000
     0.0000000000000000     0.0000000000000000        0.0047710055223936     0.0000000000000000        0.0031679742082795     0.0000000000000000
    7    5
     0.0061279379974273     0.0000000000000000        0.0000000000000000     0.0000000000000000        0.0000000000000000     0.0000000000000000
     0.0000000000000000     0.0000000000000000       -0.0166908488397912     0.0000000000000000       -0.0310861505272461     0.0000000000000000
     0.0000000000000000     0.0000000000000000       -0.0210762422572752     0.0000000000000000       -0.0342001304378659     0.0000000000000000
    7    6
    -0.0106508236168736     0.0000000000000000       -0.0199374201838173     0.0000000000000000        0.0028647742359983     0.0000000000000000
    -0.0283592070302682     0.0000000000000000       -0.0385348943399535     0.0000000000000000        0.0013793311095594     0.0000000000000000
     0.0002378513368923     0.0000000000000000       -0.0031706328192654     0.0000000000000000        0.0040093821960322     0.0000000000000000
    7    7
     0.1233053690819292     0.0000000000000000        0.0000000000000000     0.0000000000000000        0.0000000000000000     0.0000000000000000
     0.0000000000000000     0.0000000000000000        0.1427959995887976     0.0000000000000000        0.0055686785549027     0.0000000000000000
     0.0000000000000000     0.0000000000000000        0.0055686785549027     0.0000000000000000        0.1258875904488773     0.0000000000000000
    7    8
    -0.0106508236168736     0.0000000000000000        0.0199374201838173     0.0000000000000000       -0.0028647742359983     0.0000000000000000
     0.0283592070302682     0.0000000000000000       -0.0385348943399536     0.0000000000000000        0.0013793311095595     0.0000000000000000
    -0.0002378513368923     0.0000000000000000       -0.0031706328192653     0.0000000000000000        0.0040093821960322     0.0000000000000000
    7    9
    -0.0069333183856837     0.0000000000000000        0.0000000000000000     0.0000000000000000       -0.0000000000000000     0.0000000000000000
     0.0000000000000000     0.0000000000000000       -0.0062807775041365     0.0000000000000000        0.0006865152317247     0.0000000000000000
    -0.0000000000000000     0.0000000000000000        0.0006865152317247     0.0000000000000000       -0.0059900279062965     0.0000000000000000
    7   10
    -0.0019200214841362     0.0000000000000000       -0.0029346570311081     0.0000000000000000       -0.0049996780989802     0.0000000000000000
    -0.0118484470507311     0.0000000000000000        0.0066150076369792     0.0000000000000000       -0.0069508203768582     0.0000000000000000
    -0.0085194260729824     0.0000000000000000       -0.0008544380560392     0.0000000000000000       -0.0007295135571828     0.0000000000000000
    7   11
    -0.0019200214841363     0.0000000000000000        0.0029346570311081     0.0000000000000000        0.0049996780989802     0.0000000000000000
     0.0118484470507311     0.0000000000000000        0.0066150076369792     0.0000000000000000       -0.0069508203768582     0.0000000000000000
     0.0085194260729824     0.0000000000000000       -0.0008544380560392     0.0000000000000000       -0.0007295135571828     0.0000000000000000
    8    1
    -0.0484576862859943     0.0000000000000000       -0.0260226131845596     0.0000000000000000        0.0174996982563586     0.0000000000000000
    -0.0260226131845596     0.0000000000000000       -0.0785060117404382     0.0000000000000000       -0.0101034554990617     0.0000000000000000
     0.0188515100501744     0.0000000000000000       -0.0108839244021162     0.0000000000000000       -0.0844863949677257     0.0000000000000000
    8    2
    -0.0035002362450659     0.0000000000000000       -0.0088030448637503     0.0000000000000000        0.0061606350563535     0.0000000000000000
    -0.0088030448637503     0.0000000000000000       -0.0136651168886418     0.0000000000000000       -0.0035568443081703     0.0000000000000000
     0.0053266071572919     0.0000000000000000       -0.0030753180761347     0.0000000000000000       -0.0162798582890886     0.0000000000000000
    8    3
    -0.0121118679634598     0.0000000000000000        0.0123580958442461     0.0000000000000000       -0.0084353911532943     0.0000000000000000
     0.0123580958442461     0.0000000000000000        0.0021580319612180     0.0000000000000000        0.0048701753530819     0.0000000000000000
    -0.0085028974450847     0.0000000000000000        0.0049091501288191     0.0000000000000000        0.0053411096661211     0.0000000000000000
    8    4
    -0.0022582340074533     0.0000000000000000        0.0045522251630665     0.0000000000000000        0.0159293996629678     0.0000000000000000
     0.0045522251630665     0.0000000000000000        0.0029982228391643     0.0000000000000000       -0.0091968431834579     0.0000000000000000
     0.0041318119839823     0.0000000000000000       -0.0023855027611968     0.0000000000000000        0.0031679742082795     0.0000000000000000
    8    5
    -0.0109861521304475     0.0000000000000000        0.0098808245422795     0.0000000000000000       -0.0269213960624202     0.0000000000000000
     0.0098808245422795     0.0000000000000000        0.0004232412881370     0.0000000000000000        0.0155430752636231     0.0000000000000000
    -0.0182525612110870     0.0000000000000000        0.0105381211286376     0.0000000000000000       -0.0342001304378659     0.0000000000000000
    8    6
    -0.0524769297013133     0.0000000000000000       -0.0042108934232255     0.0000000000000000        0.0026269228991059     0.0000000000000000
     0.0042108934232255     0.0000000000000000        0.0032912117446165     0.0000000000000000        0.0017913017097058     0.0000000000000000
    -0.0026269228991060     0.0000000000000000        0.0017913017097058     0.0000000000000000        0.0040093821960322     0.0000000000000000
    8    7
    -0.0106508236168736     0.0000000000000000        0.0283592070302682     0.0000000000000000       -0.0002378513368923     0.0000000000000000
     0.0199374201838173     0.0000000000000000       -0.0385348943399536     0.0000000000000000       -0.0031706328192653     0.0000000000000000
    -0.0028647742359983     0.0000000000000000        0.0013793311095595     0.0000000000000000        0.0040093821960322     0.0000000000000000
    8    8
     0.1379233419617467     0.0000000000000000       -0.0084396905771825     0.0000000000000000        0.0048226170940478     0.0000000000000000
    -0.0084396905771825     0.0000000000000000        0.1281780267089346     0.0000000000000000       -0.0027843392774512     0.0000000000000000
     0.0048226170940478     0.0000000000000000       -0.0027843392774512     0.0000000000000000        0.1258875904488773     0.0000000000000000
    8    9
    -0.0019200214841362     0.0000000000000000       -0.0118484470507310     0.0000000000000000       -0.0085194260729824     0.0000000000000000
    -0.0029346570311081     0.0000000000000000        0.0066150076369792     0.0000000000000000       -0.0008544380560392     0.0000000000000000
    -0.0049996780989802     0.0000000000000000       -0.0069508203768582     0.0000000000000000       -0.0007295135571828     0.0000000000000000
    8   10
    -0.0064439127245086     0.0000000000000000       -0.0002825584902228     0.0000000000000000        0.0005945396307576     0.0000000000000000
    -0.0002825584902228     0.0000000000000000       -0.0067701831653131     0.0000000000000000       -0.0003432576158624     0.0000000000000000
     0.0005945396307576     0.0000000000000000       -0.0003432576158624     0.0000000000000000       -0.0059900279062965     0.0000000000000000
    8   11
     0.0108825221975060     0.0000000000000000        0.0044568950098115     0.0000000000000000       -0.0035197479740022     0.0000000000000000
    -0.0044568950098115     0.0000000000000000       -0.0061875360447029     0.0000000000000000        0.0078052584328974     0.0000000000000000
     0.0035197479740022     0.0000000000000000        0.0078052584328974     0.0000000000000000       -0.0007295135571828     0.0000000000000000
    9    1
    -0.0935301744672931     0.0000000000000000       -0.0000000000000000     0.0000000000000000       -0.0000000000000000     0.0000000000000000
    -0.0000000000000000     0.0000000000000000       -0.0334335235589989     0.0000000000000000        0.0202069109981233     0.0000000000000000
    -0.0000000000000000     0.0000000000000000        0.0217678488042322     0.0000000000000000       -0.0844863949677257     0.0000000000000000
    9    2
     0.0092929819235469     0.0000000000000000        0.0000000000000000     0.0000000000000000        0.0000000000000000     0.0000000000000000
     0.0000000000000000     0.0000000000000000       -0.0192468179258554     0.0000000000000000       -0.0097403507061637     0.0000000000000000
     0.0000000000000000     0.0000000000000000       -0.0098183002576382     0.0000000000000000        0.0053411096661211     0.0000000000000000
    9    3
    -0.0187475572103659     0.0000000000000000       -0.0000000000000000     0.0000000000000000       -0.0000000000000000     0.0000000000000000
    -0.0000000000000000     0.0000000000000000        0.0015822040767057     0.0000000000000000        0.0071136886163406     0.0000000000000000
    -0.0000000000000000     0.0000000000000000        0.0061506361522693     0.0000000000000000       -0.0162798582890886     0.0000000000000000
    9    4
     0.0061279379974273     0.0000000000000000        0.0000000000000000     0.0000000000000000        0.0000000000000000     0.0000000000000000
     0.0000000000000000     0.0000000000000000       -0.0166908488397912     0.0000000000000000       -0.0310861505272461     0.0000000000000000
     0.0000000000000000     0.0000000000000000       -0.0210762422572752     0.0000000000000000       -0.0342001304378659     0.0000000000000000
    9    5
     0.0056264512624591     0.0000000000000000       -0.0000000000000000     0.0000000000000000        0.0000000000000000     0.0000000000000000
    -0.0000000000000000     0.0000000000000000       -0.0048864624307726     0.0000000000000000        0.0183936863669159     0.0000000000000000
     0.0000000000000000     0.0000000000000000        0.0047710055223936     0.0000000000000000        0.0031679742082795     0.0000000000000000
    9    6
    -0.0019200214841363     0.0000000000000000        0.0029346570311081     0.0000000000000000        0.0049996780989802     0.0000000000000000
     0.0118484470507311     0.0000000000000000        0.0066150076369792     0.0000000000000000       -0.0069508203768582     0.0000000000000000
     0.0085194260729824     0.0000000000000000       -0.0008544380560392     0.0000000000000000       -0.0007295135571828     0.0000000000000000
    9    7
    -0.0069333183856837     0.0000000000000000       -0.0000000000000000     0.0000000000000000       -0.0000000000000000     0.0000000000000000
     0.0000000000000000     0.0000000000000000       -0.0062807775041365     0.0000000000000000        0.0006865152317247     0.0000000000000000
    -0.0000000000000000     0.0000000000000000        0.0006865152317247     0.0000000000000000       -0.0059900279062965     0.0000000000000000
    9    8
    -0.0019200214841362     0.0000000000000000       -0.0029346570311081     0.0000000000000000       -0.0049996780989802     0.0000000000000000
    -0.0118484470507311     0.0000000000000000        0.0066150076369792     0.0000000000000000       -0.0069508203768582     0.0000000000000000
    -0.0085194260729824     0.0000000000000000       -0.0008544380560392     0.0000000000000000       -0.0007295135571828     0.0000000000000000
    9    9
     0.1233053690819292     0.0000000000000000        0.0000000000000000     0.0000000000000000        0.0000000000000000     0.0000000000000000
     0.0000000000000000     0.0000000000000000        0.1427959995887976     0.0000000000000000        0.0055686785549027     0.0000000000000000
     0.0000000000000000     0.0000000000000000        0.0055686785549027     0.0000000000000000        0.1258875904488773     0.0000000000000000
    9   10
    -0.0106508236168736     0.0000000000000000        0.0199374201838173     0.0000000000000000       -0.0028647742359983     0.0000000000000000
     0.0283592070302682     0.0000000000000000       -0.0385348943399536     0.0000000000000000        0.0013793311095595     0.0000000000000000
    -0.0002378513368923     0.0000000000000000       -0.0031706328192653     0.0000000000000000        0.0040093821960322     0.0000000000000000
    9   11
    -0.0106508236168736     0.0000000000000000       -0.0199374201838173     0.0000000000000000        0.0028647742359983     0.0000000000000000
    -0.0283592070302682     0.0000000000000000       -0.0385348943399535     0.0000000000000000        0.0013793311095594     0.0000000000000000
     0.0002378513368923     0.0000000000000000       -0.0031706328192654     0.0000000000000000        0.0040093821960322     0.0000000000000000
   10    1
    -0.0484576862859943     0.0000000000000000       -0.0260226131845596     0.0000000000000000        0.0174996982563586     0.0000000000000000
    -0.0260226131845596     0.0000000000000000       -0.0785060117404382     0.0000000000000000       -0.0101034554990617     0.0000000000000000
     0.0188515100501744     0.0000000000000000       -0.0108839244021162     0.0000000000000000       -0.0844863949677257     0.0000000000000000
   10    2
    -0.0121118679634598     0.0000000000000000        0.0123580958442461     0.0000000000000000       -0.0084353911532943     0.0000000000000000
     0.0123580958442461     0.0000000000000000        0.0021580319612180     0.0000000000000000        0.0048701753530819     0.0000000000000000
    -0.0085028974450847     0.0000000000000000        0.0049091501288191     0.0000000000000000        0.0053411096661211     0.0000000000000000
   10    3
    -0.0035002362450659     0.0000000000000000       -0.0088030448637503     0.0000000000000000        0.0061606350563536     0.0000000000000000
    -0.0088030448637503     0.0000000000000000       -0.0136651168886418     0.0000000000000000       -0.0035568443081703     0.0000000000000000
     0.0053266071572919     0.0000000000000000       -0.0030753180761347     0.0000000000000000       -0.0162798582890886     0.0000000000000000
   10    4
    -0.0109861521304475     0.0000000000000000        0.0098808245422795     0.0000000000000000       -0.0269213960624202     0.0000000000000000
     0.0098808245422794     0.0000000000000000        0.0004232412881370     0.0000000000000000        0.0155430752636231     0.0000000000000000
    -0.0182525612110870     0.0000000000000000        0.0105381211286376     0.0000000000000000       -0.0342001304378659     0.0000000000000000
   10    5
    -0.0022582340074533     0.0000000000000000        0.0045522251630665     0.0000000000000000        0.0159293996629678     0.0000000000000000
     0.0045522251630665     0.0000000000000000        0.0029982228391643     0.0000000000000000       -0.0091968431834579     0.0000000000000000
     0.0041318119839823     0.0000000000000000       -0.0023855027611968     0.0000000000000000        0.0031679742082795     0.0000000000000000
   10    6
     0.0108825221975060     0.0000000000000000        0.0044568950098115     0.0000000000000000       -0.0035197479740022     0.0000000000000000
    -0.0044568950098115     0.0000000000000000       -0.0061875360447029     0.0000000000000000        0.0078052584328974     0.0000000000000000
     0.0035197479740022     0.0000000000000000        0.0078052584328974     0.0000000000000000       -0.0007295135571828     0.0000000000000000
   10    7
    -0.0019200214841362     0.0000000000000000       -0.0118484470507310     0.0000000000000000       -0.0085194260729824     0.0000000000000000
    -0.0029346570311081     0.0000000000000000        0.0066150076369792     0.0000000000000000       -0.0008544380560392     0.0000000000000000
    -0.0049996780989802     0.0000000000000000       -0.0069508203768582     0.0000000000000000       -0.0007295135571828     0.0000000000000000
   10    8
    -0.0064439127245086     0.0000000000000000       -0.0002825584902228     0.0000000000000000        0.0005945396307576     0.0000000000000000
    -0.0002825584902228     0.0000000000000000       -0.0067701831653131     0.0000000000000000       -0.0003432576158624     0.0000000000000000
     0.0005945396307576     0.0000000000000000       -0.0003432576158624     0.0000000000000000       -0.0059900279062965     0.0000000000000000
   10    9
    -0.0106508236168736     0.0000000000000000        0.0283592070302682     0.0000000000000000       -0.0002378513368923     0.0000000000000000
     0.0199374201838173     0.0000000000000000       -0.0385348943399536     0.0000000000000000       -0.0031706328192653     0.0000000000000000
    -0.0028647742359983     0.0000000000000000        0.0013793311095595     0.0000000000000000        0.0040093821960322     0.0000000000000000
   10   10
     0.1379233419617467     0.0000000000000000       -0.0084396905771825     0.0000000000000000        0.0048226170940478     0.0000000000000000
    -0.0084396905771825     0.0000000000000000        0.1281780267089346     0.0000000000000000       -0.0027843392774512     0.0000000000000000
     0.0048226170940478     0.0000000000000000       -0.0027843392774512     0.0000000000000000        0.1258875904488773     0.0000000000000000
   10   11
    -0.0524769297013133     0.0000000000000000       -0.0042108934232255     0.0000000000000000        0.0026269228991059     0.0000000000000000
     0.0042108934232255     0.0000000000000000        0.0032912117446165     0.0000000000000000        0.0017913017097058     0.0000000000000000
    -0.0026269228991060     0.0000000000000000        0.0017913017097058     0.0000000000000000        0.0040093821960322     0.0000000000000000
   11    1
    -0.0484576862859942     0.0000000000000000        0.0260226131845597     0.0000000000000000       -0.0174996982563586     0.0000000000000000
     0.0260226131845597     0.0000000000000000       -0.0785060117404382     0.0000000000000000       -0.0101034554990616     0.0000000000000000
    -0.0188515100501744     0.0000000000000000       -0.0108839244021161     0.0000000000000000       -0.0844863949677258     0.0000000000000000
   11    2
    -0.0121118679634598     0.0000000000000000       -0.0123580958442461     0.0000000000000000        0.0084353911532943     0.0000000000000000
    -0.0123580958442461     0.0000000000000000        0.0021580319612180     0.0000000000000000        0.0048701753530818     0.0000000000000000
     0.0085028974450847     0.0000000000000000        0.0049091501288191     0.0000000000000000        0.0053411096661212     0.0000000000000000
   11    3
    -0.0035002362450659     0.0000000000000000        0.0088030448637503     0.0000000000000000       -0.0061606350563535     0.0000000000000000
     0.0088030448637503     0.0000000000000000       -0.0136651168886418     0.0000000000000000       -0.0035568443081703     0.0000000000000000
    -0.0053266071572919     0.0000000000000000       -0.0030753180761346     0.0000000000000000       -0.0162798582890887     0.0000000000000000
   11    4
    -0.0109861521304476     0.0000000000000000       -0.0098808245422795     0.0000000000000000        0.0269213960624202     0.0000000000000000
    -0.0098808245422795     0.0000000000000000        0.0004232412881370     0.0000000000000000        0.0155430752636231     0.0000000000000000
     0.0182525612110870     0.0000000000000000        0.0105381211286376     0.0000000000000000       -0.0342001304378658     0.0000000000000000
   11    5
    -0.0022582340074532     0.0000000000000000       -0.0045522251630665     0.0000000000000000       -0.0159293996629678     0.0000000000000000
    -0.0045522251630665     0.0000000000000000        0.0029982228391643     0.0000000000000000       -0.0091968431834579     0.0000000000000000
    -0.0041318119839823     0.0000000000000000       -0.0023855027611968     0.0000000000000000        0.0031679742082795     0.0000000000000000
   11    6
    -0.0064439127245086     0.0000000000000000        0.0002825584902228     0.0000000000000000       -0.0005945396307576     0.0000000000000000
     0.0002825584902228     0.0000000000000000       -0.0067701831653131     0.0000000000000000       -0.0003432576158624     0.0000000000000000
    -0.0005945396307576     0.0000000000000000       -0.0003432576158624     0.0000000000000000       -0.0059900279062965     0.0000000000000000
   11    7
    -0.0019200214841363     0.0000000000000000        0.0118484470507311     0.0000000000000000        0.0085194260729824     0.0000000000000000
     0.0029346570311081     0.0000000000000000        0.0066150076369792     0.0000000000000000       -0.0008544380560392     0.0000000000000000
     0.0049996780989802     0.0000000000000000       -0.0069508203768582     0.0000000000000000       -0.0007295135571828     0.0000000000000000
   11    8
     0.0108825221975060     0.0000000000000000       -0.0044568950098115     0.0000000000000000        0.0035197479740022     0.0000000000000000
     0.0044568950098115     0.0000000000000000       -0.0061875360447029     0.0000000000000000        0.0078052584328974     0.0000000000000000
    -0.0035197479740022     0.0000000000000000        0.0078052584328974     0.0000000000000000       -0.0007295135571828     0.0000000000000000
   11    9
    -0.0106508236168736     0.0000000000000000       -0.0283592070302682     0.0000000000000000        0.0002378513368923     0.0000000000000000
    -0.0199374201838173     0.0000000000000000       -0.0385348943399536     0.0000000000000000       -0.0031706328192654     0.0000000000000000
     0.0028647742359983     0.0000000000000000        0.0013793311095594     0.0000000000000000        0.0040093821960322     0.0000000000000000
   11   10
    -0.0524769297013133     0.0000000000000000        0.0042108934232255     0.0000000000000000       -0.0026269228991060     0.0000000000000000
    -0.0042108934232255     0.0000000000000000        0.0032912117446165     0.0000000000000000        0.0017913017097058     0.0000000000000000
     0.0026269228991059     0.0000000000000000        0.0017913017097058     0.0000000000000000        0.0040093821960322     0.0000000000000000
   11   11
     0.1379233419617467     0.0000000000000000        0.0084396905771824     0.0000000000000000       -0.0048226170940477     0.0000000000000000
     0.0084396905771824     0.0000000000000000        0.1281780267089346     0.0000000000000000       -0.0027843392774512     0.0000000000000000
    -0.0048226170940477     0.0000000000000000       -0.0027843392774512     0.0000000000000000        0.1258875904488773     0.0000000000000000

     Diagonalizing the dynamical matrix

     q = (     0.000000000000     0.000000000000     0.000000000000 )

***************************************************************************
   freq (    1) =     0.00000027 [THz] =     0.00000894 [cm-1]
(   0.301511  0.000000  -0.000000  0.000000   0.000000  0.000000 )
(   0.301511  0.000000  -0.000000  0.000000   0.000000  0.000000 )
(   0.301511  0.000000  -0.000000  0.000000   0.000000  0.000000 )
(   0.301511  0.000000  -0.000000  0.000000   0.000000  0.000000 )
(   0.301511  0.000000  -0.000000  0.000000   0.000000  0.000000 )
(   0.301511  0.000000   0.000000  0.000000   0.000000  0.000000 )
(   0.301511  0.000000  -0.000000  0.000000   0.000000  0.000000 )
(   0.301511  0.000000  -0.000000  0.000000   0.000000  0.000000 )
(   0.301511  0.000000  -0.000000  0.000000   0.000000  0.000000 )
(   0.301511  0.000000  -0.000000  0.000000   0.000000  0.000000 )
(   0.301511  0.000000   0.000000  0.000000   0.000000  0.000000 )
   freq (    2) =     0.00000062 [THz] =     0.00002070 [cm-1]
(  -0.000000  0.000000   0.257292  0.000000   0.157193  0.000000 )
(  -0.000000  0.000000   0.257292  0.000000   0.157193  0.000000 )
(   0.000000  0.000000   0.257292  0.000000   0.157193  0.000000 )
(  -0.000000  0.000000   0.257292  0.000000   0.157193  0.000000 )
(   0.000000  0.000000   0.257292  0.000000   0.157193  0.000000 )
(   0.000000  0.000000   0.257292  0.000000   0.157193  0.000000 )
(   0.000000  0.000000   0.257292  0.000000   0.157193  0.000000 )
(  -0.000000  0.000000   0.257292  0.000000   0.157193  0.000000 )
(  -0.000000  0.000000   0.257292  0.000000   0.157193  0.000000 )
(   0.000000  0.000000   0.257292  0.000000   0.157193  0.000000 )
(   0.000000  0.000000   0.257292  0.000000   0.157193  0.000000 )
   freq (    3) =     0.00000068 [THz] =     0.00002259 [cm-1]
(  -0.000000  0.000000  -0.157193  0.000000   0.257292  0.000000 )
(   0.000000  0.000000  -0.157193  0.000000   0.257292  0.000000 )
(   0.000000  0.000000  -0.157193  0.000000   0.257292  0.000000 )
(  -0.000000  0.000000  -0.157193  0.000000   0.257292  0.000000 )
(  -0.000000  0.000000  -0.157193  0.000000   0.257292  0.000000 )
(  -0.000000  0.000000  -0.157193  0.000000   0.257292  0.000000 )
(   0.000000  0.000000  -0.157193  0.000000   0.257292  0.000000 )
(   0.000000  0.000000  -0.157193  0.000000   0.257292  0.000000 )
(  -0.000000  0.000000  -0.157193  0.000000   0.257292  0.000000 )
(   0.000000  0.000000  -0.157193  0.000000   0.257292  0.000000 )
(   0.000000  0.000000  -0.157193  0.000000   0.257292  0.000000 )
   freq (    4) =    25.69707177 [THz] =   857.16192678 [cm-1]
(  -0.021325  0.000000  -0.000000  0.000000   0.000000  0.000000 )
(   0.470343  0.000000   0.000000  0.000000  -0.000000  0.000000 )
(   0.470343  0.000000   0.000000  0.000000  -0.000000  0.000000 )
(   0.205392  0.000000   0.000000  0.000000  -0.000000  0.000000 )
(   0.205392  0.000000   0.000000  0.000000  -0.000000  0.000000 )
(   0.305485  0.000000   0.070943  0.000000  -0.056173  0.000000 )
(   0.182608  0.000000   0.000000  0.000000  -0.000000  0.000000 )
(   0.305485  0.000000  -0.070943  0.000000   0.056173  0.000000 )
(   0.182608  0.000000   0.000000  0.000000  -0.000000  0.000000 )
(   0.305485  0.000000  -0.070943  0.000000   0.056173  0.000000 )
(   0.305485  0.000000   0.070943  0.000000  -0.056173  0.000000 )
   freq (    5) =    25.69707177 [THz] =   857.16192678 [cm-1]
(  -0.000000  0.000000   0.021325  0.000000  -0.000000  0.000000 )
(   0.000000  0.000000  -0.470343  0.000000   0.000000  0.000000 )
(   0.000000  0.000000  -0.470343  0.000000   0.000000  0.000000 )
(   0.000000  0.000000  -0.205392  0.000000   0.000000  0.000000 )
(   0.000000  0.000000  -0.205392  0.000000   0.000000  0.000000 )
(  -0.070943  0.000000  -0.223567  0.000000   0.032432  0.000000 )
(   0.000000  0.000000  -0.346444  0.000000  -0.064863  0.000000 )
(   0.070943  0.000000  -0.223567  0.000000   0.032432  0.000000 )
(   0.000000  0.000000  -0.346444  0.000000  -0.064863  0.000000 )
(   0.070943  0.000000  -0.223567  0.000000   0.032432  0.000000 )
(  -0.070943  0.000000  -0.223567  0.000000   0.032432  0.000000 )
   freq (    6) =    25.93971379 [THz] =   865.25559207 [cm-1]
(   0.000000  0.000000   0.000000  0.000000   0.021569  0.000000 )
(  -0.000000  0.000000  -0.000000  0.000000  -0.452666  0.000000 )
(  -0.000000  0.000000  -0.000000  0.000000  -0.452666  0.000000 )
(  -0.000000  0.000000  -0.000000  0.000000  -0.378516  0.000000 )
(  -0.000000  0.000000  -0.000000  0.000000  -0.378516  0.000000 )
(   0.046399  0.000000   0.026788  0.000000  -0.218308  0.000000 )
(  -0.000000  0.000000  -0.053577  0.000000  -0.218308  0.000000 )
(  -0.046399  0.000000   0.026788  0.000000  -0.218308  0.000000 )
(  -0.000000  0.000000  -0.053577  0.000000  -0.218308  0.000000 )
(  -0.046399  0.000000   0.026788  0.000000  -0.218308  0.000000 )
(   0.046399  0.000000   0.026788  0.000000  -0.218308  0.000000 )
   freq (    7) =    27.83730699 [THz] =   928.55247920 [cm-1]
(   0.000000  0.000000   0.000000  0.000000   0.000000  0.000000 )
(   0.498025  0.000000   0.000025  0.000000  -0.000000  0.000000 )
(  -0.498025  0.000000  -0.000025  0.000000   0.000000  0.000000 )
(  -0.015919  0.000000  -0.000001  0.000000  -0.000000  0.000000 )
(   0.015919  0.000000   0.000001  0.000000   0.000000  0.000000 )
(  -0.280526  0.000000  -0.175871  0.000000   0.126295  0.000000 )
(   0.024093  0.000000  -0.000019  0.000000  -0.000007  0.000000 )
(  -0.280508  0.000000   0.175863  0.000000  -0.126288  0.000000 )
(  -0.024093  0.000000   0.000019  0.000000   0.000007  0.000000 )
(   0.280508  0.000000  -0.175863  0.000000   0.126288  0.000000 )
(   0.280526  0.000000   0.175871  0.000000  -0.126295  0.000000 )
   freq (    8) =    27.83730699 [THz] =   928.55247920 [cm-1]
(   0.000000  0.000000  -0.000000  0.000000   0.000000  0.000000 )
(  -0.000025  0.000000   0.498025  0.000000  -0.000000  0.000000 )
(   0.000025  0.000000  -0.498025  0.000000   0.000000  0.000000 )
(   0.000001  0.000000  -0.015919  0.000000  -0.000000  0.000000 )
(  -0.000001  0.000000   0.015919  0.000000   0.000000  0.000000 )
(  -0.175853  0.000000  -0.077435  0.000000   0.072908  0.000000 )
(  -0.000001  0.000000  -0.382054  0.000000  -0.145829  0.000000 )
(   0.175881  0.000000  -0.077452  0.000000   0.072921  0.000000 )
(   0.000001  0.000000   0.382054  0.000000   0.145829  0.000000 )
(  -0.175881  0.000000   0.077452  0.000000  -0.072921  0.000000 )
(   0.175853  0.000000   0.077435  0.000000  -0.072908  0.000000 )
   freq (    9) =    27.87623626 [THz] =   929.85101964 [cm-1]
(   0.000000  0.000000   0.000000  0.000000   0.000000  0.000000 )
(   0.000000  0.000000   0.000000  0.000000   0.482103  0.000000 )
(  -0.000000  0.000000  -0.000000  0.000000  -0.482103  0.000000 )
(  -0.000000  0.000000  -0.000000  0.000000   0.444207  0.000000 )
(   0.000000  0.000000   0.000000  0.000000  -0.444207  0.000000 )
(   0.127997  0.000000   0.073899  0.000000  -0.039683  0.000000 )
(   0.000000  0.000000  -0.147798  0.000000  -0.039683  0.000000 )
(  -0.127997  0.000000   0.073899  0.000000  -0.039683  0.000000 )
(  -0.000000  0.000000   0.147798  0.000000   0.039683  0.000000 )
(   0.127997  0.000000  -0.073899  0.000000   0.039683  0.000000 )
(  -0.127997  0.000000  -0.073899  0.000000   0.039683  0.000000 )
   freq (   10) =    29.29286547 [THz] =   977.10467669 [cm-1]
(   0.000000  0.000000  -0.000000  0.000000   0.000000  0.000000 )
(  -0.000000  0.000000  -0.000000  0.000000   0.381342  0.000000 )
(   0.000000  0.000000   0.000000  0.000000  -0.381342  0.000000 )
(   0.000000  0.000000   0.000000  0.000000  -0.319776  0.000000 )
(  -0.000000  0.000000  -0.000000  0.000000   0.319776  0.000000 )
(  -0.014316  0.000000  -0.008265  0.000000   0.289541  0.000000 )
(  -0.000000  0.000000   0.016531  0.000000   0.289541  0.000000 )
(   0.014316  0.000000  -0.008265  0.000000   0.289541  0.000000 )
(   0.000000  0.000000  -0.016531  0.000000  -0.289541  0.000000 )
(  -0.014316  0.000000   0.008265  0.000000  -0.289541  0.000000 )
(   0.014316  0.000000   0.008265  0.000000  -0.289541  0.000000 )
   freq (   11) =    29.54565827 [THz] =   985.53693581 [cm-1]
(   0.000000  0.000000   0.000000  0.000000   0.000000  0.000000 )
(   0.357826  0.000000   0.000059  0.000000   0.000000  0.000000 )
(  -0.357826  0.000000  -0.000059  0.000000  -0.000000  0.000000 )
(  -0.307010  0.000000  -0.000051  0.000000  -0.000000  0.000000 )
(   0.307010  0.000000   0.000051  0.000000   0.000000  0.000000 )
(   0.311549  0.000000   0.016334  0.000000  -0.037236  0.000000 )
(   0.283338  0.000000   0.000053  0.000000   0.000007  0.000000 )
(   0.311543  0.000000  -0.016237  0.000000   0.037228  0.000000 )
(  -0.283338  0.000000  -0.000053  0.000000  -0.000007  0.000000 )
(  -0.311543  0.000000   0.016237  0.000000  -0.037228  0.000000 )
(  -0.311549  0.000000  -0.016334  0.000000   0.037236  0.000000 )
   freq (   12) =    29.54565827 [THz] =   985.53693581 [cm-1]
(   0.000000  0.000000   0.000000  0.000000   0.000000  0.000000 )
(  -0.000059  0.000000   0.357826  0.000000  -0.000000  0.000000 )
(   0.000059  0.000000  -0.357826  0.000000   0.000000  0.000000 )
(   0.000051  0.000000  -0.307010  0.000000  -0.000000  0.000000 )
(  -0.000051  0.000000   0.307010  0.000000   0.000000  0.000000 )
(   0.016234  0.000000   0.292738  0.000000  -0.021490  0.000000 )
(  -0.000047  0.000000   0.320949  0.000000   0.042992  0.000000 )
(  -0.016337  0.000000   0.292743  0.000000  -0.021502  0.000000 )
(   0.000047  0.000000  -0.320949  0.000000  -0.042992  0.000000 )
(   0.016337  0.000000  -0.292743  0.000000   0.021502  0.000000 )
(  -0.016234  0.000000  -0.292738  0.000000   0.021490  0.000000 )
   freq (   13) =    34.12866702 [THz] =  1138.40963060 [cm-1]
(  -0.000758  0.000000  -0.000000  0.000000   0.000000  0.000000 )
(   0.001242  0.000000   0.000000  0.000000  -0.000000  0.000000 )
(   0.001242  0.000000   0.000000  0.000000  -0.000000  0.000000 )
(  -0.460443  0.000000  -0.000000  0.000000  -0.000000  0.000000 )
(  -0.460443  0.000000  -0.000000  0.000000  -0.000000  0.000000 )
(   0.156170  0.000000  -0.024773  0.000000   0.314922  0.000000 )
(   0.199079  0.000000   0.000000  0.000000  -0.000000  0.000000 )
(   0.156170  0.000000   0.024773  0.000000  -0.314922  0.000000 )
(   0.199079  0.000000   0.000000  0.000000  -0.000000  0.000000 )
(   0.156170  0.000000   0.024773  0.000000  -0.314922  0.000000 )
(   0.156170  0.000000  -0.024773  0.000000   0.314922  0.000000 )
   freq (   14) =    34.12866702 [THz] =  1138.40963060 [cm-1]
(   0.000000  0.000000  -0.000758  0.000000   0.000000  0.000000 )
(  -0.000000  0.000000   0.001242  0.000000  -0.000000  0.000000 )
(  -0.000000  0.000000   0.001242  0.000000  -0.000000  0.000000 )
(   0.000000  0.000000  -0.460443  0.000000   0.000000  0.000000 )
(   0.000000  0.000000  -0.460443  0.000000   0.000000  0.000000 )
(  -0.024773  0.000000   0.184776  0.000000   0.181821  0.000000 )
(  -0.000000  0.000000   0.141867  0.000000  -0.363641  0.000000 )
(   0.024773  0.000000   0.184776  0.000000   0.181821  0.000000 )
(  -0.000000  0.000000   0.141867  0.000000  -0.363641  0.000000 )
(   0.024773  0.000000   0.184776  0.000000   0.181821  0.000000 )
(  -0.024773  0.000000   0.184776  0.000000   0.181821  0.000000 )
   freq (   15) =    34.21152121 [THz] =  1141.17334848 [cm-1]
(   0.000000  0.000000  -0.000000  0.000000   0.000000  0.000000 )
(  -0.000000  0.000000   0.000000  0.000000  -0.000000  0.000000 )
(   0.000000  0.000000  -0.000000  0.000000   0.000000  0.000000 )
(  -0.000000  0.000000   0.000000  0.000000  -0.000000  0.000000 )
(   0.000000  0.000000  -0.000000  0.000000  -0.000000  0.000000 )
(  -0.204124  0.000000   0.353553  0.000000  -0.000000  0.000000 )
(   0.408248  0.000000   0.000000  0.000000  -0.000000  0.000000 )
(  -0.204124  0.000000  -0.353553  0.000000   0.000000  0.000000 )
(  -0.408248  0.000000  -0.000000  0.000000   0.000000  0.000000 )
(   0.204124  0.000000   0.353553  0.000000  -0.000000  0.000000 )
(   0.204124  0.000000  -0.353553  0.000000   0.000000  0.000000 )
   freq (   16) =    34.22053356 [THz] =  1141.47396805 [cm-1]
(   0.000000  0.000000   0.000000  0.000000   0.000000  0.000000 )
(   0.015566  0.000000  -0.000002  0.000000   0.000000  0.000000 )
(  -0.015566  0.000000   0.000002  0.000000  -0.000000  0.000000 )
(   0.420015  0.000000  -0.000051  0.000000   0.000000  0.000000 )
(  -0.420015  0.000000   0.000051  0.000000  -0.000000  0.000000 )
(   0.165074  0.000000   0.000734  0.000000   0.347844  0.000000 )
(   0.163768  0.000000  -0.000020  0.000000   0.000048  0.000000 )
(   0.165074  0.000000  -0.000774  0.000000  -0.347893  0.000000 )
(  -0.163768  0.000000   0.000020  0.000000  -0.000048  0.000000 )
(  -0.165074  0.000000   0.000774  0.000000   0.347893  0.000000 )
(  -0.165074  0.000000  -0.000734  0.000000  -0.347844  0.000000 )
   freq (   17) =    34.22053356 [THz] =  1141.47396805 [cm-1]
(   0.000000  0.000000  -0.000000  0.000000  -0.000000  0.000000 )
(   0.000002  0.000000   0.015566  0.000000  -0.000000  0.000000 )
(  -0.000002  0.000000  -0.015566  0.000000   0.000000  0.000000 )
(   0.000051  0.000000   0.420015  0.000000  -0.000000  0.000000 )
(  -0.000051  0.000000  -0.420015  0.000000   0.000000  0.000000 )
(   0.000774  0.000000   0.164204  0.000000   0.200884  0.000000 )
(   0.000020  0.000000   0.165509  0.000000  -0.401684  0.000000 )
(  -0.000734  0.000000   0.164203  0.000000   0.200800  0.000000 )
(  -0.000020  0.000000  -0.165509  0.000000   0.401684  0.000000 )
(   0.000734  0.000000  -0.164203  0.000000  -0.200800  0.000000 )
(  -0.000774  0.000000  -0.164204  0.000000  -0.200884  0.000000 )
   freq (   18) =    34.23550579 [THz] =  1141.97338779 [cm-1]
(  -0.000000  0.000000  -0.000000  0.000000  -0.000000  0.000000 )
(  -0.000000  0.000000   0.000000  0.000000  -0.000000  0.000000 )
(  -0.000000  0.000000  -0.000000  0.000000  -0.000000  0.000000 )
(  -0.000000  0.000000   0.000000  0.000000   0.000000  0.000000 )
(  -0.000000  0.000000  -0.000000  0.000000   0.000000  0.000000 )
(   0.204124  0.000000  -0.353553  0.000000   0.000000  0.000000 )
(  -0.408248  0.000000   0.000000  0.000000  -0.000000  0.000000 )
(   0.204124  0.000000   0.353553  0.000000  -0.000000  0.000000 )
(  -0.408248  0.000000  -0.000000  0.000000   0.000000  0.000000 )
(   0.204124  0.000000   0.353553  0.000000  -0.000000  0.000000 )
(   0.204124  0.000000  -0.353553  0.000000   0.000000  0.000000 )
   freq (   19) =    35.56516627 [THz] =  1186.32608089 [cm-1]
(   0.005083  0.000000  -0.000000  0.000000  -0.000000  0.000000 )
(   0.528904  0.000000   0.000000  0.000000   0.000000  0.000000 )
(   0.528904  0.000000  -0.000000  0.000000   0.000000  0.000000 )
(  -0.231152  0.000000   0.000000  0.000000  -0.000000  0.000000 )
(  -0.231152  0.000000   0.000000  0.000000  -0.000000  0.000000 )
(  -0.263213  0.000000  -0.081781  0.000000  -0.007085  0.000000 )
(  -0.121564  0.000000   0.000000  0.000000  -0.000000  0.000000 )
(  -0.263213  0.000000   0.081781  0.000000   0.007085  0.000000 )
(  -0.121564  0.000000   0.000000  0.000000   0.000000  0.000000 )
(  -0.263213  0.000000   0.081781  0.000000   0.007085  0.000000 )
(  -0.263213  0.000000  -0.081781  0.000000  -0.007085  0.000000 )
   freq (   20) =    35.56516627 [THz] =  1186.32608089 [cm-1]
(  -0.000000  0.000000  -0.005083  0.000000   0.000000  0.000000 )
(  -0.000000  0.000000  -0.528904  0.000000   0.000000  0.000000 )
(  -0.000000  0.000000  -0.528904  0.000000   0.000000  0.000000 )
(   0.000000  0.000000   0.231152  0.000000  -0.000000  0.000000 )
(  -0.000000  0.000000   0.231152  0.000000  -0.000000  0.000000 )
(   0.081781  0.000000   0.168780  0.000000   0.004091  0.000000 )
(   0.000000  0.000000   0.310429  0.000000  -0.008182  0.000000 )
(  -0.081781  0.000000   0.168780  0.000000   0.004091  0.000000 )
(   0.000000  0.000000   0.310429  0.000000  -0.008182  0.000000 )
(  -0.081781  0.000000   0.168780  0.000000   0.004091  0.000000 )
(   0.081781  0.000000   0.168780  0.000000   0.004091  0.000000 )
   freq (   21) =    35.81932569 [THz] =  1194.80392561 [cm-1]
(  -0.000000  0.000000   0.000000  0.000000   0.004464  0.000000 )
(   0.000000  0.000000   0.000000  0.000000   0.548978  0.000000 )
(  -0.000000  0.000000   0.000000  0.000000   0.548978  0.000000 )
(  -0.000000  0.000000  -0.000000  0.000000  -0.303766  0.000000 )
(   0.000000  0.000000  -0.000000  0.000000  -0.303766  0.000000 )
(   0.033458  0.000000   0.019317  0.000000  -0.184266  0.000000 )
(  -0.000000  0.000000  -0.038633  0.000000  -0.184266  0.000000 )
(  -0.033458  0.000000   0.019317  0.000000  -0.184266  0.000000 )
(  -0.000000  0.000000  -0.038633  0.000000  -0.184266  0.000000 )
(  -0.033458  0.000000   0.019317  0.000000  -0.184266  0.000000 )
(   0.033458  0.000000   0.019317  0.000000  -0.184266  0.000000 )
   freq (   22) =    36.43924287 [THz] =  1215.48213402 [cm-1]
(   0.000968  0.000000  -0.000000  0.000000   0.000000  0.000000 )
(   0.077771  0.000000  -0.000000  0.000000  -0.000000  0.000000 )
(   0.077771  0.000000  -0.000000  0.000000   0.000000  0.000000 )
(   0.260157  0.000000  -0.000000  0.000000   0.000000  0.000000 )
(   0.260157  0.000000  -0.000000  0.000000   0.000000  0.000000 )
(  -0.021829  0.000000   0.195791  0.000000   0.330427  0.000000 )
(  -0.360949  0.000000  -0.000000  0.000000   0.000000  0.000000 )
(  -0.021829  0.000000  -0.195791  0.000000  -0.330427  0.000000 )
(  -0.360949  0.000000  -0.000000  0.000000   0.000000  0.000000 )
(  -0.021829  0.000000  -0.195791  0.000000  -0.330427  0.000000 )
(  -0.021829  0.000000   0.195791  0.000000   0.330427  0.000000 )
   freq (   23) =    36.43924287 [THz] =  1215.48213402 [cm-1]
(  -0.000000  0.000000  -0.000968  0.000000   0.000000  0.000000 )
(  -0.000000  0.000000  -0.077771  0.000000   0.000000  0.000000 )
(  -0.000000  0.000000  -0.077771  0.000000   0.000000  0.000000 )
(  -0.000000  0.000000  -0.260157  0.000000  -0.000000  0.000000 )
(  -0.000000  0.000000  -0.260157  0.000000  -0.000000  0.000000 )
(  -0.195791  0.000000   0.247909  0.000000  -0.190772  0.000000 )
(   0.000000  0.000000  -0.091211  0.000000   0.381544  0.000000 )
(   0.195791  0.000000   0.247909  0.000000  -0.190772  0.000000 )
(   0.000000  0.000000  -0.091211  0.000000   0.381544  0.000000 )
(   0.195791  0.000000   0.247909  0.000000  -0.190772  0.000000 )
(  -0.195791  0.000000   0.247909  0.000000  -0.190772  0.000000 )
   freq (   24) =    43.36162588 [THz] =  1446.38794340 [cm-1]
(  -0.000000  0.000000   0.000000  0.000000   0.000000  0.000000 )
(  -0.006649  0.000000  -0.000003  0.000000  -0.000000  0.000000 )
(   0.006649  0.000000   0.000003  0.000000   0.000000  0.000000 )
(  -0.365114  0.000000  -0.000182  0.000000  -0.000000  0.000000 )
(   0.365114  0.000000   0.000182  0.000000   0.000000  0.000000 )
(   0.002131  0.000000   0.194903  0.000000   0.298294  0.000000 )
(  -0.335740  0.000000   0.000057  0.000000  -0.000171  0.000000 )
(   0.001937  0.000000  -0.195125  0.000000  -0.298123  0.000000 )
(   0.335740  0.000000  -0.000057  0.000000   0.000171  0.000000 )
(  -0.001937  0.000000   0.195125  0.000000   0.298123  0.000000 )
(  -0.002131  0.000000  -0.194903  0.000000  -0.298294  0.000000 )
   freq (   25) =    43.36162588 [THz] =  1446.38794340 [cm-1]
(  -0.000000  0.000000   0.000000  0.000000  -0.000000  0.000000 )
(   0.000003  0.000000  -0.006649  0.000000  -0.000000  0.000000 )
(  -0.000003  0.000000   0.006649  0.000000   0.000000  0.000000 )
(   0.000182  0.000000  -0.365114  0.000000  -0.000000  0.000000 )
(  -0.000182  0.000000   0.365114  0.000000   0.000000  0.000000 )
(   0.195013  0.000000  -0.223246  0.000000   0.172022  0.000000 )
(   0.000167  0.000000   0.114626  0.000000  -0.344341  0.000000 )
(  -0.195015  0.000000  -0.223052  0.000000   0.172319  0.000000 )
(  -0.000167  0.000000  -0.114626  0.000000   0.344341  0.000000 )
(   0.195015  0.000000   0.223052  0.000000  -0.172319  0.000000 )
(  -0.195013  0.000000   0.223246  0.000000  -0.172022  0.000000 )
   freq (   26) =    45.77272991 [THz] =  1526.81370512 [cm-1]
(  -0.005981  0.000000   0.000000  0.000000   0.000000  0.000000 )
(   0.012862  0.000000  -0.000000  0.000000   0.000000  0.000000 )
(   0.012862  0.000000   0.000000  0.000000  -0.000000  0.000000 )
(   0.348142  0.000000  -0.000000  0.000000   0.000000  0.000000 )
(   0.348142  0.000000  -0.000000  0.000000   0.000000  0.000000 )
(  -0.141098  0.000000  -0.273897  0.000000   0.197059  0.000000 )
(   0.333307  0.000000   0.000000  0.000000   0.000000  0.000000 )
(  -0.141098  0.000000   0.273897  0.000000  -0.197059  0.000000 )
(   0.333307  0.000000   0.000000  0.000000   0.000000  0.000000 )
(  -0.141098  0.000000   0.273897  0.000000  -0.197059  0.000000 )
(  -0.141098  0.000000  -0.273897  0.000000   0.197059  0.000000 )
   freq (   27) =    45.77272991 [THz] =  1526.81370512 [cm-1]
(   0.000000  0.000000   0.005981  0.000000  -0.000000  0.000000 )
(   0.000000  0.000000  -0.012862  0.000000   0.000000  0.000000 )
(  -0.000000  0.000000  -0.012862  0.000000   0.000000  0.000000 )
(   0.000000  0.000000  -0.348142  0.000000  -0.000000  0.000000 )
(  -0.000000  0.000000  -0.348142  0.000000  -0.000000  0.000000 )
(   0.273897  0.000000  -0.175172  0.000000  -0.113772  0.000000 )
(  -0.000000  0.000000   0.299232  0.000000   0.227544  0.000000 )
(  -0.273897  0.000000  -0.175172  0.000000  -0.113772  0.000000 )
(  -0.000000  0.000000   0.299232  0.000000   0.227544  0.000000 )
(  -0.273897  0.000000  -0.175172  0.000000  -0.113772  0.000000 )
(   0.273897  0.000000  -0.175172  0.000000  -0.113772  0.000000 )
   freq (   28) =    45.90107799 [THz] =  1531.09493581 [cm-1]
(  -0.000000  0.000000  -0.000000  0.000000  -0.005816  0.000000 )
(   0.000000  0.000000   0.000000  0.000000   0.005220  0.000000 )
(  -0.000000  0.000000   0.000000  0.000000   0.005220  0.000000 )
(   0.000000  0.000000   0.000000  0.000000  -0.403930  0.000000 )
(   0.000000  0.000000   0.000000  0.000000  -0.403930  0.000000 )
(   0.175887  0.000000   0.101548  0.000000   0.266491  0.000000 )
(  -0.000000  0.000000  -0.203097  0.000000   0.266491  0.000000 )
(  -0.175887  0.000000   0.101548  0.000000   0.266491  0.000000 )
(   0.000000  0.000000  -0.203097  0.000000   0.266491  0.000000 )
(  -0.175887  0.000000   0.101548  0.000000   0.266491  0.000000 )
(   0.175887  0.000000   0.101548  0.000000   0.266491  0.000000 )
   freq (   29) =    47.70213400 [THz] =  1591.17168913 [cm-1]
(  -0.000000  0.000000   0.000000  0.000000   0.000000  0.000000 )
(  -0.000000  0.000000  -0.000000  0.000000   0.349496  0.000000 )
(   0.000000  0.000000   0.000000  0.000000  -0.349496  0.000000 )
(  -0.000000  0.000000  -0.000000  0.000000  -0.266709  0.000000 )
(   0.000000  0.000000   0.000000  0.000000   0.266709  0.000000 )
(  -0.158635  0.000000  -0.091588  0.000000  -0.262081  0.000000 )
(   0.000000  0.000000   0.183176  0.000000  -0.262081  0.000000 )
(   0.158635  0.000000  -0.091588  0.000000  -0.262081  0.000000 )
(  -0.000000  0.000000  -0.183176  0.000000   0.262081  0.000000 )
(  -0.158635  0.000000   0.091588  0.000000   0.262081  0.000000 )
(   0.158635  0.000000   0.091588  0.000000   0.262081  0.000000 )
   freq (   30) =    47.81401036 [THz] =  1594.90348219 [cm-1]
(  -0.000000  0.000000  -0.000000  0.000000   0.000000  0.000000 )
(   0.351631  0.000000   0.000166  0.000000   0.000000  0.000000 )
(  -0.351631  0.000000  -0.000166  0.000000  -0.000000  0.000000 )
(   0.309469  0.000000   0.000146  0.000000  -0.000000  0.000000 )
(  -0.309469  0.000000  -0.000146  0.000000   0.000000  0.000000 )
(   0.073112  0.000000   0.236072  0.000000  -0.150784  0.000000 )
(  -0.336051  0.000000   0.000099  0.000000   0.000082  0.000000 )
(   0.072889  0.000000  -0.236261  0.000000   0.150702  0.000000 )
(   0.336051  0.000000  -0.000099  0.000000  -0.000082  0.000000 )
(  -0.072889  0.000000   0.236261  0.000000  -0.150702  0.000000 )
(  -0.073112  0.000000  -0.236072  0.000000   0.150784  0.000000 )
   freq (   31) =    47.81401036 [THz] =  1594.90348219 [cm-1]
(  -0.000000  0.000000   0.000000  0.000000  -0.000000  0.000000 )
(  -0.000166  0.000000   0.351631  0.000000   0.000000  0.000000 )
(   0.000166  0.000000  -0.351631  0.000000  -0.000000  0.000000 )
(  -0.000146  0.000000   0.309469  0.000000  -0.000000  0.000000 )
(   0.000146  0.000000  -0.309469  0.000000   0.000000  0.000000 )
(   0.236132  0.000000  -0.199812  0.000000  -0.086960  0.000000 )
(   0.000159  0.000000   0.209351  0.000000   0.174063  0.000000 )
(  -0.236201  0.000000  -0.199589  0.000000  -0.087103  0.000000 )
(  -0.000159  0.000000  -0.209351  0.000000  -0.174063  0.000000 )
(   0.236201  0.000000   0.199589  0.000000   0.087103  0.000000 )
(  -0.236132  0.000000   0.199812  0.000000   0.086960  0.000000 )
   freq (   32) =    49.42587607 [THz] =  1648.66952715 [cm-1]
(   0.000000  0.000000   0.000000  0.000000   0.000237  0.000000 )
(   0.000000  0.000000  -0.000000  0.000000  -0.001707  0.000000 )
(  -0.000000  0.000000  -0.000000  0.000000  -0.001707  0.000000 )
(   0.000000  0.000000  -0.000000  0.000000  -0.322650  0.000000 )
(  -0.000000  0.000000  -0.000000  0.000000  -0.322650  0.000000 )
(  -0.301773  0.000000  -0.174228  0.000000   0.102677  0.000000 )
(  -0.000000  0.000000   0.348457  0.000000   0.102677  0.000000 )
(   0.301773  0.000000  -0.174228  0.000000   0.102677  0.000000 )
(   0.000000  0.000000   0.348457  0.000000   0.102677  0.000000 )
(   0.301773  0.000000  -0.174228  0.000000   0.102677  0.000000 )
(  -0.301773  0.000000  -0.174228  0.000000   0.102677  0.000000 )
   freq (   33) =    61.84368741 [THz] =  2062.88306830 [cm-1]
(  -0.000000  0.000000   0.000000  0.000000  -0.000000  0.000000 )
(  -0.000000  0.000000  -0.000000  0.000000  -0.002793  0.000000 )
(   0.000000  0.000000   0.000000  0.000000   0.002793  0.000000 )
(   0.000000  0.000000  -0.000000  0.000000  -0.359568  0.000000 )
(  -0.000000  0.000000   0.000000  0.000000   0.359568  0.000000 )
(   0.288525  0.000000   0.166580  0.000000  -0.112124  0.000000 )
(   0.000000  0.000000  -0.333160  0.000000  -0.112124  0.000000 )
(  -0.288525  0.000000   0.166580  0.000000  -0.112124  0.000000 )
(  -0.000000  0.000000   0.333160  0.000000   0.112124  0.000000 )
(   0.288525  0.000000  -0.166580  0.000000   0.112124  0.000000 )
(  -0.288525  0.000000  -0.166580  0.000000   0.112124  0.000000 )
***************************************************************************
