Dynamical matrix file
File generated with the CellConstructor by Lorenzo Monacelli
2 11 0     1.8897259890000000     0.0000000000000000     0.0000000000000000     0.0000000000000000     0.0000000000000000     0.0000000000000000
Basis vectors
    1.7955473105606450    -1.0366597230913805     2.9211639309990436
   -0.0000000000000044     2.0733194461827531     2.9211639309990445
   -1.7955473105606525    -1.0366597230913797     2.9211639309990414
	1  'La '  126604.5951757480361266
	2  'H '    918.7358275894680446
    1     1    -0.0000000000000057    -0.0000000000000031     4.3817459402988117
    2     2    -0.0000000000000030    -0.0000000000000012     2.1923788291692490
    3     2     0.0000000000000030     0.0000000000000012    -2.1923788291692490
    4     2    -0.0000000000000011    -0.0000000000000005     1.0563116680383311
    5     2     0.0000000000000012     0.0000000000000006    -1.0563116680383313
    6     2     0.9304989946426140     0.5372238444691448     6.1961527157685827
    7     2    -0.0000000000000062    -1.0744476889382990     6.1961527157685792
    8     2    -0.9304989946426281     0.5372238444691436     6.1961527157685801
    9     2    -0.0000000000000029     1.0744476889382939     2.5673391611790164
   10     2     0.9304989946426180    -0.5372238444691492     2.5673391611790155
   11     2    -0.9304989946426238    -0.5372238444691484     2.5673391611790137

     Dynamical Matrix in cartesian axes

     q = (     0.000000000000     0.000000000000     0.000000000000 )

    1    1
     0.6330226259759855     0.0000000000000000        0.0000000000000003     0.0000000000000000        0.0000000000000006     0.0000000000000000
     0.0000000000000002     0.0000000000000000        0.6330226259802859     0.0000000000000000       -0.0000000000000001     0.0000000000000000
     0.0000000000000007     0.0000000000000000       -0.0000000000000001     0.0000000000000000        0.6231055780640814     0.0000000000000000
    1    2
    -0.0370255832363697     0.0000000000000000       -0.0000000000000000     0.0000000000000000       -0.0000000000000000     0.0000000000000000
    -0.0000000000000000     0.0000000000000000       -0.0370255832366212     0.0000000000000000        0.0000000000000000     0.0000000000000000
    -0.0000000000000000     0.0000000000000000        0.0000000000000000     0.0000000000000000       -0.0346578033580325     0.0000000000000000
    1    3
    -0.0370255832363697     0.0000000000000000       -0.0000000000000000     0.0000000000000000       -0.0000000000000000     0.0000000000000000
    -0.0000000000000000     0.0000000000000000       -0.0370255832366212     0.0000000000000000        0.0000000000000000     0.0000000000000000
    -0.0000000000000000     0.0000000000000000        0.0000000000000000     0.0000000000000000       -0.0346578033580325     0.0000000000000000
    1    4
    -0.0914235147559020     0.0000000000000000       -0.0000000000000000     0.0000000000000000       -0.0000000000000001     0.0000000000000000
    -0.0000000000000000     0.0000000000000000       -0.0914235147565231     0.0000000000000000       -0.0000000000000000     0.0000000000000000
    -0.0000000000000001     0.0000000000000000       -0.0000000000000000     0.0000000000000000       -0.0275774125334966     0.0000000000000000
    1    5
    -0.0914235147559020     0.0000000000000000       -0.0000000000000000     0.0000000000000000       -0.0000000000000001     0.0000000000000000
    -0.0000000000000000     0.0000000000000000       -0.0914235147565231     0.0000000000000000       -0.0000000000000000     0.0000000000000000
    -0.0000000000000001     0.0000000000000000       -0.0000000000000000     0.0000000000000000       -0.0275774125334966     0.0000000000000000
    1    6
    -0.0477911198291561     0.0000000000000000        0.0258011227575536     0.0000000000000000       -0.0169951876705617     0.0000000000000000
     0.0258011227575536     0.0000000000000000       -0.0775836901685183     0.0000000000000000       -0.0098121761765603     0.0000000000000000
    -0.0174474939038354     0.0000000000000000       -0.0100733153020979     0.0000000000000000       -0.0831058577135039     0.0000000000000000
    1    7
    -0.0924799753374089     0.0000000000000000       -0.0000000000000000     0.0000000000000000       -0.0000000000000001     0.0000000000000000
    -0.0000000000000000     0.0000000000000000       -0.0328948346599621     0.0000000000000000        0.0196243523531208     0.0000000000000000
    -0.0000000000000001     0.0000000000000000        0.0201466306041959     0.0000000000000000       -0.0831058577135038     0.0000000000000000
    1    8
    -0.0477911198291562     0.0000000000000000       -0.0258011227575537     0.0000000000000000        0.0169951876705617     0.0000000000000000
    -0.0258011227575537     0.0000000000000000       -0.0775836901685183     0.0000000000000000       -0.0098121761765604     0.0000000000000000
     0.0174474939038353     0.0000000000000000       -0.0100733153020979     0.0000000000000000       -0.0831058577135038     0.0000000000000000
    1    9
    -0.0924799753374089     0.0000000000000000       -0.0000000000000000     0.0000000000000000       -0.0000000000000001     0.0000000000000000
    -0.0000000000000000     0.0000000000000000       -0.0328948346599621     0.0000000000000000        0.0196243523531208     0.0000000000000000
    -0.0000000000000001     0.0000000000000000        0.0201466306041959     0.0000000000000000       -0.0831058577135038     0.0000000000000000
    1   10
    -0.0477911198291562     0.0000000000000000       -0.0258011227575537     0.0000000000000000        0.0169951876705617     0.0000000000000000
    -0.0258011227575537     0.0000000000000000       -0.0775836901685183     0.0000000000000000       -0.0098121761765604     0.0000000000000000
     0.0174474939038353     0.0000000000000000       -0.0100733153020979     0.0000000000000000       -0.0831058577135038     0.0000000000000000
    1   11
    -0.0477911198291561     0.0000000000000000        0.0258011227575536     0.0000000000000000       -0.0169951876705617     0.0000000000000000
     0.0258011227575536     0.0000000000000000       -0.0775836901685183     0.0000000000000000       -0.0098121761765603     0.0000000000000000
    -0.0174474939038354     0.0000000000000000       -0.0100733153020979     0.0000000000000000       -0.0831058577135039     0.0000000000000000
    2    1
    -0.0370255832363697     0.0000000000000000       -0.0000000000000000     0.0000000000000000       -0.0000000000000000     0.0000000000000000
    -0.0000000000000000     0.0000000000000000       -0.0370255832366212     0.0000000000000000        0.0000000000000000     0.0000000000000000
    -0.0000000000000000     0.0000000000000000        0.0000000000000000     0.0000000000000000       -0.0346578033580325     0.0000000000000000
    2    2
     0.0923755733440798     0.0000000000000000        0.0000000000000000     0.0000000000000000        0.0000000000000001     0.0000000000000000
     0.0000000000000000     0.0000000000000000        0.0923755733447073     0.0000000000000000       -0.0000000000000000     0.0000000000000000
     0.0000000000000001     0.0000000000000000       -0.0000000000000000     0.0000000000000000        0.0893679239240217     0.0000000000000000
    2    3
    -0.0057656871927814     0.0000000000000000       -0.0000000000000000     0.0000000000000000       -0.0000000000000000     0.0000000000000000
    -0.0000000000000000     0.0000000000000000       -0.0057656871928205     0.0000000000000000        0.0000000000000000     0.0000000000000000
    -0.0000000000000000     0.0000000000000000        0.0000000000000000     0.0000000000000000       -0.0081231297122488     0.0000000000000000
    2    4
     0.0091988624564161     0.0000000000000000        0.0000000000000000     0.0000000000000000        0.0000000000000000     0.0000000000000000
     0.0000000000000000     0.0000000000000000        0.0091988624564786     0.0000000000000000        0.0000000000000000     0.0000000000000000
     0.0000000000000000     0.0000000000000000        0.0000000000000000     0.0000000000000000       -0.0203465740207507     0.0000000000000000
    2    5
    -0.0188555821642672     0.0000000000000000       -0.0000000000000000     0.0000000000000000       -0.0000000000000000     0.0000000000000000
    -0.0000000000000000     0.0000000000000000       -0.0188555821643953     0.0000000000000000       -0.0000000000000000     0.0000000000000000
    -0.0000000000000000     0.0000000000000000       -0.0000000000000000     0.0000000000000000        0.0046952208246915     0.0000000000000000
    2    6
    -0.0034994203697373     0.0000000000000000        0.0082928364186748     0.0000000000000000       -0.0062761873376887     0.0000000000000000
     0.0082928364186748     0.0000000000000000       -0.0130751630471285     0.0000000000000000       -0.0036235584489114     0.0000000000000000
    -0.0065201012770933     0.0000000000000000       -0.0037643822274862     0.0000000000000000       -0.0164950421295145     0.0000000000000000
    2    7
    -0.0178630343856909     0.0000000000000000       -0.0000000000000000     0.0000000000000000       -0.0000000000000000     0.0000000000000000
    -0.0000000000000000     0.0000000000000000        0.0012884509689226     0.0000000000000000        0.0072471168978228     0.0000000000000000
    -0.0000000000000000     0.0000000000000000        0.0075287644549724     0.0000000000000000       -0.0164950421295145     0.0000000000000000
    2    8
    -0.0034994203697374     0.0000000000000000       -0.0082928364186748     0.0000000000000000        0.0062761873376887     0.0000000000000000
    -0.0082928364186748     0.0000000000000000       -0.0130751630471285     0.0000000000000000       -0.0036235584489114     0.0000000000000000
     0.0065201012770933     0.0000000000000000       -0.0037643822274862     0.0000000000000000       -0.0164950421295145     0.0000000000000000
    2    9
     0.0086588189817488     0.0000000000000000        0.0000000000000000     0.0000000000000000        0.0000000000000000     0.0000000000000000
     0.0000000000000000     0.0000000000000000       -0.0187026243698172     0.0000000000000000       -0.0097372538943832     0.0000000000000000
     0.0000000000000000     0.0000000000000000       -0.0092145996197014     0.0000000000000000        0.0061831629102874     0.0000000000000000
    2   10
    -0.0118622635318304     0.0000000000000000        0.0118478525133178     0.0000000000000000       -0.0084327092356061     0.0000000000000000
     0.0118478525133178     0.0000000000000000        0.0018184581439014     0.0000000000000000        0.0048686269471916     0.0000000000000000
    -0.0079800773563367     0.0000000000000000        0.0046072998098507     0.0000000000000000        0.0061831629102874     0.0000000000000000
    2   11
    -0.0118622635318304     0.0000000000000000       -0.0118478525133178     0.0000000000000000        0.0084327092356061     0.0000000000000000
    -0.0118478525133178     0.0000000000000000        0.0018184581439014     0.0000000000000000        0.0048686269471916     0.0000000000000000
     0.0079800773563367     0.0000000000000000        0.0046072998098507     0.0000000000000000        0.0061831629102875     0.0000000000000000
    3    1
    -0.0370255832363697     0.0000000000000000       -0.0000000000000000     0.0000000000000000       -0.0000000000000000     0.0000000000000000
    -0.0000000000000000     0.0000000000000000       -0.0370255832366212     0.0000000000000000        0.0000000000000000     0.0000000000000000
    -0.0000000000000000     0.0000000000000000        0.0000000000000000     0.0000000000000000       -0.0346578033580325     0.0000000000000000
    3    2
    -0.0057656871927814     0.0000000000000000       -0.0000000000000000     0.0000000000000000       -0.0000000000000000     0.0000000000000000
    -0.0000000000000000     0.0000000000000000       -0.0057656871928205     0.0000000000000000        0.0000000000000000     0.0000000000000000
    -0.0000000000000000     0.0000000000000000        0.0000000000000000     0.0000000000000000       -0.0081231297122488     0.0000000000000000
    3    3
     0.0923755733440798     0.0000000000000000        0.0000000000000000     0.0000000000000000        0.0000000000000001     0.0000000000000000
     0.0000000000000000     0.0000000000000000        0.0923755733447073     0.0000000000000000       -0.0000000000000000     0.0000000000000000
     0.0000000000000001     0.0000000000000000       -0.0000000000000000     0.0000000000000000        0.0893679239240217     0.0000000000000000
    3    4
    -0.0188555821642672     0.0000000000000000       -0.0000000000000000     0.0000000000000000       -0.0000000000000000     0.0000000000000000
    -0.0000000000000000     0.0000000000000000       -0.0188555821643953     0.0000000000000000       -0.0000000000000000     0.0000000000000000
    -0.0000000000000000     0.0000000000000000       -0.0000000000000000     0.0000000000000000        0.0046952208246915     0.0000000000000000
    3    5
     0.0091988624564161     0.0000000000000000        0.0000000000000000     0.0000000000000000        0.0000000000000000     0.0000000000000000
     0.0000000000000000     0.0000000000000000        0.0091988624564786     0.0000000000000000        0.0000000000000000     0.0000000000000000
     0.0000000000000000     0.0000000000000000        0.0000000000000000     0.0000000000000000       -0.0203465740207507     0.0000000000000000
    3    6
    -0.0118622635318304     0.0000000000000000       -0.0118478525133178     0.0000000000000000        0.0084327092356061     0.0000000000000000
    -0.0118478525133178     0.0000000000000000        0.0018184581439014     0.0000000000000000        0.0048686269471916     0.0000000000000000
     0.0079800773563367     0.0000000000000000        0.0046072998098507     0.0000000000000000        0.0061831629102875     0.0000000000000000
    3    7
     0.0086588189817488     0.0000000000000000       -0.0000000000000000     0.0000000000000000        0.0000000000000000     0.0000000000000000
    -0.0000000000000000     0.0000000000000000       -0.0187026243698172     0.0000000000000000       -0.0097372538943832     0.0000000000000000
     0.0000000000000000     0.0000000000000000       -0.0092145996197014     0.0000000000000000        0.0061831629102874     0.0000000000000000
    3    8
    -0.0118622635318304     0.0000000000000000        0.0118478525133178     0.0000000000000000       -0.0084327092356061     0.0000000000000000
     0.0118478525133178     0.0000000000000000        0.0018184581439014     0.0000000000000000        0.0048686269471916     0.0000000000000000
    -0.0079800773563367     0.0000000000000000        0.0046072998098507     0.0000000000000000        0.0061831629102874     0.0000000000000000
    3    9
    -0.0178630343856909     0.0000000000000000       -0.0000000000000000     0.0000000000000000       -0.0000000000000000     0.0000000000000000
    -0.0000000000000000     0.0000000000000000        0.0012884509689226     0.0000000000000000        0.0072471168978228     0.0000000000000000
    -0.0000000000000000     0.0000000000000000        0.0075287644549724     0.0000000000000000       -0.0164950421295145     0.0000000000000000
    3   10
    -0.0034994203697374     0.0000000000000000       -0.0082928364186748     0.0000000000000000        0.0062761873376887     0.0000000000000000
    -0.0082928364186748     0.0000000000000000       -0.0130751630471285     0.0000000000000000       -0.0036235584489114     0.0000000000000000
     0.0065201012770933     0.0000000000000000       -0.0037643822274862     0.0000000000000000       -0.0164950421295145     0.0000000000000000
    3   11
    -0.0034994203697373     0.0000000000000000        0.0082928364186748     0.0000000000000000       -0.0062761873376887     0.0000000000000000
     0.0082928364186748     0.0000000000000000       -0.0130751630471285     0.0000000000000000       -0.0036235584489114     0.0000000000000000
    -0.0065201012770933     0.0000000000000000       -0.0037643822274862     0.0000000000000000       -0.0164950421295145     0.0000000000000000
    4    1
    -0.0914235147559020     0.0000000000000000       -0.0000000000000000     0.0000000000000000       -0.0000000000000001     0.0000000000000000
    -0.0000000000000000     0.0000000000000000       -0.0914235147565231     0.0000000000000000       -0.0000000000000000     0.0000000000000000
    -0.0000000000000001     0.0000000000000000       -0.0000000000000000     0.0000000000000000       -0.0275774125334966     0.0000000000000000
    4    2
     0.0091988624564161     0.0000000000000000        0.0000000000000000     0.0000000000000000        0.0000000000000000     0.0000000000000000
     0.0000000000000000     0.0000000000000000        0.0091988624564786     0.0000000000000000        0.0000000000000000     0.0000000000000000
     0.0000000000000000     0.0000000000000000        0.0000000000000000     0.0000000000000000       -0.0203465740207507     0.0000000000000000
    4    3
    -0.0188555821642672     0.0000000000000000       -0.0000000000000000     0.0000000000000000       -0.0000000000000000     0.0000000000000000
    -0.0000000000000000     0.0000000000000000       -0.0188555821643953     0.0000000000000000       -0.0000000000000000     0.0000000000000000
    -0.0000000000000000     0.0000000000000000       -0.0000000000000000     0.0000000000000000        0.0046952208246915     0.0000000000000000
    4    4
     0.1201766284112205     0.0000000000000000        0.0000000000000000     0.0000000000000000        0.0000000000000001     0.0000000000000000
     0.0000000000000001     0.0000000000000000        0.1201766284120369     0.0000000000000000       -0.0000000000000001     0.0000000000000000
     0.0000000000000001     0.0000000000000000       -0.0000000000000001     0.0000000000000000        0.1426547288247396     0.0000000000000000
    4    5
    -0.0062943275262596     0.0000000000000000       -0.0000000000000000     0.0000000000000000       -0.0000000000000000     0.0000000000000000
    -0.0000000000000000     0.0000000000000000       -0.0062943275263024     0.0000000000000000        0.0000000000000000     0.0000000000000000
    -0.0000000000000000     0.0000000000000000        0.0000000000000000     0.0000000000000000       -0.0057856970359373     0.0000000000000000
    4    6
    -0.0013083932108420     0.0000000000000000       -0.0038669460994713     0.0000000000000000       -0.0037041125861279     0.0000000000000000
    -0.0038669460994713     0.0000000000000000        0.0031567715321073     0.0000000000000000       -0.0021385703987169     0.0000000000000000
    -0.0148442611459674     0.0000000000000000       -0.0085703381685745     0.0000000000000000        0.0036049710594337     0.0000000000000000
    4    7
     0.0053893539035498     0.0000000000000000       -0.0000000000000000     0.0000000000000000        0.0000000000000000     0.0000000000000000
    -0.0000000000000000     0.0000000000000000       -0.0035409755823301     0.0000000000000000        0.0042771407974338     0.0000000000000000
     0.0000000000000000     0.0000000000000000        0.0171406763371490     0.0000000000000000        0.0036049710594338     0.0000000000000000
    4    8
    -0.0013083932108421     0.0000000000000000        0.0038669460994713     0.0000000000000000        0.0037041125861279     0.0000000000000000
     0.0038669460994713     0.0000000000000000        0.0031567715321073     0.0000000000000000       -0.0021385703987169     0.0000000000000000
     0.0148442611459674     0.0000000000000000       -0.0085703381685745     0.0000000000000000        0.0036049710594338     0.0000000000000000
    4    9
     0.0060587561258766     0.0000000000000000        0.0000000000000000     0.0000000000000000        0.0000000000000000     0.0000000000000000
     0.0000000000000000     0.0000000000000000       -0.0164418453947038     0.0000000000000000       -0.0206580667905708     0.0000000000000000
     0.0000000000000000     0.0000000000000000       -0.0310850276558416     0.0000000000000000       -0.0348183930791826     0.0000000000000000
    4   10
    -0.0108166950144749     0.0000000000000000        0.0097430462586114     0.0000000000000000       -0.0178904106336493     0.0000000000000000
     0.0097430462586115     0.0000000000000000        0.0004336057457623     0.0000000000000000        0.0103290333952855     0.0000000000000000
    -0.0269204236272092     0.0000000000000000        0.0155425138279209     0.0000000000000000       -0.0348183930791826     0.0000000000000000
    4   11
    -0.0108166950144750     0.0000000000000000       -0.0097430462586115     0.0000000000000000        0.0178904106336493     0.0000000000000000
    -0.0097430462586115     0.0000000000000000        0.0004336057457623     0.0000000000000000        0.0103290333952855     0.0000000000000000
     0.0269204236272093     0.0000000000000000        0.0155425138279208     0.0000000000000000       -0.0348183930791824     0.0000000000000000
    5    1
    -0.0914235147559020     0.0000000000000000       -0.0000000000000000     0.0000000000000000       -0.0000000000000001     0.0000000000000000
    -0.0000000000000000     0.0000000000000000       -0.0914235147565231     0.0000000000000000       -0.0000000000000000     0.0000000000000000
    -0.0000000000000001     0.0000000000000000       -0.0000000000000000     0.0000000000000000       -0.0275774125334966     0.0000000000000000
    5    2
    -0.0188555821642672     0.0000000000000000       -0.0000000000000000     0.0000000000000000       -0.0000000000000000     0.0000000000000000
    -0.0000000000000000     0.0000000000000000       -0.0188555821643953     0.0000000000000000       -0.0000000000000000     0.0000000000000000
    -0.0000000000000000     0.0000000000000000       -0.0000000000000000     0.0000000000000000        0.0046952208246915     0.0000000000000000
    5    3
     0.0091988624564161     0.0000000000000000        0.0000000000000000     0.0000000000000000        0.0000000000000000     0.0000000000000000
     0.0000000000000000     0.0000000000000000        0.0091988624564786     0.0000000000000000        0.0000000000000000     0.0000000000000000
     0.0000000000000000     0.0000000000000000        0.0000000000000000     0.0000000000000000       -0.0203465740207507     0.0000000000000000
    5    4
    -0.0062943275262596     0.0000000000000000       -0.0000000000000000     0.0000000000000000       -0.0000000000000000     0.0000000000000000
    -0.0000000000000000     0.0000000000000000       -0.0062943275263024     0.0000000000000000        0.0000000000000000     0.0000000000000000
    -0.0000000000000000     0.0000000000000000        0.0000000000000000     0.0000000000000000       -0.0057856970359373     0.0000000000000000
    5    5
     0.1201766284112205     0.0000000000000000        0.0000000000000001     0.0000000000000000        0.0000000000000001     0.0000000000000000
     0.0000000000000000     0.0000000000000000        0.1201766284120369     0.0000000000000000       -0.0000000000000000     0.0000000000000000
     0.0000000000000001     0.0000000000000000       -0.0000000000000001     0.0000000000000000        0.1426547288247396     0.0000000000000000
    5    6
    -0.0108166950144750     0.0000000000000000       -0.0097430462586115     0.0000000000000000        0.0178904106336493     0.0000000000000000
    -0.0097430462586115     0.0000000000000000        0.0004336057457623     0.0000000000000000        0.0103290333952855     0.0000000000000000
     0.0269204236272093     0.0000000000000000        0.0155425138279208     0.0000000000000000       -0.0348183930791824     0.0000000000000000
    5    7
     0.0060587561258766     0.0000000000000000        0.0000000000000000     0.0000000000000000        0.0000000000000000     0.0000000000000000
     0.0000000000000000     0.0000000000000000       -0.0164418453947038     0.0000000000000000       -0.0206580667905708     0.0000000000000000
     0.0000000000000000     0.0000000000000000       -0.0310850276558416     0.0000000000000000       -0.0348183930791826     0.0000000000000000
    5    8
    -0.0108166950144749     0.0000000000000000        0.0097430462586114     0.0000000000000000       -0.0178904106336493     0.0000000000000000
     0.0097430462586115     0.0000000000000000        0.0004336057457623     0.0000000000000000        0.0103290333952855     0.0000000000000000
    -0.0269204236272092     0.0000000000000000        0.0155425138279209     0.0000000000000000       -0.0348183930791826     0.0000000000000000
    5    9
     0.0053893539035498     0.0000000000000000       -0.0000000000000000     0.0000000000000000        0.0000000000000000     0.0000000000000000
    -0.0000000000000000     0.0000000000000000       -0.0035409755823301     0.0000000000000000        0.0042771407974338     0.0000000000000000
     0.0000000000000000     0.0000000000000000        0.0171406763371490     0.0000000000000000        0.0036049710594338     0.0000000000000000
    5   10
    -0.0013083932108421     0.0000000000000000        0.0038669460994713     0.0000000000000000        0.0037041125861279     0.0000000000000000
     0.0038669460994713     0.0000000000000000        0.0031567715321073     0.0000000000000000       -0.0021385703987169     0.0000000000000000
     0.0148442611459674     0.0000000000000000       -0.0085703381685745     0.0000000000000000        0.0036049710594338     0.0000000000000000
    5   11
    -0.0013083932108420     0.0000000000000000       -0.0038669460994713     0.0000000000000000       -0.0037041125861279     0.0000000000000000
    -0.0038669460994713     0.0000000000000000        0.0031567715321073     0.0000000000000000       -0.0021385703987169     0.0000000000000000
    -0.0148442611459674     0.0000000000000000       -0.0085703381685745     0.0000000000000000        0.0036049710594337     0.0000000000000000
    6    1
    -0.0477911198291561     0.0000000000000000        0.0258011227575536     0.0000000000000000       -0.0174474939038354     0.0000000000000000
     0.0258011227575536     0.0000000000000000       -0.0775836901685183     0.0000000000000000       -0.0100733153020979     0.0000000000000000
    -0.0169951876705618     0.0000000000000000       -0.0098121761765603     0.0000000000000000       -0.0831058577135039     0.0000000000000000
    6    2
    -0.0034994203697373     0.0000000000000000        0.0082928364186748     0.0000000000000000       -0.0065201012770933     0.0000000000000000
     0.0082928364186748     0.0000000000000000       -0.0130751630471285     0.0000000000000000       -0.0037643822274862     0.0000000000000000
    -0.0062761873376887     0.0000000000000000       -0.0036235584489114     0.0000000000000000       -0.0164950421295145     0.0000000000000000
    6    3
    -0.0118622635318304     0.0000000000000000       -0.0118478525133178     0.0000000000000000        0.0079800773563367     0.0000000000000000
    -0.0118478525133178     0.0000000000000000        0.0018184581439014     0.0000000000000000        0.0046072998098507     0.0000000000000000
     0.0084327092356061     0.0000000000000000        0.0048686269471916     0.0000000000000000        0.0061831629102875     0.0000000000000000
    6    4
    -0.0013083932108420     0.0000000000000000       -0.0038669460994713     0.0000000000000000       -0.0148442611459674     0.0000000000000000
    -0.0038669460994713     0.0000000000000000        0.0031567715321073     0.0000000000000000       -0.0085703381685745     0.0000000000000000
    -0.0037041125861279     0.0000000000000000       -0.0021385703987169     0.0000000000000000        0.0036049710594337     0.0000000000000000
    6    5
    -0.0108166950144750     0.0000000000000000       -0.0097430462586115     0.0000000000000000        0.0269204236272093     0.0000000000000000
    -0.0097430462586115     0.0000000000000000        0.0004336057457623     0.0000000000000000        0.0155425138279208     0.0000000000000000
     0.0178904106336493     0.0000000000000000        0.0103290333952855     0.0000000000000000       -0.0348183930791824     0.0000000000000000
    6    6
     0.1360761027485868     0.0000000000000000        0.0072680914573311     0.0000000000000000       -0.0070692046481801     0.0000000000000000
     0.0072680914573311     0.0000000000000000        0.1276836336307130     0.0000000000000000       -0.0040814072065973     0.0000000000000000
    -0.0070692046481801     0.0000000000000000       -0.0040814072065973     0.0000000000000000        0.1235516343109658     0.0000000000000000
    6    7
    -0.0108550117517665     0.0000000000000000       -0.0277843165776855     0.0000000000000000        0.0008087385003954     0.0000000000000000
    -0.0201050931668001     0.0000000000000000       -0.0385039753592452     0.0000000000000000       -0.0032083974308915     0.0000000000000000
     0.0031829229307770     0.0000000000000000        0.0009038106290823     0.0000000000000000        0.0047526659400374     0.0000000000000000
    6    8
    -0.0523284571625922     0.0000000000000000        0.0038396117054427     0.0000000000000000       -0.0023741844303817     0.0000000000000000
    -0.0038396117054427     0.0000000000000000        0.0029694700518622     0.0000000000000000        0.0023045868018091     0.0000000000000000
     0.0023741844303815     0.0000000000000000        0.0023045868018091     0.0000000000000000        0.0047526659400374     0.0000000000000000
    6    9
    -0.0027145517830096     0.0000000000000000        0.0130206563932966     0.0000000000000000        0.0090137596153766     0.0000000000000000
     0.0029048486545564     0.0000000000000000        0.0064800428433619     0.0000000000000000       -0.0012082395812664     0.0000000000000000
     0.0055532459789193     0.0000000000000000       -0.0072020250199157     0.0000000000000000       -0.0011577545799792     0.0000000000000000
    6   10
     0.0110773401564815     0.0000000000000000       -0.0050579038693701     0.0000000000000000        0.0034605136364573     0.0000000000000000
     0.0050579038693701     0.0000000000000000       -0.0073118490962230     0.0000000000000000        0.0084102646011821     0.0000000000000000
    -0.0034605136364573     0.0000000000000000        0.0084102646011821     0.0000000000000000       -0.0011577545799792     0.0000000000000000
    6   11
    -0.0059775302516591     0.0000000000000000        0.0000777465861573     0.0000000000000000        0.0000717326696826     0.0000000000000000
     0.0000777465861573     0.0000000000000000       -0.0060673042765930     0.0000000000000000        0.0000414148761511     0.0000000000000000
     0.0000717326696826     0.0000000000000000        0.0000414148761511     0.0000000000000000       -0.0061102980786028     0.0000000000000000
    7    1
    -0.0924799753374089     0.0000000000000000       -0.0000000000000000     0.0000000000000000       -0.0000000000000001     0.0000000000000000
    -0.0000000000000000     0.0000000000000000       -0.0328948346599621     0.0000000000000000        0.0201466306041959     0.0000000000000000
    -0.0000000000000001     0.0000000000000000        0.0196243523531208     0.0000000000000000       -0.0831058577135038     0.0000000000000000
    7    2
    -0.0178630343856909     0.0000000000000000       -0.0000000000000000     0.0000000000000000       -0.0000000000000000     0.0000000000000000
    -0.0000000000000000     0.0000000000000000        0.0012884509689226     0.0000000000000000        0.0075287644549724     0.0000000000000000
    -0.0000000000000000     0.0000000000000000        0.0072471168978228     0.0000000000000000       -0.0164950421295145     0.0000000000000000
    7    3
     0.0086588189817488     0.0000000000000000        0.0000000000000000     0.0000000000000000        0.0000000000000000     0.0000000000000000
     0.0000000000000000     0.0000000000000000       -0.0187026243698172     0.0000000000000000       -0.0092145996197014     0.0000000000000000
     0.0000000000000000     0.0000000000000000       -0.0097372538943832     0.0000000000000000        0.0061831629102874     0.0000000000000000
    7    4
     0.0053893539035498     0.0000000000000000       -0.0000000000000000     0.0000000000000000        0.0000000000000000     0.0000000000000000
    -0.0000000000000000     0.0000000000000000       -0.0035409755823301     0.0000000000000000        0.0171406763371490     0.0000000000000000
     0.0000000000000000     0.0000000000000000        0.0042771407974337     0.0000000000000000        0.0036049710594338     0.0000000000000000
    7    5
     0.0060587561258766     0.0000000000000000       -0.0000000000000000     0.0000000000000000        0.0000000000000000     0.0000000000000000
     0.0000000000000000     0.0000000000000000       -0.0164418453947038     0.0000000000000000       -0.0310850276558416     0.0000000000000000
     0.0000000000000000     0.0000000000000000       -0.0206580667905708     0.0000000000000000       -0.0348183930791826     0.0000000000000000
    7    6
    -0.0108550117517665     0.0000000000000000       -0.0201050931668001     0.0000000000000000        0.0031829229307770     0.0000000000000000
    -0.0277843165776855     0.0000000000000000       -0.0385039753592452     0.0000000000000000        0.0009038106290823     0.0000000000000000
     0.0008087385003954     0.0000000000000000       -0.0032083974308915     0.0000000000000000        0.0047526659400374     0.0000000000000000
    7    7
     0.1234873990704750     0.0000000000000000        0.0000000000000001     0.0000000000000000        0.0000000000000001     0.0000000000000000
     0.0000000000000001     0.0000000000000000        0.1402723373089103     0.0000000000000000        0.0081628144131946     0.0000000000000000
     0.0000000000000001     0.0000000000000000        0.0081628144131946     0.0000000000000000        0.1235516343109659     0.0000000000000000
    7    8
    -0.0108550117517665     0.0000000000000000        0.0201050931668001     0.0000000000000000       -0.0031829229307770     0.0000000000000000
     0.0277843165776855     0.0000000000000000       -0.0385039753592452     0.0000000000000000        0.0009038106290824     0.0000000000000000
    -0.0008087385003954     0.0000000000000000       -0.0032083974308915     0.0000000000000000        0.0047526659400374     0.0000000000000000
    7    9
    -0.0061121912889981     0.0000000000000000       -0.0000000000000000     0.0000000000000000       -0.0000000000000000     0.0000000000000000
    -0.0000000000000000     0.0000000000000000       -0.0059326432392531     0.0000000000000000       -0.0000828297523022     0.0000000000000000
    -0.0000000000000000     0.0000000000000000       -0.0000828297523022     0.0000000000000000       -0.0061102980786028     0.0000000000000000
    7   10
    -0.0027145517830096     0.0000000000000000       -0.0029048486545564     0.0000000000000000       -0.0055532459789193     0.0000000000000000
    -0.0130206563932966     0.0000000000000000        0.0064800428433618     0.0000000000000000       -0.0072020250199157     0.0000000000000000
    -0.0090137596153766     0.0000000000000000       -0.0012082395812664     0.0000000000000000       -0.0011577545799792     0.0000000000000000
    7   11
    -0.0027145517830096     0.0000000000000000        0.0029048486545564     0.0000000000000000        0.0055532459789193     0.0000000000000000
     0.0130206563932966     0.0000000000000000        0.0064800428433619     0.0000000000000000       -0.0072020250199157     0.0000000000000000
     0.0090137596153766     0.0000000000000000       -0.0012082395812664     0.0000000000000000       -0.0011577545799792     0.0000000000000000
    8    1
    -0.0477911198291562     0.0000000000000000       -0.0258011227575537     0.0000000000000000        0.0174474939038353     0.0000000000000000
    -0.0258011227575537     0.0000000000000000       -0.0775836901685183     0.0000000000000000       -0.0100733153020979     0.0000000000000000
     0.0169951876705617     0.0000000000000000       -0.0098121761765604     0.0000000000000000       -0.0831058577135038     0.0000000000000000
    8    2
    -0.0034994203697374     0.0000000000000000       -0.0082928364186748     0.0000000000000000        0.0065201012770933     0.0000000000000000
    -0.0082928364186748     0.0000000000000000       -0.0130751630471285     0.0000000000000000       -0.0037643822274862     0.0000000000000000
     0.0062761873376887     0.0000000000000000       -0.0036235584489114     0.0000000000000000       -0.0164950421295145     0.0000000000000000
    8    3
    -0.0118622635318304     0.0000000000000000        0.0118478525133178     0.0000000000000000       -0.0079800773563367     0.0000000000000000
     0.0118478525133178     0.0000000000000000        0.0018184581439014     0.0000000000000000        0.0046072998098507     0.0000000000000000
    -0.0084327092356061     0.0000000000000000        0.0048686269471916     0.0000000000000000        0.0061831629102874     0.0000000000000000
    8    4
    -0.0013083932108421     0.0000000000000000        0.0038669460994713     0.0000000000000000        0.0148442611459674     0.0000000000000000
     0.0038669460994713     0.0000000000000000        0.0031567715321073     0.0000000000000000       -0.0085703381685745     0.0000000000000000
     0.0037041125861279     0.0000000000000000       -0.0021385703987169     0.0000000000000000        0.0036049710594338     0.0000000000000000
    8    5
    -0.0108166950144749     0.0000000000000000        0.0097430462586115     0.0000000000000000       -0.0269204236272093     0.0000000000000000
     0.0097430462586114     0.0000000000000000        0.0004336057457623     0.0000000000000000        0.0155425138279209     0.0000000000000000
    -0.0178904106336493     0.0000000000000000        0.0103290333952855     0.0000000000000000       -0.0348183930791826     0.0000000000000000
    8    6
    -0.0523284571625922     0.0000000000000000       -0.0038396117054427     0.0000000000000000        0.0023741844303815     0.0000000000000000
     0.0038396117054427     0.0000000000000000        0.0029694700518622     0.0000000000000000        0.0023045868018091     0.0000000000000000
    -0.0023741844303817     0.0000000000000000        0.0023045868018091     0.0000000000000000        0.0047526659400374     0.0000000000000000
    8    7
    -0.0108550117517665     0.0000000000000000        0.0277843165776855     0.0000000000000000       -0.0008087385003954     0.0000000000000000
     0.0201050931668001     0.0000000000000000       -0.0385039753592452     0.0000000000000000       -0.0032083974308915     0.0000000000000000
    -0.0031829229307770     0.0000000000000000        0.0009038106290824     0.0000000000000000        0.0047526659400374     0.0000000000000000
    8    8
     0.1360761027485868     0.0000000000000000       -0.0072680914573310     0.0000000000000000        0.0070692046481804     0.0000000000000000
    -0.0072680914573310     0.0000000000000000        0.1276836336307130     0.0000000000000000       -0.0040814072065973     0.0000000000000000
     0.0070692046481804     0.0000000000000000       -0.0040814072065973     0.0000000000000000        0.1235516343109659     0.0000000000000000
    8    9
    -0.0027145517830096     0.0000000000000000       -0.0130206563932966     0.0000000000000000       -0.0090137596153766     0.0000000000000000
    -0.0029048486545564     0.0000000000000000        0.0064800428433618     0.0000000000000000       -0.0012082395812664     0.0000000000000000
    -0.0055532459789193     0.0000000000000000       -0.0072020250199157     0.0000000000000000       -0.0011577545799792     0.0000000000000000
    8   10
    -0.0059775302516591     0.0000000000000000       -0.0000777465861573     0.0000000000000000       -0.0000717326696826     0.0000000000000000
    -0.0000777465861573     0.0000000000000000       -0.0060673042765930     0.0000000000000000        0.0000414148761511     0.0000000000000000
    -0.0000717326696826     0.0000000000000000        0.0000414148761511     0.0000000000000000       -0.0061102980786028     0.0000000000000000
    8   11
     0.0110773401564815     0.0000000000000000        0.0050579038693701     0.0000000000000000       -0.0034605136364573     0.0000000000000000
    -0.0050579038693701     0.0000000000000000       -0.0073118490962230     0.0000000000000000        0.0084102646011821     0.0000000000000000
     0.0034605136364573     0.0000000000000000        0.0084102646011821     0.0000000000000000       -0.0011577545799792     0.0000000000000000
    9    1
    -0.0924799753374089     0.0000000000000000       -0.0000000000000000     0.0000000000000000       -0.0000000000000001     0.0000000000000000
    -0.0000000000000000     0.0000000000000000       -0.0328948346599621     0.0000000000000000        0.0201466306041959     0.0000000000000000
    -0.0000000000000001     0.0000000000000000        0.0196243523531208     0.0000000000000000       -0.0831058577135038     0.0000000000000000
    9    2
     0.0086588189817488     0.0000000000000000        0.0000000000000000     0.0000000000000000        0.0000000000000000     0.0000000000000000
     0.0000000000000000     0.0000000000000000       -0.0187026243698172     0.0000000000000000       -0.0092145996197014     0.0000000000000000
     0.0000000000000000     0.0000000000000000       -0.0097372538943832     0.0000000000000000        0.0061831629102874     0.0000000000000000
    9    3
    -0.0178630343856909     0.0000000000000000       -0.0000000000000000     0.0000000000000000       -0.0000000000000000     0.0000000000000000
    -0.0000000000000000     0.0000000000000000        0.0012884509689226     0.0000000000000000        0.0075287644549724     0.0000000000000000
    -0.0000000000000000     0.0000000000000000        0.0072471168978228     0.0000000000000000       -0.0164950421295145     0.0000000000000000
    9    4
     0.0060587561258766     0.0000000000000000        0.0000000000000000     0.0000000000000000        0.0000000000000000     0.0000000000000000
     0.0000000000000000     0.0000000000000000       -0.0164418453947038     0.0000000000000000       -0.0310850276558416     0.0000000000000000
     0.0000000000000000     0.0000000000000000       -0.0206580667905708     0.0000000000000000       -0.0348183930791826     0.0000000000000000
    9    5
     0.0053893539035498     0.0000000000000000       -0.0000000000000000     0.0000000000000000        0.0000000000000000     0.0000000000000000
    -0.0000000000000000     0.0000000000000000       -0.0035409755823301     0.0000000000000000        0.0171406763371490     0.0000000000000000
     0.0000000000000000     0.0000000000000000        0.0042771407974338     0.0000000000000000        0.0036049710594338     0.0000000000000000
    9    6
    -0.0027145517830096     0.0000000000000000        0.0029048486545564     0.0000000000000000        0.0055532459789193     0.0000000000000000
     0.0130206563932966     0.0000000000000000        0.0064800428433619     0.0000000000000000       -0.0072020250199157     0.0000000000000000
     0.0090137596153766     0.0000000000000000       -0.0012082395812664     0.0000000000000000       -0.0011577545799792     0.0000000000000000
    9    7
    -0.0061121912889981     0.0000000000000000       -0.0000000000000000     0.0000000000000000       -0.0000000000000000     0.0000000000000000
    -0.0000000000000000     0.0000000000000000       -0.0059326432392531     0.0000000000000000       -0.0000828297523022     0.0000000000000000
    -0.0000000000000000     0.0000000000000000       -0.0000828297523022     0.0000000000000000       -0.0061102980786028     0.0000000000000000
    9    8
    -0.0027145517830096     0.0000000000000000       -0.0029048486545564     0.0000000000000000       -0.0055532459789193     0.0000000000000000
    -0.0130206563932966     0.0000000000000000        0.0064800428433618     0.0000000000000000       -0.0072020250199157     0.0000000000000000
    -0.0090137596153766     0.0000000000000000       -0.0012082395812664     0.0000000000000000       -0.0011577545799792     0.0000000000000000
    9    9
     0.1234873990704749     0.0000000000000000        0.0000000000000001     0.0000000000000000        0.0000000000000001     0.0000000000000000
     0.0000000000000001     0.0000000000000000        0.1402723373089103     0.0000000000000000        0.0081628144131946     0.0000000000000000
     0.0000000000000001     0.0000000000000000        0.0081628144131946     0.0000000000000000        0.1235516343109659     0.0000000000000000
    9   10
    -0.0108550117517665     0.0000000000000000        0.0201050931668001     0.0000000000000000       -0.0031829229307770     0.0000000000000000
     0.0277843165776855     0.0000000000000000       -0.0385039753592452     0.0000000000000000        0.0009038106290824     0.0000000000000000
    -0.0008087385003954     0.0000000000000000       -0.0032083974308915     0.0000000000000000        0.0047526659400374     0.0000000000000000
    9   11
    -0.0108550117517665     0.0000000000000000       -0.0201050931668001     0.0000000000000000        0.0031829229307770     0.0000000000000000
    -0.0277843165776855     0.0000000000000000       -0.0385039753592452     0.0000000000000000        0.0009038106290823     0.0000000000000000
     0.0008087385003954     0.0000000000000000       -0.0032083974308915     0.0000000000000000        0.0047526659400374     0.0000000000000000
   10    1
    -0.0477911198291562     0.0000000000000000       -0.0258011227575537     0.0000000000000000        0.0174474939038353     0.0000000000000000
    -0.0258011227575537     0.0000000000000000       -0.0775836901685183     0.0000000000000000       -0.0100733153020979     0.0000000000000000
     0.0169951876705617     0.0000000000000000       -0.0098121761765604     0.0000000000000000       -0.0831058577135038     0.0000000000000000
   10    2
    -0.0118622635318304     0.0000000000000000        0.0118478525133178     0.0000000000000000       -0.0079800773563367     0.0000000000000000
     0.0118478525133178     0.0000000000000000        0.0018184581439014     0.0000000000000000        0.0046072998098507     0.0000000000000000
    -0.0084327092356061     0.0000000000000000        0.0048686269471916     0.0000000000000000        0.0061831629102874     0.0000000000000000
   10    3
    -0.0034994203697374     0.0000000000000000       -0.0082928364186748     0.0000000000000000        0.0065201012770933     0.0000000000000000
    -0.0082928364186748     0.0000000000000000       -0.0130751630471285     0.0000000000000000       -0.0037643822274862     0.0000000000000000
     0.0062761873376887     0.0000000000000000       -0.0036235584489114     0.0000000000000000       -0.0164950421295145     0.0000000000000000
   10    4
    -0.0108166950144749     0.0000000000000000        0.0097430462586115     0.0000000000000000       -0.0269204236272093     0.0000000000000000
     0.0097430462586114     0.0000000000000000        0.0004336057457623     0.0000000000000000        0.0155425138279209     0.0000000000000000
    -0.0178904106336493     0.0000000000000000        0.0103290333952855     0.0000000000000000       -0.0348183930791826     0.0000000000000000
   10    5
    -0.0013083932108421     0.0000000000000000        0.0038669460994713     0.0000000000000000        0.0148442611459674     0.0000000000000000
     0.0038669460994713     0.0000000000000000        0.0031567715321073     0.0000000000000000       -0.0085703381685745     0.0000000000000000
     0.0037041125861279     0.0000000000000000       -0.0021385703987169     0.0000000000000000        0.0036049710594338     0.0000000000000000
   10    6
     0.0110773401564815     0.0000000000000000        0.0050579038693701     0.0000000000000000       -0.0034605136364573     0.0000000000000000
    -0.0050579038693701     0.0000000000000000       -0.0073118490962230     0.0000000000000000        0.0084102646011821     0.0000000000000000
     0.0034605136364573     0.0000000000000000        0.0084102646011821     0.0000000000000000       -0.0011577545799792     0.0000000000000000
   10    7
    -0.0027145517830096     0.0000000000000000       -0.0130206563932966     0.0000000000000000       -0.0090137596153766     0.0000000000000000
    -0.0029048486545564     0.0000000000000000        0.0064800428433618     0.0000000000000000       -0.0012082395812664     0.0000000000000000
    -0.0055532459789193     0.0000000000000000       -0.0072020250199157     0.0000000000000000       -0.0011577545799792     0.0000000000000000
   10    8
    -0.0059775302516591     0.0000000000000000       -0.0000777465861573     0.0000000000000000       -0.0000717326696826     0.0000000000000000
    -0.0000777465861573     0.0000000000000000       -0.0060673042765930     0.0000000000000000        0.0000414148761511     0.0000000000000000
    -0.0000717326696826     0.0000000000000000        0.0000414148761511     0.0000000000000000       -0.0061102980786028     0.0000000000000000
   10    9
    -0.0108550117517665     0.0000000000000000        0.0277843165776855     0.0000000000000000       -0.0008087385003954     0.0000000000000000
     0.0201050931668001     0.0000000000000000       -0.0385039753592452     0.0000000000000000       -0.0032083974308915     0.0000000000000000
    -0.0031829229307770     0.0000000000000000        0.0009038106290824     0.0000000000000000        0.0047526659400374     0.0000000000000000
   10   10
     0.1360761027485868     0.0000000000000000       -0.0072680914573309     0.0000000000000000        0.0070692046481804     0.0000000000000000
    -0.0072680914573310     0.0000000000000000        0.1276836336307130     0.0000000000000000       -0.0040814072065973     0.0000000000000000
     0.0070692046481804     0.0000000000000000       -0.0040814072065973     0.0000000000000000        0.1235516343109659     0.0000000000000000
   10   11
    -0.0523284571625922     0.0000000000000000       -0.0038396117054427     0.0000000000000000        0.0023741844303815     0.0000000000000000
     0.0038396117054427     0.0000000000000000        0.0029694700518622     0.0000000000000000        0.0023045868018091     0.0000000000000000
    -0.0023741844303817     0.0000000000000000        0.0023045868018091     0.0000000000000000        0.0047526659400374     0.0000000000000000
   11    1
    -0.0477911198291561     0.0000000000000000        0.0258011227575536     0.0000000000000000       -0.0174474939038354     0.0000000000000000
     0.0258011227575536     0.0000000000000000       -0.0775836901685183     0.0000000000000000       -0.0100733153020979     0.0000000000000000
    -0.0169951876705617     0.0000000000000000       -0.0098121761765603     0.0000000000000000       -0.0831058577135039     0.0000000000000000
   11    2
    -0.0118622635318304     0.0000000000000000       -0.0118478525133178     0.0000000000000000        0.0079800773563367     0.0000000000000000
    -0.0118478525133178     0.0000000000000000        0.0018184581439014     0.0000000000000000        0.0046072998098507     0.0000000000000000
     0.0084327092356061     0.0000000000000000        0.0048686269471916     0.0000000000000000        0.0061831629102875     0.0000000000000000
   11    3
    -0.0034994203697373     0.0000000000000000        0.0082928364186748     0.0000000000000000       -0.0065201012770933     0.0000000000000000
     0.0082928364186748     0.0000000000000000       -0.0130751630471285     0.0000000000000000       -0.0037643822274862     0.0000000000000000
    -0.0062761873376887     0.0000000000000000       -0.0036235584489114     0.0000000000000000       -0.0164950421295145     0.0000000000000000
   11    4
    -0.0108166950144750     0.0000000000000000       -0.0097430462586115     0.0000000000000000        0.0269204236272093     0.0000000000000000
    -0.0097430462586115     0.0000000000000000        0.0004336057457623     0.0000000000000000        0.0155425138279208     0.0000000000000000
     0.0178904106336493     0.0000000000000000        0.0103290333952855     0.0000000000000000       -0.0348183930791824     0.0000000000000000
   11    5
    -0.0013083932108420     0.0000000000000000       -0.0038669460994713     0.0000000000000000       -0.0148442611459674     0.0000000000000000
    -0.0038669460994713     0.0000000000000000        0.0031567715321073     0.0000000000000000       -0.0085703381685745     0.0000000000000000
    -0.0037041125861279     0.0000000000000000       -0.0021385703987169     0.0000000000000000        0.0036049710594337     0.0000000000000000
   11    6
    -0.0059775302516591     0.0000000000000000        0.0000777465861573     0.0000000000000000        0.0000717326696826     0.0000000000000000
     0.0000777465861573     0.0000000000000000       -0.0060673042765930     0.0000000000000000        0.0000414148761511     0.0000000000000000
     0.0000717326696826     0.0000000000000000        0.0000414148761511     0.0000000000000000       -0.0061102980786028     0.0000000000000000
   11    7
    -0.0027145517830096     0.0000000000000000        0.0130206563932966     0.0000000000000000        0.0090137596153766     0.0000000000000000
     0.0029048486545564     0.0000000000000000        0.0064800428433619     0.0000000000000000       -0.0012082395812664     0.0000000000000000
     0.0055532459789193     0.0000000000000000       -0.0072020250199157     0.0000000000000000       -0.0011577545799792     0.0000000000000000
   11    8
     0.0110773401564815     0.0000000000000000       -0.0050579038693701     0.0000000000000000        0.0034605136364573     0.0000000000000000
     0.0050579038693701     0.0000000000000000       -0.0073118490962230     0.0000000000000000        0.0084102646011821     0.0000000000000000
    -0.0034605136364573     0.0000000000000000        0.0084102646011821     0.0000000000000000       -0.0011577545799792     0.0000000000000000
   11    9
    -0.0108550117517665     0.0000000000000000       -0.0277843165776855     0.0000000000000000        0.0008087385003954     0.0000000000000000
    -0.0201050931668001     0.0000000000000000       -0.0385039753592452     0.0000000000000000       -0.0032083974308915     0.0000000000000000
     0.0031829229307770     0.0000000000000000        0.0009038106290823     0.0000000000000000        0.0047526659400374     0.0000000000000000
   11   10
    -0.0523284571625922     0.0000000000000000        0.0038396117054427     0.0000000000000000       -0.0023741844303817     0.0000000000000000
    -0.0038396117054427     0.0000000000000000        0.0029694700518622     0.0000000000000000        0.0023045868018091     0.0000000000000000
     0.0023741844303815     0.0000000000000000        0.0023045868018091     0.0000000000000000        0.0047526659400374     0.0000000000000000
   11   11
     0.1360761027485868     0.0000000000000000        0.0072680914573311     0.0000000000000000       -0.0070692046481801     0.0000000000000000
     0.0072680914573311     0.0000000000000000        0.1276836336307130     0.0000000000000000       -0.0040814072065973     0.0000000000000000
    -0.0070692046481801     0.0000000000000000       -0.0040814072065973     0.0000000000000000        0.1235516343109658     0.0000000000000000

     Diagonalizing the dynamical matrix

     q = (     0.000000000000     0.000000000000     0.000000000000 )

***************************************************************************
   freq (    1) =    -0.00000026 [THz] =    -0.00000877 [cm-1]
(  -0.000000  0.000000  -0.271989  0.000000  -0.130120  0.000000 )
(  -0.000000  0.000000  -0.271989  0.000000  -0.130120  0.000000 )
(  -0.000000  0.000000  -0.271989  0.000000  -0.130120  0.000000 )
(  -0.000000  0.000000  -0.271989  0.000000  -0.130120  0.000000 )
(  -0.000000  0.000000  -0.271989  0.000000  -0.130120  0.000000 )
(  -0.000000  0.000000  -0.271989  0.000000  -0.130120  0.000000 )
(  -0.000000  0.000000  -0.271989  0.000000  -0.130120  0.000000 )
(  -0.000000  0.000000  -0.271989  0.000000  -0.130120  0.000000 )
(  -0.000000  0.000000  -0.271989  0.000000  -0.130120  0.000000 )
(  -0.000000  0.000000  -0.271989  0.000000  -0.130120  0.000000 )
(  -0.000000  0.000000  -0.271989  0.000000  -0.130120  0.000000 )
   freq (    2) =     0.00000016 [THz] =     0.00000545 [cm-1]
(  -0.301511  0.000000   0.000000  0.000000   0.000000  0.000000 )
(  -0.301511  0.000000   0.000000  0.000000   0.000000  0.000000 )
(  -0.301511  0.000000   0.000000  0.000000   0.000000  0.000000 )
(  -0.301511  0.000000   0.000000  0.000000   0.000000  0.000000 )
(  -0.301511  0.000000   0.000000  0.000000   0.000000  0.000000 )
(  -0.301511  0.000000   0.000000  0.000000   0.000000  0.000000 )
(  -0.301511  0.000000   0.000000  0.000000   0.000000  0.000000 )
(  -0.301511  0.000000   0.000000  0.000000   0.000000  0.000000 )
(  -0.301511  0.000000   0.000000  0.000000   0.000000  0.000000 )
(  -0.301511  0.000000   0.000000  0.000000   0.000000  0.000000 )
(  -0.301511  0.000000   0.000000  0.000000   0.000000  0.000000 )
   freq (    3) =     0.00000101 [THz] =     0.00003372 [cm-1]
(  -0.000000  0.000000   0.130120  0.000000  -0.271989  0.000000 )
(  -0.000000  0.000000   0.130120  0.000000  -0.271989  0.000000 )
(   0.000000  0.000000   0.130120  0.000000  -0.271989  0.000000 )
(   0.000000  0.000000   0.130120  0.000000  -0.271989  0.000000 )
(   0.000000  0.000000   0.130120  0.000000  -0.271989  0.000000 )
(   0.000000  0.000000   0.130120  0.000000  -0.271989  0.000000 )
(   0.000000  0.000000   0.130120  0.000000  -0.271989  0.000000 )
(  -0.000000  0.000000   0.130120  0.000000  -0.271989  0.000000 )
(   0.000000  0.000000   0.130120  0.000000  -0.271989  0.000000 )
(  -0.000000  0.000000   0.130120  0.000000  -0.271989  0.000000 )
(   0.000000  0.000000   0.130120  0.000000  -0.271989  0.000000 )
   freq (    4) =    25.75950572 [THz] =   859.24449891 [cm-1]
(  -0.000000  0.000000  -0.000000  0.000000   0.021414  0.000000 )
(   0.000000  0.000000   0.000000  0.000000  -0.473151  0.000000 )
(   0.000000  0.000000   0.000000  0.000000  -0.473151  0.000000 )
(   0.000000  0.000000   0.000000  0.000000  -0.360876  0.000000 )
(   0.000000  0.000000   0.000000  0.000000  -0.360876  0.000000 )
(   0.046153  0.000000   0.026646  0.000000  -0.213812  0.000000 )
(   0.000000  0.000000  -0.053293  0.000000  -0.213812  0.000000 )
(  -0.046153  0.000000   0.026646  0.000000  -0.213812  0.000000 )
(   0.000000  0.000000  -0.053293  0.000000  -0.213812  0.000000 )
(  -0.046153  0.000000   0.026646  0.000000  -0.213812  0.000000 )
(   0.046153  0.000000   0.026646  0.000000  -0.213812  0.000000 )
   freq (    5) =    25.98537912 [THz] =   866.77882352 [cm-1]
(  -0.021519  0.000000  -0.000000  0.000000  -0.000000  0.000000 )
(   0.455544  0.000000   0.000000  0.000000   0.000000  0.000000 )
(   0.455544  0.000000   0.000000  0.000000   0.000000  0.000000 )
(   0.193606  0.000000   0.000000  0.000000   0.000000  0.000000 )
(   0.193606  0.000000   0.000000  0.000000   0.000000  0.000000 )
(   0.318873  0.000000   0.071062  0.000000  -0.038546  0.000000 )
(   0.195790  0.000000   0.000000  0.000000   0.000000  0.000000 )
(   0.318873  0.000000  -0.071062  0.000000   0.038546  0.000000 )
(   0.195790  0.000000   0.000000  0.000000   0.000000  0.000000 )
(   0.318873  0.000000  -0.071062  0.000000   0.038546  0.000000 )
(   0.318873  0.000000   0.071062  0.000000  -0.038546  0.000000 )
   freq (    6) =    25.98537912 [THz] =   866.77882352 [cm-1]
(   0.000000  0.000000  -0.021519  0.000000  -0.000000  0.000000 )
(  -0.000000  0.000000   0.455544  0.000000   0.000000  0.000000 )
(  -0.000000  0.000000   0.455544  0.000000   0.000000  0.000000 )
(  -0.000000  0.000000   0.193606  0.000000   0.000000  0.000000 )
(  -0.000000  0.000000   0.193606  0.000000   0.000000  0.000000 )
(   0.071062  0.000000   0.236818  0.000000  -0.022254  0.000000 )
(  -0.000000  0.000000   0.359901  0.000000   0.044509  0.000000 )
(  -0.071062  0.000000   0.236818  0.000000  -0.022254  0.000000 )
(  -0.000000  0.000000   0.359901  0.000000   0.044509  0.000000 )
(  -0.071062  0.000000   0.236818  0.000000  -0.022254  0.000000 )
(   0.071062  0.000000   0.236818  0.000000  -0.022254  0.000000 )
   freq (    7) =    27.57224948 [THz] =   919.71111331 [cm-1]
(   0.000000  0.000000  -0.000000  0.000000   0.000000  0.000000 )
(  -0.000000  0.000000  -0.000000  0.000000   0.513725  0.000000 )
(   0.000000  0.000000   0.000000  0.000000  -0.513725  0.000000 )
(   0.000000  0.000000   0.000000  0.000000   0.416522  0.000000 )
(  -0.000000  0.000000  -0.000000  0.000000  -0.416522  0.000000 )
(   0.124746  0.000000   0.072022  0.000000  -0.010798  0.000000 )
(  -0.000000  0.000000  -0.144044  0.000000  -0.010798  0.000000 )
(  -0.124746  0.000000   0.072022  0.000000  -0.010798  0.000000 )
(   0.000000  0.000000   0.144044  0.000000   0.010798  0.000000 )
(   0.124746  0.000000  -0.072022  0.000000   0.010798  0.000000 )
(  -0.124746  0.000000  -0.072022  0.000000   0.010798  0.000000 )
   freq (    8) =    27.69144242 [THz] =   923.68696137 [cm-1]
(   0.000000  0.000000   0.000000  0.000000  -0.000000  0.000000 )
(  -0.487230  0.000000  -0.000002  0.000000  -0.000000  0.000000 )
(   0.487230  0.000000   0.000002  0.000000   0.000000  0.000000 )
(   0.016054  0.000000   0.000000  0.000000  -0.000000  0.000000 )
(  -0.016054  0.000000  -0.000000  0.000000   0.000000  0.000000 )
(   0.294779  0.000000   0.175452  0.000000  -0.115999  0.000000 )
(  -0.009113  0.000000   0.000002  0.000000   0.000001  0.000000 )
(   0.294777  0.000000  -0.175451  0.000000   0.115999  0.000000 )
(   0.009113  0.000000  -0.000002  0.000000  -0.000001  0.000000 )
(  -0.294777  0.000000   0.175451  0.000000  -0.115999  0.000000 )
(  -0.294779  0.000000  -0.175452  0.000000   0.115999  0.000000 )
   freq (    9) =    27.69144242 [THz] =   923.68696138 [cm-1]
(   0.000000  0.000000  -0.000000  0.000000   0.000000  0.000000 )
(   0.000002  0.000000  -0.487230  0.000000  -0.000000  0.000000 )
(  -0.000002  0.000000   0.487230  0.000000   0.000000  0.000000 )
(  -0.000000  0.000000   0.016054  0.000000  -0.000000  0.000000 )
(   0.000000  0.000000  -0.016054  0.000000   0.000000  0.000000 )
(   0.175451  0.000000   0.092183  0.000000  -0.066972  0.000000 )
(   0.000000  0.000000   0.396075  0.000000   0.133944  0.000000 )
(  -0.175453  0.000000   0.092184  0.000000  -0.066973  0.000000 )
(  -0.000000  0.000000  -0.396075  0.000000  -0.133944  0.000000 )
(   0.175453  0.000000  -0.092184  0.000000   0.066973  0.000000 )
(  -0.175451  0.000000  -0.092183  0.000000   0.066972  0.000000 )
   freq (   10) =    28.59159267 [THz] =   953.71273740 [cm-1]
(   0.000000  0.000000  -0.000000  0.000000   0.000000  0.000000 )
(   0.000000  0.000000   0.000000  0.000000  -0.334631  0.000000 )
(  -0.000000  0.000000  -0.000000  0.000000   0.334631  0.000000 )
(  -0.000000  0.000000  -0.000000  0.000000   0.364016  0.000000 )
(   0.000000  0.000000   0.000000  0.000000  -0.364016  0.000000 )
(   0.021782  0.000000   0.012576  0.000000  -0.290755  0.000000 )
(   0.000000  0.000000  -0.025152  0.000000  -0.290755  0.000000 )
(  -0.021782  0.000000   0.012576  0.000000  -0.290755  0.000000 )
(  -0.000000  0.000000   0.025152  0.000000   0.290755  0.000000 )
(   0.021782  0.000000  -0.012576  0.000000   0.290755  0.000000 )
(  -0.021782  0.000000  -0.012576  0.000000   0.290755  0.000000 )
   freq (   11) =    29.15245973 [THz] =   972.42124602 [cm-1]
(   0.000000  0.000000  -0.000000  0.000000  -0.000000  0.000000 )
(   0.374721  0.000000  -0.000030  0.000000   0.000000  0.000000 )
(  -0.374721  0.000000   0.000030  0.000000  -0.000000  0.000000 )
(  -0.303427  0.000000   0.000024  0.000000  -0.000000  0.000000 )
(   0.303427  0.000000  -0.000024  0.000000   0.000000  0.000000 )
(   0.309621  0.000000   0.020704  0.000000  -0.000552  0.000000 )
(   0.273723  0.000000  -0.000026  0.000000  -0.000000  0.000000 )
(   0.309624  0.000000  -0.020750  0.000000   0.000552  0.000000 )
(  -0.273723  0.000000   0.000026  0.000000   0.000000  0.000000 )
(  -0.309624  0.000000   0.020750  0.000000  -0.000552  0.000000 )
(  -0.309621  0.000000  -0.020704  0.000000   0.000552  0.000000 )
   freq (   12) =    29.15245973 [THz] =   972.42124602 [cm-1]
(   0.000000  0.000000   0.000000  0.000000  -0.000000  0.000000 )
(   0.000030  0.000000   0.374721  0.000000  -0.000000  0.000000 )
(  -0.000030  0.000000  -0.374721  0.000000   0.000000  0.000000 )
(  -0.000024  0.000000  -0.303427  0.000000  -0.000000  0.000000 )
(   0.000024  0.000000   0.303427  0.000000   0.000000  0.000000 )
(   0.020752  0.000000   0.285691  0.000000  -0.000319  0.000000 )
(   0.000022  0.000000   0.321589  0.000000   0.000637  0.000000 )
(  -0.020702  0.000000   0.285688  0.000000  -0.000318  0.000000 )
(  -0.000022  0.000000  -0.321589  0.000000  -0.000637  0.000000 )
(   0.020702  0.000000  -0.285688  0.000000   0.000318  0.000000 )
(  -0.020752  0.000000  -0.285691  0.000000   0.000319  0.000000 )
   freq (   13) =    33.57925782 [THz] =  1120.08331507 [cm-1]
(   0.000336  0.000000  -0.000000  0.000000   0.000000  0.000000 )
(  -0.026974  0.000000   0.000000  0.000000  -0.000000  0.000000 )
(  -0.026974  0.000000   0.000000  0.000000  -0.000000  0.000000 )
(  -0.434714  0.000000   0.000000  0.000000   0.000000  0.000000 )
(  -0.434714  0.000000   0.000000  0.000000   0.000000  0.000000 )
(   0.150531  0.000000   0.007552  0.000000   0.350692  0.000000 )
(   0.137451  0.000000  -0.000000  0.000000   0.000000  0.000000 )
(   0.150531  0.000000  -0.007552  0.000000  -0.350692  0.000000 )
(   0.137451  0.000000  -0.000000  0.000000   0.000000  0.000000 )
(   0.150531  0.000000  -0.007552  0.000000  -0.350692  0.000000 )
(   0.150531  0.000000   0.007552  0.000000   0.350692  0.000000 )
   freq (   14) =    33.57925782 [THz] =  1120.08331507 [cm-1]
(  -0.000000  0.000000  -0.000336  0.000000   0.000000  0.000000 )
(   0.000000  0.000000   0.026974  0.000000  -0.000000  0.000000 )
(   0.000000  0.000000   0.026974  0.000000  -0.000000  0.000000 )
(   0.000000  0.000000   0.434714  0.000000   0.000000  0.000000 )
(   0.000000  0.000000   0.434714  0.000000   0.000000  0.000000 )
(  -0.007552  0.000000  -0.141811  0.000000  -0.202472  0.000000 )
(  -0.000000  0.000000  -0.154891  0.000000   0.404944  0.000000 )
(   0.007552  0.000000  -0.141811  0.000000  -0.202472  0.000000 )
(  -0.000000  0.000000  -0.154891  0.000000   0.404944  0.000000 )
(   0.007552  0.000000  -0.141811  0.000000  -0.202472  0.000000 )
(  -0.007552  0.000000  -0.141811  0.000000  -0.202472  0.000000 )
   freq (   15) =    33.72122556 [THz] =  1124.81884821 [cm-1]
(  -0.000000  0.000000  -0.000000  0.000000  -0.000000  0.000000 )
(  -0.010389  0.000000   0.000000  0.000000  -0.000000  0.000000 )
(   0.010389  0.000000  -0.000000  0.000000  -0.000000  0.000000 )
(  -0.424436  0.000000   0.000002  0.000000   0.000000  0.000000 )
(   0.424436  0.000000  -0.000002  0.000000   0.000000  0.000000 )
(  -0.140739  0.000000  -0.000889  0.000000  -0.361076  0.000000 )
(  -0.139198  0.000000   0.000001  0.000000  -0.000002  0.000000 )
(  -0.140739  0.000000   0.000890  0.000000   0.361078  0.000000 )
(   0.139198  0.000000  -0.000001  0.000000   0.000002  0.000000 )
(   0.140739  0.000000  -0.000890  0.000000  -0.361078  0.000000 )
(   0.140739  0.000000   0.000889  0.000000   0.361076  0.000000 )
   freq (   16) =    33.72122556 [THz] =  1124.81884821 [cm-1]
(  -0.000000  0.000000   0.000000  0.000000  -0.000000  0.000000 )
(   0.000000  0.000000   0.010389  0.000000  -0.000000  0.000000 )
(  -0.000000  0.000000  -0.010389  0.000000   0.000000  0.000000 )
(   0.000002  0.000000   0.424436  0.000000  -0.000000  0.000000 )
(  -0.000002  0.000000  -0.424436  0.000000   0.000000  0.000000 )
(   0.000890  0.000000   0.139712  0.000000   0.208470  0.000000 )
(   0.000001  0.000000   0.141253  0.000000  -0.416936  0.000000 )
(  -0.000889  0.000000   0.139712  0.000000   0.208466  0.000000 )
(  -0.000001  0.000000  -0.141253  0.000000   0.416936  0.000000 )
(   0.000889  0.000000  -0.139712  0.000000  -0.208466  0.000000 )
(  -0.000890  0.000000  -0.139712  0.000000  -0.208470  0.000000 )
   freq (   17) =    33.95779555 [THz] =  1132.70997268 [cm-1]
(  -0.000000  0.000000  -0.000000  0.000000   0.000000  0.000000 )
(   0.000000  0.000000   0.000000  0.000000   0.000000  0.000000 )
(  -0.000000  0.000000  -0.000000  0.000000   0.000000  0.000000 )
(  -0.000000  0.000000   0.000000  0.000000  -0.000000  0.000000 )
(   0.000000  0.000000  -0.000000  0.000000  -0.000000  0.000000 )
(   0.204124  0.000000  -0.353553  0.000000   0.000000  0.000000 )
(  -0.408248  0.000000   0.000000  0.000000  -0.000000  0.000000 )
(   0.204124  0.000000   0.353553  0.000000  -0.000000  0.000000 )
(   0.408248  0.000000  -0.000000  0.000000   0.000000  0.000000 )
(  -0.204124  0.000000  -0.353553  0.000000   0.000000  0.000000 )
(  -0.204124  0.000000   0.353553  0.000000  -0.000000  0.000000 )
   freq (   18) =    34.51989695 [THz] =  1151.45965443 [cm-1]
(   0.000000  0.000000   0.000000  0.000000   0.000000  0.000000 )
(  -0.000000  0.000000  -0.000000  0.000000   0.000000  0.000000 )
(  -0.000000  0.000000  -0.000000  0.000000   0.000000  0.000000 )
(   0.000000  0.000000  -0.000000  0.000000  -0.000000  0.000000 )
(   0.000000  0.000000  -0.000000  0.000000  -0.000000  0.000000 )
(   0.204124  0.000000  -0.353553  0.000000   0.000000  0.000000 )
(  -0.408248  0.000000   0.000000  0.000000  -0.000000  0.000000 )
(   0.204124  0.000000   0.353553  0.000000  -0.000000  0.000000 )
(  -0.408248  0.000000   0.000000  0.000000  -0.000000  0.000000 )
(   0.204124  0.000000   0.353553  0.000000  -0.000000  0.000000 )
(   0.204124  0.000000  -0.353553  0.000000   0.000000  0.000000 )
   freq (   19) =    34.62030388 [THz] =  1154.80886862 [cm-1]
(   0.000000  0.000000  -0.000000  0.000000  -0.005119  0.000000 )
(   0.000000  0.000000   0.000000  0.000000  -0.532448  0.000000 )
(   0.000000  0.000000   0.000000  0.000000  -0.532448  0.000000 )
(  -0.000000  0.000000  -0.000000  0.000000   0.320330  0.000000 )
(  -0.000000  0.000000  -0.000000  0.000000   0.320330  0.000000 )
(  -0.043426  0.000000  -0.025072  0.000000   0.188265  0.000000 )
(  -0.000000  0.000000   0.050144  0.000000   0.188265  0.000000 )
(   0.043426  0.000000  -0.025072  0.000000   0.188265  0.000000 )
(  -0.000000  0.000000   0.050144  0.000000   0.188265  0.000000 )
(   0.043426  0.000000  -0.025072  0.000000   0.188265  0.000000 )
(  -0.043426  0.000000  -0.025072  0.000000   0.188265  0.000000 )
   freq (   20) =    35.62604298 [THz] =  1188.35670904 [cm-1]
(  -0.004649  0.000000   0.000000  0.000000  -0.000000  0.000000 )
(  -0.544816  0.000000   0.000000  0.000000  -0.000000  0.000000 )
(  -0.544816  0.000000   0.000000  0.000000  -0.000000  0.000000 )
(   0.169395  0.000000  -0.000000  0.000000   0.000000  0.000000 )
(   0.169395  0.000000  -0.000000  0.000000   0.000000  0.000000 )
(   0.252998  0.000000   0.036515  0.000000  -0.062378  0.000000 )
(   0.189751  0.000000  -0.000000  0.000000  -0.000000  0.000000 )
(   0.252998  0.000000  -0.036515  0.000000   0.062378  0.000000 )
(   0.189751  0.000000  -0.000000  0.000000  -0.000000  0.000000 )
(   0.252998  0.000000  -0.036515  0.000000   0.062378  0.000000 )
(   0.252998  0.000000   0.036515  0.000000  -0.062378  0.000000 )
   freq (   21) =    35.62604298 [THz] =  1188.35670905 [cm-1]
(  -0.000000  0.000000  -0.004649  0.000000  -0.000000  0.000000 )
(  -0.000000  0.000000  -0.544816  0.000000  -0.000000  0.000000 )
(  -0.000000  0.000000  -0.544816  0.000000  -0.000000  0.000000 )
(   0.000000  0.000000   0.169395  0.000000   0.000000  0.000000 )
(   0.000000  0.000000   0.169395  0.000000   0.000000  0.000000 )
(   0.036515  0.000000   0.210833  0.000000  -0.036014  0.000000 )
(   0.000000  0.000000   0.274080  0.000000   0.072027  0.000000 )
(  -0.036515  0.000000   0.210833  0.000000  -0.036014  0.000000 )
(   0.000000  0.000000   0.274080  0.000000   0.072027  0.000000 )
(  -0.036515  0.000000   0.210833  0.000000  -0.036014  0.000000 )
(   0.036515  0.000000   0.210833  0.000000  -0.036014  0.000000 )
   freq (   22) =    36.09756887 [THz] =  1204.08511773 [cm-1]
(   0.000078  0.000000  -0.000000  0.000000   0.000000  0.000000 )
(   0.035654  0.000000  -0.000000  0.000000  -0.000000  0.000000 )
(   0.035654  0.000000  -0.000000  0.000000  -0.000000  0.000000 )
(  -0.367502  0.000000   0.000000  0.000000   0.000000  0.000000 )
(  -0.367502  0.000000   0.000000  0.000000   0.000000  0.000000 )
(  -0.008395  0.000000  -0.203034  0.000000  -0.285702  0.000000 )
(   0.343269  0.000000   0.000000  0.000000  -0.000000  0.000000 )
(  -0.008395  0.000000   0.203034  0.000000   0.285702  0.000000 )
(   0.343269  0.000000   0.000000  0.000000  -0.000000  0.000000 )
(  -0.008395  0.000000   0.203034  0.000000   0.285702  0.000000 )
(  -0.008395  0.000000  -0.203034  0.000000  -0.285702  0.000000 )
   freq (   23) =    36.09756887 [THz] =  1204.08511773 [cm-1]
(   0.000000  0.000000   0.000078  0.000000   0.000000  0.000000 )
(   0.000000  0.000000   0.035654  0.000000   0.000000  0.000000 )
(   0.000000  0.000000   0.035654  0.000000   0.000000  0.000000 )
(  -0.000000  0.000000  -0.367502  0.000000  -0.000000  0.000000 )
(  -0.000000  0.000000  -0.367502  0.000000  -0.000000  0.000000 )
(  -0.203034  0.000000   0.226048  0.000000  -0.164950  0.000000 )
(   0.000000  0.000000  -0.125617  0.000000   0.329900  0.000000 )
(   0.203034  0.000000   0.226048  0.000000  -0.164950  0.000000 )
(   0.000000  0.000000  -0.125617  0.000000   0.329900  0.000000 )
(   0.203034  0.000000   0.226048  0.000000  -0.164950  0.000000 )
(  -0.203034  0.000000   0.226048  0.000000  -0.164950  0.000000 )
   freq (   24) =    42.87424145 [THz] =  1430.13055117 [cm-1]
(   0.000000  0.000000   0.000000  0.000000   0.000000  0.000000 )
(   0.016921  0.000000  -0.000008  0.000000  -0.000000  0.000000 )
(  -0.016921  0.000000   0.000008  0.000000   0.000000  0.000000 )
(   0.355222  0.000000  -0.000158  0.000000  -0.000000  0.000000 )
(  -0.355222  0.000000   0.000158  0.000000   0.000000  0.000000 )
(   0.016675  0.000000  -0.199621  0.000000  -0.284725  0.000000 )
(   0.362149  0.000000   0.000044  0.000000  -0.000147  0.000000 )
(   0.016497  0.000000   0.199400  0.000000   0.284872  0.000000 )
(  -0.362149  0.000000  -0.000044  0.000000   0.000147  0.000000 )
(  -0.016497  0.000000  -0.199400  0.000000  -0.284872  0.000000 )
(  -0.016675  0.000000   0.199621  0.000000   0.284725  0.000000 )
   freq (   25) =    42.87424145 [THz] =  1430.13055117 [cm-1]
(   0.000000  0.000000   0.000000  0.000000   0.000000  0.000000 )
(  -0.000008  0.000000  -0.016921  0.000000  -0.000000  0.000000 )
(   0.000008  0.000000   0.016921  0.000000   0.000000  0.000000 )
(  -0.000158  0.000000  -0.355222  0.000000  -0.000000  0.000000 )
(   0.000158  0.000000   0.355222  0.000000   0.000000  0.000000 )
(   0.199503  0.000000  -0.246872  0.000000   0.164555  0.000000 )
(  -0.000161  0.000000   0.098601  0.000000  -0.328857  0.000000 )
(  -0.199518  0.000000  -0.247050  0.000000   0.164302  0.000000 )
(   0.000161  0.000000  -0.098601  0.000000   0.328857  0.000000 )
(   0.199518  0.000000   0.247050  0.000000  -0.164302  0.000000 )
(  -0.199503  0.000000   0.246872  0.000000  -0.164555  0.000000 )
   freq (   26) =    45.45027629 [THz] =  1516.05781170 [cm-1]
(   0.000000  0.000000  -0.000000  0.000000   0.005790  0.000000 )
(  -0.000000  0.000000   0.000000  0.000000   0.009146  0.000000 )
(  -0.000000  0.000000   0.000000  0.000000   0.009146  0.000000 )
(  -0.000000  0.000000   0.000000  0.000000   0.368427  0.000000 )
(  -0.000000  0.000000   0.000000  0.000000   0.368427  0.000000 )
(  -0.201972  0.000000  -0.116609  0.000000  -0.258837  0.000000 )
(  -0.000000  0.000000   0.233218  0.000000  -0.258837  0.000000 )
(   0.201972  0.000000  -0.116609  0.000000  -0.258837  0.000000 )
(  -0.000000  0.000000   0.233218  0.000000  -0.258837  0.000000 )
(   0.201972  0.000000  -0.116609  0.000000  -0.258837  0.000000 )
(  -0.201972  0.000000  -0.116609  0.000000  -0.258837  0.000000 )
   freq (   27) =    45.86608428 [THz] =  1529.92767140 [cm-1]
(  -0.005830  0.000000   0.000000  0.000000   0.000000  0.000000 )
(   0.011385  0.000000  -0.000000  0.000000  -0.000000  0.000000 )
(   0.011385  0.000000  -0.000000  0.000000   0.000000  0.000000 )
(   0.325320  0.000000  -0.000000  0.000000   0.000000  0.000000 )
(   0.325320  0.000000  -0.000000  0.000000   0.000000  0.000000 )
(  -0.139593  0.000000  -0.279290  0.000000   0.200752  0.000000 )
(   0.344151  0.000000   0.000000  0.000000   0.000000  0.000000 )
(  -0.139593  0.000000   0.279290  0.000000  -0.200752  0.000000 )
(   0.344151  0.000000   0.000000  0.000000   0.000000  0.000000 )
(  -0.139593  0.000000   0.279290  0.000000  -0.200752  0.000000 )
(  -0.139593  0.000000  -0.279290  0.000000   0.200752  0.000000 )
   freq (   28) =    45.86608428 [THz] =  1529.92767140 [cm-1]
(  -0.000000  0.000000  -0.005830  0.000000  -0.000000  0.000000 )
(   0.000000  0.000000   0.011385  0.000000  -0.000000  0.000000 )
(   0.000000  0.000000   0.011385  0.000000  -0.000000  0.000000 )
(   0.000000  0.000000   0.325320  0.000000  -0.000000  0.000000 )
(   0.000000  0.000000   0.325320  0.000000  -0.000000  0.000000 )
(  -0.279290  0.000000   0.182903  0.000000   0.115904  0.000000 )
(   0.000000  0.000000  -0.300841  0.000000  -0.231808  0.000000 )
(   0.279290  0.000000   0.182903  0.000000   0.115904  0.000000 )
(   0.000000  0.000000  -0.300841  0.000000  -0.231808  0.000000 )
(   0.279290  0.000000   0.182903  0.000000   0.115904  0.000000 )
(  -0.279290  0.000000   0.182903  0.000000   0.115904  0.000000 )
   freq (   29) =    47.60762058 [THz] =  1588.01906097 [cm-1]
(  -0.000000  0.000000   0.000000  0.000000   0.000000  0.000000 )
(  -0.348994  0.000000   0.000002  0.000000   0.000000  0.000000 )
(   0.348994  0.000000  -0.000002  0.000000  -0.000000  0.000000 )
(  -0.318349  0.000000   0.000001  0.000000  -0.000000  0.000000 )
(   0.318349  0.000000  -0.000001  0.000000   0.000000  0.000000 )
(  -0.074097  0.000000  -0.232341  0.000000   0.158293  0.000000 )
(   0.328327  0.000000   0.000001  0.000000   0.000001  0.000000 )
(  -0.074099  0.000000   0.232339  0.000000  -0.158294  0.000000 )
(  -0.328327  0.000000  -0.000001  0.000000  -0.000001  0.000000 )
(   0.074099  0.000000  -0.232339  0.000000   0.158294  0.000000 )
(   0.074097  0.000000   0.232341  0.000000  -0.158293  0.000000 )
   freq (   30) =    47.60762058 [THz] =  1588.01906097 [cm-1]
(  -0.000000  0.000000   0.000000  0.000000  -0.000000  0.000000 )
(   0.000002  0.000000   0.348994  0.000000  -0.000000  0.000000 )
(  -0.000002  0.000000  -0.348994  0.000000   0.000000  0.000000 )
(   0.000001  0.000000   0.318349  0.000000   0.000000  0.000000 )
(  -0.000001  0.000000  -0.318349  0.000000  -0.000000  0.000000 )
(   0.232340  0.000000  -0.194184  0.000000  -0.091392  0.000000 )
(  -0.000001  0.000000   0.208239  0.000000   0.182782  0.000000 )
(  -0.232340  0.000000  -0.194186  0.000000  -0.091390  0.000000 )
(   0.000001  0.000000  -0.208239  0.000000  -0.182782  0.000000 )
(   0.232340  0.000000   0.194186  0.000000   0.091390  0.000000 )
(  -0.232340  0.000000   0.194184  0.000000   0.091392  0.000000 )
   freq (   31) =    47.67278797 [THz] =  1590.19281103 [cm-1]
(  -0.000000  0.000000   0.000000  0.000000  -0.000000  0.000000 )
(   0.000000  0.000000   0.000000  0.000000   0.352284  0.000000 )
(  -0.000000  0.000000  -0.000000  0.000000  -0.352284  0.000000 )
(   0.000000  0.000000   0.000000  0.000000  -0.259526  0.000000 )
(  -0.000000  0.000000  -0.000000  0.000000   0.259526  0.000000 )
(  -0.162916  0.000000  -0.094060  0.000000  -0.259728  0.000000 )
(  -0.000000  0.000000   0.188120  0.000000  -0.259728  0.000000 )
(   0.162916  0.000000  -0.094060  0.000000  -0.259728  0.000000 )
(   0.000000  0.000000  -0.188120  0.000000   0.259728  0.000000 )
(  -0.162916  0.000000   0.094060  0.000000   0.259728  0.000000 )
(   0.162916  0.000000   0.094060  0.000000   0.259728  0.000000 )
   freq (   32) =    49.23580847 [THz] =  1642.32955543 [cm-1]
(   0.000000  0.000000   0.000000  0.000000  -0.000044  0.000000 )
(   0.000000  0.000000  -0.000000  0.000000   0.002299  0.000000 )
(  -0.000000  0.000000  -0.000000  0.000000   0.002299  0.000000 )
(  -0.000000  0.000000  -0.000000  0.000000  -0.365139  0.000000 )
(  -0.000000  0.000000  -0.000000  0.000000  -0.365139  0.000000 )
(  -0.283743  0.000000  -0.163819  0.000000   0.121967  0.000000 )
(   0.000000  0.000000   0.327638  0.000000   0.121967  0.000000 )
(   0.283743  0.000000  -0.163819  0.000000   0.121967  0.000000 )
(   0.000000  0.000000   0.327638  0.000000   0.121967  0.000000 )
(   0.283743  0.000000  -0.163819  0.000000   0.121967  0.000000 )
(  -0.283743  0.000000  -0.163819  0.000000   0.121967  0.000000 )
   freq (   33) =    61.63089617 [THz] =  2055.78511755 [cm-1]
(  -0.000000  0.000000   0.000000  0.000000  -0.000000  0.000000 )
(  -0.000000  0.000000  -0.000000  0.000000   0.002079  0.000000 )
(   0.000000  0.000000   0.000000  0.000000  -0.002079  0.000000 )
(  -0.000000  0.000000  -0.000000  0.000000  -0.355876  0.000000 )
(   0.000000  0.000000   0.000000  0.000000   0.355876  0.000000 )
(   0.287093  0.000000   0.165753  0.000000  -0.120636  0.000000 )
(  -0.000000  0.000000  -0.331506  0.000000  -0.120636  0.000000 )
(  -0.287093  0.000000   0.165753  0.000000  -0.120636  0.000000 )
(   0.000000  0.000000   0.331506  0.000000   0.120636  0.000000 )
(   0.287093  0.000000  -0.165753  0.000000   0.120636  0.000000 )
(  -0.287093  0.000000  -0.165753  0.000000   0.120636  0.000000 )
***************************************************************************
