Dynamical matrix file
File generated with the CellConstructor by Lorenzo Monacelli
2 11 0     1.8897259890000000     0.0000000000000000     0.0000000000000000     0.0000000000000000     0.0000000000000000     0.0000000000000000
Basis vectors
    1.8216054416065011    -1.0517043920322153     2.8381869915015971
    0.0000000000000000     2.1034087840644307     2.8381869915015971
   -1.8216054416065011    -1.0517043920322153     2.8381869915015971
	1  'La '  126604.5951757480361266
	2  'H '    918.7358275894680446
    1     1     0.0000000000000002    -0.0000000000000001     4.2572805298084759
    2     2    -0.0000000000000000     0.0000000000000002     2.1380556338309864
    3     2     0.0000000000000000    -0.0000000000000002    -2.1380556338309864
    4     2     0.0000000000000002     0.0000000000000001     0.9846220090418787
    5     2    -0.0000000000000002    -0.0000000000000001    -0.9846220090418787
    6     2     0.9358810582919045     0.5403311803404955     6.0744900239952244
    7     2    -0.0000000000000001    -1.0806623606809911     6.0744900239952244
    8     2    -0.9358810582919036     0.5403311803404957     6.0744900239952244
    9     2     0.0000000000000000     1.0806623606809918     2.4400710320753851
   10     2     0.9358810582919045    -0.5403311803404957     2.4400710320753856
   11     2    -0.9358810582919040    -0.5403311803404957     2.4400710320753856

     Dynamical Matrix in cartesian axes

     q = (     0.000000000000     0.000000000000     0.000000000000 )

    1    1
     0.4976333699571351     0.0000000000000000        0.0000000000000000     0.0000000000000000        0.0000000000000001     0.0000000000000000
     0.0000000000000000     0.0000000000000000        0.4976333699917569     0.0000000000000000        0.0000000000000001     0.0000000000000000
     0.0000000000000002     0.0000000000000000        0.0000000000000000     0.0000000000000000        0.4832904939198384     0.0000000000000000
    1    2
    -0.0126237629457995     0.0000000000000000        0.0000000000000000     0.0000000000000000       -0.0000000000000000     0.0000000000000000
     0.0000000000000000     0.0000000000000000       -0.0126237629466778     0.0000000000000000       -0.0000000000000000     0.0000000000000000
    -0.0000000000000000     0.0000000000000000       -0.0000000000000000     0.0000000000000000       -0.0484464848545657     0.0000000000000000
    1    3
    -0.0126237629457995     0.0000000000000000       -0.0000000000000000     0.0000000000000000       -0.0000000000000000     0.0000000000000000
    -0.0000000000000000     0.0000000000000000       -0.0126237629466778     0.0000000000000000       -0.0000000000000000     0.0000000000000000
    -0.0000000000000000     0.0000000000000000       -0.0000000000000000     0.0000000000000000       -0.0484464848545657     0.0000000000000000
    1    4
    -0.0521590589972833     0.0000000000000000        0.0000000000000000     0.0000000000000000       -0.0000000000000000     0.0000000000000000
     0.0000000000000000     0.0000000000000000       -0.0521590590009122     0.0000000000000000        0.0000000000000000     0.0000000000000000
    -0.0000000000000000     0.0000000000000000       -0.0000000000000000     0.0000000000000000       -0.0207316361685221     0.0000000000000000
    1    5
    -0.0521590589972833     0.0000000000000000        0.0000000000000000     0.0000000000000000       -0.0000000000000000     0.0000000000000000
     0.0000000000000000     0.0000000000000000       -0.0521590590009122     0.0000000000000000        0.0000000000000000     0.0000000000000000
    -0.0000000000000000     0.0000000000000000       -0.0000000000000000     0.0000000000000000       -0.0207316361685221     0.0000000000000000
    1    6
    -0.0476122745847445     0.0000000000000000        0.0237851217196734     0.0000000000000000       -0.0075744257339510     0.0000000000000000
     0.0237851217196734     0.0000000000000000       -0.0750769674441353     0.0000000000000000       -0.0043730967366056     0.0000000000000000
    -0.0090300736309085     0.0000000000000000       -0.0052135154417885     0.0000000000000000       -0.0574890419789439     0.0000000000000000
    1    7
    -0.0888093138659957     0.0000000000000000       -0.0000000000000000     0.0000000000000000       -0.0000000000000000     0.0000000000000000
     0.0000000000000000     0.0000000000000000       -0.0338799281600178     0.0000000000000000        0.0087461934732111     0.0000000000000000
    -0.0000000000000000     0.0000000000000000        0.0104270308835770     0.0000000000000000       -0.0574890419789439     0.0000000000000000
    1    8
    -0.0476122745847445     0.0000000000000000       -0.0237851217196734     0.0000000000000000        0.0075744257339510     0.0000000000000000
    -0.0237851217196734     0.0000000000000000       -0.0750769674441353     0.0000000000000000       -0.0043730967366056     0.0000000000000000
     0.0090300736309084     0.0000000000000000       -0.0052135154417885     0.0000000000000000       -0.0574890419789439     0.0000000000000000
    1    9
    -0.0888093138659957     0.0000000000000000        0.0000000000000000     0.0000000000000000       -0.0000000000000000     0.0000000000000000
     0.0000000000000000     0.0000000000000000       -0.0338799281600178     0.0000000000000000        0.0087461934732111     0.0000000000000000
    -0.0000000000000000     0.0000000000000000        0.0104270308835770     0.0000000000000000       -0.0574890419789439     0.0000000000000000
    1   10
    -0.0476122745847445     0.0000000000000000       -0.0237851217196734     0.0000000000000000        0.0075744257339510     0.0000000000000000
    -0.0237851217196734     0.0000000000000000       -0.0750769674441353     0.0000000000000000       -0.0043730967366056     0.0000000000000000
     0.0090300736309084     0.0000000000000000       -0.0052135154417885     0.0000000000000000       -0.0574890419789439     0.0000000000000000
    1   11
    -0.0476122745847445     0.0000000000000000        0.0237851217196734     0.0000000000000000       -0.0075744257339510     0.0000000000000000
     0.0237851217196734     0.0000000000000000       -0.0750769674441353     0.0000000000000000       -0.0043730967366056     0.0000000000000000
    -0.0090300736309085     0.0000000000000000       -0.0052135154417885     0.0000000000000000       -0.0574890419789439     0.0000000000000000
    2    1
    -0.0126237629457995     0.0000000000000000        0.0000000000000000     0.0000000000000000       -0.0000000000000000     0.0000000000000000
     0.0000000000000000     0.0000000000000000       -0.0126237629466778     0.0000000000000000       -0.0000000000000000     0.0000000000000000
    -0.0000000000000000     0.0000000000000000       -0.0000000000000000     0.0000000000000000       -0.0484464848545657     0.0000000000000000
    2    2
     0.0653210143781715     0.0000000000000000        0.0000000000000000     0.0000000000000000        0.0000000000000000     0.0000000000000000
     0.0000000000000000     0.0000000000000000        0.0653210143827161     0.0000000000000000        0.0000000000000000     0.0000000000000000
     0.0000000000000000     0.0000000000000000        0.0000000000000000     0.0000000000000000        0.0871180800970426     0.0000000000000000
    2    3
    -0.0072073514947679     0.0000000000000000        0.0000000000000000     0.0000000000000000       -0.0000000000000000     0.0000000000000000
     0.0000000000000000     0.0000000000000000       -0.0072073514952693     0.0000000000000000       -0.0000000000000000     0.0000000000000000
    -0.0000000000000000     0.0000000000000000       -0.0000000000000000     0.0000000000000000       -0.0048989089197363     0.0000000000000000
    2    4
     0.0072898097116467     0.0000000000000000       -0.0000000000000000     0.0000000000000000       -0.0000000000000000     0.0000000000000000
    -0.0000000000000000     0.0000000000000000        0.0072898097121539     0.0000000000000000       -0.0000000000000000     0.0000000000000000
    -0.0000000000000000     0.0000000000000000       -0.0000000000000000     0.0000000000000000       -0.0169587804889508     0.0000000000000000
    2    5
    -0.0129031359849935     0.0000000000000000        0.0000000000000000     0.0000000000000000       -0.0000000000000000     0.0000000000000000
     0.0000000000000000     0.0000000000000000       -0.0129031359858912     0.0000000000000000       -0.0000000000000000     0.0000000000000000
    -0.0000000000000000     0.0000000000000000       -0.0000000000000000     0.0000000000000000       -0.0021713414839645     0.0000000000000000
    2    6
    -0.0009024001960277     0.0000000000000000        0.0035070316763380     0.0000000000000000       -0.0019234668026195     0.0000000000000000
     0.0035070316763380     0.0000000000000000       -0.0049519715610120     0.0000000000000000       -0.0011105140763083     0.0000000000000000
    -0.0037290043676181     0.0000000000000000       -0.0021529416755285     0.0000000000000000       -0.0117411037075009     0.0000000000000000
    2    7
    -0.0069767572429873     0.0000000000000000        0.0000000000000000     0.0000000000000000       -0.0000000000000000     0.0000000000000000
    -0.0000000000000000     0.0000000000000000        0.0011223854863702     0.0000000000000000        0.0022210281526167     0.0000000000000000
    -0.0000000000000000     0.0000000000000000        0.0043058833510570     0.0000000000000000       -0.0117411037075009     0.0000000000000000
    2    8
    -0.0009024001960277     0.0000000000000000       -0.0035070316763380     0.0000000000000000        0.0019234668026195     0.0000000000000000
    -0.0035070316763380     0.0000000000000000       -0.0049519715610120     0.0000000000000000       -0.0011105140763083     0.0000000000000000
     0.0037290043676181     0.0000000000000000       -0.0021529416755285     0.0000000000000000       -0.0117411037075009     0.0000000000000000
    2    9
     0.0088325326248821     0.0000000000000000       -0.0000000000000000     0.0000000000000000        0.0000000000000000     0.0000000000000000
    -0.0000000000000000     0.0000000000000000       -0.0295625433130819     0.0000000000000000       -0.0107302518022765     0.0000000000000000
     0.0000000000000000     0.0000000000000000       -0.0104549086214259     0.0000000000000000        0.0068602489242258     0.0000000000000000
    2   10
    -0.0199637743270483     0.0000000000000000        0.0166255555709425     0.0000000000000000       -0.0092926706494519     0.0000000000000000
     0.0166255555709425     0.0000000000000000       -0.0007662363591480     0.0000000000000000        0.0053651259011383     0.0000000000000000
    -0.0090542164600848     0.0000000000000000        0.0052274543107129     0.0000000000000000        0.0068602489242258     0.0000000000000000
    2   11
    -0.0199637743270483     0.0000000000000000       -0.0166255555709425     0.0000000000000000        0.0092926706494519     0.0000000000000000
    -0.0166255555709425     0.0000000000000000       -0.0007662363591480     0.0000000000000000        0.0053651259011383     0.0000000000000000
     0.0090542164600848     0.0000000000000000        0.0052274543107129     0.0000000000000000        0.0068602489242258     0.0000000000000000
    3    1
    -0.0126237629457995     0.0000000000000000       -0.0000000000000000     0.0000000000000000       -0.0000000000000000     0.0000000000000000
    -0.0000000000000000     0.0000000000000000       -0.0126237629466778     0.0000000000000000       -0.0000000000000000     0.0000000000000000
    -0.0000000000000000     0.0000000000000000       -0.0000000000000000     0.0000000000000000       -0.0484464848545657     0.0000000000000000
    3    2
    -0.0072073514947679     0.0000000000000000        0.0000000000000000     0.0000000000000000       -0.0000000000000000     0.0000000000000000
     0.0000000000000000     0.0000000000000000       -0.0072073514952693     0.0000000000000000       -0.0000000000000000     0.0000000000000000
    -0.0000000000000000     0.0000000000000000       -0.0000000000000000     0.0000000000000000       -0.0048989089197363     0.0000000000000000
    3    3
     0.0653210143781715     0.0000000000000000       -0.0000000000000000     0.0000000000000000        0.0000000000000000     0.0000000000000000
    -0.0000000000000000     0.0000000000000000        0.0653210143827161     0.0000000000000000        0.0000000000000000     0.0000000000000000
     0.0000000000000000     0.0000000000000000        0.0000000000000000     0.0000000000000000        0.0871180800970426     0.0000000000000000
    3    4
    -0.0129031359849935     0.0000000000000000        0.0000000000000000     0.0000000000000000       -0.0000000000000000     0.0000000000000000
     0.0000000000000000     0.0000000000000000       -0.0129031359858912     0.0000000000000000       -0.0000000000000000     0.0000000000000000
    -0.0000000000000000     0.0000000000000000       -0.0000000000000000     0.0000000000000000       -0.0021713414839645     0.0000000000000000
    3    5
     0.0072898097116467     0.0000000000000000       -0.0000000000000000     0.0000000000000000       -0.0000000000000000     0.0000000000000000
    -0.0000000000000000     0.0000000000000000        0.0072898097121539     0.0000000000000000       -0.0000000000000000     0.0000000000000000
    -0.0000000000000000     0.0000000000000000       -0.0000000000000000     0.0000000000000000       -0.0169587804889508     0.0000000000000000
    3    6
    -0.0199637743270483     0.0000000000000000       -0.0166255555709425     0.0000000000000000        0.0092926706494519     0.0000000000000000
    -0.0166255555709425     0.0000000000000000       -0.0007662363591480     0.0000000000000000        0.0053651259011383     0.0000000000000000
     0.0090542164600848     0.0000000000000000        0.0052274543107129     0.0000000000000000        0.0068602489242258     0.0000000000000000
    3    7
     0.0088325326248821     0.0000000000000000       -0.0000000000000000     0.0000000000000000        0.0000000000000000     0.0000000000000000
    -0.0000000000000000     0.0000000000000000       -0.0295625433130819     0.0000000000000000       -0.0107302518022765     0.0000000000000000
     0.0000000000000000     0.0000000000000000       -0.0104549086214259     0.0000000000000000        0.0068602489242258     0.0000000000000000
    3    8
    -0.0199637743270483     0.0000000000000000        0.0166255555709425     0.0000000000000000       -0.0092926706494519     0.0000000000000000
     0.0166255555709425     0.0000000000000000       -0.0007662363591480     0.0000000000000000        0.0053651259011383     0.0000000000000000
    -0.0090542164600848     0.0000000000000000        0.0052274543107129     0.0000000000000000        0.0068602489242258     0.0000000000000000
    3    9
    -0.0069767572429873     0.0000000000000000        0.0000000000000000     0.0000000000000000       -0.0000000000000000     0.0000000000000000
     0.0000000000000000     0.0000000000000000        0.0011223854863702     0.0000000000000000        0.0022210281526167     0.0000000000000000
    -0.0000000000000000     0.0000000000000000        0.0043058833510570     0.0000000000000000       -0.0117411037075009     0.0000000000000000
    3   10
    -0.0009024001960277     0.0000000000000000       -0.0035070316763380     0.0000000000000000        0.0019234668026195     0.0000000000000000
    -0.0035070316763380     0.0000000000000000       -0.0049519715610120     0.0000000000000000       -0.0011105140763083     0.0000000000000000
     0.0037290043676181     0.0000000000000000       -0.0021529416755285     0.0000000000000000       -0.0117411037075009     0.0000000000000000
    3   11
    -0.0009024001960277     0.0000000000000000        0.0035070316763380     0.0000000000000000       -0.0019234668026196     0.0000000000000000
     0.0035070316763380     0.0000000000000000       -0.0049519715610120     0.0000000000000000       -0.0011105140763083     0.0000000000000000
    -0.0037290043676181     0.0000000000000000       -0.0021529416755285     0.0000000000000000       -0.0117411037075009     0.0000000000000000
    4    1
    -0.0521590589972833     0.0000000000000000        0.0000000000000000     0.0000000000000000       -0.0000000000000000     0.0000000000000000
     0.0000000000000000     0.0000000000000000       -0.0521590590009122     0.0000000000000000        0.0000000000000000     0.0000000000000000
    -0.0000000000000000     0.0000000000000000       -0.0000000000000000     0.0000000000000000       -0.0207316361685221     0.0000000000000000
    4    2
     0.0072898097116467     0.0000000000000000       -0.0000000000000000     0.0000000000000000       -0.0000000000000000     0.0000000000000000
    -0.0000000000000000     0.0000000000000000        0.0072898097121539     0.0000000000000000       -0.0000000000000000     0.0000000000000000
    -0.0000000000000000     0.0000000000000000       -0.0000000000000000     0.0000000000000000       -0.0169587804889508     0.0000000000000000
    4    3
    -0.0129031359849935     0.0000000000000000        0.0000000000000000     0.0000000000000000       -0.0000000000000000     0.0000000000000000
     0.0000000000000000     0.0000000000000000       -0.0129031359858912     0.0000000000000000       -0.0000000000000000     0.0000000000000000
    -0.0000000000000000     0.0000000000000000       -0.0000000000000000     0.0000000000000000       -0.0021713414839645     0.0000000000000000
    4    4
     0.0855635383632416     0.0000000000000000       -0.0000000000000000     0.0000000000000000        0.0000000000000000     0.0000000000000000
    -0.0000000000000000     0.0000000000000000        0.0855635383691945     0.0000000000000000        0.0000000000000000     0.0000000000000000
     0.0000000000000000     0.0000000000000000        0.0000000000000000     0.0000000000000000        0.1113752669385718     0.0000000000000000
    4    5
    -0.0039257786009163     0.0000000000000000        0.0000000000000000     0.0000000000000000       -0.0000000000000000     0.0000000000000000
     0.0000000000000000     0.0000000000000000       -0.0039257786011894     0.0000000000000000       -0.0000000000000000     0.0000000000000000
    -0.0000000000000000     0.0000000000000000       -0.0000000000000000     0.0000000000000000       -0.0154998462012247     0.0000000000000000
    4    6
    -0.0093876707928468     0.0000000000000000       -0.0107087523332838     0.0000000000000000       -0.0094316136416573     0.0000000000000000
    -0.0107087523332838     0.0000000000000000        0.0029777312915431     0.0000000000000000       -0.0054453446750928     0.0000000000000000
    -0.0190815374572713     0.0000000000000000       -0.0110167307878907     0.0000000000000000        0.0074699549059275     0.0000000000000000
    4    7
     0.0091604323334273     0.0000000000000000        0.0000000000000000     0.0000000000000000        0.0000000000000000     0.0000000000000000
     0.0000000000000000     0.0000000000000000       -0.0155703718360214     0.0000000000000000        0.0108906893501857     0.0000000000000000
     0.0000000000000000     0.0000000000000000        0.0220334615757815     0.0000000000000000        0.0074699549059275     0.0000000000000000
    4    8
    -0.0093876707928468     0.0000000000000000        0.0107087523332838     0.0000000000000000        0.0094316136416573     0.0000000000000000
     0.0107087523332838     0.0000000000000000        0.0029777312915431     0.0000000000000000       -0.0054453446750928     0.0000000000000000
     0.0190815374572713     0.0000000000000000       -0.0110167307878907     0.0000000000000000        0.0074699549059275     0.0000000000000000
    4    9
     0.0018794285655289     0.0000000000000000       -0.0000000000000000     0.0000000000000000       -0.0000000000000000     0.0000000000000000
    -0.0000000000000000     0.0000000000000000       -0.0113797387259400     0.0000000000000000       -0.0185144147922995     0.0000000000000000
    -0.0000000000000000     0.0000000000000000       -0.0236160468763757     0.0000000000000000       -0.0261411757712307     0.0000000000000000
    4   10
    -0.0080649469024790     0.0000000000000000        0.0057413878535768     0.0000000000000000       -0.0160339535457760     0.0000000000000000
     0.0057413878535768     0.0000000000000000       -0.0014353632572402     0.0000000000000000        0.0092572073961497     0.0000000000000000
    -0.0204520965311941     0.0000000000000000        0.0118080234381878     0.0000000000000000       -0.0261411757712307     0.0000000000000000
    4   11
    -0.0080649469024789     0.0000000000000000       -0.0057413878535768     0.0000000000000000        0.0160339535457760     0.0000000000000000
    -0.0057413878535768     0.0000000000000000       -0.0014353632572402     0.0000000000000000        0.0092572073961497     0.0000000000000000
     0.0204520965311940     0.0000000000000000        0.0118080234381878     0.0000000000000000       -0.0261411757712307     0.0000000000000000
    5    1
    -0.0521590589972833     0.0000000000000000        0.0000000000000000     0.0000000000000000       -0.0000000000000000     0.0000000000000000
     0.0000000000000000     0.0000000000000000       -0.0521590590009122     0.0000000000000000        0.0000000000000000     0.0000000000000000
    -0.0000000000000000     0.0000000000000000       -0.0000000000000000     0.0000000000000000       -0.0207316361685221     0.0000000000000000
    5    2
    -0.0129031359849935     0.0000000000000000        0.0000000000000000     0.0000000000000000       -0.0000000000000000     0.0000000000000000
     0.0000000000000000     0.0000000000000000       -0.0129031359858912     0.0000000000000000       -0.0000000000000000     0.0000000000000000
    -0.0000000000000000     0.0000000000000000       -0.0000000000000000     0.0000000000000000       -0.0021713414839645     0.0000000000000000
    5    3
     0.0072898097116467     0.0000000000000000       -0.0000000000000000     0.0000000000000000       -0.0000000000000000     0.0000000000000000
    -0.0000000000000000     0.0000000000000000        0.0072898097121539     0.0000000000000000       -0.0000000000000000     0.0000000000000000
    -0.0000000000000000     0.0000000000000000       -0.0000000000000000     0.0000000000000000       -0.0169587804889508     0.0000000000000000
    5    4
    -0.0039257786009163     0.0000000000000000        0.0000000000000000     0.0000000000000000       -0.0000000000000000     0.0000000000000000
     0.0000000000000000     0.0000000000000000       -0.0039257786011894     0.0000000000000000       -0.0000000000000000     0.0000000000000000
    -0.0000000000000000     0.0000000000000000       -0.0000000000000000     0.0000000000000000       -0.0154998462012247     0.0000000000000000
    5    5
     0.0855635383632416     0.0000000000000000       -0.0000000000000000     0.0000000000000000        0.0000000000000000     0.0000000000000000
     0.0000000000000000     0.0000000000000000        0.0855635383691945     0.0000000000000000        0.0000000000000000     0.0000000000000000
     0.0000000000000000     0.0000000000000000        0.0000000000000000     0.0000000000000000        0.1113752669385718     0.0000000000000000
    5    6
    -0.0080649469024789     0.0000000000000000       -0.0057413878535768     0.0000000000000000        0.0160339535457760     0.0000000000000000
    -0.0057413878535768     0.0000000000000000       -0.0014353632572402     0.0000000000000000        0.0092572073961497     0.0000000000000000
     0.0204520965311940     0.0000000000000000        0.0118080234381878     0.0000000000000000       -0.0261411757712307     0.0000000000000000
    5    7
     0.0018794285655289     0.0000000000000000       -0.0000000000000000     0.0000000000000000       -0.0000000000000000     0.0000000000000000
    -0.0000000000000000     0.0000000000000000       -0.0113797387259400     0.0000000000000000       -0.0185144147922995     0.0000000000000000
    -0.0000000000000000     0.0000000000000000       -0.0236160468763757     0.0000000000000000       -0.0261411757712307     0.0000000000000000
    5    8
    -0.0080649469024790     0.0000000000000000        0.0057413878535768     0.0000000000000000       -0.0160339535457760     0.0000000000000000
     0.0057413878535768     0.0000000000000000       -0.0014353632572402     0.0000000000000000        0.0092572073961497     0.0000000000000000
    -0.0204520965311941     0.0000000000000000        0.0118080234381878     0.0000000000000000       -0.0261411757712307     0.0000000000000000
    5    9
     0.0091604323334273     0.0000000000000000        0.0000000000000000     0.0000000000000000        0.0000000000000000     0.0000000000000000
     0.0000000000000000     0.0000000000000000       -0.0155703718360214     0.0000000000000000        0.0108906893501857     0.0000000000000000
     0.0000000000000000     0.0000000000000000        0.0220334615757815     0.0000000000000000        0.0074699549059275     0.0000000000000000
    5   10
    -0.0093876707928468     0.0000000000000000        0.0107087523332838     0.0000000000000000        0.0094316136416573     0.0000000000000000
     0.0107087523332838     0.0000000000000000        0.0029777312915431     0.0000000000000000       -0.0054453446750928     0.0000000000000000
     0.0190815374572713     0.0000000000000000       -0.0110167307878907     0.0000000000000000        0.0074699549059275     0.0000000000000000
    5   11
    -0.0093876707928468     0.0000000000000000       -0.0107087523332838     0.0000000000000000       -0.0094316136416573     0.0000000000000000
    -0.0107087523332838     0.0000000000000000        0.0029777312915431     0.0000000000000000       -0.0054453446750928     0.0000000000000000
    -0.0190815374572713     0.0000000000000000       -0.0110167307878907     0.0000000000000000        0.0074699549059275     0.0000000000000000
    6    1
    -0.0476122745847445     0.0000000000000000        0.0237851217196734     0.0000000000000000       -0.0090300736309085     0.0000000000000000
     0.0237851217196734     0.0000000000000000       -0.0750769674441353     0.0000000000000000       -0.0052135154417885     0.0000000000000000
    -0.0075744257339510     0.0000000000000000       -0.0043730967366056     0.0000000000000000       -0.0574890419789439     0.0000000000000000
    6    2
    -0.0009024001960277     0.0000000000000000        0.0035070316763380     0.0000000000000000       -0.0037290043676181     0.0000000000000000
     0.0035070316763380     0.0000000000000000       -0.0049519715610120     0.0000000000000000       -0.0021529416755285     0.0000000000000000
    -0.0019234668026196     0.0000000000000000       -0.0011105140763083     0.0000000000000000       -0.0117411037075009     0.0000000000000000
    6    3
    -0.0199637743270483     0.0000000000000000       -0.0166255555709424     0.0000000000000000        0.0090542164600848     0.0000000000000000
    -0.0166255555709424     0.0000000000000000       -0.0007662363591480     0.0000000000000000        0.0052274543107129     0.0000000000000000
     0.0092926706494519     0.0000000000000000        0.0053651259011383     0.0000000000000000        0.0068602489242258     0.0000000000000000
    6    4
    -0.0093876707928468     0.0000000000000000       -0.0107087523332838     0.0000000000000000       -0.0190815374572713     0.0000000000000000
    -0.0107087523332838     0.0000000000000000        0.0029777312915431     0.0000000000000000       -0.0110167307878907     0.0000000000000000
    -0.0094316136416573     0.0000000000000000       -0.0054453446750928     0.0000000000000000        0.0074699549059275     0.0000000000000000
    6    5
    -0.0080649469024790     0.0000000000000000       -0.0057413878535768     0.0000000000000000        0.0204520965311940     0.0000000000000000
    -0.0057413878535768     0.0000000000000000       -0.0014353632572402     0.0000000000000000        0.0118080234381878     0.0000000000000000
     0.0160339535457760     0.0000000000000000        0.0092572073961497     0.0000000000000000       -0.0261411757712307     0.0000000000000000
    6    6
     0.1333070745292191     0.0000000000000000        0.0169499521786353     0.0000000000000000       -0.0123890214141230     0.0000000000000000
     0.0169499521786353     0.0000000000000000        0.1137349556316401     0.0000000000000000       -0.0071528048486888     0.0000000000000000
    -0.0123890214141230     0.0000000000000000       -0.0071528048486888     0.0000000000000000        0.0875719495446463     0.0000000000000000
    6    7
    -0.0096218295417907     0.0000000000000000       -0.0214937907406397     0.0000000000000000        0.0001044185674427     0.0000000000000000
    -0.0151908073675601     0.0000000000000000       -0.0308016921360793     0.0000000000000000       -0.0012626179727861     0.0000000000000000
     0.0011456685233909     0.0000000000000000        0.0005408798543578     0.0000000000000000        0.0022848357319695     0.0000000000000000
    6    8
    -0.0413916234300091     0.0000000000000000        0.0031514916865398     0.0000000000000000       -0.0010412499559482     0.0000000000000000
    -0.0031514916865398     0.0000000000000000        0.0009681017543495     0.0000000000000000        0.0007217381184283     0.0000000000000000
     0.0010412499559482     0.0000000000000000        0.0007217381184283     0.0000000000000000        0.0022848357319695     0.0000000000000000
    6    9
    -0.0025563046303417     0.0000000000000000        0.0129151402783200     0.0000000000000000        0.0110671763081358     0.0000000000000000
     0.0058747244980617     0.0000000000000000        0.0082920288565384     0.0000000000000000       -0.0018265800257388     0.0000000000000000
     0.0071154528583479     0.0000000000000000       -0.0086711658184709     0.0000000000000000       -0.0012955544112987     0.0000000000000000
    6   10
     0.0137161955991132     0.0000000000000000       -0.0035202078901291     0.0000000000000000        0.0039517234497879     0.0000000000000000
     0.0035202078901291     0.0000000000000000       -0.0079804713740486     0.0000000000000000        0.0104977458442096     0.0000000000000000
    -0.0039517234497879     0.0000000000000000        0.0104977458442096     0.0000000000000000       -0.0012955544112987     0.0000000000000000
    6   11
    -0.0075224457230445     0.0000000000000000       -0.0022190431509346     0.0000000000000000        0.0006412555092240     0.0000000000000000
    -0.0022190431509346     0.0000000000000000       -0.0049601154024078     0.0000000000000000        0.0003702290408827     0.0000000000000000
     0.0006412555092240     0.0000000000000000        0.0003702290408827     0.0000000000000000       -0.0085093945584656     0.0000000000000000
    7    1
    -0.0888093138659957     0.0000000000000000       -0.0000000000000000     0.0000000000000000       -0.0000000000000000     0.0000000000000000
     0.0000000000000000     0.0000000000000000       -0.0338799281600178     0.0000000000000000        0.0104270308835770     0.0000000000000000
    -0.0000000000000000     0.0000000000000000        0.0087461934732111     0.0000000000000000       -0.0574890419789439     0.0000000000000000
    7    2
    -0.0069767572429873     0.0000000000000000        0.0000000000000000     0.0000000000000000       -0.0000000000000000     0.0000000000000000
     0.0000000000000000     0.0000000000000000        0.0011223854863702     0.0000000000000000        0.0043058833510570     0.0000000000000000
    -0.0000000000000000     0.0000000000000000        0.0022210281526167     0.0000000000000000       -0.0117411037075009     0.0000000000000000
    7    3
     0.0088325326248821     0.0000000000000000       -0.0000000000000000     0.0000000000000000        0.0000000000000000     0.0000000000000000
    -0.0000000000000000     0.0000000000000000       -0.0295625433130818     0.0000000000000000       -0.0104549086214259     0.0000000000000000
     0.0000000000000000     0.0000000000000000       -0.0107302518022765     0.0000000000000000        0.0068602489242258     0.0000000000000000
    7    4
     0.0091604323334273     0.0000000000000000        0.0000000000000000     0.0000000000000000        0.0000000000000000     0.0000000000000000
     0.0000000000000000     0.0000000000000000       -0.0155703718360214     0.0000000000000000        0.0220334615757815     0.0000000000000000
     0.0000000000000000     0.0000000000000000        0.0108906893501857     0.0000000000000000        0.0074699549059275     0.0000000000000000
    7    5
     0.0018794285655289     0.0000000000000000       -0.0000000000000000     0.0000000000000000       -0.0000000000000000     0.0000000000000000
    -0.0000000000000000     0.0000000000000000       -0.0113797387259400     0.0000000000000000       -0.0236160468763757     0.0000000000000000
    -0.0000000000000000     0.0000000000000000       -0.0185144147922995     0.0000000000000000       -0.0261411757712307     0.0000000000000000
    7    6
    -0.0096218295417907     0.0000000000000000       -0.0151908073675601     0.0000000000000000        0.0011456685233909     0.0000000000000000
    -0.0214937907406397     0.0000000000000000       -0.0308016921360793     0.0000000000000000        0.0005408798543578     0.0000000000000000
     0.0001044185674427     0.0000000000000000       -0.0012626179727861     0.0000000000000000        0.0022848357319695     0.0000000000000000
    7    7
     0.1039488961709812     0.0000000000000000       -0.0000000000000000     0.0000000000000000        0.0000000000000000     0.0000000000000000
     0.0000000000000000     0.0000000000000000        0.1430931339919205     0.0000000000000000        0.0143056096973776     0.0000000000000000
     0.0000000000000000     0.0000000000000000        0.0143056096973776     0.0000000000000000        0.0875719495446463     0.0000000000000000
    7    8
    -0.0096218295417907     0.0000000000000000        0.0151908073675601     0.0000000000000000       -0.0011456685233909     0.0000000000000000
     0.0214937907406397     0.0000000000000000       -0.0308016921360793     0.0000000000000000        0.0005408798543578     0.0000000000000000
    -0.0001044185674427     0.0000000000000000       -0.0012626179727861     0.0000000000000000        0.0022848357319695     0.0000000000000000
    7    9
    -0.0036789502415717     0.0000000000000000        0.0000000000000000     0.0000000000000000       -0.0000000000000000     0.0000000000000000
     0.0000000000000000     0.0000000000000000       -0.0088036108841480     0.0000000000000000       -0.0007404580817654     0.0000000000000000
    -0.0000000000000000     0.0000000000000000       -0.0007404580817653     0.0000000000000000       -0.0085093945584656     0.0000000000000000
    7   10
    -0.0025563046303417     0.0000000000000000       -0.0058747244980617     0.0000000000000000       -0.0071154528583479     0.0000000000000000
    -0.0129151402783200     0.0000000000000000        0.0082920288565384     0.0000000000000000       -0.0086711658184709     0.0000000000000000
    -0.0110671763081358     0.0000000000000000       -0.0018265800257388     0.0000000000000000       -0.0012955544112987     0.0000000000000000
    7   11
    -0.0025563046303417     0.0000000000000000        0.0058747244980617     0.0000000000000000        0.0071154528583479     0.0000000000000000
     0.0129151402783200     0.0000000000000000        0.0082920288565384     0.0000000000000000       -0.0086711658184709     0.0000000000000000
     0.0110671763081358     0.0000000000000000       -0.0018265800257388     0.0000000000000000       -0.0012955544112987     0.0000000000000000
    8    1
    -0.0476122745847445     0.0000000000000000       -0.0237851217196734     0.0000000000000000        0.0090300736309084     0.0000000000000000
    -0.0237851217196734     0.0000000000000000       -0.0750769674441353     0.0000000000000000       -0.0052135154417885     0.0000000000000000
     0.0075744257339510     0.0000000000000000       -0.0043730967366056     0.0000000000000000       -0.0574890419789439     0.0000000000000000
    8    2
    -0.0009024001960277     0.0000000000000000       -0.0035070316763380     0.0000000000000000        0.0037290043676181     0.0000000000000000
    -0.0035070316763380     0.0000000000000000       -0.0049519715610120     0.0000000000000000       -0.0021529416755285     0.0000000000000000
     0.0019234668026195     0.0000000000000000       -0.0011105140763083     0.0000000000000000       -0.0117411037075009     0.0000000000000000
    8    3
    -0.0199637743270483     0.0000000000000000        0.0166255555709425     0.0000000000000000       -0.0090542164600848     0.0000000000000000
     0.0166255555709425     0.0000000000000000       -0.0007662363591480     0.0000000000000000        0.0052274543107129     0.0000000000000000
    -0.0092926706494519     0.0000000000000000        0.0053651259011382     0.0000000000000000        0.0068602489242258     0.0000000000000000
    8    4
    -0.0093876707928468     0.0000000000000000        0.0107087523332838     0.0000000000000000        0.0190815374572713     0.0000000000000000
     0.0107087523332838     0.0000000000000000        0.0029777312915431     0.0000000000000000       -0.0110167307878907     0.0000000000000000
     0.0094316136416574     0.0000000000000000       -0.0054453446750928     0.0000000000000000        0.0074699549059275     0.0000000000000000
    8    5
    -0.0080649469024790     0.0000000000000000        0.0057413878535768     0.0000000000000000       -0.0204520965311940     0.0000000000000000
     0.0057413878535768     0.0000000000000000       -0.0014353632572402     0.0000000000000000        0.0118080234381878     0.0000000000000000
    -0.0160339535457760     0.0000000000000000        0.0092572073961497     0.0000000000000000       -0.0261411757712307     0.0000000000000000
    8    6
    -0.0413916234300091     0.0000000000000000       -0.0031514916865398     0.0000000000000000        0.0010412499559482     0.0000000000000000
     0.0031514916865398     0.0000000000000000        0.0009681017543495     0.0000000000000000        0.0007217381184283     0.0000000000000000
    -0.0010412499559482     0.0000000000000000        0.0007217381184283     0.0000000000000000        0.0022848357319695     0.0000000000000000
    8    7
    -0.0096218295417907     0.0000000000000000        0.0214937907406397     0.0000000000000000       -0.0001044185674427     0.0000000000000000
     0.0151908073675601     0.0000000000000000       -0.0308016921360793     0.0000000000000000       -0.0012626179727861     0.0000000000000000
    -0.0011456685233909     0.0000000000000000        0.0005408798543578     0.0000000000000000        0.0022848357319695     0.0000000000000000
    8    8
     0.1333070745292191     0.0000000000000000       -0.0169499521786353     0.0000000000000000        0.0123890214141231     0.0000000000000000
    -0.0169499521786353     0.0000000000000000        0.1137349556316401     0.0000000000000000       -0.0071528048486888     0.0000000000000000
     0.0123890214141231     0.0000000000000000       -0.0071528048486888     0.0000000000000000        0.0875719495446463     0.0000000000000000
    8    9
    -0.0025563046303417     0.0000000000000000       -0.0129151402783200     0.0000000000000000       -0.0110671763081358     0.0000000000000000
    -0.0058747244980617     0.0000000000000000        0.0082920288565384     0.0000000000000000       -0.0018265800257388     0.0000000000000000
    -0.0071154528583479     0.0000000000000000       -0.0086711658184709     0.0000000000000000       -0.0012955544112987     0.0000000000000000
    8   10
    -0.0075224457230445     0.0000000000000000        0.0022190431509346     0.0000000000000000       -0.0006412555092240     0.0000000000000000
     0.0022190431509346     0.0000000000000000       -0.0049601154024078     0.0000000000000000        0.0003702290408827     0.0000000000000000
    -0.0006412555092240     0.0000000000000000        0.0003702290408827     0.0000000000000000       -0.0085093945584656     0.0000000000000000
    8   11
     0.0137161955991132     0.0000000000000000        0.0035202078901291     0.0000000000000000       -0.0039517234497879     0.0000000000000000
    -0.0035202078901291     0.0000000000000000       -0.0079804713740486     0.0000000000000000        0.0104977458442096     0.0000000000000000
     0.0039517234497879     0.0000000000000000        0.0104977458442096     0.0000000000000000       -0.0012955544112987     0.0000000000000000
    9    1
    -0.0888093138659957     0.0000000000000000        0.0000000000000000     0.0000000000000000       -0.0000000000000000     0.0000000000000000
    -0.0000000000000000     0.0000000000000000       -0.0338799281600178     0.0000000000000000        0.0104270308835770     0.0000000000000000
    -0.0000000000000000     0.0000000000000000        0.0087461934732111     0.0000000000000000       -0.0574890419789439     0.0000000000000000
    9    2
     0.0088325326248821     0.0000000000000000        0.0000000000000000     0.0000000000000000        0.0000000000000000     0.0000000000000000
     0.0000000000000000     0.0000000000000000       -0.0295625433130818     0.0000000000000000       -0.0104549086214259     0.0000000000000000
     0.0000000000000000     0.0000000000000000       -0.0107302518022765     0.0000000000000000        0.0068602489242258     0.0000000000000000
    9    3
    -0.0069767572429873     0.0000000000000000       -0.0000000000000000     0.0000000000000000       -0.0000000000000000     0.0000000000000000
     0.0000000000000000     0.0000000000000000        0.0011223854863702     0.0000000000000000        0.0043058833510570     0.0000000000000000
    -0.0000000000000000     0.0000000000000000        0.0022210281526167     0.0000000000000000       -0.0117411037075009     0.0000000000000000
    9    4
     0.0018794285655289     0.0000000000000000       -0.0000000000000000     0.0000000000000000       -0.0000000000000000     0.0000000000000000
    -0.0000000000000000     0.0000000000000000       -0.0113797387259400     0.0000000000000000       -0.0236160468763757     0.0000000000000000
    -0.0000000000000000     0.0000000000000000       -0.0185144147922995     0.0000000000000000       -0.0261411757712307     0.0000000000000000
    9    5
     0.0091604323334273     0.0000000000000000        0.0000000000000000     0.0000000000000000        0.0000000000000000     0.0000000000000000
     0.0000000000000000     0.0000000000000000       -0.0155703718360214     0.0000000000000000        0.0220334615757815     0.0000000000000000
     0.0000000000000000     0.0000000000000000        0.0108906893501857     0.0000000000000000        0.0074699549059275     0.0000000000000000
    9    6
    -0.0025563046303417     0.0000000000000000        0.0058747244980617     0.0000000000000000        0.0071154528583479     0.0000000000000000
     0.0129151402783200     0.0000000000000000        0.0082920288565384     0.0000000000000000       -0.0086711658184709     0.0000000000000000
     0.0110671763081358     0.0000000000000000       -0.0018265800257388     0.0000000000000000       -0.0012955544112987     0.0000000000000000
    9    7
    -0.0036789502415717     0.0000000000000000        0.0000000000000000     0.0000000000000000       -0.0000000000000000     0.0000000000000000
     0.0000000000000000     0.0000000000000000       -0.0088036108841480     0.0000000000000000       -0.0007404580817654     0.0000000000000000
    -0.0000000000000000     0.0000000000000000       -0.0007404580817653     0.0000000000000000       -0.0085093945584656     0.0000000000000000
    9    8
    -0.0025563046303417     0.0000000000000000       -0.0058747244980617     0.0000000000000000       -0.0071154528583479     0.0000000000000000
    -0.0129151402783200     0.0000000000000000        0.0082920288565384     0.0000000000000000       -0.0086711658184709     0.0000000000000000
    -0.0110671763081358     0.0000000000000000       -0.0018265800257388     0.0000000000000000       -0.0012955544112987     0.0000000000000000
    9    9
     0.1039488961709812     0.0000000000000000       -0.0000000000000000     0.0000000000000000        0.0000000000000000     0.0000000000000000
     0.0000000000000000     0.0000000000000000        0.1430931339919205     0.0000000000000000        0.0143056096973776     0.0000000000000000
     0.0000000000000000     0.0000000000000000        0.0143056096973776     0.0000000000000000        0.0875719495446463     0.0000000000000000
    9   10
    -0.0096218295417907     0.0000000000000000        0.0151908073675601     0.0000000000000000       -0.0011456685233909     0.0000000000000000
     0.0214937907406397     0.0000000000000000       -0.0308016921360793     0.0000000000000000        0.0005408798543578     0.0000000000000000
    -0.0001044185674427     0.0000000000000000       -0.0012626179727861     0.0000000000000000        0.0022848357319695     0.0000000000000000
    9   11
    -0.0096218295417907     0.0000000000000000       -0.0151908073675601     0.0000000000000000        0.0011456685233909     0.0000000000000000
    -0.0214937907406397     0.0000000000000000       -0.0308016921360793     0.0000000000000000        0.0005408798543578     0.0000000000000000
     0.0001044185674427     0.0000000000000000       -0.0012626179727861     0.0000000000000000        0.0022848357319695     0.0000000000000000
   10    1
    -0.0476122745847445     0.0000000000000000       -0.0237851217196734     0.0000000000000000        0.0090300736309084     0.0000000000000000
    -0.0237851217196734     0.0000000000000000       -0.0750769674441353     0.0000000000000000       -0.0052135154417885     0.0000000000000000
     0.0075744257339510     0.0000000000000000       -0.0043730967366056     0.0000000000000000       -0.0574890419789439     0.0000000000000000
   10    2
    -0.0199637743270483     0.0000000000000000        0.0166255555709425     0.0000000000000000       -0.0090542164600848     0.0000000000000000
     0.0166255555709425     0.0000000000000000       -0.0007662363591480     0.0000000000000000        0.0052274543107129     0.0000000000000000
    -0.0092926706494519     0.0000000000000000        0.0053651259011382     0.0000000000000000        0.0068602489242258     0.0000000000000000
   10    3
    -0.0009024001960277     0.0000000000000000       -0.0035070316763380     0.0000000000000000        0.0037290043676181     0.0000000000000000
    -0.0035070316763380     0.0000000000000000       -0.0049519715610120     0.0000000000000000       -0.0021529416755285     0.0000000000000000
     0.0019234668026195     0.0000000000000000       -0.0011105140763083     0.0000000000000000       -0.0117411037075009     0.0000000000000000
   10    4
    -0.0080649469024790     0.0000000000000000        0.0057413878535768     0.0000000000000000       -0.0204520965311940     0.0000000000000000
     0.0057413878535768     0.0000000000000000       -0.0014353632572402     0.0000000000000000        0.0118080234381878     0.0000000000000000
    -0.0160339535457760     0.0000000000000000        0.0092572073961497     0.0000000000000000       -0.0261411757712307     0.0000000000000000
   10    5
    -0.0093876707928468     0.0000000000000000        0.0107087523332838     0.0000000000000000        0.0190815374572713     0.0000000000000000
     0.0107087523332838     0.0000000000000000        0.0029777312915431     0.0000000000000000       -0.0110167307878907     0.0000000000000000
     0.0094316136416573     0.0000000000000000       -0.0054453446750928     0.0000000000000000        0.0074699549059275     0.0000000000000000
   10    6
     0.0137161955991132     0.0000000000000000        0.0035202078901291     0.0000000000000000       -0.0039517234497879     0.0000000000000000
    -0.0035202078901291     0.0000000000000000       -0.0079804713740486     0.0000000000000000        0.0104977458442096     0.0000000000000000
     0.0039517234497879     0.0000000000000000        0.0104977458442096     0.0000000000000000       -0.0012955544112987     0.0000000000000000
   10    7
    -0.0025563046303417     0.0000000000000000       -0.0129151402783200     0.0000000000000000       -0.0110671763081358     0.0000000000000000
    -0.0058747244980617     0.0000000000000000        0.0082920288565384     0.0000000000000000       -0.0018265800257388     0.0000000000000000
    -0.0071154528583479     0.0000000000000000       -0.0086711658184709     0.0000000000000000       -0.0012955544112987     0.0000000000000000
   10    8
    -0.0075224457230445     0.0000000000000000        0.0022190431509346     0.0000000000000000       -0.0006412555092240     0.0000000000000000
     0.0022190431509346     0.0000000000000000       -0.0049601154024078     0.0000000000000000        0.0003702290408827     0.0000000000000000
    -0.0006412555092240     0.0000000000000000        0.0003702290408827     0.0000000000000000       -0.0085093945584656     0.0000000000000000
   10    9
    -0.0096218295417907     0.0000000000000000        0.0214937907406397     0.0000000000000000       -0.0001044185674427     0.0000000000000000
     0.0151908073675601     0.0000000000000000       -0.0308016921360793     0.0000000000000000       -0.0012626179727861     0.0000000000000000
    -0.0011456685233909     0.0000000000000000        0.0005408798543578     0.0000000000000000        0.0022848357319695     0.0000000000000000
   10   10
     0.1333070745292191     0.0000000000000000       -0.0169499521786353     0.0000000000000000        0.0123890214141231     0.0000000000000000
    -0.0169499521786353     0.0000000000000000        0.1137349556316401     0.0000000000000000       -0.0071528048486888     0.0000000000000000
     0.0123890214141231     0.0000000000000000       -0.0071528048486888     0.0000000000000000        0.0875719495446463     0.0000000000000000
   10   11
    -0.0413916234300091     0.0000000000000000       -0.0031514916865398     0.0000000000000000        0.0010412499559482     0.0000000000000000
     0.0031514916865398     0.0000000000000000        0.0009681017543495     0.0000000000000000        0.0007217381184283     0.0000000000000000
    -0.0010412499559482     0.0000000000000000        0.0007217381184283     0.0000000000000000        0.0022848357319695     0.0000000000000000
   11    1
    -0.0476122745847444     0.0000000000000000        0.0237851217196734     0.0000000000000000       -0.0090300736309085     0.0000000000000000
     0.0237851217196734     0.0000000000000000       -0.0750769674441353     0.0000000000000000       -0.0052135154417885     0.0000000000000000
    -0.0075744257339510     0.0000000000000000       -0.0043730967366056     0.0000000000000000       -0.0574890419789439     0.0000000000000000
   11    2
    -0.0199637743270483     0.0000000000000000       -0.0166255555709425     0.0000000000000000        0.0090542164600848     0.0000000000000000
    -0.0166255555709424     0.0000000000000000       -0.0007662363591480     0.0000000000000000        0.0052274543107129     0.0000000000000000
     0.0092926706494519     0.0000000000000000        0.0053651259011383     0.0000000000000000        0.0068602489242258     0.0000000000000000
   11    3
    -0.0009024001960277     0.0000000000000000        0.0035070316763380     0.0000000000000000       -0.0037290043676181     0.0000000000000000
     0.0035070316763380     0.0000000000000000       -0.0049519715610120     0.0000000000000000       -0.0021529416755285     0.0000000000000000
    -0.0019234668026196     0.0000000000000000       -0.0011105140763083     0.0000000000000000       -0.0117411037075009     0.0000000000000000
   11    4
    -0.0080649469024790     0.0000000000000000       -0.0057413878535768     0.0000000000000000        0.0204520965311940     0.0000000000000000
    -0.0057413878535768     0.0000000000000000       -0.0014353632572402     0.0000000000000000        0.0118080234381878     0.0000000000000000
     0.0160339535457760     0.0000000000000000        0.0092572073961497     0.0000000000000000       -0.0261411757712307     0.0000000000000000
   11    5
    -0.0093876707928468     0.0000000000000000       -0.0107087523332838     0.0000000000000000       -0.0190815374572713     0.0000000000000000
    -0.0107087523332838     0.0000000000000000        0.0029777312915431     0.0000000000000000       -0.0110167307878907     0.0000000000000000
    -0.0094316136416573     0.0000000000000000       -0.0054453446750928     0.0000000000000000        0.0074699549059275     0.0000000000000000
   11    6
    -0.0075224457230445     0.0000000000000000       -0.0022190431509346     0.0000000000000000        0.0006412555092240     0.0000000000000000
    -0.0022190431509346     0.0000000000000000       -0.0049601154024078     0.0000000000000000        0.0003702290408827     0.0000000000000000
     0.0006412555092240     0.0000000000000000        0.0003702290408827     0.0000000000000000       -0.0085093945584656     0.0000000000000000
   11    7
    -0.0025563046303417     0.0000000000000000        0.0129151402783200     0.0000000000000000        0.0110671763081358     0.0000000000000000
     0.0058747244980617     0.0000000000000000        0.0082920288565384     0.0000000000000000       -0.0018265800257388     0.0000000000000000
     0.0071154528583479     0.0000000000000000       -0.0086711658184709     0.0000000000000000       -0.0012955544112987     0.0000000000000000
   11    8
     0.0137161955991132     0.0000000000000000       -0.0035202078901291     0.0000000000000000        0.0039517234497879     0.0000000000000000
     0.0035202078901291     0.0000000000000000       -0.0079804713740486     0.0000000000000000        0.0104977458442096     0.0000000000000000
    -0.0039517234497879     0.0000000000000000        0.0104977458442096     0.0000000000000000       -0.0012955544112987     0.0000000000000000
   11    9
    -0.0096218295417907     0.0000000000000000       -0.0214937907406397     0.0000000000000000        0.0001044185674427     0.0000000000000000
    -0.0151908073675601     0.0000000000000000       -0.0308016921360793     0.0000000000000000       -0.0012626179727861     0.0000000000000000
     0.0011456685233909     0.0000000000000000        0.0005408798543578     0.0000000000000000        0.0022848357319695     0.0000000000000000
   11   10
    -0.0413916234300091     0.0000000000000000        0.0031514916865398     0.0000000000000000       -0.0010412499559482     0.0000000000000000
    -0.0031514916865398     0.0000000000000000        0.0009681017543495     0.0000000000000000        0.0007217381184283     0.0000000000000000
     0.0010412499559482     0.0000000000000000        0.0007217381184283     0.0000000000000000        0.0022848357319695     0.0000000000000000
   11   11
     0.1333070745292191     0.0000000000000000        0.0169499521786353     0.0000000000000000       -0.0123890214141230     0.0000000000000000
     0.0169499521786353     0.0000000000000000        0.1137349556316401     0.0000000000000000       -0.0071528048486888     0.0000000000000000
    -0.0123890214141230     0.0000000000000000       -0.0071528048486888     0.0000000000000000        0.0875719495446463     0.0000000000000000

     Diagonalizing the dynamical matrix

     q = (     0.000000000000     0.000000000000     0.000000000000 )

***************************************************************************
   freq (    1) =    -0.00000043 [THz] =    -0.00001418 [cm-1]
(   0.000000  0.000000  -0.047397  0.000000  -0.297763  0.000000 )
(  -0.000000  0.000000  -0.047397  0.000000  -0.297763  0.000000 )
(   0.000000  0.000000  -0.047397  0.000000  -0.297763  0.000000 )
(  -0.000000  0.000000  -0.047397  0.000000  -0.297763  0.000000 )
(   0.000000  0.000000  -0.047397  0.000000  -0.297763  0.000000 )
(   0.000000  0.000000  -0.047397  0.000000  -0.297763  0.000000 )
(  -0.000000  0.000000  -0.047397  0.000000  -0.297763  0.000000 )
(   0.000000  0.000000  -0.047397  0.000000  -0.297763  0.000000 )
(   0.000000  0.000000  -0.047397  0.000000  -0.297763  0.000000 )
(  -0.000000  0.000000  -0.047397  0.000000  -0.297763  0.000000 )
(   0.000000  0.000000  -0.047397  0.000000  -0.297763  0.000000 )
   freq (    2) =    -0.00000008 [THz] =    -0.00000280 [cm-1]
(  -0.301511  0.000000  -0.000000  0.000000   0.000000  0.000000 )
(  -0.301511  0.000000   0.000000  0.000000  -0.000000  0.000000 )
(  -0.301511  0.000000  -0.000000  0.000000   0.000000  0.000000 )
(  -0.301511  0.000000  -0.000000  0.000000   0.000000  0.000000 )
(  -0.301511  0.000000   0.000000  0.000000   0.000000  0.000000 )
(  -0.301511  0.000000   0.000000  0.000000  -0.000000  0.000000 )
(  -0.301511  0.000000  -0.000000  0.000000   0.000000  0.000000 )
(  -0.301511  0.000000  -0.000000  0.000000   0.000000  0.000000 )
(  -0.301511  0.000000  -0.000000  0.000000   0.000000  0.000000 )
(  -0.301511  0.000000  -0.000000  0.000000   0.000000  0.000000 )
(  -0.301511  0.000000  -0.000000  0.000000   0.000000  0.000000 )
   freq (    3) =     0.00000007 [THz] =     0.00000225 [cm-1]
(   0.000000  0.000000  -0.297763  0.000000   0.047397  0.000000 )
(   0.000000  0.000000  -0.297763  0.000000   0.047397  0.000000 )
(   0.000000  0.000000  -0.297763  0.000000   0.047397  0.000000 )
(  -0.000000  0.000000  -0.297763  0.000000   0.047397  0.000000 )
(  -0.000000  0.000000  -0.297763  0.000000   0.047397  0.000000 )
(   0.000000  0.000000  -0.297763  0.000000   0.047397  0.000000 )
(   0.000000  0.000000  -0.297763  0.000000   0.047397  0.000000 )
(  -0.000000  0.000000  -0.297763  0.000000   0.047397  0.000000 )
(   0.000000  0.000000  -0.297763  0.000000   0.047397  0.000000 )
(  -0.000000  0.000000  -0.297763  0.000000   0.047397  0.000000 )
(  -0.000000  0.000000  -0.297763  0.000000   0.047397  0.000000 )
   freq (    4) =    19.96299046 [THz] =   665.89358972 [cm-1]
(   0.018695  0.000000  -0.000000  0.000000  -0.000000  0.000000 )
(  -0.553269  0.000000   0.000000  0.000000   0.000000  0.000000 )
(  -0.553269  0.000000   0.000000  0.000000   0.000000  0.000000 )
(  -0.275896  0.000000   0.000000  0.000000   0.000000  0.000000 )
(  -0.275896  0.000000   0.000000  0.000000   0.000000  0.000000 )
(  -0.214834  0.000000  -0.107128  0.000000   0.027226  0.000000 )
(  -0.029282  0.000000   0.000000  0.000000   0.000000  0.000000 )
(  -0.214834  0.000000   0.107128  0.000000  -0.027226  0.000000 )
(  -0.029282  0.000000   0.000000  0.000000  -0.000000  0.000000 )
(  -0.214834  0.000000   0.107128  0.000000  -0.027226  0.000000 )
(  -0.214834  0.000000  -0.107128  0.000000   0.027226  0.000000 )
   freq (    5) =    19.96299046 [THz] =   665.89358974 [cm-1]
(  -0.000000  0.000000  -0.018695  0.000000   0.000000  0.000000 )
(   0.000000  0.000000   0.553269  0.000000  -0.000000  0.000000 )
(   0.000000  0.000000   0.553269  0.000000  -0.000000  0.000000 )
(   0.000000  0.000000   0.275896  0.000000  -0.000000  0.000000 )
(   0.000000  0.000000   0.275896  0.000000  -0.000000  0.000000 )
(   0.107128  0.000000   0.091133  0.000000  -0.015719  0.000000 )
(   0.000000  0.000000   0.276684  0.000000   0.031438  0.000000 )
(  -0.107128  0.000000   0.091133  0.000000  -0.015719  0.000000 )
(   0.000000  0.000000   0.276684  0.000000   0.031438  0.000000 )
(  -0.107128  0.000000   0.091133  0.000000  -0.015719  0.000000 )
(   0.107128  0.000000   0.091133  0.000000  -0.015719  0.000000 )
   freq (    6) =    21.35939191 [THz] =   712.47252173 [cm-1]
(   0.000000  0.000000   0.000000  0.000000   0.000000  0.000000 )
(  -0.536017  0.000000   0.000010  0.000000  -0.000000  0.000000 )
(   0.536017  0.000000  -0.000010  0.000000  -0.000000  0.000000 )
(   0.307884  0.000000  -0.000006  0.000000  -0.000000  0.000000 )
(  -0.307884  0.000000   0.000006  0.000000  -0.000000  0.000000 )
(   0.197161  0.000000   0.129164  0.000000   0.055110  0.000000 )
(  -0.026557  0.000000  -0.000005  0.000000   0.000001  0.000000 )
(   0.197166  0.000000  -0.129166  0.000000  -0.055112  0.000000 )
(   0.026557  0.000000   0.000005  0.000000  -0.000001  0.000000 )
(  -0.197166  0.000000   0.129166  0.000000   0.055112  0.000000 )
(  -0.197161  0.000000  -0.129164  0.000000  -0.055110  0.000000 )
   freq (    7) =    21.35939191 [THz] =   712.47252175 [cm-1]
(   0.000000  0.000000  -0.000000  0.000000   0.000000  0.000000 )
(  -0.000010  0.000000  -0.536017  0.000000   0.000000  0.000000 )
(   0.000010  0.000000   0.536017  0.000000  -0.000000  0.000000 )
(   0.000006  0.000000   0.307884  0.000000   0.000000  0.000000 )
(  -0.000006  0.000000  -0.307884  0.000000  -0.000000  0.000000 )
(   0.129169  0.000000   0.048019  0.000000   0.031819  0.000000 )
(  -0.000001  0.000000   0.271737  0.000000  -0.063637  0.000000 )
(  -0.129161  0.000000   0.048014  0.000000   0.031817  0.000000 )
(   0.000001  0.000000  -0.271737  0.000000   0.063637  0.000000 )
(   0.129161  0.000000  -0.048014  0.000000  -0.031817  0.000000 )
(  -0.129169  0.000000  -0.048019  0.000000  -0.031819  0.000000 )
   freq (    8) =    23.81394184 [THz] =   794.34748263 [cm-1]
(  -0.000000  0.000000  -0.000000  0.000000  -0.022336  0.000000 )
(   0.000000  0.000000   0.000000  0.000000   0.336451  0.000000 )
(   0.000000  0.000000   0.000000  0.000000   0.336451  0.000000 )
(   0.000000  0.000000   0.000000  0.000000   0.430183  0.000000 )
(  -0.000000  0.000000   0.000000  0.000000   0.430183  0.000000 )
(  -0.025777  0.000000  -0.014882  0.000000   0.257446  0.000000 )
(  -0.000000  0.000000   0.029765  0.000000   0.257446  0.000000 )
(   0.025777  0.000000  -0.014882  0.000000   0.257446  0.000000 )
(   0.000000  0.000000   0.029765  0.000000   0.257446  0.000000 )
(   0.025777  0.000000  -0.014882  0.000000   0.257446  0.000000 )
(  -0.025777  0.000000  -0.014882  0.000000   0.257446  0.000000 )
   freq (    9) =    23.93411677 [THz] =   798.35608629 [cm-1]
(  -0.000000  0.000000  -0.000000  0.000000  -0.000000  0.000000 )
(  -0.000000  0.000000   0.000000  0.000000  -0.253896  0.000000 )
(   0.000000  0.000000  -0.000000  0.000000   0.253896  0.000000 )
(   0.000000  0.000000  -0.000000  0.000000   0.380534  0.000000 )
(   0.000000  0.000000   0.000000  0.000000  -0.380534  0.000000 )
(   0.013798  0.000000   0.007966  0.000000  -0.310896  0.000000 )
(   0.000000  0.000000  -0.015932  0.000000  -0.310896  0.000000 )
(  -0.013798  0.000000   0.007966  0.000000  -0.310896  0.000000 )
(   0.000000  0.000000   0.015932  0.000000   0.310896  0.000000 )
(   0.013798  0.000000  -0.007966  0.000000   0.310896  0.000000 )
(  -0.013798  0.000000  -0.007966  0.000000   0.310896  0.000000 )
   freq (   10) =    25.89788656 [THz] =   863.86038629 [cm-1]
(  -0.000000  0.000000  -0.000000  0.000000   0.000000  0.000000 )
(   0.260762  0.000000  -0.000000  0.000000  -0.000000  0.000000 )
(  -0.260762  0.000000   0.000000  0.000000   0.000000  0.000000 )
(   0.385564  0.000000  -0.000000  0.000000  -0.000000  0.000000 )
(  -0.385564  0.000000   0.000000  0.000000  -0.000000  0.000000 )
(  -0.013845  0.000000  -0.048001  0.000000   0.369831  0.000000 )
(   0.069295  0.000000   0.000000  0.000000   0.000000  0.000000 )
(  -0.013845  0.000000   0.048001  0.000000  -0.369831  0.000000 )
(  -0.069295  0.000000  -0.000000  0.000000  -0.000000  0.000000 )
(   0.013845  0.000000  -0.048001  0.000000   0.369831  0.000000 )
(   0.013845  0.000000   0.048001  0.000000  -0.369831  0.000000 )
   freq (   11) =    25.89788656 [THz] =   863.86038631 [cm-1]
(  -0.000000  0.000000   0.000000  0.000000   0.000000  0.000000 )
(   0.000000  0.000000   0.260762  0.000000  -0.000000  0.000000 )
(  -0.000000  0.000000  -0.260762  0.000000   0.000000  0.000000 )
(   0.000000  0.000000   0.385564  0.000000  -0.000000  0.000000 )
(  -0.000000  0.000000  -0.385564  0.000000   0.000000  0.000000 )
(  -0.048001  0.000000   0.041581  0.000000   0.213522  0.000000 )
(   0.000000  0.000000  -0.041558  0.000000  -0.427044  0.000000 )
(   0.048001  0.000000   0.041581  0.000000   0.213522  0.000000 )
(  -0.000000  0.000000   0.041558  0.000000   0.427044  0.000000 )
(  -0.048001  0.000000  -0.041581  0.000000  -0.213522  0.000000 )
(   0.048001  0.000000  -0.041581  0.000000  -0.213522  0.000000 )
   freq (   12) =    27.71647782 [THz] =   924.52205218 [cm-1]
(  -0.000000  0.000000  -0.000000  0.000000   0.000000  0.000000 )
(  -0.000000  0.000000  -0.000000  0.000000  -0.522317  0.000000 )
(   0.000000  0.000000   0.000000  0.000000   0.522317  0.000000 )
(  -0.000000  0.000000  -0.000000  0.000000  -0.401282  0.000000 )
(   0.000000  0.000000   0.000000  0.000000   0.401282  0.000000 )
(  -0.126129  0.000000  -0.072821  0.000000  -0.029000  0.000000 )
(  -0.000000  0.000000   0.145642  0.000000  -0.029000  0.000000 )
(   0.126129  0.000000  -0.072821  0.000000  -0.029000  0.000000 )
(   0.000000  0.000000  -0.145642  0.000000   0.029000  0.000000 )
(  -0.126129  0.000000   0.072821  0.000000   0.029000  0.000000 )
(   0.126129  0.000000   0.072821  0.000000   0.029000  0.000000 )
   freq (   13) =    28.22471220 [THz] =   941.47492402 [cm-1]
(  -0.000626  0.000000   0.000000  0.000000   0.000000  0.000000 )
(  -0.132428  0.000000   0.000000  0.000000  -0.000000  0.000000 )
(  -0.132428  0.000000   0.000000  0.000000   0.000000  0.000000 )
(   0.133513  0.000000  -0.000000  0.000000  -0.000000  0.000000 )
(   0.133513  0.000000  -0.000000  0.000000   0.000000  0.000000 )
(   0.086223  0.000000   0.125056  0.000000   0.448046  0.000000 )
(  -0.130380  0.000000  -0.000000  0.000000   0.000000  0.000000 )
(   0.086223  0.000000  -0.125056  0.000000  -0.448046  0.000000 )
(  -0.130380  0.000000  -0.000000  0.000000   0.000000  0.000000 )
(   0.086223  0.000000  -0.125056  0.000000  -0.448046  0.000000 )
(   0.086223  0.000000   0.125056  0.000000   0.448046  0.000000 )
   freq (   14) =    28.22471220 [THz] =   941.47492403 [cm-1]
(   0.000000  0.000000   0.000626  0.000000   0.000000  0.000000 )
(   0.000000  0.000000   0.132428  0.000000   0.000000  0.000000 )
(   0.000000  0.000000   0.132428  0.000000   0.000000  0.000000 )
(  -0.000000  0.000000  -0.133513  0.000000  -0.000000  0.000000 )
(  -0.000000  0.000000  -0.133513  0.000000  -0.000000  0.000000 )
(  -0.125056  0.000000   0.058179  0.000000  -0.258680  0.000000 )
(   0.000000  0.000000  -0.158424  0.000000   0.517359  0.000000 )
(   0.125056  0.000000   0.058179  0.000000  -0.258680  0.000000 )
(   0.000000  0.000000  -0.158424  0.000000   0.517359  0.000000 )
(   0.125056  0.000000   0.058179  0.000000  -0.258680  0.000000 )
(  -0.125056  0.000000   0.058179  0.000000  -0.258680  0.000000 )
   freq (   15) =    30.20454772 [THz] =  1007.51511906 [cm-1]
(   0.000881  0.000000  -0.000000  0.000000  -0.000000  0.000000 )
(   0.287974  0.000000  -0.000000  0.000000  -0.000000  0.000000 )
(   0.287974  0.000000  -0.000000  0.000000  -0.000000  0.000000 )
(  -0.579466  0.000000   0.000000  0.000000  -0.000000  0.000000 )
(  -0.579466  0.000000   0.000000  0.000000   0.000000  0.000000 )
(   0.043211  0.000000  -0.058411  0.000000   0.157933  0.000000 )
(   0.144382  0.000000  -0.000000  0.000000   0.000000  0.000000 )
(   0.043211  0.000000   0.058411  0.000000  -0.157933  0.000000 )
(   0.144382  0.000000  -0.000000  0.000000   0.000000  0.000000 )
(   0.043211  0.000000   0.058411  0.000000  -0.157933  0.000000 )
(   0.043211  0.000000  -0.058411  0.000000   0.157933  0.000000 )
   freq (   16) =    30.20454772 [THz] =  1007.51511909 [cm-1]
(  -0.000000  0.000000  -0.000881  0.000000  -0.000000  0.000000 )
(  -0.000000  0.000000  -0.287974  0.000000  -0.000000  0.000000 )
(  -0.000000  0.000000  -0.287974  0.000000  -0.000000  0.000000 )
(   0.000000  0.000000   0.579466  0.000000   0.000000  0.000000 )
(   0.000000  0.000000   0.579466  0.000000   0.000000  0.000000 )
(   0.058411  0.000000  -0.110659  0.000000  -0.091183  0.000000 )
(  -0.000000  0.000000  -0.009487  0.000000   0.182365  0.000000 )
(  -0.058411  0.000000  -0.110659  0.000000  -0.091183  0.000000 )
(  -0.000000  0.000000  -0.009487  0.000000   0.182365  0.000000 )
(  -0.058411  0.000000  -0.110659  0.000000  -0.091183  0.000000 )
(   0.058411  0.000000  -0.110659  0.000000  -0.091183  0.000000 )
   freq (   17) =    30.35304080 [THz] =  1012.46831432 [cm-1]
(   0.000000  0.000000   0.000000  0.000000  -0.000000  0.000000 )
(  -0.000000  0.000000   0.000000  0.000000   0.000000  0.000000 )
(   0.000000  0.000000   0.000000  0.000000  -0.000000  0.000000 )
(   0.000000  0.000000  -0.000000  0.000000   0.000000  0.000000 )
(  -0.000000  0.000000  -0.000000  0.000000  -0.000000  0.000000 )
(  -0.204124  0.000000   0.353553  0.000000  -0.000000  0.000000 )
(   0.408248  0.000000   0.000000  0.000000  -0.000000  0.000000 )
(  -0.204124  0.000000  -0.353553  0.000000   0.000000  0.000000 )
(  -0.408248  0.000000  -0.000000  0.000000  -0.000000  0.000000 )
(   0.204124  0.000000   0.353553  0.000000  -0.000000  0.000000 )
(   0.204124  0.000000  -0.353553  0.000000   0.000000  0.000000 )
   freq (   18) =    31.42696603 [THz] =  1048.29059890 [cm-1]
(   0.000000  0.000000  -0.000000  0.000000   0.000000  0.000000 )
(  -0.121155  0.000000  -0.000001  0.000000   0.000000  0.000000 )
(   0.121155  0.000000   0.000001  0.000000  -0.000000  0.000000 )
(   0.240756  0.000000   0.000002  0.000000   0.000000  0.000000 )
(  -0.240756  0.000000  -0.000002  0.000000  -0.000000  0.000000 )
(  -0.368496  0.000000   0.009791  0.000000  -0.059199  0.000000 )
(  -0.385460  0.000000  -0.000003  0.000000   0.000001  0.000000 )
(  -0.368496  0.000000  -0.009797  0.000000   0.059199  0.000000 )
(   0.385460  0.000000   0.000003  0.000000  -0.000001  0.000000 )
(   0.368496  0.000000   0.009797  0.000000  -0.059199  0.000000 )
(   0.368496  0.000000  -0.009791  0.000000   0.059199  0.000000 )
   freq (   19) =    31.42696603 [THz] =  1048.29059893 [cm-1]
(   0.000000  0.000000   0.000000  0.000000  -0.000000  0.000000 )
(  -0.000001  0.000000   0.121155  0.000000   0.000000  0.000000 )
(   0.000001  0.000000  -0.121155  0.000000  -0.000000  0.000000 )
(   0.000002  0.000000  -0.240756  0.000000   0.000000  0.000000 )
(  -0.000002  0.000000   0.240756  0.000000  -0.000000  0.000000 )
(  -0.009797  0.000000   0.379805  0.000000   0.034178  0.000000 )
(  -0.000003  0.000000   0.362841  0.000000  -0.068357  0.000000 )
(   0.009791  0.000000   0.379805  0.000000   0.034179  0.000000 )
(   0.000003  0.000000  -0.362841  0.000000   0.068357  0.000000 )
(  -0.009791  0.000000  -0.379805  0.000000  -0.034179  0.000000 )
(   0.009797  0.000000  -0.379805  0.000000  -0.034178  0.000000 )
   freq (   20) =    32.33788406 [THz] =  1078.67554926 [cm-1]
(   0.000000  0.000000   0.000000  0.000000  -0.001905  0.000000 )
(  -0.000000  0.000000   0.000000  0.000000  -0.592327  0.000000 )
(  -0.000000  0.000000   0.000000  0.000000  -0.592327  0.000000 )
(   0.000000  0.000000  -0.000000  0.000000   0.076514  0.000000 )
(   0.000000  0.000000  -0.000000  0.000000   0.076514  0.000000 )
(   0.030507  0.000000   0.017613  0.000000   0.215693  0.000000 )
(  -0.000000  0.000000  -0.035227  0.000000   0.215693  0.000000 )
(  -0.030507  0.000000   0.017613  0.000000   0.215693  0.000000 )
(   0.000000  0.000000  -0.035227  0.000000   0.215693  0.000000 )
(  -0.030507  0.000000   0.017613  0.000000   0.215693  0.000000 )
(   0.030507  0.000000   0.017613  0.000000   0.215693  0.000000 )
   freq (   21) =    32.81771479 [THz] =  1094.68097758 [cm-1]
(   0.012340  0.000000   0.000000  0.000000  -0.000000  0.000000 )
(   0.267567  0.000000   0.000000  0.000000   0.000000  0.000000 )
(   0.267567  0.000000  -0.000000  0.000000   0.000000  0.000000 )
(  -0.047252  0.000000   0.000000  0.000000  -0.000000  0.000000 )
(  -0.047252  0.000000  -0.000000  0.000000  -0.000000  0.000000 )
(  -0.296267  0.000000   0.104920  0.000000   0.005359  0.000000 )
(  -0.477993  0.000000   0.000000  0.000000   0.000000  0.000000 )
(  -0.296267  0.000000  -0.104920  0.000000  -0.005359  0.000000 )
(  -0.477993  0.000000   0.000000  0.000000  -0.000000  0.000000 )
(  -0.296267  0.000000  -0.104920  0.000000  -0.005359  0.000000 )
(  -0.296267  0.000000   0.104920  0.000000   0.005359  0.000000 )
   freq (   22) =    32.81771480 [THz] =  1094.68097762 [cm-1]
(  -0.000000  0.000000  -0.012340  0.000000  -0.000000  0.000000 )
(   0.000000  0.000000  -0.267567  0.000000  -0.000000  0.000000 )
(  -0.000000  0.000000  -0.267567  0.000000  -0.000000  0.000000 )
(  -0.000000  0.000000   0.047252  0.000000   0.000000  0.000000 )
(   0.000000  0.000000   0.047252  0.000000   0.000000  0.000000 )
(  -0.104920  0.000000   0.417418  0.000000  -0.003094  0.000000 )
(   0.000000  0.000000   0.235692  0.000000   0.006188  0.000000 )
(   0.104920  0.000000   0.417418  0.000000  -0.003094  0.000000 )
(  -0.000000  0.000000   0.235692  0.000000   0.006188  0.000000 )
(   0.104920  0.000000   0.417418  0.000000  -0.003094  0.000000 )
(  -0.104920  0.000000   0.417418  0.000000  -0.003094  0.000000 )
   freq (   23) =    33.68375422 [THz] =  1123.56893918 [cm-1]
(  -0.000000  0.000000   0.000000  0.000000  -0.000000  0.000000 )
(  -0.000000  0.000000   0.000000  0.000000  -0.000000  0.000000 )
(  -0.000000  0.000000   0.000000  0.000000  -0.000000  0.000000 )
(  -0.000000  0.000000   0.000000  0.000000  -0.000000  0.000000 )
(  -0.000000  0.000000  -0.000000  0.000000  -0.000000  0.000000 )
(   0.204124  0.000000  -0.353553  0.000000  -0.000000  0.000000 )
(  -0.408248  0.000000  -0.000000  0.000000  -0.000000  0.000000 )
(   0.204124  0.000000   0.353553  0.000000   0.000000  0.000000 )
(  -0.408248  0.000000  -0.000000  0.000000  -0.000000  0.000000 )
(   0.204124  0.000000   0.353553  0.000000   0.000000  0.000000 )
(   0.204124  0.000000  -0.353553  0.000000  -0.000000  0.000000 )
   freq (   24) =    38.28095640 [THz] =  1276.91507583 [cm-1]
(   0.000000  0.000000   0.000000  0.000000   0.004238  0.000000 )
(  -0.000000  0.000000  -0.000000  0.000000  -0.172998  0.000000 )
(  -0.000000  0.000000  -0.000000  0.000000  -0.172998  0.000000 )
(  -0.000000  0.000000  -0.000000  0.000000   0.561176  0.000000 )
(   0.000000  0.000000  -0.000000  0.000000   0.561176  0.000000 )
(   0.015227  0.000000   0.008791  0.000000  -0.226728  0.000000 )
(  -0.000000  0.000000  -0.017582  0.000000  -0.226728  0.000000 )
(  -0.015227  0.000000   0.008791  0.000000  -0.226728  0.000000 )
(  -0.000000  0.000000  -0.017582  0.000000  -0.226728  0.000000 )
(  -0.015227  0.000000   0.008791  0.000000  -0.226728  0.000000 )
(   0.015227  0.000000   0.008791  0.000000  -0.226728  0.000000 )
   freq (   25) =    40.56728298 [THz] =  1353.17871071 [cm-1]
(   0.000000  0.000000   0.000000  0.000000   0.000000  0.000000 )
(  -0.196701  0.000000   0.000000  0.000000   0.000000  0.000000 )
(   0.196701  0.000000  -0.000000  0.000000   0.000000  0.000000 )
(  -0.445171  0.000000   0.000001  0.000000   0.000000  0.000000 )
(   0.445171  0.000000  -0.000001  0.000000  -0.000000  0.000000 )
(  -0.067212  0.000000   0.067476  0.000000   0.324887  0.000000 )
(  -0.184083  0.000000   0.000000  0.000000   0.000001  0.000000 )
(  -0.067211  0.000000  -0.067476  0.000000  -0.324888  0.000000 )
(   0.184083  0.000000  -0.000000  0.000000  -0.000001  0.000000 )
(   0.067211  0.000000   0.067476  0.000000   0.324888  0.000000 )
(   0.067212  0.000000  -0.067476  0.000000  -0.324887  0.000000 )
   freq (   26) =    40.56728298 [THz] =  1353.17871074 [cm-1]
(   0.000000  0.000000   0.000000  0.000000  -0.000000  0.000000 )
(  -0.000000  0.000000  -0.196701  0.000000  -0.000000  0.000000 )
(   0.000000  0.000000   0.196701  0.000000   0.000000  0.000000 )
(  -0.000001  0.000000  -0.445171  0.000000   0.000000  0.000000 )
(   0.000001  0.000000   0.445171  0.000000  -0.000000  0.000000 )
(   0.067476  0.000000  -0.145126  0.000000   0.187574  0.000000 )
(  -0.000000  0.000000  -0.028254  0.000000  -0.375148  0.000000 )
(  -0.067476  0.000000  -0.145126  0.000000   0.187573  0.000000 )
(   0.000000  0.000000   0.028254  0.000000   0.375148  0.000000 )
(   0.067476  0.000000   0.145126  0.000000  -0.187573  0.000000 )
(  -0.067476  0.000000   0.145126  0.000000  -0.187574  0.000000 )
   freq (   27) =    42.56005762 [THz] =  1419.65050820 [cm-1]
(   0.000000  0.000000  -0.000000  0.000000  -0.000000  0.000000 )
(   0.000000  0.000000   0.000000  0.000000  -0.402868  0.000000 )
(  -0.000000  0.000000  -0.000000  0.000000   0.402868  0.000000 )
(  -0.000000  0.000000   0.000000  0.000000   0.296978  0.000000 )
(   0.000000  0.000000  -0.000000  0.000000  -0.296978  0.000000 )
(   0.139641  0.000000   0.080622  0.000000   0.239098  0.000000 )
(  -0.000000  0.000000  -0.161244  0.000000   0.239098  0.000000 )
(  -0.139641  0.000000   0.080622  0.000000   0.239098  0.000000 )
(   0.000000  0.000000   0.161244  0.000000  -0.239098  0.000000 )
(   0.139641  0.000000  -0.080622  0.000000  -0.239098  0.000000 )
(  -0.139641  0.000000  -0.080622  0.000000  -0.239098  0.000000 )
   freq (   28) =    43.44343440 [THz] =  1449.11678140 [cm-1]
(   0.000000  0.000000  -0.000000  0.000000   0.000000  0.000000 )
(   0.302191  0.000000  -0.000001  0.000000   0.000000  0.000000 )
(  -0.302191  0.000000   0.000001  0.000000  -0.000000  0.000000 )
(   0.020164  0.000000  -0.000000  0.000000  -0.000000  0.000000 )
(  -0.020164  0.000000   0.000000  0.000000   0.000000  0.000000 )
(   0.170181  0.000000   0.318377  0.000000  -0.033635  0.000000 )
(  -0.381262  0.000000  -0.000001  0.000000  -0.000000  0.000000 )
(   0.170183  0.000000  -0.318376  0.000000   0.033635  0.000000 )
(   0.381262  0.000000   0.000001  0.000000   0.000000  0.000000 )
(  -0.170183  0.000000   0.318376  0.000000  -0.033635  0.000000 )
(  -0.170181  0.000000  -0.318377  0.000000   0.033635  0.000000 )
   freq (   29) =    43.44343440 [THz] =  1449.11678141 [cm-1]
(   0.000000  0.000000  -0.000000  0.000000  -0.000000  0.000000 )
(   0.000001  0.000000   0.302191  0.000000   0.000000  0.000000 )
(  -0.000001  0.000000  -0.302191  0.000000  -0.000000  0.000000 )
(   0.000000  0.000000   0.020164  0.000000  -0.000000  0.000000 )
(  -0.000000  0.000000  -0.020164  0.000000   0.000000  0.000000 )
(   0.318377  0.000000  -0.197446  0.000000  -0.019419  0.000000 )
(  -0.000001  0.000000   0.353997  0.000000   0.038838  0.000000 )
(  -0.318376  0.000000  -0.197448  0.000000  -0.019419  0.000000 )
(   0.000001  0.000000  -0.353997  0.000000  -0.038838  0.000000 )
(   0.318376  0.000000   0.197448  0.000000   0.019419  0.000000 )
(  -0.318377  0.000000   0.197446  0.000000   0.019419  0.000000 )
   freq (   30) =    44.61545559 [THz] =  1488.21119453 [cm-1]
(   0.002665  0.000000  -0.000000  0.000000  -0.000000  0.000000 )
(  -0.174749  0.000000   0.000000  0.000000   0.000000  0.000000 )
(  -0.174749  0.000000   0.000000  0.000000   0.000000  0.000000 )
(  -0.254746  0.000000   0.000000  0.000000  -0.000000  0.000000 )
(  -0.254746  0.000000   0.000000  0.000000  -0.000000  0.000000 )
(   0.249593  0.000000   0.290337  0.000000  -0.153663  0.000000 )
(  -0.253287  0.000000  -0.000000  0.000000  -0.000000  0.000000 )
(   0.249593  0.000000  -0.290337  0.000000   0.153663  0.000000 )
(  -0.253287  0.000000  -0.000000  0.000000  -0.000000  0.000000 )
(   0.249593  0.000000  -0.290337  0.000000   0.153663  0.000000 )
(   0.249593  0.000000   0.290337  0.000000  -0.153663  0.000000 )
   freq (   31) =    44.61545559 [THz] =  1488.21119454 [cm-1]
(  -0.000000  0.000000  -0.002665  0.000000   0.000000  0.000000 )
(   0.000000  0.000000   0.174749  0.000000  -0.000000  0.000000 )
(   0.000000  0.000000   0.174749  0.000000  -0.000000  0.000000 )
(   0.000000  0.000000   0.254746  0.000000   0.000000  0.000000 )
(   0.000000  0.000000   0.254746  0.000000   0.000000  0.000000 )
(  -0.290337  0.000000   0.085660  0.000000   0.088718  0.000000 )
(   0.000000  0.000000  -0.417219  0.000000  -0.177435  0.000000 )
(   0.290337  0.000000   0.085660  0.000000   0.088718  0.000000 )
(   0.000000  0.000000  -0.417219  0.000000  -0.177435  0.000000 )
(   0.290337  0.000000   0.085660  0.000000   0.088718  0.000000 )
(  -0.290337  0.000000   0.085660  0.000000   0.088718  0.000000 )
   freq (   32) =    45.14376698 [THz] =  1505.83376311 [cm-1]
(  -0.000000  0.000000  -0.000000  0.000000  -0.001554  0.000000 )
(   0.000000  0.000000   0.000000  0.000000   0.082081  0.000000 )
(   0.000000  0.000000   0.000000  0.000000   0.082081  0.000000 )
(   0.000000  0.000000   0.000000  0.000000  -0.001358  0.000000 )
(   0.000000  0.000000   0.000000  0.000000  -0.001358  0.000000 )
(   0.351080  0.000000   0.202696  0.000000   0.008773  0.000000 )
(   0.000000  0.000000  -0.405392  0.000000   0.008773  0.000000 )
(  -0.351080  0.000000   0.202696  0.000000   0.008773  0.000000 )
(   0.000000  0.000000  -0.405392  0.000000   0.008773  0.000000 )
(  -0.351080  0.000000   0.202696  0.000000   0.008773  0.000000 )
(   0.351080  0.000000   0.202696  0.000000   0.008773  0.000000 )
   freq (   33) =    59.95412263 [THz] =  1999.85398074 [cm-1]
(   0.000000  0.000000  -0.000000  0.000000  -0.000000  0.000000 )
(   0.000000  0.000000   0.000000  0.000000   0.020466  0.000000 )
(  -0.000000  0.000000  -0.000000  0.000000  -0.020466  0.000000 )
(   0.000000  0.000000  -0.000000  0.000000   0.325532  0.000000 )
(  -0.000000  0.000000   0.000000  0.000000  -0.325532  0.000000 )
(  -0.299001  0.000000  -0.172628  0.000000   0.109551  0.000000 )
(  -0.000000  0.000000   0.345256  0.000000   0.109551  0.000000 )
(   0.299001  0.000000  -0.172628  0.000000   0.109551  0.000000 )
(   0.000000  0.000000  -0.345256  0.000000  -0.109551  0.000000 )
(  -0.299001  0.000000   0.172628  0.000000  -0.109551  0.000000 )
(   0.299001  0.000000   0.172628  0.000000  -0.109551  0.000000 )
***************************************************************************
