Dynamical matrix file
File generated with the CellConstructor by Lorenzo Monacelli
2 11 0     1.8897259890000000     0.0000000000000000     0.0000000000000000     0.0000000000000000     0.0000000000000000     0.0000000000000000
Basis vectors
    1.7938711410621373    -1.0356919861862972     2.9266254753692400
   -0.0000000000000008     2.0713839723725900     2.9266254753692396
   -1.7938711410621400    -1.0356919861862974     2.9266254753692356
	1  'La '  126604.5951757480361266
	2  'H '    918.7358275894680446
    1     1    -0.0000000000000017    -0.0000000000000019     4.3899382569359950
    2     2    -0.0000000000000011    -0.0000000000000006     2.1960154883821104
    3     2     0.0000000000000011     0.0000000000000006    -2.1960154883821104
    4     2    -0.0000000000000001    -0.0000000000000002     1.0664048209861394
    5     2     0.0000000000000001     0.0000000000000002    -1.0664048209861396
    6     2     0.9294321947768857     0.5366079272831790     6.2008334453875236
    7     2    -0.0000000000000007    -1.0732158545663628     6.2008334453875200
    8     2    -0.9294321947768884     0.5366079272831785     6.2008334453875209
    9     2    -0.0000000000000003     1.0732158545663602     2.5790430648276175
   10     2     0.9294321947768870    -0.5366079272831811     2.5790430648276175
   11     2    -0.9294321947768880    -0.5366079272831804     2.5790430648276148

     Dynamical Matrix in cartesian axes

     q = (     0.000000000000     0.000000000000     0.000000000000 )

    1    1
     0.6300937126770252     0.0000000000000000       -0.0000000000000001     0.0000000000000000       -0.0000000000000006     0.0000000000000000
     0.0000000000000003     0.0000000000000000        0.6300937126738995     0.0000000000000000       -0.0000000000000002     0.0000000000000000
    -0.0000000000000006     0.0000000000000000       -0.0000000000000002     0.0000000000000000        0.6303804244820845     0.0000000000000000
    1    2
    -0.0393654350935895     0.0000000000000000        0.0000000000000000     0.0000000000000000        0.0000000000000000     0.0000000000000000
     0.0000000000000000     0.0000000000000000       -0.0393654350933943     0.0000000000000000        0.0000000000000000     0.0000000000000000
     0.0000000000000000     0.0000000000000000        0.0000000000000000     0.0000000000000000       -0.0345809918808222     0.0000000000000000
    1    3
    -0.0393654350935895     0.0000000000000000        0.0000000000000000     0.0000000000000000        0.0000000000000000     0.0000000000000000
     0.0000000000000000     0.0000000000000000       -0.0393654350933943     0.0000000000000000        0.0000000000000000     0.0000000000000000
     0.0000000000000000     0.0000000000000000        0.0000000000000000     0.0000000000000000       -0.0345809918808222     0.0000000000000000
    1    4
    -0.0952712533391017     0.0000000000000000        0.0000000000000000     0.0000000000000000        0.0000000000000000     0.0000000000000000
     0.0000000000000000     0.0000000000000000       -0.0952712533386291     0.0000000000000000       -0.0000000000000000     0.0000000000000000
    -0.0000000000000000     0.0000000000000000       -0.0000000000000000     0.0000000000000000       -0.0260533623963675     0.0000000000000000
    1    5
    -0.0952712533391017     0.0000000000000000        0.0000000000000000     0.0000000000000000        0.0000000000000000     0.0000000000000000
     0.0000000000000000     0.0000000000000000       -0.0952712533386291     0.0000000000000000       -0.0000000000000000     0.0000000000000000
    -0.0000000000000000     0.0000000000000000       -0.0000000000000000     0.0000000000000000       -0.0260533623963675     0.0000000000000000
    1    6
    -0.0446688195980852     0.0000000000000000        0.0267911939468932     0.0000000000000000       -0.0183027726750283     0.0000000000000000
     0.0267911939468932     0.0000000000000000       -0.0756046256720874     0.0000000000000000       -0.0105671107308179     0.0000000000000000
    -0.0182368304110415     0.0000000000000000       -0.0105290389469543     0.0000000000000000       -0.0848519526546175     0.0000000000000000
    1    7
    -0.0910725287096510     0.0000000000000000       -0.0000000000000000     0.0000000000000000        0.0000000000000001     0.0000000000000000
    -0.0000000000000000     0.0000000000000000       -0.0292009165607519     0.0000000000000000        0.0211342214616360     0.0000000000000000
     0.0000000000000001     0.0000000000000000        0.0210580778939087     0.0000000000000000       -0.0848519526546175     0.0000000000000000
    1    8
    -0.0446688195980853     0.0000000000000000       -0.0267911939468931     0.0000000000000000        0.0183027726750285     0.0000000000000000
    -0.0267911939468931     0.0000000000000000       -0.0756046256720874     0.0000000000000000       -0.0105671107308180     0.0000000000000000
     0.0182368304110418     0.0000000000000000       -0.0105290389469543     0.0000000000000000       -0.0848519526546175     0.0000000000000000
    1    9
    -0.0910725287096510     0.0000000000000000       -0.0000000000000000     0.0000000000000000        0.0000000000000001     0.0000000000000000
    -0.0000000000000000     0.0000000000000000       -0.0292009165607519     0.0000000000000000        0.0211342214616360     0.0000000000000000
     0.0000000000000001     0.0000000000000000        0.0210580778939087     0.0000000000000000       -0.0848519526546175     0.0000000000000000
    1   10
    -0.0446688195980853     0.0000000000000000       -0.0267911939468931     0.0000000000000000        0.0183027726750285     0.0000000000000000
    -0.0267911939468931     0.0000000000000000       -0.0756046256720874     0.0000000000000000       -0.0105671107308180     0.0000000000000000
     0.0182368304110418     0.0000000000000000       -0.0105290389469543     0.0000000000000000       -0.0848519526546175     0.0000000000000000
    1   11
    -0.0446688195980852     0.0000000000000000        0.0267911939468932     0.0000000000000000       -0.0183027726750283     0.0000000000000000
     0.0267911939468932     0.0000000000000000       -0.0756046256720874     0.0000000000000000       -0.0105671107308179     0.0000000000000000
    -0.0182368304110416     0.0000000000000000       -0.0105290389469543     0.0000000000000000       -0.0848519526546175     0.0000000000000000
    2    1
    -0.0393654350935895     0.0000000000000000        0.0000000000000000     0.0000000000000000        0.0000000000000000     0.0000000000000000
     0.0000000000000000     0.0000000000000000       -0.0393654350933943     0.0000000000000000        0.0000000000000000     0.0000000000000000
     0.0000000000000000     0.0000000000000000        0.0000000000000000     0.0000000000000000       -0.0345809918808222     0.0000000000000000
    2    2
     0.0932871154647366     0.0000000000000000        0.0000000000000000     0.0000000000000000       -0.0000000000000001     0.0000000000000000
    -0.0000000000000000     0.0000000000000000        0.0932871154642739     0.0000000000000000       -0.0000000000000000     0.0000000000000000
    -0.0000000000000001     0.0000000000000000       -0.0000000000000000     0.0000000000000000        0.0913510976485999     0.0000000000000000
    2    3
    -0.0044704399422312     0.0000000000000000        0.0000000000000000     0.0000000000000000        0.0000000000000000     0.0000000000000000
     0.0000000000000000     0.0000000000000000       -0.0044704399422090     0.0000000000000000        0.0000000000000000     0.0000000000000000
     0.0000000000000000     0.0000000000000000        0.0000000000000000     0.0000000000000000       -0.0090833182866468     0.0000000000000000
    2    4
     0.0082780482990357     0.0000000000000000       -0.0000000000000000     0.0000000000000000        0.0000000000000000     0.0000000000000000
     0.0000000000000000     0.0000000000000000        0.0082780482989947     0.0000000000000000        0.0000000000000000     0.0000000000000000
     0.0000000000000000     0.0000000000000000        0.0000000000000000     0.0000000000000000       -0.0200867916722005     0.0000000000000000
    2    5
    -0.0166381967619852     0.0000000000000000        0.0000000000000000     0.0000000000000000       -0.0000000000000000     0.0000000000000000
     0.0000000000000000     0.0000000000000000       -0.0166381967619027     0.0000000000000000       -0.0000000000000000     0.0000000000000000
    -0.0000000000000000     0.0000000000000000       -0.0000000000000000     0.0000000000000000        0.0048959461352665     0.0000000000000000
    2    6
    -0.0039380212077481     0.0000000000000000        0.0085428508206814     0.0000000000000000       -0.0061847397878383     0.0000000000000000
     0.0085428508206814     0.0000000000000000       -0.0138024556496385     0.0000000000000000       -0.0035707611813674     0.0000000000000000
    -0.0062410158326176     0.0000000000000000       -0.0036032521709695     0.0000000000000000       -0.0155236203850327     0.0000000000000000
    2    7
    -0.0187346728706865     0.0000000000000000       -0.0000000000000000     0.0000000000000000        0.0000000000000000     0.0000000000000000
    -0.0000000000000000     0.0000000000000000        0.0009941960132264     0.0000000000000000        0.0071415223627348     0.0000000000000000
     0.0000000000000000     0.0000000000000000        0.0072065043419391     0.0000000000000000       -0.0155236203850327     0.0000000000000000
    2    8
    -0.0039380212077481     0.0000000000000000       -0.0085428508206814     0.0000000000000000        0.0061847397878383     0.0000000000000000
    -0.0085428508206814     0.0000000000000000       -0.0138024556496385     0.0000000000000000       -0.0035707611813674     0.0000000000000000
     0.0062410158326176     0.0000000000000000       -0.0036032521709696     0.0000000000000000       -0.0155236203850327     0.0000000000000000
    2    9
     0.0091473977243309     0.0000000000000000        0.0000000000000000     0.0000000000000000       -0.0000000000000000     0.0000000000000000
     0.0000000000000000     0.0000000000000000       -0.0188009821774268     0.0000000000000000       -0.0100425652395314     0.0000000000000000
    -0.0000000000000000     0.0000000000000000       -0.0095880153734405     0.0000000000000000        0.0046916397369671     0.0000000000000000
    2   10
    -0.0118138872020573     0.0000000000000000        0.0121020034947807     0.0000000000000000       -0.0086971166166183     0.0000000000000000
     0.0121020034947807     0.0000000000000000        0.0021603027488575     0.0000000000000000        0.0050212826197657     0.0000000000000000
    -0.0083034648852958     0.0000000000000000        0.0047940076867203     0.0000000000000000        0.0046916397369671     0.0000000000000000
    2   11
    -0.0118138872020574     0.0000000000000000       -0.0121020034947807     0.0000000000000000        0.0086971166166183     0.0000000000000000
    -0.0121020034947807     0.0000000000000000        0.0021603027488575     0.0000000000000000        0.0050212826197657     0.0000000000000000
     0.0083034648852958     0.0000000000000000        0.0047940076867202     0.0000000000000000        0.0046916397369671     0.0000000000000000
    3    1
    -0.0393654350935895     0.0000000000000000        0.0000000000000000     0.0000000000000000        0.0000000000000000     0.0000000000000000
     0.0000000000000000     0.0000000000000000       -0.0393654350933943     0.0000000000000000        0.0000000000000000     0.0000000000000000
     0.0000000000000000     0.0000000000000000        0.0000000000000000     0.0000000000000000       -0.0345809918808222     0.0000000000000000
    3    2
    -0.0044704399422312     0.0000000000000000        0.0000000000000000     0.0000000000000000        0.0000000000000000     0.0000000000000000
    -0.0000000000000000     0.0000000000000000       -0.0044704399422090     0.0000000000000000        0.0000000000000000     0.0000000000000000
     0.0000000000000000     0.0000000000000000        0.0000000000000000     0.0000000000000000       -0.0090833182866468     0.0000000000000000
    3    3
     0.0932871154647366     0.0000000000000000        0.0000000000000000     0.0000000000000000       -0.0000000000000001     0.0000000000000000
    -0.0000000000000000     0.0000000000000000        0.0932871154642739     0.0000000000000000       -0.0000000000000000     0.0000000000000000
    -0.0000000000000001     0.0000000000000000       -0.0000000000000000     0.0000000000000000        0.0913510976485999     0.0000000000000000
    3    4
    -0.0166381967619852     0.0000000000000000       -0.0000000000000000     0.0000000000000000       -0.0000000000000000     0.0000000000000000
     0.0000000000000000     0.0000000000000000       -0.0166381967619027     0.0000000000000000       -0.0000000000000000     0.0000000000000000
    -0.0000000000000000     0.0000000000000000       -0.0000000000000000     0.0000000000000000        0.0048959461352665     0.0000000000000000
    3    5
     0.0082780482990357     0.0000000000000000        0.0000000000000000     0.0000000000000000        0.0000000000000000     0.0000000000000000
    -0.0000000000000000     0.0000000000000000        0.0082780482989947     0.0000000000000000        0.0000000000000000     0.0000000000000000
     0.0000000000000000     0.0000000000000000        0.0000000000000000     0.0000000000000000       -0.0200867916722005     0.0000000000000000
    3    6
    -0.0118138872020574     0.0000000000000000       -0.0121020034947807     0.0000000000000000        0.0086971166166183     0.0000000000000000
    -0.0121020034947807     0.0000000000000000        0.0021603027488575     0.0000000000000000        0.0050212826197657     0.0000000000000000
     0.0083034648852958     0.0000000000000000        0.0047940076867202     0.0000000000000000        0.0046916397369671     0.0000000000000000
    3    7
     0.0091473977243309     0.0000000000000000        0.0000000000000000     0.0000000000000000       -0.0000000000000000     0.0000000000000000
     0.0000000000000000     0.0000000000000000       -0.0188009821774268     0.0000000000000000       -0.0100425652395314     0.0000000000000000
    -0.0000000000000000     0.0000000000000000       -0.0095880153734405     0.0000000000000000        0.0046916397369671     0.0000000000000000
    3    8
    -0.0118138872020573     0.0000000000000000        0.0121020034947807     0.0000000000000000       -0.0086971166166183     0.0000000000000000
     0.0121020034947807     0.0000000000000000        0.0021603027488575     0.0000000000000000        0.0050212826197657     0.0000000000000000
    -0.0083034648852958     0.0000000000000000        0.0047940076867203     0.0000000000000000        0.0046916397369671     0.0000000000000000
    3    9
    -0.0187346728706865     0.0000000000000000       -0.0000000000000000     0.0000000000000000        0.0000000000000000     0.0000000000000000
    -0.0000000000000000     0.0000000000000000        0.0009941960132264     0.0000000000000000        0.0071415223627348     0.0000000000000000
     0.0000000000000000     0.0000000000000000        0.0072065043419391     0.0000000000000000       -0.0155236203850327     0.0000000000000000
    3   10
    -0.0039380212077481     0.0000000000000000       -0.0085428508206814     0.0000000000000000        0.0061847397878383     0.0000000000000000
    -0.0085428508206814     0.0000000000000000       -0.0138024556496385     0.0000000000000000       -0.0035707611813674     0.0000000000000000
     0.0062410158326176     0.0000000000000000       -0.0036032521709696     0.0000000000000000       -0.0155236203850327     0.0000000000000000
    3   11
    -0.0039380212077481     0.0000000000000000        0.0085428508206814     0.0000000000000000       -0.0061847397878383     0.0000000000000000
     0.0085428508206814     0.0000000000000000       -0.0138024556496385     0.0000000000000000       -0.0035707611813674     0.0000000000000000
    -0.0062410158326176     0.0000000000000000       -0.0036032521709695     0.0000000000000000       -0.0155236203850327     0.0000000000000000
    4    1
    -0.0952712533391017     0.0000000000000000        0.0000000000000000     0.0000000000000000        0.0000000000000000     0.0000000000000000
     0.0000000000000000     0.0000000000000000       -0.0952712533386291     0.0000000000000000       -0.0000000000000000     0.0000000000000000
    -0.0000000000000000     0.0000000000000000       -0.0000000000000000     0.0000000000000000       -0.0260533623963675     0.0000000000000000
    4    2
     0.0082780482990357     0.0000000000000000        0.0000000000000000     0.0000000000000000        0.0000000000000000     0.0000000000000000
    -0.0000000000000000     0.0000000000000000        0.0082780482989947     0.0000000000000000        0.0000000000000000     0.0000000000000000
     0.0000000000000000     0.0000000000000000        0.0000000000000000     0.0000000000000000       -0.0200867916722005     0.0000000000000000
    4    3
    -0.0166381967619852     0.0000000000000000        0.0000000000000000     0.0000000000000000       -0.0000000000000000     0.0000000000000000
     0.0000000000000000     0.0000000000000000       -0.0166381967619027     0.0000000000000000       -0.0000000000000000     0.0000000000000000
    -0.0000000000000000     0.0000000000000000       -0.0000000000000000     0.0000000000000000        0.0048959461352665     0.0000000000000000
    4    4
     0.1238775594708596     0.0000000000000000       -0.0000000000000000     0.0000000000000000       -0.0000000000000002     0.0000000000000000
     0.0000000000000000     0.0000000000000000        0.1238775594702450     0.0000000000000000       -0.0000000000000001     0.0000000000000000
    -0.0000000000000002     0.0000000000000000       -0.0000000000000000     0.0000000000000000        0.1440090572023262     0.0000000000000000
    4    5
    -0.0037160035546709     0.0000000000000000        0.0000000000000000     0.0000000000000000        0.0000000000000000     0.0000000000000000
    -0.0000000000000000     0.0000000000000000       -0.0037160035546525     0.0000000000000000        0.0000000000000000     0.0000000000000000
     0.0000000000000000     0.0000000000000000        0.0000000000000000     0.0000000000000000       -0.0044703325856520     0.0000000000000000
    4    6
    -0.0032352684718001     0.0000000000000000       -0.0047022080428946     0.0000000000000000       -0.0046440930122778     0.0000000000000000
    -0.0047022080428946     0.0000000000000000        0.0021943736869041     0.0000000000000000       -0.0026812683507736     0.0000000000000000
    -0.0156378214980159     0.0000000000000000       -0.0090285004513964     0.0000000000000000        0.0020965755579642     0.0000000000000000
    4    7
     0.0049091947662725     0.0000000000000000       -0.0000000000000000     0.0000000000000000       -0.0000000000000000     0.0000000000000000
    -0.0000000000000000     0.0000000000000000       -0.0059500895511281     0.0000000000000000        0.0053625367015472     0.0000000000000000
    -0.0000000000000000     0.0000000000000000        0.0180570009027928     0.0000000000000000        0.0020965755579642     0.0000000000000000
    4    8
    -0.0032352684718001     0.0000000000000000        0.0047022080428946     0.0000000000000000        0.0046440930122778     0.0000000000000000
     0.0047022080428946     0.0000000000000000        0.0021943736869041     0.0000000000000000       -0.0026812683507736     0.0000000000000000
     0.0156378214980159     0.0000000000000000       -0.0090285004513964     0.0000000000000000        0.0020965755579642     0.0000000000000000
    4    9
     0.0065064580367262     0.0000000000000000        0.0000000000000000     0.0000000000000000        0.0000000000000000     0.0000000000000000
     0.0000000000000000     0.0000000000000000       -0.0164856659945176     0.0000000000000000       -0.0207697302016406     0.0000000000000000
     0.0000000000000000     0.0000000000000000       -0.0317616969458348     0.0000000000000000       -0.0348614144524218     0.0000000000000000
    4   10
    -0.0107376349867679     0.0000000000000000        0.0099558817490206     0.0000000000000000       -0.0179871139844142     0.0000000000000000
     0.0099558817490207     0.0000000000000000        0.0007584270288910     0.0000000000000000        0.0103848651008203     0.0000000000000000
    -0.0275064364224638     0.0000000000000000        0.0158808484729175     0.0000000000000000       -0.0348614144524217     0.0000000000000000
    4   11
    -0.0107376349867681     0.0000000000000000       -0.0099558817490207     0.0000000000000000        0.0179871139844143     0.0000000000000000
    -0.0099558817490207     0.0000000000000000        0.0007584270288910     0.0000000000000000        0.0103848651008203     0.0000000000000000
     0.0275064364224639     0.0000000000000000        0.0158808484729174     0.0000000000000000       -0.0348614144524217     0.0000000000000000
    5    1
    -0.0952712533391017     0.0000000000000000        0.0000000000000000     0.0000000000000000        0.0000000000000000     0.0000000000000000
     0.0000000000000000     0.0000000000000000       -0.0952712533386291     0.0000000000000000       -0.0000000000000000     0.0000000000000000
    -0.0000000000000000     0.0000000000000000       -0.0000000000000000     0.0000000000000000       -0.0260533623963675     0.0000000000000000
    5    2
    -0.0166381967619852     0.0000000000000000       -0.0000000000000000     0.0000000000000000       -0.0000000000000000     0.0000000000000000
     0.0000000000000000     0.0000000000000000       -0.0166381967619027     0.0000000000000000       -0.0000000000000000     0.0000000000000000
    -0.0000000000000000     0.0000000000000000       -0.0000000000000000     0.0000000000000000        0.0048959461352665     0.0000000000000000
    5    3
     0.0082780482990357     0.0000000000000000       -0.0000000000000000     0.0000000000000000        0.0000000000000000     0.0000000000000000
     0.0000000000000000     0.0000000000000000        0.0082780482989947     0.0000000000000000        0.0000000000000000     0.0000000000000000
     0.0000000000000000     0.0000000000000000        0.0000000000000000     0.0000000000000000       -0.0200867916722005     0.0000000000000000
    5    4
    -0.0037160035546709     0.0000000000000000        0.0000000000000000     0.0000000000000000        0.0000000000000000     0.0000000000000000
     0.0000000000000000     0.0000000000000000       -0.0037160035546525     0.0000000000000000        0.0000000000000000     0.0000000000000000
     0.0000000000000000     0.0000000000000000        0.0000000000000000     0.0000000000000000       -0.0044703325856520     0.0000000000000000
    5    5
     0.1238775594708596     0.0000000000000000       -0.0000000000000001     0.0000000000000000       -0.0000000000000001     0.0000000000000000
    -0.0000000000000001     0.0000000000000000        0.1238775594702450     0.0000000000000000       -0.0000000000000001     0.0000000000000000
    -0.0000000000000001     0.0000000000000000       -0.0000000000000001     0.0000000000000000        0.1440090572023262     0.0000000000000000
    5    6
    -0.0107376349867681     0.0000000000000000       -0.0099558817490207     0.0000000000000000        0.0179871139844143     0.0000000000000000
    -0.0099558817490207     0.0000000000000000        0.0007584270288910     0.0000000000000000        0.0103848651008203     0.0000000000000000
     0.0275064364224639     0.0000000000000000        0.0158808484729175     0.0000000000000000       -0.0348614144524217     0.0000000000000000
    5    7
     0.0065064580367262     0.0000000000000000        0.0000000000000000     0.0000000000000000        0.0000000000000000     0.0000000000000000
     0.0000000000000000     0.0000000000000000       -0.0164856659945176     0.0000000000000000       -0.0207697302016406     0.0000000000000000
     0.0000000000000001     0.0000000000000000       -0.0317616969458348     0.0000000000000000       -0.0348614144524218     0.0000000000000000
    5    8
    -0.0107376349867679     0.0000000000000000        0.0099558817490206     0.0000000000000000       -0.0179871139844142     0.0000000000000000
     0.0099558817490206     0.0000000000000000        0.0007584270288910     0.0000000000000000        0.0103848651008203     0.0000000000000000
    -0.0275064364224638     0.0000000000000000        0.0158808484729175     0.0000000000000000       -0.0348614144524217     0.0000000000000000
    5    9
     0.0049091947662725     0.0000000000000000       -0.0000000000000000     0.0000000000000000       -0.0000000000000000     0.0000000000000000
    -0.0000000000000000     0.0000000000000000       -0.0059500895511281     0.0000000000000000        0.0053625367015472     0.0000000000000000
     0.0000000000000000     0.0000000000000000        0.0180570009027928     0.0000000000000000        0.0020965755579642     0.0000000000000000
    5   10
    -0.0032352684718001     0.0000000000000000        0.0047022080428946     0.0000000000000000        0.0046440930122778     0.0000000000000000
     0.0047022080428946     0.0000000000000000        0.0021943736869041     0.0000000000000000       -0.0026812683507736     0.0000000000000000
     0.0156378214980159     0.0000000000000000       -0.0090285004513964     0.0000000000000000        0.0020965755579642     0.0000000000000000
    5   11
    -0.0032352684718001     0.0000000000000000       -0.0047022080428946     0.0000000000000000       -0.0046440930122778     0.0000000000000000
    -0.0047022080428946     0.0000000000000000        0.0021943736869041     0.0000000000000000       -0.0026812683507736     0.0000000000000000
    -0.0156378214980159     0.0000000000000000       -0.0090285004513964     0.0000000000000000        0.0020965755579642     0.0000000000000000
    6    1
    -0.0446688195980852     0.0000000000000000        0.0267911939468932     0.0000000000000000       -0.0182368304110416     0.0000000000000000
     0.0267911939468932     0.0000000000000000       -0.0756046256720874     0.0000000000000000       -0.0105290389469543     0.0000000000000000
    -0.0183027726750283     0.0000000000000000       -0.0105671107308179     0.0000000000000000       -0.0848519526546175     0.0000000000000000
    6    2
    -0.0039380212077481     0.0000000000000000        0.0085428508206814     0.0000000000000000       -0.0062410158326176     0.0000000000000000
     0.0085428508206814     0.0000000000000000       -0.0138024556496385     0.0000000000000000       -0.0036032521709695     0.0000000000000000
    -0.0061847397878383     0.0000000000000000       -0.0035707611813674     0.0000000000000000       -0.0155236203850327     0.0000000000000000
    6    3
    -0.0118138872020574     0.0000000000000000       -0.0121020034947807     0.0000000000000000        0.0083034648852958     0.0000000000000000
    -0.0121020034947807     0.0000000000000000        0.0021603027488575     0.0000000000000000        0.0047940076867202     0.0000000000000000
     0.0086971166166183     0.0000000000000000        0.0050212826197657     0.0000000000000000        0.0046916397369671     0.0000000000000000
    6    4
    -0.0032352684718001     0.0000000000000000       -0.0047022080428946     0.0000000000000000       -0.0156378214980159     0.0000000000000000
    -0.0047022080428946     0.0000000000000000        0.0021943736869041     0.0000000000000000       -0.0090285004513964     0.0000000000000000
    -0.0046440930122778     0.0000000000000000       -0.0026812683507736     0.0000000000000000        0.0020965755579642     0.0000000000000000
    6    5
    -0.0107376349867681     0.0000000000000000       -0.0099558817490207     0.0000000000000000        0.0275064364224639     0.0000000000000000
    -0.0099558817490207     0.0000000000000000        0.0007584270288910     0.0000000000000000        0.0158808484729174     0.0000000000000000
     0.0179871139844143     0.0000000000000000        0.0103848651008203     0.0000000000000000       -0.0348614144524217     0.0000000000000000
    6    6
     0.1365220110596985     0.0000000000000000        0.0090440579712262     0.0000000000000000       -0.0069111078571645     0.0000000000000000
     0.0090440579712262     0.0000000000000000        0.1260788324505391     0.0000000000000000       -0.0039901299817225     0.0000000000000000
    -0.0069111078571645     0.0000000000000000       -0.0039901299817226     0.0000000000000000        0.1245336635660552     0.0000000000000000
    6    7
    -0.0110503662728109     0.0000000000000000       -0.0296727242032681     0.0000000000000000        0.0003992994779213     0.0000000000000000
    -0.0217887262440603     0.0000000000000000       -0.0407616485413360     0.0000000000000000       -0.0041820788386995     0.0000000000000000
     0.0038214362539127     0.0000000000000000        0.0017452359277528     0.0000000000000000        0.0060732302239903     0.0000000000000000
    6    8
    -0.0556172896759019     0.0000000000000000        0.0039419989796039     0.0000000000000000       -0.0034221367759914     0.0000000000000000
    -0.0039419989796039     0.0000000000000000        0.0038052748615339     0.0000000000000000        0.0024368429109466     0.0000000000000000
     0.0034221367759914     0.0000000000000000        0.0024368429109466     0.0000000000000000        0.0060732302239903     0.0000000000000000
    6    9
    -0.0027713456119142     0.0000000000000000        0.0131889444246770     0.0000000000000000        0.0102077939299415     0.0000000000000000
     0.0029430428742752     0.0000000000000000        0.0065424615976901     0.0000000000000000       -0.0012266341507613     0.0000000000000000
     0.0061661933006823     0.0000000000000000       -0.0082268917845233     0.0000000000000000       -0.0016468781490009     0.0000000000000000
    6   10
     0.0111993652025410     0.0000000000000000       -0.0051229507752009     0.0000000000000000        0.0040416006292592     0.0000000000000000
     0.0051229507752009     0.0000000000000000       -0.0074282492166957     0.0000000000000000        0.0094535259352847     0.0000000000000000
    -0.0040416006292592     0.0000000000000000        0.0094535259352847     0.0000000000000000       -0.0016468781490009     0.0000000000000000
    6   11
    -0.0038887432351537     0.0000000000000000        0.0000467221220833     0.0000000000000000       -0.0000096829700508     0.0000000000000000
     0.0000467221220833     0.0000000000000000       -0.0039426932946580     0.0000000000000000       -0.0000055904653654     0.0000000000000000
    -0.0000096829700508     0.0000000000000000       -0.0000055904653654     0.0000000000000000       -0.0049375955188933     0.0000000000000000
    7    1
    -0.0910725287096510     0.0000000000000000       -0.0000000000000000     0.0000000000000000        0.0000000000000001     0.0000000000000000
    -0.0000000000000000     0.0000000000000000       -0.0292009165607519     0.0000000000000000        0.0210580778939087     0.0000000000000000
     0.0000000000000001     0.0000000000000000        0.0211342214616360     0.0000000000000000       -0.0848519526546175     0.0000000000000000
    7    2
    -0.0187346728706865     0.0000000000000000        0.0000000000000000     0.0000000000000000        0.0000000000000000     0.0000000000000000
    -0.0000000000000000     0.0000000000000000        0.0009941960132264     0.0000000000000000        0.0072065043419391     0.0000000000000000
     0.0000000000000000     0.0000000000000000        0.0071415223627348     0.0000000000000000       -0.0155236203850327     0.0000000000000000
    7    3
     0.0091473977243309     0.0000000000000000        0.0000000000000000     0.0000000000000000       -0.0000000000000000     0.0000000000000000
     0.0000000000000000     0.0000000000000000       -0.0188009821774268     0.0000000000000000       -0.0095880153734405     0.0000000000000000
    -0.0000000000000000     0.0000000000000000       -0.0100425652395314     0.0000000000000000        0.0046916397369671     0.0000000000000000
    7    4
     0.0049091947662725     0.0000000000000000       -0.0000000000000000     0.0000000000000000       -0.0000000000000000     0.0000000000000000
    -0.0000000000000000     0.0000000000000000       -0.0059500895511281     0.0000000000000000        0.0180570009027928     0.0000000000000000
    -0.0000000000000000     0.0000000000000000        0.0053625367015472     0.0000000000000000        0.0020965755579642     0.0000000000000000
    7    5
     0.0065064580367262     0.0000000000000000        0.0000000000000000     0.0000000000000000        0.0000000000000000     0.0000000000000000
     0.0000000000000000     0.0000000000000000       -0.0164856659945176     0.0000000000000000       -0.0317616969458348     0.0000000000000000
     0.0000000000000001     0.0000000000000000       -0.0207697302016406     0.0000000000000000       -0.0348614144524218     0.0000000000000000
    7    6
    -0.0110503662728109     0.0000000000000000       -0.0217887262440603     0.0000000000000000        0.0038214362539127     0.0000000000000000
    -0.0296727242032681     0.0000000000000000       -0.0407616485413360     0.0000000000000000        0.0017452359277528     0.0000000000000000
     0.0003992994779213     0.0000000000000000       -0.0041820788386995     0.0000000000000000        0.0060732302239903     0.0000000000000000
    7    7
     0.1208572431468975     0.0000000000000000        0.0000000000000000     0.0000000000000000       -0.0000000000000002     0.0000000000000000
    -0.0000000000000000     0.0000000000000000        0.1417436003632622     0.0000000000000000        0.0079802599634450     0.0000000000000000
    -0.0000000000000001     0.0000000000000000        0.0079802599634450     0.0000000000000000        0.1245336635660552     0.0000000000000000
    7    8
    -0.0110503662728109     0.0000000000000000        0.0217887262440603     0.0000000000000000       -0.0038214362539127     0.0000000000000000
     0.0296727242032681     0.0000000000000000       -0.0407616485413360     0.0000000000000000        0.0017452359277528     0.0000000000000000
    -0.0003992994779213     0.0000000000000000       -0.0041820788386995     0.0000000000000000        0.0060732302239903     0.0000000000000000
    7    9
    -0.0039696683244395     0.0000000000000000        0.0000000000000000     0.0000000000000000        0.0000000000000000     0.0000000000000000
    -0.0000000000000000     0.0000000000000000       -0.0038617682053726     0.0000000000000000        0.0000111809307307     0.0000000000000000
     0.0000000000000000     0.0000000000000000        0.0000111809307307     0.0000000000000000       -0.0049375955188933     0.0000000000000000
    7   10
    -0.0027713456119141     0.0000000000000000       -0.0029430428742752     0.0000000000000000       -0.0061661933006823     0.0000000000000000
    -0.0131889444246770     0.0000000000000000        0.0065424615976902     0.0000000000000000       -0.0082268917845233     0.0000000000000000
    -0.0102077939299415     0.0000000000000000       -0.0012266341507613     0.0000000000000000       -0.0016468781490009     0.0000000000000000
    7   11
    -0.0027713456119142     0.0000000000000000        0.0029430428742752     0.0000000000000000        0.0061661933006823     0.0000000000000000
     0.0131889444246770     0.0000000000000000        0.0065424615976901     0.0000000000000000       -0.0082268917845233     0.0000000000000000
     0.0102077939299415     0.0000000000000000       -0.0012266341507613     0.0000000000000000       -0.0016468781490009     0.0000000000000000
    8    1
    -0.0446688195980853     0.0000000000000000       -0.0267911939468931     0.0000000000000000        0.0182368304110418     0.0000000000000000
    -0.0267911939468931     0.0000000000000000       -0.0756046256720874     0.0000000000000000       -0.0105290389469543     0.0000000000000000
     0.0183027726750285     0.0000000000000000       -0.0105671107308180     0.0000000000000000       -0.0848519526546175     0.0000000000000000
    8    2
    -0.0039380212077481     0.0000000000000000       -0.0085428508206814     0.0000000000000000        0.0062410158326176     0.0000000000000000
    -0.0085428508206814     0.0000000000000000       -0.0138024556496385     0.0000000000000000       -0.0036032521709696     0.0000000000000000
     0.0061847397878383     0.0000000000000000       -0.0035707611813674     0.0000000000000000       -0.0155236203850327     0.0000000000000000
    8    3
    -0.0118138872020573     0.0000000000000000        0.0121020034947807     0.0000000000000000       -0.0083034648852958     0.0000000000000000
     0.0121020034947807     0.0000000000000000        0.0021603027488575     0.0000000000000000        0.0047940076867203     0.0000000000000000
    -0.0086971166166183     0.0000000000000000        0.0050212826197657     0.0000000000000000        0.0046916397369671     0.0000000000000000
    8    4
    -0.0032352684718001     0.0000000000000000        0.0047022080428946     0.0000000000000000        0.0156378214980159     0.0000000000000000
     0.0047022080428946     0.0000000000000000        0.0021943736869041     0.0000000000000000       -0.0090285004513964     0.0000000000000000
     0.0046440930122778     0.0000000000000000       -0.0026812683507736     0.0000000000000000        0.0020965755579642     0.0000000000000000
    8    5
    -0.0107376349867680     0.0000000000000000        0.0099558817490207     0.0000000000000000       -0.0275064364224638     0.0000000000000000
     0.0099558817490206     0.0000000000000000        0.0007584270288910     0.0000000000000000        0.0158808484729175     0.0000000000000000
    -0.0179871139844142     0.0000000000000000        0.0103848651008203     0.0000000000000000       -0.0348614144524217     0.0000000000000000
    8    6
    -0.0556172896759019     0.0000000000000000       -0.0039419989796039     0.0000000000000000        0.0034221367759914     0.0000000000000000
     0.0039419989796039     0.0000000000000000        0.0038052748615339     0.0000000000000000        0.0024368429109466     0.0000000000000000
    -0.0034221367759914     0.0000000000000000        0.0024368429109466     0.0000000000000000        0.0060732302239903     0.0000000000000000
    8    7
    -0.0110503662728109     0.0000000000000000        0.0296727242032681     0.0000000000000000       -0.0003992994779213     0.0000000000000000
     0.0217887262440603     0.0000000000000000       -0.0407616485413360     0.0000000000000000       -0.0041820788386995     0.0000000000000000
    -0.0038214362539127     0.0000000000000000        0.0017452359277528     0.0000000000000000        0.0060732302239903     0.0000000000000000
    8    8
     0.1365220110596984     0.0000000000000000       -0.0090440579712262     0.0000000000000000        0.0069111078571643     0.0000000000000000
    -0.0090440579712262     0.0000000000000000        0.1260788324505390     0.0000000000000000       -0.0039901299817225     0.0000000000000000
     0.0069111078571643     0.0000000000000000       -0.0039901299817225     0.0000000000000000        0.1245336635660552     0.0000000000000000
    8    9
    -0.0027713456119141     0.0000000000000000       -0.0131889444246770     0.0000000000000000       -0.0102077939299415     0.0000000000000000
    -0.0029430428742752     0.0000000000000000        0.0065424615976902     0.0000000000000000       -0.0012266341507613     0.0000000000000000
    -0.0061661933006823     0.0000000000000000       -0.0082268917845233     0.0000000000000000       -0.0016468781490009     0.0000000000000000
    8   10
    -0.0038887432351537     0.0000000000000000       -0.0000467221220833     0.0000000000000000        0.0000096829700508     0.0000000000000000
    -0.0000467221220833     0.0000000000000000       -0.0039426932946580     0.0000000000000000       -0.0000055904653654     0.0000000000000000
     0.0000096829700508     0.0000000000000000       -0.0000055904653654     0.0000000000000000       -0.0049375955188933     0.0000000000000000
    8   11
     0.0111993652025410     0.0000000000000000        0.0051229507752009     0.0000000000000000       -0.0040416006292592     0.0000000000000000
    -0.0051229507752009     0.0000000000000000       -0.0074282492166957     0.0000000000000000        0.0094535259352847     0.0000000000000000
     0.0040416006292592     0.0000000000000000        0.0094535259352847     0.0000000000000000       -0.0016468781490009     0.0000000000000000
    9    1
    -0.0910725287096510     0.0000000000000000       -0.0000000000000000     0.0000000000000000        0.0000000000000001     0.0000000000000000
    -0.0000000000000000     0.0000000000000000       -0.0292009165607519     0.0000000000000000        0.0210580778939087     0.0000000000000000
     0.0000000000000001     0.0000000000000000        0.0211342214616360     0.0000000000000000       -0.0848519526546175     0.0000000000000000
    9    2
     0.0091473977243309     0.0000000000000000        0.0000000000000000     0.0000000000000000       -0.0000000000000000     0.0000000000000000
     0.0000000000000000     0.0000000000000000       -0.0188009821774268     0.0000000000000000       -0.0095880153734405     0.0000000000000000
    -0.0000000000000000     0.0000000000000000       -0.0100425652395314     0.0000000000000000        0.0046916397369671     0.0000000000000000
    9    3
    -0.0187346728706865     0.0000000000000000       -0.0000000000000000     0.0000000000000000        0.0000000000000000     0.0000000000000000
    -0.0000000000000000     0.0000000000000000        0.0009941960132264     0.0000000000000000        0.0072065043419391     0.0000000000000000
     0.0000000000000000     0.0000000000000000        0.0071415223627348     0.0000000000000000       -0.0155236203850327     0.0000000000000000
    9    4
     0.0065064580367262     0.0000000000000000        0.0000000000000000     0.0000000000000000        0.0000000000000001     0.0000000000000000
     0.0000000000000000     0.0000000000000000       -0.0164856659945176     0.0000000000000000       -0.0317616969458348     0.0000000000000000
     0.0000000000000001     0.0000000000000000       -0.0207697302016406     0.0000000000000000       -0.0348614144524218     0.0000000000000000
    9    5
     0.0049091947662725     0.0000000000000000       -0.0000000000000000     0.0000000000000000       -0.0000000000000000     0.0000000000000000
    -0.0000000000000000     0.0000000000000000       -0.0059500895511281     0.0000000000000000        0.0180570009027928     0.0000000000000000
    -0.0000000000000000     0.0000000000000000        0.0053625367015472     0.0000000000000000        0.0020965755579642     0.0000000000000000
    9    6
    -0.0027713456119142     0.0000000000000000        0.0029430428742752     0.0000000000000000        0.0061661933006823     0.0000000000000000
     0.0131889444246770     0.0000000000000000        0.0065424615976901     0.0000000000000000       -0.0082268917845233     0.0000000000000000
     0.0102077939299415     0.0000000000000000       -0.0012266341507613     0.0000000000000000       -0.0016468781490009     0.0000000000000000
    9    7
    -0.0039696683244395     0.0000000000000000       -0.0000000000000000     0.0000000000000000        0.0000000000000000     0.0000000000000000
    -0.0000000000000000     0.0000000000000000       -0.0038617682053726     0.0000000000000000        0.0000111809307307     0.0000000000000000
     0.0000000000000000     0.0000000000000000        0.0000111809307307     0.0000000000000000       -0.0049375955188933     0.0000000000000000
    9    8
    -0.0027713456119141     0.0000000000000000       -0.0029430428742752     0.0000000000000000       -0.0061661933006823     0.0000000000000000
    -0.0131889444246770     0.0000000000000000        0.0065424615976902     0.0000000000000000       -0.0082268917845233     0.0000000000000000
    -0.0102077939299415     0.0000000000000000       -0.0012266341507613     0.0000000000000000       -0.0016468781490009     0.0000000000000000
    9    9
     0.1208572431468975     0.0000000000000000       -0.0000000000000000     0.0000000000000000       -0.0000000000000001     0.0000000000000000
    -0.0000000000000000     0.0000000000000000        0.1417436003632622     0.0000000000000000        0.0079802599634450     0.0000000000000000
    -0.0000000000000001     0.0000000000000000        0.0079802599634450     0.0000000000000000        0.1245336635660552     0.0000000000000000
    9   10
    -0.0110503662728109     0.0000000000000000        0.0217887262440603     0.0000000000000000       -0.0038214362539127     0.0000000000000000
     0.0296727242032681     0.0000000000000000       -0.0407616485413360     0.0000000000000000        0.0017452359277528     0.0000000000000000
    -0.0003992994779213     0.0000000000000000       -0.0041820788386995     0.0000000000000000        0.0060732302239903     0.0000000000000000
    9   11
    -0.0110503662728109     0.0000000000000000       -0.0217887262440603     0.0000000000000000        0.0038214362539127     0.0000000000000000
    -0.0296727242032681     0.0000000000000000       -0.0407616485413360     0.0000000000000000        0.0017452359277528     0.0000000000000000
     0.0003992994779213     0.0000000000000000       -0.0041820788386995     0.0000000000000000        0.0060732302239903     0.0000000000000000
   10    1
    -0.0446688195980853     0.0000000000000000       -0.0267911939468931     0.0000000000000000        0.0182368304110417     0.0000000000000000
    -0.0267911939468931     0.0000000000000000       -0.0756046256720874     0.0000000000000000       -0.0105290389469543     0.0000000000000000
     0.0183027726750285     0.0000000000000000       -0.0105671107308179     0.0000000000000000       -0.0848519526546175     0.0000000000000000
   10    2
    -0.0118138872020573     0.0000000000000000        0.0121020034947807     0.0000000000000000       -0.0083034648852958     0.0000000000000000
     0.0121020034947807     0.0000000000000000        0.0021603027488575     0.0000000000000000        0.0047940076867203     0.0000000000000000
    -0.0086971166166183     0.0000000000000000        0.0050212826197657     0.0000000000000000        0.0046916397369671     0.0000000000000000
   10    3
    -0.0039380212077481     0.0000000000000000       -0.0085428508206814     0.0000000000000000        0.0062410158326176     0.0000000000000000
    -0.0085428508206814     0.0000000000000000       -0.0138024556496385     0.0000000000000000       -0.0036032521709696     0.0000000000000000
     0.0061847397878383     0.0000000000000000       -0.0035707611813674     0.0000000000000000       -0.0155236203850327     0.0000000000000000
   10    4
    -0.0107376349867680     0.0000000000000000        0.0099558817490207     0.0000000000000000       -0.0275064364224638     0.0000000000000000
     0.0099558817490206     0.0000000000000000        0.0007584270288910     0.0000000000000000        0.0158808484729175     0.0000000000000000
    -0.0179871139844142     0.0000000000000000        0.0103848651008203     0.0000000000000000       -0.0348614144524217     0.0000000000000000
   10    5
    -0.0032352684718001     0.0000000000000000        0.0047022080428946     0.0000000000000000        0.0156378214980159     0.0000000000000000
     0.0047022080428946     0.0000000000000000        0.0021943736869041     0.0000000000000000       -0.0090285004513964     0.0000000000000000
     0.0046440930122778     0.0000000000000000       -0.0026812683507736     0.0000000000000000        0.0020965755579642     0.0000000000000000
   10    6
     0.0111993652025410     0.0000000000000000        0.0051229507752009     0.0000000000000000       -0.0040416006292592     0.0000000000000000
    -0.0051229507752009     0.0000000000000000       -0.0074282492166957     0.0000000000000000        0.0094535259352847     0.0000000000000000
     0.0040416006292592     0.0000000000000000        0.0094535259352847     0.0000000000000000       -0.0016468781490009     0.0000000000000000
   10    7
    -0.0027713456119141     0.0000000000000000       -0.0131889444246770     0.0000000000000000       -0.0102077939299415     0.0000000000000000
    -0.0029430428742752     0.0000000000000000        0.0065424615976902     0.0000000000000000       -0.0012266341507613     0.0000000000000000
    -0.0061661933006823     0.0000000000000000       -0.0082268917845233     0.0000000000000000       -0.0016468781490009     0.0000000000000000
   10    8
    -0.0038887432351537     0.0000000000000000       -0.0000467221220833     0.0000000000000000        0.0000096829700508     0.0000000000000000
    -0.0000467221220833     0.0000000000000000       -0.0039426932946580     0.0000000000000000       -0.0000055904653654     0.0000000000000000
     0.0000096829700508     0.0000000000000000       -0.0000055904653654     0.0000000000000000       -0.0049375955188933     0.0000000000000000
   10    9
    -0.0110503662728109     0.0000000000000000        0.0296727242032681     0.0000000000000000       -0.0003992994779213     0.0000000000000000
     0.0217887262440603     0.0000000000000000       -0.0407616485413360     0.0000000000000000       -0.0041820788386995     0.0000000000000000
    -0.0038214362539127     0.0000000000000000        0.0017452359277528     0.0000000000000000        0.0060732302239903     0.0000000000000000
   10   10
     0.1365220110596985     0.0000000000000000       -0.0090440579712262     0.0000000000000000        0.0069111078571643     0.0000000000000000
    -0.0090440579712262     0.0000000000000000        0.1260788324505390     0.0000000000000000       -0.0039901299817226     0.0000000000000000
     0.0069111078571643     0.0000000000000000       -0.0039901299817226     0.0000000000000000        0.1245336635660552     0.0000000000000000
   10   11
    -0.0556172896759019     0.0000000000000000       -0.0039419989796039     0.0000000000000000        0.0034221367759914     0.0000000000000000
     0.0039419989796039     0.0000000000000000        0.0038052748615339     0.0000000000000000        0.0024368429109466     0.0000000000000000
    -0.0034221367759914     0.0000000000000000        0.0024368429109466     0.0000000000000000        0.0060732302239903     0.0000000000000000
   11    1
    -0.0446688195980852     0.0000000000000000        0.0267911939468932     0.0000000000000000       -0.0182368304110416     0.0000000000000000
     0.0267911939468932     0.0000000000000000       -0.0756046256720874     0.0000000000000000       -0.0105290389469543     0.0000000000000000
    -0.0183027726750283     0.0000000000000000       -0.0105671107308179     0.0000000000000000       -0.0848519526546175     0.0000000000000000
   11    2
    -0.0118138872020574     0.0000000000000000       -0.0121020034947807     0.0000000000000000        0.0083034648852958     0.0000000000000000
    -0.0121020034947807     0.0000000000000000        0.0021603027488575     0.0000000000000000        0.0047940076867202     0.0000000000000000
     0.0086971166166183     0.0000000000000000        0.0050212826197657     0.0000000000000000        0.0046916397369671     0.0000000000000000
   11    3
    -0.0039380212077481     0.0000000000000000        0.0085428508206814     0.0000000000000000       -0.0062410158326176     0.0000000000000000
     0.0085428508206814     0.0000000000000000       -0.0138024556496385     0.0000000000000000       -0.0036032521709695     0.0000000000000000
    -0.0061847397878383     0.0000000000000000       -0.0035707611813674     0.0000000000000000       -0.0155236203850327     0.0000000000000000
   11    4
    -0.0107376349867681     0.0000000000000000       -0.0099558817490207     0.0000000000000000        0.0275064364224639     0.0000000000000000
    -0.0099558817490207     0.0000000000000000        0.0007584270288910     0.0000000000000000        0.0158808484729174     0.0000000000000000
     0.0179871139844143     0.0000000000000000        0.0103848651008203     0.0000000000000000       -0.0348614144524217     0.0000000000000000
   11    5
    -0.0032352684718001     0.0000000000000000       -0.0047022080428946     0.0000000000000000       -0.0156378214980159     0.0000000000000000
    -0.0047022080428946     0.0000000000000000        0.0021943736869041     0.0000000000000000       -0.0090285004513964     0.0000000000000000
    -0.0046440930122778     0.0000000000000000       -0.0026812683507736     0.0000000000000000        0.0020965755579642     0.0000000000000000
   11    6
    -0.0038887432351537     0.0000000000000000        0.0000467221220833     0.0000000000000000       -0.0000096829700508     0.0000000000000000
     0.0000467221220833     0.0000000000000000       -0.0039426932946580     0.0000000000000000       -0.0000055904653654     0.0000000000000000
    -0.0000096829700508     0.0000000000000000       -0.0000055904653654     0.0000000000000000       -0.0049375955188933     0.0000000000000000
   11    7
    -0.0027713456119142     0.0000000000000000        0.0131889444246770     0.0000000000000000        0.0102077939299415     0.0000000000000000
     0.0029430428742752     0.0000000000000000        0.0065424615976901     0.0000000000000000       -0.0012266341507613     0.0000000000000000
     0.0061661933006823     0.0000000000000000       -0.0082268917845233     0.0000000000000000       -0.0016468781490009     0.0000000000000000
   11    8
     0.0111993652025410     0.0000000000000000       -0.0051229507752009     0.0000000000000000        0.0040416006292592     0.0000000000000000
     0.0051229507752009     0.0000000000000000       -0.0074282492166957     0.0000000000000000        0.0094535259352847     0.0000000000000000
    -0.0040416006292592     0.0000000000000000        0.0094535259352847     0.0000000000000000       -0.0016468781490009     0.0000000000000000
   11    9
    -0.0110503662728109     0.0000000000000000       -0.0296727242032681     0.0000000000000000        0.0003992994779213     0.0000000000000000
    -0.0217887262440603     0.0000000000000000       -0.0407616485413360     0.0000000000000000       -0.0041820788386995     0.0000000000000000
     0.0038214362539127     0.0000000000000000        0.0017452359277528     0.0000000000000000        0.0060732302239903     0.0000000000000000
   11   10
    -0.0556172896759019     0.0000000000000000        0.0039419989796039     0.0000000000000000       -0.0034221367759914     0.0000000000000000
    -0.0039419989796039     0.0000000000000000        0.0038052748615339     0.0000000000000000        0.0024368429109466     0.0000000000000000
     0.0034221367759914     0.0000000000000000        0.0024368429109466     0.0000000000000000        0.0060732302239903     0.0000000000000000
   11   11
     0.1365220110596985     0.0000000000000000        0.0090440579712262     0.0000000000000000       -0.0069111078571645     0.0000000000000000
     0.0090440579712262     0.0000000000000000        0.1260788324505391     0.0000000000000000       -0.0039901299817225     0.0000000000000000
    -0.0069111078571645     0.0000000000000000       -0.0039901299817225     0.0000000000000000        0.1245336635660552     0.0000000000000000

     Diagonalizing the dynamical matrix

     q = (     0.000000000000     0.000000000000     0.000000000000 )

***************************************************************************
   freq (    1) =    -0.00000014 [THz] =    -0.00000468 [cm-1]
(  -0.301511  0.000000   0.000000  0.000000   0.000000  0.000000 )
(  -0.301511  0.000000   0.000000  0.000000   0.000000  0.000000 )
(  -0.301511  0.000000   0.000000  0.000000   0.000000  0.000000 )
(  -0.301511  0.000000   0.000000  0.000000   0.000000  0.000000 )
(  -0.301511  0.000000  -0.000000  0.000000   0.000000  0.000000 )
(  -0.301511  0.000000  -0.000000  0.000000   0.000000  0.000000 )
(  -0.301511  0.000000   0.000000  0.000000   0.000000  0.000000 )
(  -0.301511  0.000000   0.000000  0.000000   0.000000  0.000000 )
(  -0.301511  0.000000  -0.000000  0.000000   0.000000  0.000000 )
(  -0.301511  0.000000   0.000000  0.000000   0.000000  0.000000 )
(  -0.301511  0.000000  -0.000000  0.000000  -0.000000  0.000000 )
   freq (    2) =     0.00000057 [THz] =     0.00001914 [cm-1]
(  -0.000000  0.000000  -0.297998  0.000000  -0.045894  0.000000 )
(  -0.000000  0.000000  -0.297998  0.000000  -0.045894  0.000000 )
(   0.000000  0.000000  -0.297998  0.000000  -0.045894  0.000000 )
(  -0.000000  0.000000  -0.297998  0.000000  -0.045894  0.000000 )
(  -0.000000  0.000000  -0.297998  0.000000  -0.045894  0.000000 )
(   0.000000  0.000000  -0.297998  0.000000  -0.045894  0.000000 )
(  -0.000000  0.000000  -0.297998  0.000000  -0.045894  0.000000 )
(  -0.000000  0.000000  -0.297998  0.000000  -0.045894  0.000000 )
(   0.000000  0.000000  -0.297998  0.000000  -0.045894  0.000000 )
(   0.000000  0.000000  -0.297998  0.000000  -0.045894  0.000000 )
(  -0.000000  0.000000  -0.297998  0.000000  -0.045894  0.000000 )
   freq (    3) =     0.00000113 [THz] =     0.00003755 [cm-1]
(  -0.000000  0.000000   0.045894  0.000000  -0.297998  0.000000 )
(   0.000000  0.000000   0.045894  0.000000  -0.297998  0.000000 )
(   0.000000  0.000000   0.045894  0.000000  -0.297998  0.000000 )
(   0.000000  0.000000   0.045894  0.000000  -0.297998  0.000000 )
(   0.000000  0.000000   0.045894  0.000000  -0.297998  0.000000 )
(   0.000000  0.000000   0.045894  0.000000  -0.297998  0.000000 )
(   0.000000  0.000000   0.045894  0.000000  -0.297998  0.000000 )
(  -0.000000  0.000000   0.045894  0.000000  -0.297998  0.000000 )
(   0.000000  0.000000   0.045894  0.000000  -0.297998  0.000000 )
(   0.000000  0.000000   0.045894  0.000000  -0.297998  0.000000 )
(   0.000000  0.000000   0.045894  0.000000  -0.297998  0.000000 )
   freq (    4) =    25.84848693 [THz] =   862.21259212 [cm-1]
(   0.000000  0.000000   0.000000  0.000000   0.021430  0.000000 )
(  -0.000000  0.000000  -0.000000  0.000000  -0.472779  0.000000 )
(  -0.000000  0.000000  -0.000000  0.000000  -0.472779  0.000000 )
(  -0.000000  0.000000  -0.000000  0.000000  -0.360583  0.000000 )
(  -0.000000  0.000000  -0.000000  0.000000  -0.360583  0.000000 )
(   0.045636  0.000000   0.026348  0.000000  -0.214398  0.000000 )
(  -0.000000  0.000000  -0.052696  0.000000  -0.214398  0.000000 )
(  -0.045636  0.000000   0.026348  0.000000  -0.214398  0.000000 )
(  -0.000000  0.000000  -0.052696  0.000000  -0.214398  0.000000 )
(  -0.045636  0.000000   0.026348  0.000000  -0.214398  0.000000 )
(   0.045636  0.000000   0.026348  0.000000  -0.214398  0.000000 )
   freq (    5) =    25.90927105 [THz] =   864.24013198 [cm-1]
(  -0.000000  0.000000  -0.021653  0.000000   0.000000  0.000000 )
(   0.000000  0.000000   0.434834  0.000000  -0.000000  0.000000 )
(   0.000000  0.000000   0.434834  0.000000  -0.000000  0.000000 )
(   0.000000  0.000000   0.182800  0.000000  -0.000000  0.000000 )
(   0.000000  0.000000   0.182800  0.000000  -0.000000  0.000000 )
(   0.068785  0.000000   0.251710  0.000000  -0.024366  0.000000 )
(   0.000000  0.000000   0.370848  0.000000   0.048733  0.000000 )
(  -0.068785  0.000000   0.251710  0.000000  -0.024366  0.000000 )
(   0.000000  0.000000   0.370848  0.000000   0.048733  0.000000 )
(  -0.068785  0.000000   0.251710  0.000000  -0.024366  0.000000 )
(   0.068785  0.000000   0.251710  0.000000  -0.024366  0.000000 )
   freq (    6) =    25.90927105 [THz] =   864.24013199 [cm-1]
(  -0.021653  0.000000   0.000000  0.000000   0.000000  0.000000 )
(   0.434834  0.000000  -0.000000  0.000000  -0.000000  0.000000 )
(   0.434834  0.000000  -0.000000  0.000000  -0.000000  0.000000 )
(   0.182800  0.000000  -0.000000  0.000000  -0.000000  0.000000 )
(   0.182800  0.000000  -0.000000  0.000000  -0.000000  0.000000 )
(   0.331136  0.000000   0.068785  0.000000  -0.042204  0.000000 )
(   0.211997  0.000000  -0.000000  0.000000  -0.000000  0.000000 )
(   0.331136  0.000000  -0.068785  0.000000   0.042204  0.000000 )
(   0.211997  0.000000  -0.000000  0.000000  -0.000000  0.000000 )
(   0.331136  0.000000  -0.068785  0.000000   0.042204  0.000000 )
(   0.331136  0.000000   0.068785  0.000000  -0.042204  0.000000 )
   freq (    7) =    27.08150640 [THz] =   903.34168867 [cm-1]
(  -0.000000  0.000000   0.000000  0.000000   0.000000  0.000000 )
(   0.000023  0.000000  -0.406148  0.000000  -0.000000  0.000000 )
(  -0.000023  0.000000   0.406148  0.000000   0.000000  0.000000 )
(   0.000002  0.000000  -0.039933  0.000000  -0.000000  0.000000 )
(  -0.000002  0.000000   0.039933  0.000000   0.000000  0.000000 )
(   0.176318  0.000000   0.140780  0.000000  -0.073599  0.000000 )
(  -0.000002  0.000000   0.446216  0.000000   0.147212  0.000000 )
(  -0.176357  0.000000   0.140800  0.000000  -0.073613  0.000000 )
(   0.000002  0.000000  -0.446216  0.000000  -0.147212  0.000000 )
(   0.176357  0.000000  -0.140800  0.000000   0.073613  0.000000 )
(  -0.176318  0.000000  -0.140780  0.000000   0.073599  0.000000 )
   freq (    8) =    27.08150640 [THz] =   903.34168867 [cm-1]
(  -0.000000  0.000000   0.000000  0.000000  -0.000000  0.000000 )
(  -0.406148  0.000000  -0.000023  0.000000  -0.000000  0.000000 )
(   0.406148  0.000000   0.000023  0.000000   0.000000  0.000000 )
(  -0.039933  0.000000  -0.000002  0.000000  -0.000000  0.000000 )
(   0.039933  0.000000   0.000002  0.000000   0.000000  0.000000 )
(   0.344417  0.000000   0.176345  0.000000  -0.127493  0.000000 )
(   0.038982  0.000000   0.000025  0.000000   0.000008  0.000000 )
(   0.344397  0.000000  -0.176330  0.000000   0.127485  0.000000 )
(  -0.038982  0.000000  -0.000025  0.000000  -0.000008  0.000000 )
(  -0.344397  0.000000   0.176330  0.000000  -0.127485  0.000000 )
(  -0.344417  0.000000  -0.176345  0.000000   0.127493  0.000000 )
   freq (    9) =    27.74909824 [THz] =   925.61015230 [cm-1]
(  -0.000000  0.000000  -0.000000  0.000000  -0.000000  0.000000 )
(   0.000000  0.000000   0.000000  0.000000  -0.458850  0.000000 )
(  -0.000000  0.000000  -0.000000  0.000000   0.458850  0.000000 )
(   0.000000  0.000000   0.000000  0.000000  -0.466684  0.000000 )
(  -0.000000  0.000000  -0.000000  0.000000   0.466684  0.000000 )
(  -0.127017  0.000000  -0.073333  0.000000   0.048750  0.000000 )
(  -0.000000  0.000000   0.146666  0.000000   0.048750  0.000000 )
(   0.127017  0.000000  -0.073333  0.000000   0.048750  0.000000 )
(   0.000000  0.000000  -0.146666  0.000000  -0.048750  0.000000 )
(  -0.127017  0.000000   0.073333  0.000000  -0.048750  0.000000 )
(   0.127017  0.000000   0.073333  0.000000  -0.048750  0.000000 )
   freq (   10) =    29.02824197 [THz] =   968.27778830 [cm-1]
(  -0.000000  0.000000   0.000000  0.000000  -0.000000  0.000000 )
(  -0.000020  0.000000  -0.458256  0.000000   0.000000  0.000000 )
(   0.000020  0.000000   0.458256  0.000000  -0.000000  0.000000 )
(   0.000010  0.000000   0.225354  0.000000   0.000000  0.000000 )
(  -0.000010  0.000000  -0.225354  0.000000  -0.000000  0.000000 )
(   0.019807  0.000000  -0.290317  0.000000  -0.026867  0.000000 )
(  -0.000013  0.000000  -0.255991  0.000000   0.053730  0.000000 )
(  -0.019831  0.000000  -0.290319  0.000000  -0.026863  0.000000 )
(   0.000013  0.000000   0.255991  0.000000  -0.053730  0.000000 )
(   0.019831  0.000000   0.290319  0.000000   0.026863  0.000000 )
(  -0.019807  0.000000   0.290317  0.000000   0.026867  0.000000 )
   freq (   11) =    29.02824197 [THz] =   968.27778830 [cm-1]
(  -0.000000  0.000000  -0.000000  0.000000   0.000000  0.000000 )
(   0.458256  0.000000  -0.000020  0.000000   0.000000  0.000000 )
(  -0.458256  0.000000   0.000020  0.000000  -0.000000  0.000000 )
(  -0.225354  0.000000   0.000010  0.000000  -0.000000  0.000000 )
(   0.225354  0.000000  -0.000010  0.000000   0.000000  0.000000 )
(   0.267434  0.000000  -0.019832  0.000000   0.046531  0.000000 )
(   0.301761  0.000000  -0.000011  0.000000   0.000002  0.000000 )
(   0.267432  0.000000   0.019806  0.000000  -0.046533  0.000000 )
(  -0.301761  0.000000   0.000011  0.000000  -0.000002  0.000000 )
(  -0.267432  0.000000  -0.019806  0.000000   0.046533  0.000000 )
(  -0.267434  0.000000   0.019832  0.000000  -0.046531  0.000000 )
   freq (   12) =    30.09254159 [THz] =  1003.77899699 [cm-1]
(  -0.000000  0.000000   0.000000  0.000000  -0.000000  0.000000 )
(   0.000000  0.000000  -0.000000  0.000000  -0.403934  0.000000 )
(  -0.000000  0.000000   0.000000  0.000000   0.403934  0.000000 )
(  -0.000000  0.000000  -0.000000  0.000000   0.305480  0.000000 )
(   0.000000  0.000000  -0.000000  0.000000  -0.305480  0.000000 )
(   0.002195  0.000000   0.001267  0.000000  -0.284898  0.000000 )
(   0.000000  0.000000  -0.002535  0.000000  -0.284898  0.000000 )
(  -0.002195  0.000000   0.001267  0.000000  -0.284898  0.000000 )
(  -0.000000  0.000000   0.002535  0.000000   0.284898  0.000000 )
(   0.002195  0.000000  -0.001267  0.000000   0.284898  0.000000 )
(  -0.002195  0.000000  -0.001267  0.000000   0.284898  0.000000 )
   freq (   13) =    32.60993016 [THz] =  1087.75002906 [cm-1]
(  -0.000000  0.000000  -0.000000  0.000000  -0.000000  0.000000 )
(  -0.000000  0.000000  -0.000000  0.000000  -0.000000  0.000000 )
(   0.000000  0.000000   0.000000  0.000000  -0.000000  0.000000 )
(  -0.000000  0.000000   0.000000  0.000000   0.000000  0.000000 )
(   0.000000  0.000000  -0.000000  0.000000   0.000000  0.000000 )
(   0.204124  0.000000  -0.353553  0.000000  -0.000000  0.000000 )
(  -0.408248  0.000000   0.000000  0.000000  -0.000000  0.000000 )
(   0.204124  0.000000   0.353553  0.000000   0.000000  0.000000 )
(   0.408248  0.000000  -0.000000  0.000000   0.000000  0.000000 )
(  -0.204124  0.000000  -0.353553  0.000000  -0.000000  0.000000 )
(  -0.204124  0.000000   0.353553  0.000000   0.000000  0.000000 )
   freq (   14) =    33.25089575 [THz] =  1109.13033678 [cm-1]
(  -0.000000  0.000000   0.000000  0.000000  -0.000000  0.000000 )
(   0.000010  0.000000   0.050818  0.000000  -0.000000  0.000000 )
(  -0.000010  0.000000  -0.050818  0.000000   0.000000  0.000000 )
(  -0.000094  0.000000  -0.459846  0.000000  -0.000000  0.000000 )
(   0.000094  0.000000   0.459846  0.000000   0.000000  0.000000 )
(  -0.007051  0.000000  -0.109196  0.000000  -0.203084  0.000000 )
(  -0.000021  0.000000  -0.121366  0.000000   0.406024  0.000000 )
(   0.007003  0.000000  -0.109193  0.000000  -0.202940  0.000000 )
(   0.000021  0.000000   0.121366  0.000000  -0.406024  0.000000 )
(  -0.007003  0.000000   0.109193  0.000000   0.202940  0.000000 )
(   0.007051  0.000000   0.109196  0.000000   0.203084  0.000000 )
   freq (   15) =    33.25089575 [THz] =  1109.13033678 [cm-1]
(  -0.000000  0.000000  -0.000000  0.000000  -0.000000  0.000000 )
(  -0.050818  0.000000   0.000010  0.000000  -0.000000  0.000000 )
(   0.050818  0.000000  -0.000010  0.000000  -0.000000  0.000000 )
(   0.459846  0.000000  -0.000094  0.000000   0.000000  0.000000 )
(  -0.459846  0.000000   0.000094  0.000000   0.000000  0.000000 )
(   0.117307  0.000000   0.007005  0.000000   0.351586  0.000000 )
(   0.105137  0.000000  -0.000025  0.000000   0.000083  0.000000 )
(   0.117310  0.000000  -0.007050  0.000000  -0.351669  0.000000 )
(  -0.105137  0.000000   0.000025  0.000000  -0.000083  0.000000 )
(  -0.117310  0.000000   0.007050  0.000000   0.351669  0.000000 )
(  -0.117307  0.000000  -0.007005  0.000000  -0.351586  0.000000 )
   freq (   16) =    33.98934018 [THz] =  1133.76218829 [cm-1]
(  -0.000000  0.000000   0.000000  0.000000  -0.000000  0.000000 )
(   0.000000  0.000000  -0.000000  0.000000  -0.000000  0.000000 )
(   0.000000  0.000000  -0.000000  0.000000  -0.000000  0.000000 )
(  -0.000000  0.000000  -0.000000  0.000000   0.000000  0.000000 )
(  -0.000000  0.000000  -0.000000  0.000000   0.000000  0.000000 )
(   0.204124  0.000000  -0.353553  0.000000  -0.000000  0.000000 )
(  -0.408248  0.000000   0.000000  0.000000  -0.000000  0.000000 )
(   0.204124  0.000000   0.353553  0.000000   0.000000  0.000000 )
(  -0.408248  0.000000   0.000000  0.000000  -0.000000  0.000000 )
(   0.204124  0.000000   0.353553  0.000000   0.000000  0.000000 )
(   0.204124  0.000000  -0.353553  0.000000  -0.000000  0.000000 )
   freq (   17) =    34.48369581 [THz] =  1150.25211454 [cm-1]
(   0.000000  0.000000   0.000509  0.000000  -0.000000  0.000000 )
(  -0.000000  0.000000  -0.028756  0.000000  -0.000000  0.000000 )
(  -0.000000  0.000000  -0.028756  0.000000  -0.000000  0.000000 )
(  -0.000000  0.000000  -0.348040  0.000000   0.000000  0.000000 )
(  -0.000000  0.000000  -0.348040  0.000000   0.000000  0.000000 )
(   0.042479  0.000000   0.089379  0.000000   0.235195  0.000000 )
(   0.000000  0.000000   0.162955  0.000000  -0.470391  0.000000 )
(  -0.042479  0.000000   0.089379  0.000000   0.235195  0.000000 )
(   0.000000  0.000000   0.162955  0.000000  -0.470391  0.000000 )
(  -0.042479  0.000000   0.089379  0.000000   0.235195  0.000000 )
(   0.042479  0.000000   0.089379  0.000000   0.235195  0.000000 )
   freq (   18) =    34.48369581 [THz] =  1150.25211455 [cm-1]
(  -0.000509  0.000000   0.000000  0.000000   0.000000  0.000000 )
(   0.028756  0.000000  -0.000000  0.000000  -0.000000  0.000000 )
(   0.028756  0.000000  -0.000000  0.000000  -0.000000  0.000000 )
(   0.348040  0.000000  -0.000000  0.000000   0.000000  0.000000 )
(   0.348040  0.000000  -0.000000  0.000000   0.000000  0.000000 )
(  -0.138429  0.000000  -0.042479  0.000000  -0.407370  0.000000 )
(  -0.064854  0.000000   0.000000  0.000000  -0.000000  0.000000 )
(  -0.138429  0.000000   0.042479  0.000000   0.407370  0.000000 )
(  -0.064854  0.000000   0.000000  0.000000  -0.000000  0.000000 )
(  -0.138429  0.000000   0.042479  0.000000   0.407370  0.000000 )
(  -0.138429  0.000000  -0.042479  0.000000  -0.407370  0.000000 )
   freq (   19) =    34.86457844 [THz] =  1162.95698992 [cm-1]
(  -0.000000  0.000000  -0.000000  0.000000  -0.005112  0.000000 )
(  -0.000000  0.000000  -0.000000  0.000000  -0.532727  0.000000 )
(  -0.000000  0.000000  -0.000000  0.000000  -0.532727  0.000000 )
(   0.000000  0.000000   0.000000  0.000000   0.326347  0.000000 )
(   0.000000  0.000000   0.000000  0.000000   0.326347  0.000000 )
(  -0.037649  0.000000  -0.021736  0.000000   0.186205  0.000000 )
(   0.000000  0.000000   0.043473  0.000000   0.186205  0.000000 )
(   0.037649  0.000000  -0.021736  0.000000   0.186205  0.000000 )
(   0.000000  0.000000   0.043473  0.000000   0.186205  0.000000 )
(   0.037649  0.000000  -0.021736  0.000000   0.186205  0.000000 )
(  -0.037649  0.000000  -0.021736  0.000000   0.186205  0.000000 )
   freq (   20) =    35.76481287 [THz] =  1192.98557386 [cm-1]
(  -0.000000  0.000000  -0.003948  0.000000   0.000000  0.000000 )
(  -0.000000  0.000000  -0.559706  0.000000   0.000000  0.000000 )
(  -0.000000  0.000000  -0.559706  0.000000   0.000000  0.000000 )
(   0.000000  0.000000   0.206968  0.000000  -0.000000  0.000000 )
(   0.000000  0.000000   0.206968  0.000000  -0.000000  0.000000 )
(   0.054766  0.000000   0.176624  0.000000  -0.017283  0.000000 )
(   0.000000  0.000000   0.271483  0.000000   0.034565  0.000000 )
(  -0.054766  0.000000   0.176624  0.000000  -0.017283  0.000000 )
(   0.000000  0.000000   0.271483  0.000000   0.034565  0.000000 )
(  -0.054766  0.000000   0.176624  0.000000  -0.017283  0.000000 )
(   0.054766  0.000000   0.176624  0.000000  -0.017283  0.000000 )
   freq (   21) =    35.76481287 [THz] =  1192.98557386 [cm-1]
(   0.003948  0.000000  -0.000000  0.000000  -0.000000  0.000000 )
(   0.559706  0.000000  -0.000000  0.000000  -0.000000  0.000000 )
(   0.559706  0.000000  -0.000000  0.000000  -0.000000  0.000000 )
(  -0.206968  0.000000   0.000000  0.000000   0.000000  0.000000 )
(  -0.206968  0.000000   0.000000  0.000000   0.000000  0.000000 )
(  -0.239863  0.000000  -0.054766  0.000000   0.029934  0.000000 )
(  -0.145005  0.000000   0.000000  0.000000   0.000000  0.000000 )
(  -0.239863  0.000000   0.054766  0.000000  -0.029934  0.000000 )
(  -0.145005  0.000000   0.000000  0.000000   0.000000  0.000000 )
(  -0.239863  0.000000   0.054766  0.000000  -0.029934  0.000000 )
(  -0.239863  0.000000  -0.054766  0.000000   0.029934  0.000000 )
   freq (   22) =    36.16880409 [THz] =  1206.46126851 [cm-1]
(   0.000000  0.000000   0.000154  0.000000  -0.000000  0.000000 )
(  -0.000000  0.000000  -0.042674  0.000000  -0.000000  0.000000 )
(  -0.000000  0.000000  -0.042674  0.000000  -0.000000  0.000000 )
(  -0.000000  0.000000  -0.428532  0.000000   0.000000  0.000000 )
(  -0.000000  0.000000  -0.428532  0.000000   0.000000  0.000000 )
(  -0.198533  0.000000   0.268153  0.000000  -0.119835  0.000000 )
(   0.000000  0.000000  -0.075717  0.000000   0.239671  0.000000 )
(   0.198533  0.000000   0.268153  0.000000  -0.119835  0.000000 )
(   0.000000  0.000000  -0.075717  0.000000   0.239671  0.000000 )
(   0.198533  0.000000   0.268153  0.000000  -0.119835  0.000000 )
(  -0.198533  0.000000   0.268153  0.000000  -0.119835  0.000000 )
   freq (   23) =    36.16880409 [THz] =  1206.46126851 [cm-1]
(  -0.000154  0.000000   0.000000  0.000000  -0.000000  0.000000 )
(   0.042674  0.000000  -0.000000  0.000000  -0.000000  0.000000 )
(   0.042674  0.000000  -0.000000  0.000000  -0.000000  0.000000 )
(   0.428532  0.000000  -0.000000  0.000000   0.000000  0.000000 )
(   0.428532  0.000000  -0.000000  0.000000   0.000000  0.000000 )
(  -0.038906  0.000000   0.198533  0.000000   0.207561  0.000000 )
(  -0.382776  0.000000  -0.000000  0.000000   0.000000  0.000000 )
(  -0.038906  0.000000  -0.198533  0.000000  -0.207561  0.000000 )
(  -0.382776  0.000000  -0.000000  0.000000   0.000000  0.000000 )
(  -0.038906  0.000000  -0.198533  0.000000  -0.207561  0.000000 )
(  -0.038906  0.000000   0.198533  0.000000   0.207561  0.000000 )
   freq (   24) =    42.83682677 [THz] =  1428.88253167 [cm-1]
(   0.000000  0.000000   0.000000  0.000000  -0.000000  0.000000 )
(  -0.000000  0.000000  -0.001678  0.000000   0.000000  0.000000 )
(   0.000000  0.000000   0.001678  0.000000  -0.000000  0.000000 )
(  -0.000082  0.000000  -0.371104  0.000000   0.000000  0.000000 )
(   0.000082  0.000000   0.371104  0.000000  -0.000000  0.000000 )
(   0.198412  0.000000  -0.226886  0.000000   0.166859  0.000000 )
(  -0.000075  0.000000   0.116729  0.000000  -0.333591  0.000000 )
(  -0.198411  0.000000  -0.226974  0.000000   0.166732  0.000000 )
(   0.000075  0.000000  -0.116729  0.000000   0.333591  0.000000 )
(   0.198411  0.000000   0.226974  0.000000  -0.166732  0.000000 )
(  -0.198412  0.000000   0.226886  0.000000  -0.166859  0.000000 )
   freq (   25) =    42.83682677 [THz] =  1428.88253167 [cm-1]
(   0.000000  0.000000  -0.000000  0.000000  -0.000000  0.000000 )
(   0.001678  0.000000  -0.000000  0.000000   0.000000  0.000000 )
(  -0.001678  0.000000   0.000000  0.000000   0.000000  0.000000 )
(   0.371104  0.000000  -0.000082  0.000000   0.000000  0.000000 )
(  -0.371104  0.000000   0.000082  0.000000  -0.000000  0.000000 )
(  -0.002132  0.000000  -0.198461  0.000000  -0.288862  0.000000 )
(   0.341483  0.000000   0.000026  0.000000  -0.000074  0.000000 )
(  -0.002220  0.000000   0.198361  0.000000   0.288935  0.000000 )
(  -0.341483  0.000000  -0.000026  0.000000   0.000074  0.000000 )
(   0.002220  0.000000  -0.198361  0.000000  -0.288935  0.000000 )
(   0.002132  0.000000   0.198461  0.000000   0.288862  0.000000 )
   freq (   26) =    46.40146354 [THz] =  1547.78599883 [cm-1]
(   0.000000  0.000000  -0.000000  0.000000  -0.005742  0.000000 )
(  -0.000000  0.000000   0.000000  0.000000  -0.009475  0.000000 )
(  -0.000000  0.000000   0.000000  0.000000  -0.009475  0.000000 )
(  -0.000000  0.000000   0.000000  0.000000  -0.386464  0.000000 )
(  -0.000000  0.000000   0.000000  0.000000  -0.386464  0.000000 )
(   0.188203  0.000000   0.108659  0.000000   0.263855  0.000000 )
(  -0.000000  0.000000  -0.217318  0.000000   0.263855  0.000000 )
(  -0.188203  0.000000   0.108659  0.000000   0.263855  0.000000 )
(  -0.000000  0.000000  -0.217318  0.000000   0.263855  0.000000 )
(  -0.188203  0.000000   0.108659  0.000000   0.263855  0.000000 )
(   0.188203  0.000000   0.108659  0.000000   0.263855  0.000000 )
   freq (   27) =    46.55262528 [THz] =  1552.82821103 [cm-1]
(  -0.000000  0.000000   0.005893  0.000000  -0.000000  0.000000 )
(   0.000000  0.000000  -0.017305  0.000000  -0.000000  0.000000 )
(   0.000000  0.000000  -0.017305  0.000000  -0.000000  0.000000 )
(   0.000000  0.000000  -0.338916  0.000000  -0.000000  0.000000 )
(   0.000000  0.000000  -0.338916  0.000000  -0.000000  0.000000 )
(   0.276955  0.000000  -0.176499  0.000000  -0.113415  0.000000 )
(   0.000000  0.000000   0.303201  0.000000   0.226829  0.000000 )
(  -0.276955  0.000000  -0.176499  0.000000  -0.113415  0.000000 )
(   0.000000  0.000000   0.303201  0.000000   0.226829  0.000000 )
(  -0.276955  0.000000  -0.176499  0.000000  -0.113415  0.000000 )
(   0.276955  0.000000  -0.176499  0.000000  -0.113415  0.000000 )
   freq (   28) =    46.55262528 [THz] =  1552.82821103 [cm-1]
(  -0.005893  0.000000  -0.000000  0.000000  -0.000000  0.000000 )
(   0.017305  0.000000   0.000000  0.000000  -0.000000  0.000000 )
(   0.017305  0.000000   0.000000  0.000000  -0.000000  0.000000 )
(   0.338916  0.000000   0.000000  0.000000  -0.000000  0.000000 )
(   0.338916  0.000000   0.000000  0.000000  -0.000000  0.000000 )
(  -0.143301  0.000000  -0.276955  0.000000   0.196440  0.000000 )
(   0.336398  0.000000  -0.000000  0.000000  -0.000000  0.000000 )
(  -0.143301  0.000000   0.276955  0.000000  -0.196440  0.000000 )
(   0.336398  0.000000  -0.000000  0.000000  -0.000000  0.000000 )
(  -0.143301  0.000000   0.276955  0.000000  -0.196440  0.000000 )
(  -0.143301  0.000000  -0.276955  0.000000   0.196440  0.000000 )
   freq (   29) =    47.22671666 [THz] =  1575.31347594 [cm-1]
(  -0.000000  0.000000  -0.000000  0.000000  -0.000000  0.000000 )
(  -0.000000  0.000000  -0.000000  0.000000  -0.355361  0.000000 )
(   0.000000  0.000000   0.000000  0.000000   0.355361  0.000000 )
(  -0.000000  0.000000  -0.000000  0.000000   0.258923  0.000000 )
(   0.000000  0.000000   0.000000  0.000000  -0.258923  0.000000 )
(   0.158557  0.000000   0.091543  0.000000   0.262118  0.000000 )
(   0.000000  0.000000  -0.183085  0.000000   0.262118  0.000000 )
(  -0.158557  0.000000   0.091543  0.000000   0.262118  0.000000 )
(  -0.000000  0.000000   0.183085  0.000000  -0.262118  0.000000 )
(   0.158557  0.000000  -0.091543  0.000000  -0.262118  0.000000 )
(  -0.158557  0.000000  -0.091543  0.000000  -0.262118  0.000000 )
   freq (   30) =    47.38966050 [THz] =  1580.74869646 [cm-1]
(  -0.000000  0.000000  -0.000000  0.000000  -0.000000  0.000000 )
(  -0.000042  0.000000   0.349942  0.000000  -0.000000  0.000000 )
(   0.000042  0.000000  -0.349942  0.000000   0.000000  0.000000 )
(  -0.000037  0.000000   0.313757  0.000000   0.000000  0.000000 )
(   0.000037  0.000000  -0.313757  0.000000  -0.000000  0.000000 )
(   0.232577  0.000000  -0.202033  0.000000  -0.090309  0.000000 )
(   0.000040  0.000000   0.200844  0.000000   0.180655  0.000000 )
(  -0.232593  0.000000  -0.201978  0.000000  -0.090346  0.000000 )
(  -0.000040  0.000000  -0.200844  0.000000  -0.180655  0.000000 )
(   0.232593  0.000000   0.201978  0.000000   0.090346  0.000000 )
(  -0.232577  0.000000   0.202033  0.000000   0.090309  0.000000 )
   freq (   31) =    47.38966050 [THz] =  1580.74869647 [cm-1]
(  -0.000000  0.000000   0.000000  0.000000  -0.000000  0.000000 )
(  -0.349942  0.000000  -0.000042  0.000000   0.000000  0.000000 )
(   0.349942  0.000000   0.000042  0.000000  -0.000000  0.000000 )
(  -0.313757  0.000000  -0.000037  0.000000  -0.000000  0.000000 )
(   0.313757  0.000000   0.000037  0.000000   0.000000  0.000000 )
(  -0.066588  0.000000  -0.232561  0.000000   0.156463  0.000000 )
(   0.336288  0.000000  -0.000024  0.000000  -0.000022  0.000000 )
(  -0.066533  0.000000   0.232609  0.000000  -0.156441  0.000000 )
(  -0.336288  0.000000   0.000024  0.000000   0.000022  0.000000 )
(   0.066533  0.000000  -0.232609  0.000000   0.156441  0.000000 )
(   0.066588  0.000000   0.232561  0.000000  -0.156463  0.000000 )
   freq (   32) =    50.07008798 [THz] =  1670.15812048 [cm-1]
(   0.000000  0.000000   0.000000  0.000000  -0.000123  0.000000 )
(  -0.000000  0.000000  -0.000000  0.000000   0.007115  0.000000 )
(  -0.000000  0.000000  -0.000000  0.000000   0.007115  0.000000 )
(  -0.000000  0.000000  -0.000000  0.000000   0.340725  0.000000 )
(  -0.000000  0.000000  -0.000000  0.000000   0.340725  0.000000 )
(   0.293882  0.000000   0.169673  0.000000  -0.113120  0.000000 )
(  -0.000000  0.000000  -0.339346  0.000000  -0.113120  0.000000 )
(  -0.293882  0.000000   0.169673  0.000000  -0.113120  0.000000 )
(  -0.000000  0.000000  -0.339346  0.000000  -0.113120  0.000000 )
(  -0.293882  0.000000   0.169673  0.000000  -0.113120  0.000000 )
(   0.293882  0.000000   0.169673  0.000000  -0.113120  0.000000 )
   freq (   33) =    62.29439480 [THz] =  2077.91704632 [cm-1]
(  -0.000000  0.000000   0.000000  0.000000   0.000000  0.000000 )
(   0.000000  0.000000   0.000000  0.000000  -0.003629  0.000000 )
(  -0.000000  0.000000  -0.000000  0.000000   0.003629  0.000000 )
(   0.000000  0.000000   0.000000  0.000000  -0.349066  0.000000 )
(  -0.000000  0.000000  -0.000000  0.000000   0.349066  0.000000 )
(   0.289347  0.000000   0.167055  0.000000  -0.120074  0.000000 )
(   0.000000  0.000000  -0.334109  0.000000  -0.120074  0.000000 )
(  -0.289347  0.000000   0.167055  0.000000  -0.120074  0.000000 )
(  -0.000000  0.000000   0.334109  0.000000   0.120074  0.000000 )
(   0.289347  0.000000  -0.167055  0.000000   0.120074  0.000000 )
(  -0.289347  0.000000  -0.167055  0.000000   0.120074  0.000000 )
***************************************************************************
