Dynamical matrix file
File generated with the CellConstructor by Lorenzo Monacelli
2 11 0     1.8897259890000000     0.0000000000000000     0.0000000000000000     0.0000000000000000     0.0000000000000000     0.0000000000000000
Basis vectors
    1.8216054416065011    -1.0517043920322153     2.8381869915015971
    0.0000000000000000     2.1034087840644307     2.8381869915015971
   -1.8216054416065011    -1.0517043920322153     2.8381869915015971
	1  'La '  126604.5951757480361266
	2  'H '    918.7358275894680446
    1     1     0.0000000000000002    -0.0000000000000001     4.2572805298084759
    2     2     0.0000000000000000     0.0000000000000002     2.1539676810854567
    3     2    -0.0000000000000000    -0.0000000000000002    -2.1539676810854567
    4     2     0.0000000000000002     0.0000000000000001     0.9466091222611804
    5     2    -0.0000000000000002    -0.0000000000000001    -0.9466091222611804
    6     2     0.9362097122338843     0.5405209287823745     6.0899003856791225
    7     2    -0.0000000000000001    -1.0810418575647489     6.0899003856791225
    8     2    -0.9362097122338834     0.5405209287823746     6.0899003856791225
    9     2     0.0000000000000000     1.0810418575647496     2.4246606703914884
   10     2     0.9362097122338843    -0.5405209287823746     2.4246606703914888
   11     2    -0.9362097122338838    -0.5405209287823746     2.4246606703914888

     Dynamical Matrix in cartesian axes

     q = (     0.000000000000     0.000000000000     0.000000000000 )

    1    1
     0.6526953879222352     0.0000000000000000       -0.0000000000000001     0.0000000000000000        0.0000000000000001     0.0000000000000000
     0.0000000000000000     0.0000000000000000        0.6526953879676457     0.0000000000000000        0.0000000000000002     0.0000000000000000
     0.0000000000000002     0.0000000000000000        0.0000000000000002     0.0000000000000000        0.6232003437843723     0.0000000000000000
    1    2
    -0.0116495523440565     0.0000000000000000       -0.0000000000000000     0.0000000000000000       -0.0000000000000000     0.0000000000000000
     0.0000000000000000     0.0000000000000000       -0.0116495523448670     0.0000000000000000       -0.0000000000000000     0.0000000000000000
    -0.0000000000000000     0.0000000000000000       -0.0000000000000000     0.0000000000000000       -0.0727273019483159     0.0000000000000000
    1    3
    -0.0116495523440565     0.0000000000000000       -0.0000000000000000     0.0000000000000000       -0.0000000000000000     0.0000000000000000
     0.0000000000000000     0.0000000000000000       -0.0116495523448670     0.0000000000000000       -0.0000000000000000     0.0000000000000000
    -0.0000000000000000     0.0000000000000000       -0.0000000000000000     0.0000000000000000       -0.0727273019483159     0.0000000000000000
    1    4
    -0.0707511936409843     0.0000000000000000        0.0000000000000000     0.0000000000000000       -0.0000000000000000     0.0000000000000000
     0.0000000000000000     0.0000000000000000       -0.0707511936459067     0.0000000000000000        0.0000000000000000     0.0000000000000000
    -0.0000000000000000     0.0000000000000000        0.0000000000000000     0.0000000000000000       -0.0214994232849223     0.0000000000000000
    1    5
    -0.0707511936409843     0.0000000000000000        0.0000000000000000     0.0000000000000000       -0.0000000000000000     0.0000000000000000
     0.0000000000000000     0.0000000000000000       -0.0707511936459067     0.0000000000000000        0.0000000000000000     0.0000000000000000
    -0.0000000000000000     0.0000000000000000        0.0000000000000000     0.0000000000000000       -0.0214994232849223     0.0000000000000000
    1    6
    -0.0596425619552945     0.0000000000000000        0.0375388884831369     0.0000000000000000       -0.0131669524940535     0.0000000000000000
     0.0375388884831369     0.0000000000000000       -0.1029887367025888     0.0000000000000000       -0.0076019435671132     0.0000000000000000
    -0.0119306695707821     0.0000000000000000       -0.0068881752885431     0.0000000000000000       -0.0724578155529827     0.0000000000000000
    1    7
    -0.1246618240654880     0.0000000000000000        0.0000000000000000     0.0000000000000000       -0.0000000000000000     0.0000000000000000
     0.0000000000000000     0.0000000000000000       -0.0379694745878717     0.0000000000000000        0.0152038871342265     0.0000000000000000
    -0.0000000000000000     0.0000000000000000        0.0137763505770862     0.0000000000000000       -0.0724578155529827     0.0000000000000000
    1    8
    -0.0596425619552945     0.0000000000000000       -0.0375388884831369     0.0000000000000000        0.0131669524940534     0.0000000000000000
    -0.0375388884831369     0.0000000000000000       -0.1029887367025888     0.0000000000000000       -0.0076019435671133     0.0000000000000000
     0.0119306695707820     0.0000000000000000       -0.0068881752885431     0.0000000000000000       -0.0724578155529827     0.0000000000000000
    1    9
    -0.1246618240654880     0.0000000000000000        0.0000000000000000     0.0000000000000000       -0.0000000000000000     0.0000000000000000
     0.0000000000000000     0.0000000000000000       -0.0379694745878717     0.0000000000000000        0.0152038871342265     0.0000000000000000
    -0.0000000000000000     0.0000000000000000        0.0137763505770862     0.0000000000000000       -0.0724578155529827     0.0000000000000000
    1   10
    -0.0596425619552945     0.0000000000000000       -0.0375388884831369     0.0000000000000000        0.0131669524940534     0.0000000000000000
    -0.0375388884831369     0.0000000000000000       -0.1029887367025888     0.0000000000000000       -0.0076019435671133     0.0000000000000000
     0.0119306695707820     0.0000000000000000       -0.0068881752885431     0.0000000000000000       -0.0724578155529827     0.0000000000000000
    1   11
    -0.0596425619552945     0.0000000000000000        0.0375388884831369     0.0000000000000000       -0.0131669524940535     0.0000000000000000
     0.0375388884831369     0.0000000000000000       -0.1029887367025888     0.0000000000000000       -0.0076019435671132     0.0000000000000000
    -0.0119306695707821     0.0000000000000000       -0.0068881752885431     0.0000000000000000       -0.0724578155529827     0.0000000000000000
    2    1
    -0.0116495523440565     0.0000000000000000       -0.0000000000000000     0.0000000000000000       -0.0000000000000000     0.0000000000000000
     0.0000000000000000     0.0000000000000000       -0.0116495523448670     0.0000000000000000       -0.0000000000000000     0.0000000000000000
    -0.0000000000000000     0.0000000000000000       -0.0000000000000000     0.0000000000000000       -0.0727273019483159     0.0000000000000000
    2    2
     0.0682947426423937     0.0000000000000000       -0.0000000000000000     0.0000000000000000        0.0000000000000000     0.0000000000000000
    -0.0000000000000000     0.0000000000000000        0.0682947426471452     0.0000000000000000        0.0000000000000000     0.0000000000000000
     0.0000000000000000     0.0000000000000000        0.0000000000000000     0.0000000000000000        0.1204129386578794     0.0000000000000000
    2    3
    -0.0125527778456408     0.0000000000000000        0.0000000000000000     0.0000000000000000       -0.0000000000000000     0.0000000000000000
     0.0000000000000000     0.0000000000000000       -0.0125527778465141     0.0000000000000000        0.0000000000000000     0.0000000000000000
    -0.0000000000000000     0.0000000000000000       -0.0000000000000000     0.0000000000000000       -0.0076395978273629     0.0000000000000000
    2    4
     0.0074344782438781     0.0000000000000000       -0.0000000000000000     0.0000000000000000       -0.0000000000000000     0.0000000000000000
    -0.0000000000000000     0.0000000000000000        0.0074344782443954     0.0000000000000000       -0.0000000000000000     0.0000000000000000
    -0.0000000000000000     0.0000000000000000       -0.0000000000000000     0.0000000000000000       -0.0047919817472001     0.0000000000000000
    2    5
    -0.0278755853178825     0.0000000000000000        0.0000000000000000     0.0000000000000000       -0.0000000000000000     0.0000000000000000
     0.0000000000000000     0.0000000000000000       -0.0278755853198219     0.0000000000000000       -0.0000000000000000     0.0000000000000000
    -0.0000000000000000     0.0000000000000000       -0.0000000000000000     0.0000000000000000       -0.0039361387531363     0.0000000000000000
    2    6
    -0.0007162370556691     0.0000000000000000        0.0080998832162967     0.0000000000000000       -0.0036714657132539     0.0000000000000000
     0.0080998832162967     0.0000000000000000       -0.0100691765667111     0.0000000000000000       -0.0021197217179414     0.0000000000000000
    -0.0077776548682581     0.0000000000000000       -0.0044904311320090     0.0000000000000000       -0.0189690941034206     0.0000000000000000
    2    7
    -0.0147456463211813     0.0000000000000000        0.0000000000000000     0.0000000000000000       -0.0000000000000000     0.0000000000000000
     0.0000000000000000     0.0000000000000000        0.0039602326997772     0.0000000000000000        0.0042394434358827     0.0000000000000000
    -0.0000000000000000     0.0000000000000000        0.0089808622640180     0.0000000000000000       -0.0189690941034206     0.0000000000000000
    2    8
    -0.0007162370556691     0.0000000000000000       -0.0080998832162967     0.0000000000000000        0.0036714657132539     0.0000000000000000
    -0.0080998832162967     0.0000000000000000       -0.0100691765667111     0.0000000000000000       -0.0021197217179414     0.0000000000000000
     0.0077776548682581     0.0000000000000000       -0.0044904311320090     0.0000000000000000       -0.0189690941034206     0.0000000000000000
    2    9
     0.0099505310177804     0.0000000000000000        0.0000000000000000     0.0000000000000000        0.0000000000000000     0.0000000000000000
    -0.0000000000000000     0.0000000000000000       -0.0149326543162678     0.0000000000000000       -0.0064279518261324     0.0000000000000000
     0.0000000000000000     0.0000000000000000       -0.0057607217803848     0.0000000000000000        0.0085297879761326     0.0000000000000000
    2   10
    -0.0087118579819766     0.0000000000000000        0.0107747353131060     0.0000000000000000       -0.0055667695755396     0.0000000000000000
     0.0107747353131060     0.0000000000000000        0.0037297346847875     0.0000000000000000        0.0032139759130662     0.0000000000000000
    -0.0049889314057740     0.0000000000000000        0.0028803608901924     0.0000000000000000        0.0085297879761326     0.0000000000000000
    2   11
    -0.0087118579819766     0.0000000000000000       -0.0107747353131060     0.0000000000000000        0.0055667695755396     0.0000000000000000
    -0.0107747353131060     0.0000000000000000        0.0037297346847875     0.0000000000000000        0.0032139759130662     0.0000000000000000
     0.0049889314057740     0.0000000000000000        0.0028803608901924     0.0000000000000000        0.0085297879761326     0.0000000000000000
    3    1
    -0.0116495523440565     0.0000000000000000       -0.0000000000000000     0.0000000000000000       -0.0000000000000000     0.0000000000000000
     0.0000000000000000     0.0000000000000000       -0.0116495523448670     0.0000000000000000       -0.0000000000000000     0.0000000000000000
    -0.0000000000000000     0.0000000000000000       -0.0000000000000000     0.0000000000000000       -0.0727273019483159     0.0000000000000000
    3    2
    -0.0125527778456408     0.0000000000000000        0.0000000000000000     0.0000000000000000       -0.0000000000000000     0.0000000000000000
     0.0000000000000000     0.0000000000000000       -0.0125527778465141     0.0000000000000000        0.0000000000000000     0.0000000000000000
    -0.0000000000000000     0.0000000000000000       -0.0000000000000000     0.0000000000000000       -0.0076395978273629     0.0000000000000000
    3    3
     0.0682947426423937     0.0000000000000000       -0.0000000000000000     0.0000000000000000        0.0000000000000000     0.0000000000000000
    -0.0000000000000000     0.0000000000000000        0.0682947426471452     0.0000000000000000        0.0000000000000000     0.0000000000000000
     0.0000000000000000     0.0000000000000000        0.0000000000000000     0.0000000000000000        0.1204129386578794     0.0000000000000000
    3    4
    -0.0278755853178825     0.0000000000000000        0.0000000000000000     0.0000000000000000       -0.0000000000000000     0.0000000000000000
     0.0000000000000000     0.0000000000000000       -0.0278755853198219     0.0000000000000000       -0.0000000000000000     0.0000000000000000
    -0.0000000000000000     0.0000000000000000       -0.0000000000000000     0.0000000000000000       -0.0039361387531363     0.0000000000000000
    3    5
     0.0074344782438781     0.0000000000000000       -0.0000000000000000     0.0000000000000000       -0.0000000000000000     0.0000000000000000
     0.0000000000000000     0.0000000000000000        0.0074344782443954     0.0000000000000000       -0.0000000000000000     0.0000000000000000
    -0.0000000000000000     0.0000000000000000       -0.0000000000000000     0.0000000000000000       -0.0047919817472001     0.0000000000000000
    3    6
    -0.0087118579819766     0.0000000000000000       -0.0107747353131060     0.0000000000000000        0.0055667695755396     0.0000000000000000
    -0.0107747353131060     0.0000000000000000        0.0037297346847875     0.0000000000000000        0.0032139759130662     0.0000000000000000
     0.0049889314057740     0.0000000000000000        0.0028803608901924     0.0000000000000000        0.0085297879761326     0.0000000000000000
    3    7
     0.0099505310177804     0.0000000000000000       -0.0000000000000000     0.0000000000000000        0.0000000000000000     0.0000000000000000
    -0.0000000000000000     0.0000000000000000       -0.0149326543162678     0.0000000000000000       -0.0064279518261324     0.0000000000000000
     0.0000000000000000     0.0000000000000000       -0.0057607217803848     0.0000000000000000        0.0085297879761326     0.0000000000000000
    3    8
    -0.0087118579819766     0.0000000000000000        0.0107747353131060     0.0000000000000000       -0.0055667695755396     0.0000000000000000
     0.0107747353131060     0.0000000000000000        0.0037297346847875     0.0000000000000000        0.0032139759130662     0.0000000000000000
    -0.0049889314057740     0.0000000000000000        0.0028803608901924     0.0000000000000000        0.0085297879761326     0.0000000000000000
    3    9
    -0.0147456463211813     0.0000000000000000        0.0000000000000000     0.0000000000000000       -0.0000000000000000     0.0000000000000000
     0.0000000000000000     0.0000000000000000        0.0039602326997772     0.0000000000000000        0.0042394434358827     0.0000000000000000
    -0.0000000000000000     0.0000000000000000        0.0089808622640180     0.0000000000000000       -0.0189690941034206     0.0000000000000000
    3   10
    -0.0007162370556691     0.0000000000000000       -0.0080998832162967     0.0000000000000000        0.0036714657132539     0.0000000000000000
    -0.0080998832162967     0.0000000000000000       -0.0100691765667111     0.0000000000000000       -0.0021197217179414     0.0000000000000000
     0.0077776548682581     0.0000000000000000       -0.0044904311320090     0.0000000000000000       -0.0189690941034206     0.0000000000000000
    3   11
    -0.0007162370556691     0.0000000000000000        0.0080998832162967     0.0000000000000000       -0.0036714657132539     0.0000000000000000
     0.0080998832162967     0.0000000000000000       -0.0100691765667111     0.0000000000000000       -0.0021197217179414     0.0000000000000000
    -0.0077776548682581     0.0000000000000000       -0.0044904311320090     0.0000000000000000       -0.0189690941034206     0.0000000000000000
    4    1
    -0.0707511936409843     0.0000000000000000        0.0000000000000000     0.0000000000000000       -0.0000000000000000     0.0000000000000000
     0.0000000000000000     0.0000000000000000       -0.0707511936459067     0.0000000000000000        0.0000000000000000     0.0000000000000000
    -0.0000000000000000     0.0000000000000000        0.0000000000000000     0.0000000000000000       -0.0214994232849223     0.0000000000000000
    4    2
     0.0074344782438781     0.0000000000000000       -0.0000000000000000     0.0000000000000000       -0.0000000000000000     0.0000000000000000
    -0.0000000000000000     0.0000000000000000        0.0074344782443954     0.0000000000000000       -0.0000000000000000     0.0000000000000000
    -0.0000000000000000     0.0000000000000000       -0.0000000000000000     0.0000000000000000       -0.0047919817472001     0.0000000000000000
    4    3
    -0.0278755853178825     0.0000000000000000        0.0000000000000000     0.0000000000000000       -0.0000000000000000     0.0000000000000000
     0.0000000000000000     0.0000000000000000       -0.0278755853198219     0.0000000000000000       -0.0000000000000000     0.0000000000000000
    -0.0000000000000000     0.0000000000000000       -0.0000000000000000     0.0000000000000000       -0.0039361387531363     0.0000000000000000
    4    4
     0.1049260650367137     0.0000000000000000        0.0000000000000000     0.0000000000000000        0.0000000000000000     0.0000000000000000
     0.0000000000000000     0.0000000000000000        0.1049260650440137     0.0000000000000000        0.0000000000000000     0.0000000000000000
     0.0000000000000000     0.0000000000000000        0.0000000000000000     0.0000000000000000        0.1166159550894320     0.0000000000000000
    4    5
    -0.0035565500745654     0.0000000000000000        0.0000000000000000     0.0000000000000000       -0.0000000000000000     0.0000000000000000
     0.0000000000000000     0.0000000000000000       -0.0035565500748129     0.0000000000000000       -0.0000000000000000     0.0000000000000000
    -0.0000000000000000     0.0000000000000000       -0.0000000000000000     0.0000000000000000       -0.0146328738340321     0.0000000000000000
    4    6
    -0.0060404310216196     0.0000000000000000       -0.0083101829560035     0.0000000000000000       -0.0046316933922108     0.0000000000000000
    -0.0083101829560035     0.0000000000000000        0.0035553417116214     0.0000000000000000       -0.0026741094268897     0.0000000000000000
    -0.0156194037344825     0.0000000000000000       -0.0090178669509986     0.0000000000000000        0.0075311654839571     0.0000000000000000
    4    7
     0.0083532280778708     0.0000000000000000        0.0000000000000000     0.0000000000000000        0.0000000000000000     0.0000000000000000
     0.0000000000000000     0.0000000000000000       -0.0108383173888704     0.0000000000000000        0.0053482188537795     0.0000000000000000
     0.0000000000000000     0.0000000000000000        0.0180357339019972     0.0000000000000000        0.0075311654839571     0.0000000000000000
    4    8
    -0.0060404310216196     0.0000000000000000        0.0083101829560035     0.0000000000000000        0.0046316933922108     0.0000000000000000
     0.0083101829560035     0.0000000000000000        0.0035553417116214     0.0000000000000000       -0.0026741094268897     0.0000000000000000
     0.0156194037344825     0.0000000000000000       -0.0090178669509986     0.0000000000000000        0.0075311654839571     0.0000000000000000
    4    9
     0.0078771967403982     0.0000000000000000       -0.0000000000000000     0.0000000000000000       -0.0000000000000000     0.0000000000000000
    -0.0000000000000000     0.0000000000000000       -0.0121769169291062     0.0000000000000000       -0.0227627901953381     0.0000000000000000
    -0.0000000000000000     0.0000000000000000       -0.0317645115337038     0.0000000000000000       -0.0314496779740041     0.0000000000000000
    4   10
    -0.0071633885110947     0.0000000000000000        0.0086836859440210     0.0000000000000000       -0.0197131545694924     0.0000000000000000
     0.0086836859440210     0.0000000000000000        0.0028636683234331     0.0000000000000000        0.0113813950976691     0.0000000000000000
    -0.0275088739260344     0.0000000000000000        0.0158822557668519     0.0000000000000000       -0.0314496779740041     0.0000000000000000
    4   11
    -0.0071633885110947     0.0000000000000000       -0.0086836859440210     0.0000000000000000        0.0197131545694924     0.0000000000000000
    -0.0086836859440210     0.0000000000000000        0.0028636683234331     0.0000000000000000        0.0113813950976690     0.0000000000000000
     0.0275088739260344     0.0000000000000000        0.0158822557668519     0.0000000000000000       -0.0314496779740041     0.0000000000000000
    5    1
    -0.0707511936409843     0.0000000000000000        0.0000000000000000     0.0000000000000000       -0.0000000000000000     0.0000000000000000
     0.0000000000000000     0.0000000000000000       -0.0707511936459067     0.0000000000000000        0.0000000000000000     0.0000000000000000
    -0.0000000000000000     0.0000000000000000        0.0000000000000000     0.0000000000000000       -0.0214994232849223     0.0000000000000000
    5    2
    -0.0278755853178825     0.0000000000000000        0.0000000000000000     0.0000000000000000       -0.0000000000000000     0.0000000000000000
     0.0000000000000000     0.0000000000000000       -0.0278755853198219     0.0000000000000000        0.0000000000000000     0.0000000000000000
    -0.0000000000000000     0.0000000000000000       -0.0000000000000000     0.0000000000000000       -0.0039361387531363     0.0000000000000000
    5    3
     0.0074344782438781     0.0000000000000000       -0.0000000000000000     0.0000000000000000       -0.0000000000000000     0.0000000000000000
     0.0000000000000000     0.0000000000000000        0.0074344782443954     0.0000000000000000       -0.0000000000000000     0.0000000000000000
    -0.0000000000000000     0.0000000000000000       -0.0000000000000000     0.0000000000000000       -0.0047919817472001     0.0000000000000000
    5    4
    -0.0035565500745654     0.0000000000000000        0.0000000000000000     0.0000000000000000       -0.0000000000000000     0.0000000000000000
     0.0000000000000000     0.0000000000000000       -0.0035565500748129     0.0000000000000000       -0.0000000000000000     0.0000000000000000
    -0.0000000000000000     0.0000000000000000       -0.0000000000000000     0.0000000000000000       -0.0146328738340321     0.0000000000000000
    5    5
     0.1049260650367137     0.0000000000000000        0.0000000000000000     0.0000000000000000        0.0000000000000000     0.0000000000000000
     0.0000000000000000     0.0000000000000000        0.1049260650440137     0.0000000000000000        0.0000000000000000     0.0000000000000000
     0.0000000000000000     0.0000000000000000        0.0000000000000000     0.0000000000000000        0.1166159550894320     0.0000000000000000
    5    6
    -0.0071633885110947     0.0000000000000000       -0.0086836859440210     0.0000000000000000        0.0197131545694924     0.0000000000000000
    -0.0086836859440210     0.0000000000000000        0.0028636683234331     0.0000000000000000        0.0113813950976690     0.0000000000000000
     0.0275088739260344     0.0000000000000000        0.0158822557668519     0.0000000000000000       -0.0314496779740041     0.0000000000000000
    5    7
     0.0078771967403982     0.0000000000000000       -0.0000000000000000     0.0000000000000000       -0.0000000000000000     0.0000000000000000
    -0.0000000000000000     0.0000000000000000       -0.0121769169291062     0.0000000000000000       -0.0227627901953381     0.0000000000000000
    -0.0000000000000000     0.0000000000000000       -0.0317645115337038     0.0000000000000000       -0.0314496779740041     0.0000000000000000
    5    8
    -0.0071633885110947     0.0000000000000000        0.0086836859440210     0.0000000000000000       -0.0197131545694924     0.0000000000000000
     0.0086836859440210     0.0000000000000000        0.0028636683234331     0.0000000000000000        0.0113813950976690     0.0000000000000000
    -0.0275088739260344     0.0000000000000000        0.0158822557668519     0.0000000000000000       -0.0314496779740041     0.0000000000000000
    5    9
     0.0083532280778708     0.0000000000000000        0.0000000000000000     0.0000000000000000        0.0000000000000000     0.0000000000000000
     0.0000000000000000     0.0000000000000000       -0.0108383173888704     0.0000000000000000        0.0053482188537795     0.0000000000000000
     0.0000000000000000     0.0000000000000000        0.0180357339019972     0.0000000000000000        0.0075311654839571     0.0000000000000000
    5   10
    -0.0060404310216196     0.0000000000000000        0.0083101829560035     0.0000000000000000        0.0046316933922108     0.0000000000000000
     0.0083101829560035     0.0000000000000000        0.0035553417116214     0.0000000000000000       -0.0026741094268897     0.0000000000000000
     0.0156194037344825     0.0000000000000000       -0.0090178669509986     0.0000000000000000        0.0075311654839571     0.0000000000000000
    5   11
    -0.0060404310216196     0.0000000000000000       -0.0083101829560035     0.0000000000000000       -0.0046316933922108     0.0000000000000000
    -0.0083101829560035     0.0000000000000000        0.0035553417116214     0.0000000000000000       -0.0026741094268897     0.0000000000000000
    -0.0156194037344825     0.0000000000000000       -0.0090178669509986     0.0000000000000000        0.0075311654839571     0.0000000000000000
    6    1
    -0.0596425619552945     0.0000000000000000        0.0375388884831369     0.0000000000000000       -0.0119306695707821     0.0000000000000000
     0.0375388884831369     0.0000000000000000       -0.1029887367025887     0.0000000000000000       -0.0068881752885431     0.0000000000000000
    -0.0131669524940535     0.0000000000000000       -0.0076019435671132     0.0000000000000000       -0.0724578155529827     0.0000000000000000
    6    2
    -0.0007162370556691     0.0000000000000000        0.0080998832162967     0.0000000000000000       -0.0077776548682581     0.0000000000000000
     0.0080998832162967     0.0000000000000000       -0.0100691765667111     0.0000000000000000       -0.0044904311320090     0.0000000000000000
    -0.0036714657132539     0.0000000000000000       -0.0021197217179414     0.0000000000000000       -0.0189690941034206     0.0000000000000000
    6    3
    -0.0087118579819766     0.0000000000000000       -0.0107747353131060     0.0000000000000000        0.0049889314057740     0.0000000000000000
    -0.0107747353131060     0.0000000000000000        0.0037297346847875     0.0000000000000000        0.0028803608901924     0.0000000000000000
     0.0055667695755396     0.0000000000000000        0.0032139759130662     0.0000000000000000        0.0085297879761326     0.0000000000000000
    6    4
    -0.0060404310216196     0.0000000000000000       -0.0083101829560035     0.0000000000000000       -0.0156194037344825     0.0000000000000000
    -0.0083101829560035     0.0000000000000000        0.0035553417116214     0.0000000000000000       -0.0090178669509986     0.0000000000000000
    -0.0046316933922108     0.0000000000000000       -0.0026741094268897     0.0000000000000000        0.0075311654839571     0.0000000000000000
    6    5
    -0.0071633885110947     0.0000000000000000       -0.0086836859440210     0.0000000000000000        0.0275088739260344     0.0000000000000000
    -0.0086836859440210     0.0000000000000000        0.0028636683234331     0.0000000000000000        0.0158822557668519     0.0000000000000000
     0.0197131545694924     0.0000000000000000        0.0113813950976690     0.0000000000000000       -0.0314496779740041     0.0000000000000000
    6    6
     0.1493548438897364     0.0000000000000000        0.0043494900065935     0.0000000000000000       -0.0085517087952098     0.0000000000000000
     0.0043494900065935     0.0000000000000000        0.1443324854476640     0.0000000000000000       -0.0049373313751174     0.0000000000000000
    -0.0085517087952098     0.0000000000000000       -0.0049373313751174     0.0000000000000000        0.1046676539128611     0.0000000000000000
    6    7
    -0.0107851139579754     0.0000000000000000       -0.0360557631344849     0.0000000000000000        0.0019355543838204     0.0000000000000000
    -0.0191546275424493     0.0000000000000000       -0.0426608478792269     0.0000000000000000       -0.0024634290541310     0.0000000000000000
     0.0031011693331341     0.0000000000000000       -0.0004445247397876     0.0000000000000000        0.0058187300325100     0.0000000000000000
    6    8
    -0.0585987148354006     0.0000000000000000        0.0084505677960178     0.0000000000000000       -0.0011656149493137     0.0000000000000000
    -0.0084505677960178     0.0000000000000000        0.0051527530015248     0.0000000000000000        0.0029079537939186     0.0000000000000000
     0.0011656149493137     0.0000000000000000        0.0029079537939186     0.0000000000000000        0.0058187300325100     0.0000000000000000
    6    9
    -0.0016404412251347     0.0000000000000000        0.0087045798454473     0.0000000000000000        0.0080574305027433     0.0000000000000000
     0.0057401330038538     0.0000000000000000        0.0066992176269521     0.0000000000000000       -0.0007503881181369     0.0000000000000000
     0.0046785704243536     0.0000000000000000       -0.0066027454457776     0.0000000000000000       -0.0001715158622321     0.0000000000000000
    6   10
     0.0108690470522964     0.0000000000000000       -0.0014822234207967     0.0000000000000000        0.0033788600783897     0.0000000000000000
     0.0014822234207967     0.0000000000000000       -0.0058102706513493     0.0000000000000000        0.0073531335639145     0.0000000000000000
    -0.0033788600783897     0.0000000000000000        0.0073531335639145     0.0000000000000000       -0.0001715158622321     0.0000000000000000
    6   11
    -0.0069251443978676     0.0000000000000000       -0.0018368185790800     0.0000000000000000       -0.0008245983787157     0.0000000000000000
    -0.0018368185790800     0.0000000000000000       -0.0048041689961069     0.0000000000000000       -0.0004760820959414     0.0000000000000000
    -0.0008245983787157     0.0000000000000000       -0.0004760820959414     0.0000000000000000       -0.0091464480830990     0.0000000000000000
    7    1
    -0.1246618240654880     0.0000000000000000        0.0000000000000000     0.0000000000000000       -0.0000000000000000     0.0000000000000000
     0.0000000000000000     0.0000000000000000       -0.0379694745878716     0.0000000000000000        0.0137763505770862     0.0000000000000000
    -0.0000000000000000     0.0000000000000000        0.0152038871342265     0.0000000000000000       -0.0724578155529827     0.0000000000000000
    7    2
    -0.0147456463211813     0.0000000000000000       -0.0000000000000000     0.0000000000000000       -0.0000000000000000     0.0000000000000000
     0.0000000000000000     0.0000000000000000        0.0039602326997772     0.0000000000000000        0.0089808622640180     0.0000000000000000
    -0.0000000000000000     0.0000000000000000        0.0042394434358827     0.0000000000000000       -0.0189690941034206     0.0000000000000000
    7    3
     0.0099505310177804     0.0000000000000000       -0.0000000000000000     0.0000000000000000        0.0000000000000000     0.0000000000000000
     0.0000000000000000     0.0000000000000000       -0.0149326543162678     0.0000000000000000       -0.0057607217803848     0.0000000000000000
     0.0000000000000000     0.0000000000000000       -0.0064279518261324     0.0000000000000000        0.0085297879761326     0.0000000000000000
    7    4
     0.0083532280778708     0.0000000000000000        0.0000000000000000     0.0000000000000000        0.0000000000000000     0.0000000000000000
     0.0000000000000000     0.0000000000000000       -0.0108383173888704     0.0000000000000000        0.0180357339019972     0.0000000000000000
     0.0000000000000000     0.0000000000000000        0.0053482188537795     0.0000000000000000        0.0075311654839571     0.0000000000000000
    7    5
     0.0078771967403982     0.0000000000000000       -0.0000000000000000     0.0000000000000000       -0.0000000000000000     0.0000000000000000
    -0.0000000000000000     0.0000000000000000       -0.0121769169291061     0.0000000000000000       -0.0317645115337038     0.0000000000000000
    -0.0000000000000000     0.0000000000000000       -0.0227627901953381     0.0000000000000000       -0.0314496779740041     0.0000000000000000
    7    6
    -0.0107851139579754     0.0000000000000000       -0.0191546275424492     0.0000000000000000        0.0031011693331341     0.0000000000000000
    -0.0360557631344849     0.0000000000000000       -0.0426608478792269     0.0000000000000000       -0.0004445247397876     0.0000000000000000
     0.0019355543838204     0.0000000000000000       -0.0024634290541310     0.0000000000000000        0.0058187300325100     0.0000000000000000
    7    7
     0.1418213062115653     0.0000000000000000       -0.0000000000000000     0.0000000000000000        0.0000000000000000     0.0000000000000000
     0.0000000000000000     0.0000000000000000        0.1518660231263591     0.0000000000000000        0.0098746627502349     0.0000000000000000
     0.0000000000000000     0.0000000000000000        0.0098746627502349     0.0000000000000000        0.1046676539128611     0.0000000000000000
    7    8
    -0.0107851139579754     0.0000000000000000        0.0191546275424493     0.0000000000000000       -0.0031011693331341     0.0000000000000000
     0.0360557631344849     0.0000000000000000       -0.0426608478792270     0.0000000000000000       -0.0004445247397876     0.0000000000000000
    -0.0019355543838204     0.0000000000000000       -0.0024634290541310     0.0000000000000000        0.0058187300325100     0.0000000000000000
    7    9
    -0.0037436812947252     0.0000000000000000        0.0000000000000000     0.0000000000000000       -0.0000000000000000     0.0000000000000000
    -0.0000000000000000     0.0000000000000000       -0.0079856320994707     0.0000000000000000        0.0009521641918827     0.0000000000000000
    -0.0000000000000000     0.0000000000000000        0.0009521641918827     0.0000000000000000       -0.0091464480830990     0.0000000000000000
    7   10
    -0.0016404412251347     0.0000000000000000       -0.0057401330038538     0.0000000000000000       -0.0046785704243536     0.0000000000000000
    -0.0087045798454473     0.0000000000000000        0.0066992176269521     0.0000000000000000       -0.0066027454457776     0.0000000000000000
    -0.0080574305027433     0.0000000000000000       -0.0007503881181369     0.0000000000000000       -0.0001715158622321     0.0000000000000000
    7   11
    -0.0016404412251347     0.0000000000000000        0.0057401330038538     0.0000000000000000        0.0046785704243536     0.0000000000000000
     0.0087045798454473     0.0000000000000000        0.0066992176269521     0.0000000000000000       -0.0066027454457776     0.0000000000000000
     0.0080574305027433     0.0000000000000000       -0.0007503881181369     0.0000000000000000       -0.0001715158622321     0.0000000000000000
    8    1
    -0.0596425619552945     0.0000000000000000       -0.0375388884831369     0.0000000000000000        0.0119306695707820     0.0000000000000000
    -0.0375388884831369     0.0000000000000000       -0.1029887367025888     0.0000000000000000       -0.0068881752885431     0.0000000000000000
     0.0131669524940535     0.0000000000000000       -0.0076019435671132     0.0000000000000000       -0.0724578155529827     0.0000000000000000
    8    2
    -0.0007162370556691     0.0000000000000000       -0.0080998832162967     0.0000000000000000        0.0077776548682581     0.0000000000000000
    -0.0080998832162967     0.0000000000000000       -0.0100691765667111     0.0000000000000000       -0.0044904311320090     0.0000000000000000
     0.0036714657132539     0.0000000000000000       -0.0021197217179414     0.0000000000000000       -0.0189690941034206     0.0000000000000000
    8    3
    -0.0087118579819766     0.0000000000000000        0.0107747353131060     0.0000000000000000       -0.0049889314057740     0.0000000000000000
     0.0107747353131060     0.0000000000000000        0.0037297346847875     0.0000000000000000        0.0028803608901924     0.0000000000000000
    -0.0055667695755396     0.0000000000000000        0.0032139759130662     0.0000000000000000        0.0085297879761326     0.0000000000000000
    8    4
    -0.0060404310216196     0.0000000000000000        0.0083101829560035     0.0000000000000000        0.0156194037344825     0.0000000000000000
     0.0083101829560035     0.0000000000000000        0.0035553417116214     0.0000000000000000       -0.0090178669509986     0.0000000000000000
     0.0046316933922108     0.0000000000000000       -0.0026741094268897     0.0000000000000000        0.0075311654839571     0.0000000000000000
    8    5
    -0.0071633885110947     0.0000000000000000        0.0086836859440210     0.0000000000000000       -0.0275088739260344     0.0000000000000000
     0.0086836859440210     0.0000000000000000        0.0028636683234331     0.0000000000000000        0.0158822557668519     0.0000000000000000
    -0.0197131545694924     0.0000000000000000        0.0113813950976691     0.0000000000000000       -0.0314496779740041     0.0000000000000000
    8    6
    -0.0585987148354006     0.0000000000000000       -0.0084505677960178     0.0000000000000000        0.0011656149493137     0.0000000000000000
     0.0084505677960178     0.0000000000000000        0.0051527530015248     0.0000000000000000        0.0029079537939186     0.0000000000000000
    -0.0011656149493137     0.0000000000000000        0.0029079537939186     0.0000000000000000        0.0058187300325100     0.0000000000000000
    8    7
    -0.0107851139579754     0.0000000000000000        0.0360557631344849     0.0000000000000000       -0.0019355543838204     0.0000000000000000
     0.0191546275424493     0.0000000000000000       -0.0426608478792269     0.0000000000000000       -0.0024634290541310     0.0000000000000000
    -0.0031011693331341     0.0000000000000000       -0.0004445247397876     0.0000000000000000        0.0058187300325100     0.0000000000000000
    8    8
     0.1493548438897364     0.0000000000000000       -0.0043494900065935     0.0000000000000000        0.0085517087952099     0.0000000000000000
    -0.0043494900065935     0.0000000000000000        0.1443324854476641     0.0000000000000000       -0.0049373313751174     0.0000000000000000
     0.0085517087952099     0.0000000000000000       -0.0049373313751174     0.0000000000000000        0.1046676539128611     0.0000000000000000
    8    9
    -0.0016404412251347     0.0000000000000000       -0.0087045798454473     0.0000000000000000       -0.0080574305027433     0.0000000000000000
    -0.0057401330038538     0.0000000000000000        0.0066992176269521     0.0000000000000000       -0.0007503881181369     0.0000000000000000
    -0.0046785704243536     0.0000000000000000       -0.0066027454457776     0.0000000000000000       -0.0001715158622321     0.0000000000000000
    8   10
    -0.0069251443978676     0.0000000000000000        0.0018368185790800     0.0000000000000000        0.0008245983787156     0.0000000000000000
     0.0018368185790800     0.0000000000000000       -0.0048041689961069     0.0000000000000000       -0.0004760820959414     0.0000000000000000
     0.0008245983787156     0.0000000000000000       -0.0004760820959414     0.0000000000000000       -0.0091464480830990     0.0000000000000000
    8   11
     0.0108690470522964     0.0000000000000000        0.0014822234207967     0.0000000000000000       -0.0033788600783897     0.0000000000000000
    -0.0014822234207967     0.0000000000000000       -0.0058102706513493     0.0000000000000000        0.0073531335639145     0.0000000000000000
     0.0033788600783897     0.0000000000000000        0.0073531335639145     0.0000000000000000       -0.0001715158622321     0.0000000000000000
    9    1
    -0.1246618240654880     0.0000000000000000        0.0000000000000000     0.0000000000000000       -0.0000000000000000     0.0000000000000000
     0.0000000000000000     0.0000000000000000       -0.0379694745878717     0.0000000000000000        0.0137763505770862     0.0000000000000000
    -0.0000000000000000     0.0000000000000000        0.0152038871342265     0.0000000000000000       -0.0724578155529827     0.0000000000000000
    9    2
     0.0099505310177804     0.0000000000000000       -0.0000000000000000     0.0000000000000000        0.0000000000000000     0.0000000000000000
    -0.0000000000000000     0.0000000000000000       -0.0149326543162678     0.0000000000000000       -0.0057607217803848     0.0000000000000000
     0.0000000000000000     0.0000000000000000       -0.0064279518261324     0.0000000000000000        0.0085297879761326     0.0000000000000000
    9    3
    -0.0147456463211813     0.0000000000000000        0.0000000000000000     0.0000000000000000       -0.0000000000000000     0.0000000000000000
     0.0000000000000000     0.0000000000000000        0.0039602326997772     0.0000000000000000        0.0089808622640180     0.0000000000000000
    -0.0000000000000000     0.0000000000000000        0.0042394434358827     0.0000000000000000       -0.0189690941034206     0.0000000000000000
    9    4
     0.0078771967403982     0.0000000000000000        0.0000000000000000     0.0000000000000000       -0.0000000000000000     0.0000000000000000
    -0.0000000000000000     0.0000000000000000       -0.0121769169291061     0.0000000000000000       -0.0317645115337038     0.0000000000000000
    -0.0000000000000000     0.0000000000000000       -0.0227627901953381     0.0000000000000000       -0.0314496779740041     0.0000000000000000
    9    5
     0.0083532280778708     0.0000000000000000        0.0000000000000000     0.0000000000000000        0.0000000000000000     0.0000000000000000
     0.0000000000000000     0.0000000000000000       -0.0108383173888704     0.0000000000000000        0.0180357339019972     0.0000000000000000
     0.0000000000000000     0.0000000000000000        0.0053482188537795     0.0000000000000000        0.0075311654839571     0.0000000000000000
    9    6
    -0.0016404412251347     0.0000000000000000        0.0057401330038538     0.0000000000000000        0.0046785704243536     0.0000000000000000
     0.0087045798454473     0.0000000000000000        0.0066992176269521     0.0000000000000000       -0.0066027454457776     0.0000000000000000
     0.0080574305027433     0.0000000000000000       -0.0007503881181369     0.0000000000000000       -0.0001715158622321     0.0000000000000000
    9    7
    -0.0037436812947252     0.0000000000000000        0.0000000000000000     0.0000000000000000       -0.0000000000000000     0.0000000000000000
     0.0000000000000000     0.0000000000000000       -0.0079856320994707     0.0000000000000000        0.0009521641918827     0.0000000000000000
    -0.0000000000000000     0.0000000000000000        0.0009521641918827     0.0000000000000000       -0.0091464480830990     0.0000000000000000
    9    8
    -0.0016404412251347     0.0000000000000000       -0.0057401330038538     0.0000000000000000       -0.0046785704243536     0.0000000000000000
    -0.0087045798454473     0.0000000000000000        0.0066992176269521     0.0000000000000000       -0.0066027454457776     0.0000000000000000
    -0.0080574305027433     0.0000000000000000       -0.0007503881181369     0.0000000000000000       -0.0001715158622321     0.0000000000000000
    9    9
     0.1418213062115653     0.0000000000000000        0.0000000000000000     0.0000000000000000        0.0000000000000000     0.0000000000000000
     0.0000000000000000     0.0000000000000000        0.1518660231263591     0.0000000000000000        0.0098746627502349     0.0000000000000000
     0.0000000000000000     0.0000000000000000        0.0098746627502349     0.0000000000000000        0.1046676539128611     0.0000000000000000
    9   10
    -0.0107851139579754     0.0000000000000000        0.0191546275424493     0.0000000000000000       -0.0031011693331341     0.0000000000000000
     0.0360557631344849     0.0000000000000000       -0.0426608478792270     0.0000000000000000       -0.0004445247397876     0.0000000000000000
    -0.0019355543838204     0.0000000000000000       -0.0024634290541310     0.0000000000000000        0.0058187300325100     0.0000000000000000
    9   11
    -0.0107851139579754     0.0000000000000000       -0.0191546275424492     0.0000000000000000        0.0031011693331341     0.0000000000000000
    -0.0360557631344849     0.0000000000000000       -0.0426608478792269     0.0000000000000000       -0.0004445247397876     0.0000000000000000
     0.0019355543838204     0.0000000000000000       -0.0024634290541310     0.0000000000000000        0.0058187300325100     0.0000000000000000
   10    1
    -0.0596425619552945     0.0000000000000000       -0.0375388884831369     0.0000000000000000        0.0119306695707820     0.0000000000000000
    -0.0375388884831369     0.0000000000000000       -0.1029887367025888     0.0000000000000000       -0.0068881752885431     0.0000000000000000
     0.0131669524940535     0.0000000000000000       -0.0076019435671132     0.0000000000000000       -0.0724578155529827     0.0000000000000000
   10    2
    -0.0087118579819766     0.0000000000000000        0.0107747353131060     0.0000000000000000       -0.0049889314057740     0.0000000000000000
     0.0107747353131060     0.0000000000000000        0.0037297346847875     0.0000000000000000        0.0028803608901924     0.0000000000000000
    -0.0055667695755396     0.0000000000000000        0.0032139759130662     0.0000000000000000        0.0085297879761326     0.0000000000000000
   10    3
    -0.0007162370556691     0.0000000000000000       -0.0080998832162967     0.0000000000000000        0.0077776548682581     0.0000000000000000
    -0.0080998832162967     0.0000000000000000       -0.0100691765667111     0.0000000000000000       -0.0044904311320090     0.0000000000000000
     0.0036714657132539     0.0000000000000000       -0.0021197217179414     0.0000000000000000       -0.0189690941034206     0.0000000000000000
   10    4
    -0.0071633885110947     0.0000000000000000        0.0086836859440210     0.0000000000000000       -0.0275088739260344     0.0000000000000000
     0.0086836859440210     0.0000000000000000        0.0028636683234331     0.0000000000000000        0.0158822557668519     0.0000000000000000
    -0.0197131545694924     0.0000000000000000        0.0113813950976690     0.0000000000000000       -0.0314496779740041     0.0000000000000000
   10    5
    -0.0060404310216196     0.0000000000000000        0.0083101829560035     0.0000000000000000        0.0156194037344825     0.0000000000000000
     0.0083101829560035     0.0000000000000000        0.0035553417116214     0.0000000000000000       -0.0090178669509986     0.0000000000000000
     0.0046316933922108     0.0000000000000000       -0.0026741094268897     0.0000000000000000        0.0075311654839571     0.0000000000000000
   10    6
     0.0108690470522964     0.0000000000000000        0.0014822234207967     0.0000000000000000       -0.0033788600783897     0.0000000000000000
    -0.0014822234207967     0.0000000000000000       -0.0058102706513493     0.0000000000000000        0.0073531335639145     0.0000000000000000
     0.0033788600783897     0.0000000000000000        0.0073531335639145     0.0000000000000000       -0.0001715158622321     0.0000000000000000
   10    7
    -0.0016404412251347     0.0000000000000000       -0.0087045798454473     0.0000000000000000       -0.0080574305027433     0.0000000000000000
    -0.0057401330038538     0.0000000000000000        0.0066992176269521     0.0000000000000000       -0.0007503881181369     0.0000000000000000
    -0.0046785704243536     0.0000000000000000       -0.0066027454457776     0.0000000000000000       -0.0001715158622321     0.0000000000000000
   10    8
    -0.0069251443978676     0.0000000000000000        0.0018368185790800     0.0000000000000000        0.0008245983787156     0.0000000000000000
     0.0018368185790800     0.0000000000000000       -0.0048041689961069     0.0000000000000000       -0.0004760820959414     0.0000000000000000
     0.0008245983787156     0.0000000000000000       -0.0004760820959414     0.0000000000000000       -0.0091464480830990     0.0000000000000000
   10    9
    -0.0107851139579754     0.0000000000000000        0.0360557631344849     0.0000000000000000       -0.0019355543838204     0.0000000000000000
     0.0191546275424493     0.0000000000000000       -0.0426608478792269     0.0000000000000000       -0.0024634290541310     0.0000000000000000
    -0.0031011693331341     0.0000000000000000       -0.0004445247397876     0.0000000000000000        0.0058187300325100     0.0000000000000000
   10   10
     0.1493548438897363     0.0000000000000000       -0.0043494900065935     0.0000000000000000        0.0085517087952098     0.0000000000000000
    -0.0043494900065935     0.0000000000000000        0.1443324854476641     0.0000000000000000       -0.0049373313751174     0.0000000000000000
     0.0085517087952099     0.0000000000000000       -0.0049373313751174     0.0000000000000000        0.1046676539128611     0.0000000000000000
   10   11
    -0.0585987148354006     0.0000000000000000       -0.0084505677960178     0.0000000000000000        0.0011656149493137     0.0000000000000000
     0.0084505677960178     0.0000000000000000        0.0051527530015248     0.0000000000000000        0.0029079537939186     0.0000000000000000
    -0.0011656149493137     0.0000000000000000        0.0029079537939186     0.0000000000000000        0.0058187300325100     0.0000000000000000
   11    1
    -0.0596425619552945     0.0000000000000000        0.0375388884831369     0.0000000000000000       -0.0119306695707821     0.0000000000000000
     0.0375388884831369     0.0000000000000000       -0.1029887367025888     0.0000000000000000       -0.0068881752885431     0.0000000000000000
    -0.0131669524940535     0.0000000000000000       -0.0076019435671132     0.0000000000000000       -0.0724578155529827     0.0000000000000000
   11    2
    -0.0087118579819766     0.0000000000000000       -0.0107747353131060     0.0000000000000000        0.0049889314057740     0.0000000000000000
    -0.0107747353131060     0.0000000000000000        0.0037297346847875     0.0000000000000000        0.0028803608901924     0.0000000000000000
     0.0055667695755396     0.0000000000000000        0.0032139759130662     0.0000000000000000        0.0085297879761326     0.0000000000000000
   11    3
    -0.0007162370556691     0.0000000000000000        0.0080998832162967     0.0000000000000000       -0.0077776548682581     0.0000000000000000
     0.0080998832162967     0.0000000000000000       -0.0100691765667111     0.0000000000000000       -0.0044904311320090     0.0000000000000000
    -0.0036714657132539     0.0000000000000000       -0.0021197217179414     0.0000000000000000       -0.0189690941034206     0.0000000000000000
   11    4
    -0.0071633885110947     0.0000000000000000       -0.0086836859440210     0.0000000000000000        0.0275088739260344     0.0000000000000000
    -0.0086836859440210     0.0000000000000000        0.0028636683234331     0.0000000000000000        0.0158822557668519     0.0000000000000000
     0.0197131545694924     0.0000000000000000        0.0113813950976690     0.0000000000000000       -0.0314496779740041     0.0000000000000000
   11    5
    -0.0060404310216196     0.0000000000000000       -0.0083101829560035     0.0000000000000000       -0.0156194037344825     0.0000000000000000
    -0.0083101829560035     0.0000000000000000        0.0035553417116214     0.0000000000000000       -0.0090178669509986     0.0000000000000000
    -0.0046316933922108     0.0000000000000000       -0.0026741094268897     0.0000000000000000        0.0075311654839571     0.0000000000000000
   11    6
    -0.0069251443978676     0.0000000000000000       -0.0018368185790800     0.0000000000000000       -0.0008245983787157     0.0000000000000000
    -0.0018368185790800     0.0000000000000000       -0.0048041689961069     0.0000000000000000       -0.0004760820959414     0.0000000000000000
    -0.0008245983787157     0.0000000000000000       -0.0004760820959414     0.0000000000000000       -0.0091464480830990     0.0000000000000000
   11    7
    -0.0016404412251347     0.0000000000000000        0.0087045798454473     0.0000000000000000        0.0080574305027433     0.0000000000000000
     0.0057401330038538     0.0000000000000000        0.0066992176269521     0.0000000000000000       -0.0007503881181369     0.0000000000000000
     0.0046785704243536     0.0000000000000000       -0.0066027454457776     0.0000000000000000       -0.0001715158622321     0.0000000000000000
   11    8
     0.0108690470522964     0.0000000000000000       -0.0014822234207967     0.0000000000000000        0.0033788600783897     0.0000000000000000
     0.0014822234207967     0.0000000000000000       -0.0058102706513493     0.0000000000000000        0.0073531335639145     0.0000000000000000
    -0.0033788600783897     0.0000000000000000        0.0073531335639145     0.0000000000000000       -0.0001715158622321     0.0000000000000000
   11    9
    -0.0107851139579754     0.0000000000000000       -0.0360557631344849     0.0000000000000000        0.0019355543838204     0.0000000000000000
    -0.0191546275424493     0.0000000000000000       -0.0426608478792269     0.0000000000000000       -0.0024634290541310     0.0000000000000000
     0.0031011693331341     0.0000000000000000       -0.0004445247397876     0.0000000000000000        0.0058187300325100     0.0000000000000000
   11   10
    -0.0585987148354006     0.0000000000000000        0.0084505677960178     0.0000000000000000       -0.0011656149493137     0.0000000000000000
    -0.0084505677960178     0.0000000000000000        0.0051527530015248     0.0000000000000000        0.0029079537939186     0.0000000000000000
     0.0011656149493137     0.0000000000000000        0.0029079537939186     0.0000000000000000        0.0058187300325100     0.0000000000000000
   11   11
     0.1493548438897363     0.0000000000000000        0.0043494900065935     0.0000000000000000       -0.0085517087952098     0.0000000000000000
     0.0043494900065935     0.0000000000000000        0.1443324854476640     0.0000000000000000       -0.0049373313751174     0.0000000000000000
    -0.0085517087952098     0.0000000000000000       -0.0049373313751174     0.0000000000000000        0.1046676539128611     0.0000000000000000

     Diagonalizing the dynamical matrix

     q = (     0.000000000000     0.000000000000     0.000000000000 )

***************************************************************************
   freq (    1) =    -0.00000024 [THz] =    -0.00000800 [cm-1]
(   0.301511  0.000000   0.000000  0.000000  -0.000000  0.000000 )
(   0.301511  0.000000   0.000000  0.000000  -0.000000  0.000000 )
(   0.301511  0.000000   0.000000  0.000000  -0.000000  0.000000 )
(   0.301511  0.000000  -0.000000  0.000000  -0.000000  0.000000 )
(   0.301511  0.000000  -0.000000  0.000000  -0.000000  0.000000 )
(   0.301511  0.000000   0.000000  0.000000  -0.000000  0.000000 )
(   0.301511  0.000000  -0.000000  0.000000   0.000000  0.000000 )
(   0.301511  0.000000  -0.000000  0.000000  -0.000000  0.000000 )
(   0.301511  0.000000  -0.000000  0.000000  -0.000000  0.000000 )
(   0.301511  0.000000  -0.000000  0.000000  -0.000000  0.000000 )
(   0.301511  0.000000   0.000000  0.000000  -0.000000  0.000000 )
   freq (    2) =     0.00000031 [THz] =     0.00001049 [cm-1]
(   0.000000  0.000000  -0.009495  0.000000   0.301362  0.000000 )
(  -0.000000  0.000000  -0.009495  0.000000   0.301362  0.000000 )
(  -0.000000  0.000000  -0.009495  0.000000   0.301362  0.000000 )
(   0.000000  0.000000  -0.009495  0.000000   0.301362  0.000000 )
(  -0.000000  0.000000  -0.009495  0.000000   0.301362  0.000000 )
(  -0.000000  0.000000  -0.009495  0.000000   0.301362  0.000000 )
(  -0.000000  0.000000  -0.009495  0.000000   0.301362  0.000000 )
(   0.000000  0.000000  -0.009495  0.000000   0.301362  0.000000 )
(   0.000000  0.000000  -0.009495  0.000000   0.301362  0.000000 )
(   0.000000  0.000000  -0.009495  0.000000   0.301362  0.000000 )
(  -0.000000  0.000000  -0.009495  0.000000   0.301362  0.000000 )
   freq (    3) =     0.00000049 [THz] =     0.00001632 [cm-1]
(   0.000000  0.000000  -0.301362  0.000000  -0.009495  0.000000 )
(   0.000000  0.000000  -0.301362  0.000000  -0.009495  0.000000 )
(  -0.000000  0.000000  -0.301362  0.000000  -0.009495  0.000000 )
(  -0.000000  0.000000  -0.301362  0.000000  -0.009495  0.000000 )
(   0.000000  0.000000  -0.301362  0.000000  -0.009495  0.000000 )
(   0.000000  0.000000  -0.301362  0.000000  -0.009495  0.000000 )
(  -0.000000  0.000000  -0.301362  0.000000  -0.009495  0.000000 )
(   0.000000  0.000000  -0.301362  0.000000  -0.009495  0.000000 )
(   0.000000  0.000000  -0.301362  0.000000  -0.009495  0.000000 )
(  -0.000000  0.000000  -0.301362  0.000000  -0.009495  0.000000 )
(   0.000000  0.000000  -0.301362  0.000000  -0.009495  0.000000 )
   freq (    4) =    21.54689837 [THz] =   718.72706292 [cm-1]
(  -0.017636  0.000000   0.000000  0.000000   0.000000  0.000000 )
(   0.586074  0.000000  -0.000000  0.000000  -0.000000  0.000000 )
(   0.586074  0.000000  -0.000000  0.000000  -0.000000  0.000000 )
(   0.302191  0.000000  -0.000000  0.000000  -0.000000  0.000000 )
(   0.302191  0.000000  -0.000000  0.000000  -0.000000  0.000000 )
(   0.151219  0.000000   0.073190  0.000000  -0.063232  0.000000 )
(   0.024451  0.000000  -0.000000  0.000000  -0.000000  0.000000 )
(   0.151219  0.000000  -0.073190  0.000000   0.063232  0.000000 )
(   0.024451  0.000000  -0.000000  0.000000  -0.000000  0.000000 )
(   0.151219  0.000000  -0.073190  0.000000   0.063232  0.000000 )
(   0.151219  0.000000   0.073190  0.000000  -0.063232  0.000000 )
   freq (    5) =    21.54689837 [THz] =   718.72706295 [cm-1]
(  -0.000000  0.000000  -0.017636  0.000000   0.000000  0.000000 )
(  -0.000000  0.000000   0.586074  0.000000  -0.000000  0.000000 )
(   0.000000  0.000000   0.586074  0.000000  -0.000000  0.000000 )
(   0.000000  0.000000   0.302191  0.000000  -0.000000  0.000000 )
(  -0.000000  0.000000   0.302191  0.000000  -0.000000  0.000000 )
(   0.073190  0.000000   0.066707  0.000000  -0.036507  0.000000 )
(  -0.000000  0.000000   0.193475  0.000000   0.073014  0.000000 )
(  -0.073190  0.000000   0.066707  0.000000  -0.036507  0.000000 )
(   0.000000  0.000000   0.193475  0.000000   0.073014  0.000000 )
(  -0.073190  0.000000   0.066707  0.000000  -0.036507  0.000000 )
(   0.073190  0.000000   0.066707  0.000000  -0.036507  0.000000 )
   freq (    6) =    22.40691364 [THz] =   747.41408050 [cm-1]
(  -0.000000  0.000000  -0.000000  0.000000  -0.000000  0.000000 )
(   0.000000  0.000000   0.000000  0.000000   0.234309  0.000000 )
(  -0.000000  0.000000  -0.000000  0.000000  -0.234309  0.000000 )
(  -0.000000  0.000000  -0.000000  0.000000  -0.454604  0.000000 )
(   0.000000  0.000000   0.000000  0.000000   0.454604  0.000000 )
(  -0.047220  0.000000  -0.027263  0.000000   0.276596  0.000000 )
(   0.000000  0.000000   0.054525  0.000000   0.276596  0.000000 )
(   0.047220  0.000000  -0.027263  0.000000   0.276596  0.000000 )
(  -0.000000  0.000000  -0.054525  0.000000  -0.276596  0.000000 )
(  -0.047220  0.000000   0.027263  0.000000  -0.276596  0.000000 )
(   0.047220  0.000000   0.027263  0.000000  -0.276596  0.000000 )
   freq (    7) =    23.53475322 [THz] =   785.03475404 [cm-1]
(  -0.000000  0.000000   0.000000  0.000000  -0.000000  0.000000 )
(  -0.557627  0.000000  -0.000001  0.000000   0.000000  0.000000 )
(   0.557627  0.000000   0.000001  0.000000   0.000000  0.000000 )
(   0.368508  0.000000   0.000001  0.000000   0.000000  0.000000 )
(  -0.368508  0.000000  -0.000001  0.000000   0.000000  0.000000 )
(   0.099911  0.000000   0.098678  0.000000   0.066232  0.000000 )
(  -0.071004  0.000000   0.000000  0.000000  -0.000000  0.000000 )
(   0.099911  0.000000  -0.098678  0.000000  -0.066232  0.000000 )
(   0.071004  0.000000  -0.000000  0.000000   0.000000  0.000000 )
(  -0.099911  0.000000   0.098678  0.000000   0.066232  0.000000 )
(  -0.099911  0.000000  -0.098678  0.000000  -0.066232  0.000000 )
   freq (    8) =    23.53475322 [THz] =   785.03475406 [cm-1]
(  -0.000000  0.000000  -0.000000  0.000000  -0.000000  0.000000 )
(  -0.000001  0.000000   0.557627  0.000000  -0.000000  0.000000 )
(   0.000001  0.000000  -0.557627  0.000000   0.000000  0.000000 )
(   0.000001  0.000000  -0.368508  0.000000   0.000000  0.000000 )
(  -0.000001  0.000000   0.368508  0.000000  -0.000000  0.000000 )
(  -0.098678  0.000000   0.014033  0.000000  -0.038239  0.000000 )
(  -0.000000  0.000000  -0.156883  0.000000   0.076478  0.000000 )
(   0.098678  0.000000   0.014032  0.000000  -0.038239  0.000000 )
(   0.000000  0.000000   0.156883  0.000000  -0.076478  0.000000 )
(  -0.098678  0.000000  -0.014032  0.000000   0.038239  0.000000 )
(   0.098678  0.000000  -0.014033  0.000000   0.038239  0.000000 )
   freq (    9) =    26.25720062 [THz] =   875.84581144 [cm-1]
(  -0.000000  0.000000  -0.000000  0.000000  -0.021477  0.000000 )
(   0.000000  0.000000   0.000000  0.000000   0.194840  0.000000 )
(   0.000000  0.000000   0.000000  0.000000   0.194840  0.000000 )
(  -0.000000  0.000000   0.000000  0.000000   0.501364  0.000000 )
(   0.000000  0.000000   0.000000  0.000000   0.501364  0.000000 )
(  -0.038016  0.000000  -0.021949  0.000000   0.261190  0.000000 )
(  -0.000000  0.000000   0.043897  0.000000   0.261190  0.000000 )
(   0.038016  0.000000  -0.021949  0.000000   0.261190  0.000000 )
(   0.000000  0.000000   0.043897  0.000000   0.261190  0.000000 )
(   0.038016  0.000000  -0.021949  0.000000   0.261190  0.000000 )
(  -0.038016  0.000000  -0.021949  0.000000   0.261190  0.000000 )
   freq (   10) =    29.92524724 [THz] =   998.19865921 [cm-1]
(   0.004583  0.000000   0.000000  0.000000  -0.000000  0.000000 )
(  -0.055406  0.000000   0.000000  0.000000   0.000000  0.000000 )
(  -0.055406  0.000000   0.000000  0.000000  -0.000000  0.000000 )
(   0.191133  0.000000  -0.000000  0.000000   0.000000  0.000000 )
(   0.191133  0.000000  -0.000000  0.000000   0.000000  0.000000 )
(  -0.198823  0.000000  -0.083704  0.000000  -0.426858  0.000000 )
(  -0.053843  0.000000  -0.000000  0.000000  -0.000000  0.000000 )
(  -0.198823  0.000000   0.083704  0.000000   0.426858  0.000000 )
(  -0.053843  0.000000  -0.000000  0.000000   0.000000  0.000000 )
(  -0.198823  0.000000   0.083704  0.000000   0.426858  0.000000 )
(  -0.198823  0.000000  -0.083704  0.000000  -0.426858  0.000000 )
   freq (   11) =    29.92524724 [THz] =   998.19865922 [cm-1]
(  -0.000000  0.000000  -0.004583  0.000000  -0.000000  0.000000 )
(   0.000000  0.000000   0.055406  0.000000   0.000000  0.000000 )
(   0.000000  0.000000   0.055406  0.000000   0.000000  0.000000 )
(  -0.000000  0.000000  -0.191133  0.000000   0.000000  0.000000 )
(  -0.000000  0.000000  -0.191133  0.000000   0.000000  0.000000 )
(   0.083704  0.000000   0.102170  0.000000   0.246447  0.000000 )
(   0.000000  0.000000   0.247149  0.000000  -0.492893  0.000000 )
(  -0.083704  0.000000   0.102170  0.000000   0.246447  0.000000 )
(  -0.000000  0.000000   0.247149  0.000000  -0.492893  0.000000 )
(  -0.083704  0.000000   0.102170  0.000000   0.246447  0.000000 )
(   0.083704  0.000000   0.102170  0.000000   0.246447  0.000000 )
   freq (   12) =    30.61042774 [THz] =  1021.05381720 [cm-1]
(  -0.000000  0.000000   0.000000  0.000000   0.000000  0.000000 )
(   0.178860  0.000000   0.000001  0.000000  -0.000000  0.000000 )
(  -0.178860  0.000000  -0.000001  0.000000   0.000000  0.000000 )
(   0.336969  0.000000   0.000001  0.000000  -0.000000  0.000000 )
(  -0.336969  0.000000  -0.000001  0.000000   0.000000  0.000000 )
(  -0.252522  0.000000  -0.105443  0.000000   0.316075  0.000000 )
(  -0.069889  0.000000  -0.000001  0.000000  -0.000001  0.000000 )
(  -0.252521  0.000000   0.105442  0.000000  -0.316074  0.000000 )
(   0.069889  0.000000   0.000001  0.000000   0.000001  0.000000 )
(   0.252521  0.000000  -0.105442  0.000000   0.316074  0.000000 )
(   0.252522  0.000000   0.105443  0.000000  -0.316075  0.000000 )
   freq (   13) =    30.61042774 [THz] =  1021.05381722 [cm-1]
(  -0.000000  0.000000   0.000000  0.000000   0.000000  0.000000 )
(   0.000001  0.000000  -0.178860  0.000000   0.000000  0.000000 )
(  -0.000001  0.000000   0.178860  0.000000  -0.000000  0.000000 )
(   0.000001  0.000000  -0.336969  0.000000   0.000000  0.000000 )
(  -0.000001  0.000000   0.336969  0.000000  -0.000000  0.000000 )
(   0.105442  0.000000   0.130766  0.000000  -0.182484  0.000000 )
(  -0.000000  0.000000   0.313399  0.000000   0.364971  0.000000 )
(  -0.105444  0.000000   0.130767  0.000000  -0.182487  0.000000 )
(   0.000000  0.000000  -0.313399  0.000000  -0.364971  0.000000 )
(   0.105444  0.000000  -0.130767  0.000000   0.182487  0.000000 )
(  -0.105442  0.000000  -0.130766  0.000000   0.182484  0.000000 )
   freq (   14) =    31.26973444 [THz] =  1043.04591827 [cm-1]
(  -0.000000  0.000000   0.000000  0.000000   0.000000  0.000000 )
(  -0.228447  0.000000  -0.000000  0.000000   0.000000  0.000000 )
(   0.228447  0.000000   0.000000  0.000000  -0.000000  0.000000 )
(  -0.083154  0.000000  -0.000000  0.000000  -0.000000  0.000000 )
(   0.083154  0.000000   0.000000  0.000000  -0.000000  0.000000 )
(  -0.362378  0.000000  -0.061448  0.000000  -0.229349  0.000000 )
(  -0.255947  0.000000  -0.000000  0.000000   0.000000  0.000000 )
(  -0.362378  0.000000   0.061447  0.000000   0.229348  0.000000 )
(   0.255947  0.000000   0.000000  0.000000  -0.000000  0.000000 )
(   0.362378  0.000000  -0.061447  0.000000  -0.229348  0.000000 )
(   0.362378  0.000000   0.061448  0.000000   0.229349  0.000000 )
   freq (   15) =    31.26973444 [THz] =  1043.04591830 [cm-1]
(  -0.000000  0.000000   0.000000  0.000000   0.000000  0.000000 )
(   0.000000  0.000000  -0.228447  0.000000  -0.000000  0.000000 )
(  -0.000000  0.000000   0.228447  0.000000   0.000000  0.000000 )
(   0.000000  0.000000  -0.083154  0.000000  -0.000000  0.000000 )
(  -0.000000  0.000000   0.083154  0.000000   0.000000  0.000000 )
(  -0.061447  0.000000  -0.291424  0.000000  -0.132414  0.000000 )
(   0.000000  0.000000  -0.397855  0.000000   0.264829  0.000000 )
(   0.061448  0.000000  -0.291424  0.000000  -0.132415  0.000000 )
(  -0.000000  0.000000   0.397855  0.000000  -0.264829  0.000000 )
(  -0.061448  0.000000   0.291424  0.000000   0.132415  0.000000 )
(   0.061447  0.000000   0.291424  0.000000   0.132414  0.000000 )
   freq (   16) =    32.65347509 [THz] =  1089.20253149 [cm-1]
(   0.008484  0.000000   0.000000  0.000000   0.000000  0.000000 )
(   0.400670  0.000000  -0.000000  0.000000  -0.000000  0.000000 )
(   0.400670  0.000000  -0.000000  0.000000  -0.000000  0.000000 )
(  -0.368737  0.000000   0.000000  0.000000  -0.000000  0.000000 )
(  -0.368737  0.000000   0.000000  0.000000  -0.000000  0.000000 )
(  -0.282225  0.000000  -0.132882  0.000000   0.055377  0.000000 )
(  -0.052066  0.000000  -0.000000  0.000000   0.000000  0.000000 )
(  -0.282225  0.000000   0.132882  0.000000  -0.055377  0.000000 )
(  -0.052066  0.000000   0.000000  0.000000  -0.000000  0.000000 )
(  -0.282225  0.000000   0.132882  0.000000  -0.055377  0.000000 )
(  -0.282225  0.000000  -0.132882  0.000000   0.055377  0.000000 )
   freq (   17) =    32.65347509 [THz] =  1089.20253152 [cm-1]
(  -0.000000  0.000000  -0.008484  0.000000  -0.000000  0.000000 )
(   0.000000  0.000000  -0.400670  0.000000   0.000000  0.000000 )
(   0.000000  0.000000  -0.400670  0.000000   0.000000  0.000000 )
(   0.000000  0.000000   0.368737  0.000000   0.000000  0.000000 )
(   0.000000  0.000000   0.368737  0.000000   0.000000  0.000000 )
(   0.132882  0.000000   0.128786  0.000000  -0.031972  0.000000 )
(  -0.000000  0.000000   0.358944  0.000000   0.063944  0.000000 )
(  -0.132882  0.000000   0.128786  0.000000  -0.031972  0.000000 )
(   0.000000  0.000000   0.358944  0.000000   0.063944  0.000000 )
(  -0.132882  0.000000   0.128786  0.000000  -0.031972  0.000000 )
(   0.132882  0.000000   0.128786  0.000000  -0.031972  0.000000 )
   freq (   18) =    34.18931212 [THz] =  1140.43253304 [cm-1]
(  -0.000000  0.000000   0.000000  0.000000   0.000000  0.000000 )
(  -0.000000  0.000000  -0.000000  0.000000  -0.510962  0.000000 )
(   0.000000  0.000000   0.000000  0.000000   0.510962  0.000000 )
(  -0.000000  0.000000  -0.000000  0.000000  -0.379334  0.000000 )
(   0.000000  0.000000   0.000000  0.000000   0.379334  0.000000 )
(  -0.131197  0.000000  -0.075747  0.000000  -0.093403  0.000000 )
(   0.000000  0.000000   0.151493  0.000000  -0.093403  0.000000 )
(   0.131197  0.000000  -0.075747  0.000000  -0.093403  0.000000 )
(  -0.000000  0.000000  -0.151493  0.000000   0.093403  0.000000 )
(  -0.131197  0.000000   0.075747  0.000000   0.093403  0.000000 )
(   0.131197  0.000000   0.075747  0.000000   0.093403  0.000000 )
   freq (   19) =    35.70631155 [THz] =  1191.03418004 [cm-1]
(  -0.007171  0.000000   0.000000  0.000000   0.000000  0.000000 )
(   0.026706  0.000000  -0.000000  0.000000   0.000000  0.000000 )
(   0.026706  0.000000  -0.000000  0.000000  -0.000000  0.000000 )
(  -0.379131  0.000000   0.000000  0.000000   0.000000  0.000000 )
(  -0.379131  0.000000   0.000000  0.000000   0.000000  0.000000 )
(   0.227876  0.000000  -0.094035  0.000000  -0.201612  0.000000 )
(   0.390750  0.000000  -0.000000  0.000000  -0.000000  0.000000 )
(   0.227876  0.000000   0.094035  0.000000   0.201612  0.000000 )
(   0.390750  0.000000  -0.000000  0.000000  -0.000000  0.000000 )
(   0.227876  0.000000   0.094035  0.000000   0.201612  0.000000 )
(   0.227876  0.000000  -0.094035  0.000000  -0.201612  0.000000 )
   freq (   20) =    35.70631155 [THz] =  1191.03418008 [cm-1]
(  -0.000000  0.000000  -0.007171  0.000000   0.000000  0.000000 )
(   0.000000  0.000000   0.026706  0.000000  -0.000000  0.000000 )
(   0.000000  0.000000   0.026706  0.000000  -0.000000  0.000000 )
(  -0.000000  0.000000  -0.379131  0.000000   0.000000  0.000000 )
(  -0.000000  0.000000  -0.379131  0.000000   0.000000  0.000000 )
(  -0.094035  0.000000   0.336459  0.000000  -0.116401  0.000000 )
(  -0.000000  0.000000   0.173585  0.000000   0.232801  0.000000 )
(   0.094035  0.000000   0.336459  0.000000  -0.116401  0.000000 )
(   0.000000  0.000000   0.173585  0.000000   0.232801  0.000000 )
(   0.094035  0.000000   0.336459  0.000000  -0.116401  0.000000 )
(  -0.094035  0.000000   0.336459  0.000000  -0.116401  0.000000 )
   freq (   21) =    36.25716900 [THz] =  1209.40880414 [cm-1]
(  -0.000000  0.000000   0.000000  0.000000  -0.000000  0.000000 )
(   0.000000  0.000000   0.000000  0.000000   0.000000  0.000000 )
(  -0.000000  0.000000  -0.000000  0.000000   0.000000  0.000000 )
(  -0.000000  0.000000   0.000000  0.000000  -0.000000  0.000000 )
(   0.000000  0.000000   0.000000  0.000000   0.000000  0.000000 )
(   0.204124  0.000000  -0.353553  0.000000   0.000000  0.000000 )
(  -0.408248  0.000000  -0.000000  0.000000  -0.000000  0.000000 )
(   0.204124  0.000000   0.353553  0.000000  -0.000000  0.000000 )
(   0.408248  0.000000  -0.000000  0.000000  -0.000000  0.000000 )
(  -0.204124  0.000000  -0.353553  0.000000   0.000000  0.000000 )
(  -0.204124  0.000000   0.353553  0.000000  -0.000000  0.000000 )
   freq (   22) =    36.97414719 [THz] =  1233.32461899 [cm-1]
(  -0.000000  0.000000   0.000000  0.000000  -0.005776  0.000000 )
(   0.000000  0.000000   0.000000  0.000000   0.651389  0.000000 )
(   0.000000  0.000000   0.000000  0.000000   0.651389  0.000000 )
(  -0.000000  0.000000  -0.000000  0.000000  -0.260897  0.000000 )
(   0.000000  0.000000  -0.000000  0.000000  -0.260897  0.000000 )
(   0.043560  0.000000   0.025149  0.000000   0.002506  0.000000 )
(   0.000000  0.000000  -0.050299  0.000000   0.002506  0.000000 )
(  -0.043560  0.000000   0.025149  0.000000   0.002506  0.000000 )
(  -0.000000  0.000000  -0.050299  0.000000   0.002506  0.000000 )
(  -0.043560  0.000000   0.025149  0.000000   0.002506  0.000000 )
(   0.043560  0.000000   0.025149  0.000000   0.002506  0.000000 )
   freq (   23) =    38.72046563 [THz] =  1291.57552342 [cm-1]
(   0.000000  0.000000   0.000000  0.000000   0.000000  0.000000 )
(   0.000000  0.000000   0.000000  0.000000   0.000000  0.000000 )
(   0.000000  0.000000   0.000000  0.000000   0.000000  0.000000 )
(  -0.000000  0.000000   0.000000  0.000000   0.000000  0.000000 )
(  -0.000000  0.000000   0.000000  0.000000   0.000000  0.000000 )
(   0.204124  0.000000  -0.353553  0.000000  -0.000000  0.000000 )
(  -0.408248  0.000000  -0.000000  0.000000  -0.000000  0.000000 )
(   0.204124  0.000000   0.353553  0.000000   0.000000  0.000000 )
(  -0.408248  0.000000   0.000000  0.000000  -0.000000  0.000000 )
(   0.204124  0.000000   0.353553  0.000000   0.000000  0.000000 )
(   0.204124  0.000000  -0.353553  0.000000  -0.000000  0.000000 )
   freq (   24) =    41.55935193 [THz] =  1386.27056407 [cm-1]
(  -0.000000  0.000000   0.000000  0.000000  -0.004812  0.000000 )
(   0.000000  0.000000   0.000000  0.000000  -0.183732  0.000000 )
(  -0.000000  0.000000   0.000000  0.000000  -0.183732  0.000000 )
(   0.000000  0.000000  -0.000000  0.000000  -0.413692  0.000000 )
(  -0.000000  0.000000  -0.000000  0.000000  -0.413692  0.000000 )
(   0.043082  0.000000   0.024874  0.000000   0.309659  0.000000 )
(   0.000000  0.000000  -0.049747  0.000000   0.309659  0.000000 )
(  -0.043082  0.000000   0.024874  0.000000   0.309659  0.000000 )
(  -0.000000  0.000000  -0.049747  0.000000   0.309659  0.000000 )
(  -0.043082  0.000000   0.024874  0.000000   0.309659  0.000000 )
(   0.043082  0.000000   0.024874  0.000000   0.309659  0.000000 )
   freq (   25) =    42.48817387 [THz] =  1417.25272462 [cm-1]
(  -0.000000  0.000000   0.000000  0.000000  -0.000000  0.000000 )
(  -0.183267  0.000000   0.000000  0.000000  -0.000000  0.000000 )
(   0.183267  0.000000  -0.000000  0.000000  -0.000000  0.000000 )
(  -0.470404  0.000000   0.000001  0.000000  -0.000000  0.000000 )
(   0.470404  0.000000  -0.000001  0.000000  -0.000000  0.000000 )
(  -0.021723  0.000000   0.107569  0.000000   0.298134  0.000000 )
(  -0.208037  0.000000  -0.000000  0.000000   0.000001  0.000000 )
(  -0.021722  0.000000  -0.107569  0.000000  -0.298135  0.000000 )
(   0.208037  0.000000   0.000000  0.000000  -0.000001  0.000000 )
(   0.021722  0.000000   0.107569  0.000000   0.298135  0.000000 )
(   0.021723  0.000000  -0.107569  0.000000  -0.298134  0.000000 )
   freq (   26) =    42.48817387 [THz] =  1417.25272465 [cm-1]
(  -0.000000  0.000000   0.000000  0.000000   0.000000  0.000000 )
(  -0.000000  0.000000  -0.183267  0.000000  -0.000000  0.000000 )
(   0.000000  0.000000   0.183267  0.000000   0.000000  0.000000 )
(  -0.000001  0.000000  -0.470404  0.000000  -0.000000  0.000000 )
(   0.000001  0.000000   0.470404  0.000000   0.000000  0.000000 )
(   0.107569  0.000000  -0.145932  0.000000   0.172129  0.000000 )
(  -0.000000  0.000000   0.040382  0.000000  -0.344256  0.000000 )
(  -0.107569  0.000000  -0.145933  0.000000   0.172127  0.000000 )
(   0.000000  0.000000  -0.040382  0.000000   0.344256  0.000000 )
(   0.107569  0.000000   0.145933  0.000000  -0.172127  0.000000 )
(  -0.107569  0.000000   0.145932  0.000000  -0.172129  0.000000 )
   freq (   27) =    46.46275555 [THz] =  1549.83047980 [cm-1]
(  -0.007049  0.000000   0.000000  0.000000   0.000000  0.000000 )
(  -0.032213  0.000000  -0.000000  0.000000  -0.000000  0.000000 )
(  -0.032213  0.000000   0.000000  0.000000   0.000000  0.000000 )
(   0.304076  0.000000   0.000000  0.000000   0.000000  0.000000 )
(   0.304076  0.000000   0.000000  0.000000  -0.000000  0.000000 )
(  -0.099216  0.000000  -0.295293  0.000000   0.145679  0.000000 )
(   0.412246  0.000000   0.000000  0.000000   0.000000  0.000000 )
(  -0.099216  0.000000   0.295293  0.000000  -0.145679  0.000000 )
(   0.412246  0.000000   0.000000  0.000000  -0.000000  0.000000 )
(  -0.099216  0.000000   0.295293  0.000000  -0.145679  0.000000 )
(  -0.099216  0.000000  -0.295293  0.000000   0.145679  0.000000 )
   freq (   28) =    46.46275555 [THz] =  1549.83047981 [cm-1]
(  -0.000000  0.000000   0.007049  0.000000  -0.000000  0.000000 )
(   0.000000  0.000000   0.032213  0.000000  -0.000000  0.000000 )
(  -0.000000  0.000000   0.032213  0.000000  -0.000000  0.000000 )
(   0.000000  0.000000  -0.304076  0.000000   0.000000  0.000000 )
(  -0.000000  0.000000  -0.304076  0.000000   0.000000  0.000000 )
(   0.295293  0.000000  -0.241759  0.000000  -0.084108  0.000000 )
(  -0.000000  0.000000   0.269704  0.000000   0.168215  0.000000 )
(  -0.295293  0.000000  -0.241759  0.000000  -0.084108  0.000000 )
(   0.000000  0.000000   0.269704  0.000000   0.168215  0.000000 )
(  -0.295293  0.000000  -0.241759  0.000000  -0.084108  0.000000 )
(   0.295293  0.000000  -0.241759  0.000000  -0.084108  0.000000 )
   freq (   29) =    47.71016628 [THz] =  1591.43961709 [cm-1]
(  -0.000000  0.000000  -0.000000  0.000000  -0.000000  0.000000 )
(   0.000000  0.000000  -0.000000  0.000000   0.427149  0.000000 )
(  -0.000000  0.000000   0.000000  0.000000  -0.427149  0.000000 )
(   0.000000  0.000000  -0.000000  0.000000  -0.232930  0.000000 )
(  -0.000000  0.000000   0.000000  0.000000   0.232930  0.000000 )
(  -0.102526  0.000000  -0.059193  0.000000  -0.271564  0.000000 )
(  -0.000000  0.000000   0.118386  0.000000  -0.271564  0.000000 )
(   0.102526  0.000000  -0.059193  0.000000  -0.271564  0.000000 )
(   0.000000  0.000000  -0.118386  0.000000   0.271564  0.000000 )
(  -0.102526  0.000000   0.059193  0.000000   0.271564  0.000000 )
(   0.102526  0.000000   0.059193  0.000000   0.271564  0.000000 )
   freq (   30) =    47.72128552 [THz] =  1591.81051493 [cm-1]
(   0.000000  0.000000   0.000000  0.000000  -0.000000  0.000000 )
(  -0.266994  0.000000  -0.000003  0.000000  -0.000000  0.000000 )
(   0.266994  0.000000   0.000003  0.000000   0.000000  0.000000 )
(  -0.149866  0.000000  -0.000002  0.000000   0.000000  0.000000 )
(   0.149866  0.000000   0.000002  0.000000  -0.000000  0.000000 )
(  -0.052866  0.000000  -0.297986  0.000000   0.065005  0.000000 )
(   0.463270  0.000000  -0.000003  0.000000  -0.000001  0.000000 )
(  -0.052859  0.000000   0.297992  0.000000  -0.065004  0.000000 )
(  -0.463270  0.000000   0.000003  0.000000   0.000001  0.000000 )
(   0.052859  0.000000  -0.297992  0.000000   0.065004  0.000000 )
(   0.052866  0.000000   0.297986  0.000000  -0.065005  0.000000 )
   freq (   31) =    47.72128552 [THz] =  1591.81051495 [cm-1]
(   0.000000  0.000000   0.000000  0.000000  -0.000000  0.000000 )
(   0.000003  0.000000  -0.266994  0.000000  -0.000000  0.000000 )
(  -0.000003  0.000000   0.266994  0.000000   0.000000  0.000000 )
(   0.000002  0.000000  -0.149866  0.000000   0.000000  0.000000 )
(  -0.000002  0.000000   0.149866  0.000000  -0.000000  0.000000 )
(  -0.297989  0.000000   0.291229  0.000000   0.037530  0.000000 )
(  -0.000005  0.000000  -0.224907  0.000000  -0.075061  0.000000 )
(   0.297990  0.000000   0.291222  0.000000   0.037531  0.000000 )
(   0.000005  0.000000   0.224907  0.000000   0.075061  0.000000 )
(  -0.297990  0.000000  -0.291222  0.000000  -0.037531  0.000000 )
(   0.297989  0.000000  -0.291229  0.000000  -0.037530  0.000000 )
   freq (   32) =    52.29248982 [THz] =  1744.28945573 [cm-1]
(  -0.000000  0.000000  -0.000000  0.000000  -0.000898  0.000000 )
(  -0.000000  0.000000  -0.000000  0.000000  -0.038664  0.000000 )
(  -0.000000  0.000000  -0.000000  0.000000  -0.038664  0.000000 )
(   0.000000  0.000000   0.000000  0.000000   0.135764  0.000000 )
(   0.000000  0.000000   0.000000  0.000000   0.135764  0.000000 )
(   0.346287  0.000000   0.199929  0.000000  -0.011747  0.000000 )
(  -0.000000  0.000000  -0.399858  0.000000  -0.011747  0.000000 )
(  -0.346287  0.000000   0.199929  0.000000  -0.011747  0.000000 )
(   0.000000  0.000000  -0.399858  0.000000  -0.011747  0.000000 )
(  -0.346287  0.000000   0.199929  0.000000  -0.011747  0.000000 )
(   0.346287  0.000000   0.199929  0.000000  -0.011747  0.000000 )
   freq (   33) =    62.98604689 [THz] =  2100.98807364 [cm-1]
(   0.000000  0.000000  -0.000000  0.000000  -0.000000  0.000000 )
(   0.000000  0.000000   0.000000  0.000000   0.039504  0.000000 )
(  -0.000000  0.000000  -0.000000  0.000000  -0.039504  0.000000 )
(   0.000000  0.000000   0.000000  0.000000   0.308520  0.000000 )
(  -0.000000  0.000000  -0.000000  0.000000  -0.308520  0.000000 )
(  -0.308295  0.000000  -0.177994  0.000000   0.087694  0.000000 )
(   0.000000  0.000000   0.355989  0.000000   0.087694  0.000000 )
(   0.308295  0.000000  -0.177994  0.000000   0.087694  0.000000 )
(  -0.000000  0.000000  -0.355989  0.000000  -0.087694  0.000000 )
(  -0.308295  0.000000   0.177994  0.000000  -0.087694  0.000000 )
(   0.308295  0.000000   0.177994  0.000000  -0.087694  0.000000 )
***************************************************************************
