Dynamical matrix file
File generated with the CellConstructor by Lorenzo Monacelli
2 11 0     1.8897259890000000     0.0000000000000000     0.0000000000000000     0.0000000000000000     0.0000000000000000     0.0000000000000000
Basis vectors
    1.8010630236850551    -1.0398442215546657     2.9032993362975255
   -0.0000000000000004     2.0796884431093314     2.9032993362975246
   -1.8010630236850564    -1.0398442215546655     2.9032993362975223
	1  'La '  126604.5951757480361266
	2  'H '    918.7358275894680446
    1     1    -0.0000000000000007     0.0000000000000007     4.3549490479786694
    2     2    -0.0000000000000008     0.0000000000000004     2.1675031902693846
    3     2     0.0000000000000008    -0.0000000000000004    -2.1675031902693846
    4     2    -0.0000000000000001     0.0000000000000003     1.0190654897517528
    5     2    -0.0000000000000001    -0.0000000000000004    -1.0190654897517530
    6     2     0.9311361803155277     0.5375917237903733     6.1825262795027269
    7     2    -0.0000000000000007    -1.0751834475807431     6.1825262795027260
    8     2    -0.9311361803155294     0.5375917237903738     6.1825262795027260
    9     2    -0.0000000000000003     1.0751834475807447     2.5273718128269080
   10     2     0.9311361803155288    -0.5375917237903717     2.5273718128269094
   11     2    -0.9311361803155295    -0.5375917237903710     2.5273718128269076

     Dynamical Matrix in cartesian axes

     q = (     0.000000000000     0.000000000000     0.000000000000 )

    1    1
     0.6692167225900524     0.0000000000000000       -0.0000000000000001     0.0000000000000000       -0.0000000000000003     0.0000000000000000
    -0.0000000000000001     0.0000000000000000        0.6692167225866834     0.0000000000000000       -0.0000000000000002     0.0000000000000000
    -0.0000000000000003     0.0000000000000000       -0.0000000000000002     0.0000000000000000        0.6665225983026789     0.0000000000000000
    1    2
    -0.0354476141039668     0.0000000000000000        0.0000000000000000     0.0000000000000000        0.0000000000000000     0.0000000000000000
     0.0000000000000000     0.0000000000000000       -0.0354476141037883     0.0000000000000000        0.0000000000000000     0.0000000000000000
     0.0000000000000000     0.0000000000000000        0.0000000000000000     0.0000000000000000       -0.0480561797068985     0.0000000000000000
    1    3
    -0.0354476141039668     0.0000000000000000        0.0000000000000000     0.0000000000000000        0.0000000000000000     0.0000000000000000
     0.0000000000000000     0.0000000000000000       -0.0354476141037883     0.0000000000000000        0.0000000000000000     0.0000000000000000
     0.0000000000000000     0.0000000000000000        0.0000000000000000     0.0000000000000000       -0.0480561797068985     0.0000000000000000
    1    4
    -0.0865227483870831     0.0000000000000000        0.0000000000000000     0.0000000000000000        0.0000000000000000     0.0000000000000000
     0.0000000000000000     0.0000000000000000       -0.0865227483866475     0.0000000000000000        0.0000000000000000     0.0000000000000000
    -0.0000000000000000     0.0000000000000000        0.0000000000000000     0.0000000000000000       -0.0242176332251624     0.0000000000000000
    1    5
    -0.0865227483870831     0.0000000000000000        0.0000000000000000     0.0000000000000000        0.0000000000000000     0.0000000000000000
     0.0000000000000000     0.0000000000000000       -0.0865227483866475     0.0000000000000000        0.0000000000000000     0.0000000000000000
    -0.0000000000000000     0.0000000000000000        0.0000000000000000     0.0000000000000000       -0.0242176332251624     0.0000000000000000
    1    6
    -0.0531566525544752     0.0000000000000000        0.0306965828647048     0.0000000000000000       -0.0194935166708816     0.0000000000000000
     0.0306965828647048     0.0000000000000000       -0.0886020133143963     0.0000000000000000       -0.0112545870973576     0.0000000000000000
    -0.0197387659436915     0.0000000000000000       -0.0113961818310326     0.0000000000000000       -0.0869958287397595     0.0000000000000000
    1    7
    -0.1063246936950259     0.0000000000000000       -0.0000000000000000     0.0000000000000000        0.0000000000000000     0.0000000000000000
    -0.0000000000000000     0.0000000000000000       -0.0354339721741133     0.0000000000000000        0.0225091741947153     0.0000000000000000
     0.0000000000000001     0.0000000000000000        0.0227923636620653     0.0000000000000000       -0.0869958287397595     0.0000000000000000
    1    8
    -0.0531566525544752     0.0000000000000000       -0.0306965828647048     0.0000000000000000        0.0194935166708817     0.0000000000000000
    -0.0306965828647048     0.0000000000000000       -0.0886020133143963     0.0000000000000000       -0.0112545870973576     0.0000000000000000
     0.0197387659436916     0.0000000000000000       -0.0113961818310326     0.0000000000000000       -0.0869958287397595     0.0000000000000000
    1    9
    -0.1063246936950259     0.0000000000000000       -0.0000000000000000     0.0000000000000000        0.0000000000000000     0.0000000000000000
     0.0000000000000000     0.0000000000000000       -0.0354339721741133     0.0000000000000000        0.0225091741947153     0.0000000000000000
     0.0000000000000000     0.0000000000000000        0.0227923636620653     0.0000000000000000       -0.0869958287397595     0.0000000000000000
    1   10
    -0.0531566525544752     0.0000000000000000       -0.0306965828647048     0.0000000000000000        0.0194935166708817     0.0000000000000000
    -0.0306965828647048     0.0000000000000000       -0.0886020133143963     0.0000000000000000       -0.0112545870973576     0.0000000000000000
     0.0197387659436916     0.0000000000000000       -0.0113961818310326     0.0000000000000000       -0.0869958287397595     0.0000000000000000
    1   11
    -0.0531566525544752     0.0000000000000000        0.0306965828647048     0.0000000000000000       -0.0194935166708816     0.0000000000000000
     0.0306965828647048     0.0000000000000000       -0.0886020133143963     0.0000000000000000       -0.0112545870973576     0.0000000000000000
    -0.0197387659436915     0.0000000000000000       -0.0113961818310326     0.0000000000000000       -0.0869958287397595     0.0000000000000000
    2    1
    -0.0354476141039668     0.0000000000000000        0.0000000000000000     0.0000000000000000        0.0000000000000000     0.0000000000000000
     0.0000000000000000     0.0000000000000000       -0.0354476141037883     0.0000000000000000        0.0000000000000000     0.0000000000000000
     0.0000000000000000     0.0000000000000000        0.0000000000000000     0.0000000000000000       -0.0480561797068985     0.0000000000000000
    2    2
     0.0866964110792098     0.0000000000000000       -0.0000000000000000     0.0000000000000000       -0.0000000000000001     0.0000000000000000
    -0.0000000000000000     0.0000000000000000        0.0866964110787734     0.0000000000000000       -0.0000000000000000     0.0000000000000000
    -0.0000000000000001     0.0000000000000000       -0.0000000000000000     0.0000000000000000        0.1006216800782244     0.0000000000000000
    2    3
    -0.0029019831284752     0.0000000000000000        0.0000000000000000     0.0000000000000000        0.0000000000000000     0.0000000000000000
     0.0000000000000000     0.0000000000000000       -0.0029019831284606     0.0000000000000000        0.0000000000000000     0.0000000000000000
     0.0000000000000000     0.0000000000000000        0.0000000000000000     0.0000000000000000       -0.0016627232497116     0.0000000000000000
    2    4
     0.0088028169028256     0.0000000000000000        0.0000000000000000     0.0000000000000000        0.0000000000000000     0.0000000000000000
     0.0000000000000000     0.0000000000000000        0.0088028169027813     0.0000000000000000        0.0000000000000000     0.0000000000000000
     0.0000000000000000     0.0000000000000000        0.0000000000000000     0.0000000000000000       -0.0237966889815074     0.0000000000000000
    2    5
    -0.0187441390664877     0.0000000000000000        0.0000000000000000     0.0000000000000000       -0.0000000000000000     0.0000000000000000
     0.0000000000000000     0.0000000000000000       -0.0187441390663933     0.0000000000000000        0.0000000000000000     0.0000000000000000
    -0.0000000000000000     0.0000000000000000        0.0000000000000000     0.0000000000000000        0.0018150696787703     0.0000000000000000
    2    6
    -0.0027647267126767     0.0000000000000000        0.0074311872531776     0.0000000000000000       -0.0061610721337078     0.0000000000000000
     0.0074311872531776     0.0000000000000000       -0.0113455226346824     0.0000000000000000       -0.0035570966548839     0.0000000000000000
    -0.0075135958362234     0.0000000000000000       -0.0043379765786147     0.0000000000000000       -0.0146800484492567     0.0000000000000000
    2    7
    -0.0156359205957709     0.0000000000000000       -0.0000000000000000     0.0000000000000000        0.0000000000000000     0.0000000000000000
    -0.0000000000000000     0.0000000000000000        0.0015256712483470     0.0000000000000000        0.0071141933097679     0.0000000000000000
     0.0000000000000000     0.0000000000000000        0.0086759531572294     0.0000000000000000       -0.0146800484492567     0.0000000000000000
    2    8
    -0.0027647267126768     0.0000000000000000       -0.0074311872531776     0.0000000000000000        0.0061610721337078     0.0000000000000000
    -0.0074311872531776     0.0000000000000000       -0.0113455226346824     0.0000000000000000       -0.0035570966548839     0.0000000000000000
     0.0075135958362234     0.0000000000000000       -0.0043379765786147     0.0000000000000000       -0.0146800484492567     0.0000000000000000
    2    9
     0.0077828445551962     0.0000000000000000        0.0000000000000000     0.0000000000000000       -0.0000000000000000     0.0000000000000000
     0.0000000000000000     0.0000000000000000       -0.0192762563297534     0.0000000000000000       -0.0109976487048063     0.0000000000000000
    -0.0000000000000000     0.0000000000000000       -0.0071143220875975     0.0000000000000000        0.0050396625096309     0.0000000000000000
    2   10
    -0.0125114811085888     0.0000000000000000        0.0117169343849787     0.0000000000000000       -0.0095242431602832     0.0000000000000000
     0.0117169343849787     0.0000000000000000        0.0010180693339294     0.0000000000000000        0.0054988243524031     0.0000000000000000
    -0.0061611836585796     0.0000000000000000        0.0035571610437987     0.0000000000000000        0.0050396625096309     0.0000000000000000
    2   11
    -0.0125114811085888     0.0000000000000000       -0.0117169343849787     0.0000000000000000        0.0095242431602832     0.0000000000000000
    -0.0117169343849787     0.0000000000000000        0.0010180693339294     0.0000000000000000        0.0054988243524031     0.0000000000000000
     0.0061611836585796     0.0000000000000000        0.0035571610437987     0.0000000000000000        0.0050396625096309     0.0000000000000000
    3    1
    -0.0354476141039668     0.0000000000000000        0.0000000000000000     0.0000000000000000        0.0000000000000000     0.0000000000000000
     0.0000000000000000     0.0000000000000000       -0.0354476141037883     0.0000000000000000        0.0000000000000000     0.0000000000000000
     0.0000000000000000     0.0000000000000000        0.0000000000000000     0.0000000000000000       -0.0480561797068985     0.0000000000000000
    3    2
    -0.0029019831284752     0.0000000000000000        0.0000000000000000     0.0000000000000000        0.0000000000000000     0.0000000000000000
     0.0000000000000000     0.0000000000000000       -0.0029019831284606     0.0000000000000000        0.0000000000000000     0.0000000000000000
     0.0000000000000000     0.0000000000000000        0.0000000000000000     0.0000000000000000       -0.0016627232497116     0.0000000000000000
    3    3
     0.0866964110792098     0.0000000000000000       -0.0000000000000000     0.0000000000000000       -0.0000000000000001     0.0000000000000000
    -0.0000000000000000     0.0000000000000000        0.0866964110787734     0.0000000000000000       -0.0000000000000000     0.0000000000000000
    -0.0000000000000001     0.0000000000000000       -0.0000000000000000     0.0000000000000000        0.1006216800782244     0.0000000000000000
    3    4
    -0.0187441390664877     0.0000000000000000        0.0000000000000000     0.0000000000000000       -0.0000000000000000     0.0000000000000000
     0.0000000000000000     0.0000000000000000       -0.0187441390663933     0.0000000000000000        0.0000000000000000     0.0000000000000000
    -0.0000000000000000     0.0000000000000000        0.0000000000000000     0.0000000000000000        0.0018150696787703     0.0000000000000000
    3    5
     0.0088028169028256     0.0000000000000000       -0.0000000000000000     0.0000000000000000        0.0000000000000000     0.0000000000000000
     0.0000000000000000     0.0000000000000000        0.0088028169027813     0.0000000000000000        0.0000000000000000     0.0000000000000000
     0.0000000000000000     0.0000000000000000        0.0000000000000000     0.0000000000000000       -0.0237966889815074     0.0000000000000000
    3    6
    -0.0125114811085888     0.0000000000000000       -0.0117169343849787     0.0000000000000000        0.0095242431602832     0.0000000000000000
    -0.0117169343849787     0.0000000000000000        0.0010180693339294     0.0000000000000000        0.0054988243524031     0.0000000000000000
     0.0061611836585796     0.0000000000000000        0.0035571610437987     0.0000000000000000        0.0050396625096309     0.0000000000000000
    3    7
     0.0077828445551962     0.0000000000000000        0.0000000000000000     0.0000000000000000       -0.0000000000000000     0.0000000000000000
     0.0000000000000000     0.0000000000000000       -0.0192762563297534     0.0000000000000000       -0.0109976487048063     0.0000000000000000
    -0.0000000000000000     0.0000000000000000       -0.0071143220875975     0.0000000000000000        0.0050396625096309     0.0000000000000000
    3    8
    -0.0125114811085888     0.0000000000000000        0.0117169343849787     0.0000000000000000       -0.0095242431602832     0.0000000000000000
     0.0117169343849787     0.0000000000000000        0.0010180693339294     0.0000000000000000        0.0054988243524031     0.0000000000000000
    -0.0061611836585797     0.0000000000000000        0.0035571610437987     0.0000000000000000        0.0050396625096309     0.0000000000000000
    3    9
    -0.0156359205957709     0.0000000000000000       -0.0000000000000000     0.0000000000000000        0.0000000000000000     0.0000000000000000
    -0.0000000000000000     0.0000000000000000        0.0015256712483470     0.0000000000000000        0.0071141933097679     0.0000000000000000
     0.0000000000000000     0.0000000000000000        0.0086759531572294     0.0000000000000000       -0.0146800484492567     0.0000000000000000
    3   10
    -0.0027647267126768     0.0000000000000000       -0.0074311872531776     0.0000000000000000        0.0061610721337078     0.0000000000000000
    -0.0074311872531776     0.0000000000000000       -0.0113455226346824     0.0000000000000000       -0.0035570966548839     0.0000000000000000
     0.0075135958362234     0.0000000000000000       -0.0043379765786147     0.0000000000000000       -0.0146800484492567     0.0000000000000000
    3   11
    -0.0027647267126767     0.0000000000000000        0.0074311872531776     0.0000000000000000       -0.0061610721337078     0.0000000000000000
     0.0074311872531776     0.0000000000000000       -0.0113455226346824     0.0000000000000000       -0.0035570966548839     0.0000000000000000
    -0.0075135958362234     0.0000000000000000       -0.0043379765786147     0.0000000000000000       -0.0146800484492567     0.0000000000000000
    4    1
    -0.0865227483870831     0.0000000000000000        0.0000000000000000     0.0000000000000000        0.0000000000000000     0.0000000000000000
     0.0000000000000000     0.0000000000000000       -0.0865227483866475     0.0000000000000000        0.0000000000000000     0.0000000000000000
    -0.0000000000000000     0.0000000000000000        0.0000000000000000     0.0000000000000000       -0.0242176332251624     0.0000000000000000
    4    2
     0.0088028169028256     0.0000000000000000        0.0000000000000000     0.0000000000000000        0.0000000000000000     0.0000000000000000
     0.0000000000000000     0.0000000000000000        0.0088028169027813     0.0000000000000000        0.0000000000000000     0.0000000000000000
     0.0000000000000000     0.0000000000000000        0.0000000000000000     0.0000000000000000       -0.0237966889815074     0.0000000000000000
    4    3
    -0.0187441390664877     0.0000000000000000        0.0000000000000000     0.0000000000000000       -0.0000000000000000     0.0000000000000000
     0.0000000000000000     0.0000000000000000       -0.0187441390663933     0.0000000000000000        0.0000000000000000     0.0000000000000000
    -0.0000000000000000     0.0000000000000000        0.0000000000000000     0.0000000000000000        0.0018150696787703     0.0000000000000000
    4    4
     0.1143068210336854     0.0000000000000000        0.0000000000000000     0.0000000000000000       -0.0000000000000001     0.0000000000000000
     0.0000000000000000     0.0000000000000000        0.1143068210331100     0.0000000000000000       -0.0000000000000001     0.0000000000000000
    -0.0000000000000001     0.0000000000000000       -0.0000000000000000     0.0000000000000000        0.1400440117067730     0.0000000000000000
    4    5
    -0.0040597820400132     0.0000000000000000        0.0000000000000000     0.0000000000000000        0.0000000000000000     0.0000000000000000
    -0.0000000000000000     0.0000000000000000       -0.0040597820399928     0.0000000000000000        0.0000000000000000     0.0000000000000000
     0.0000000000000000     0.0000000000000000        0.0000000000000000     0.0000000000000000       -0.0078641105098928     0.0000000000000000
    4    6
    -0.0038582837951480     0.0000000000000000       -0.0063957912655750     0.0000000000000000       -0.0073844668257672     0.0000000000000000
    -0.0063957912655750     0.0000000000000000        0.0035269398225736     0.0000000000000000       -0.0042634239096678     0.0000000000000000
    -0.0186590905225778     0.0000000000000000       -0.0107728309360168     0.0000000000000000        0.0055036289525263     0.0000000000000000
    4    7
     0.0072195516314610     0.0000000000000000       -0.0000000000000000     0.0000000000000000       -0.0000000000000000     0.0000000000000000
    -0.0000000000000000     0.0000000000000000       -0.0075508956039797     0.0000000000000000        0.0085268478193356     0.0000000000000000
    -0.0000000000000000     0.0000000000000000        0.0215456618720336     0.0000000000000000        0.0055036289525263     0.0000000000000000
    4    8
    -0.0038582837951481     0.0000000000000000        0.0063957912655750     0.0000000000000000        0.0073844668257672     0.0000000000000000
     0.0063957912655750     0.0000000000000000        0.0035269398225736     0.0000000000000000       -0.0042634239096678     0.0000000000000000
     0.0186590905225778     0.0000000000000000       -0.0107728309360168     0.0000000000000000        0.0055036289525263     0.0000000000000000
    4    9
     0.0070782099327069     0.0000000000000000        0.0000000000000000     0.0000000000000000        0.0000000000000000     0.0000000000000000
     0.0000000000000000     0.0000000000000000       -0.0159355115886879     0.0000000000000000       -0.0229276513575055     0.0000000000000000
     0.0000000000000000     0.0000000000000000       -0.0328998287830826     0.0000000000000000       -0.0341638451755199     0.0000000000000000
    4   10
    -0.0101820812083994     0.0000000000000000        0.0099652337365839     0.0000000000000000       -0.0198559285247625     0.0000000000000000
     0.0099652337365839     0.0000000000000000        0.0013247795523314     0.0000000000000000        0.0114638256787528     0.0000000000000000
    -0.0284920875063797     0.0000000000000000        0.0164499143915413     0.0000000000000000       -0.0341638451755199     0.0000000000000000
    4   11
    -0.0101820812083994     0.0000000000000000       -0.0099652337365840     0.0000000000000000        0.0198559285247625     0.0000000000000000
    -0.0099652337365840     0.0000000000000000        0.0013247795523314     0.0000000000000000        0.0114638256787527     0.0000000000000000
     0.0284920875063798     0.0000000000000000        0.0164499143915413     0.0000000000000000       -0.0341638451755199     0.0000000000000000
    5    1
    -0.0865227483870831     0.0000000000000000        0.0000000000000000     0.0000000000000000        0.0000000000000000     0.0000000000000000
     0.0000000000000000     0.0000000000000000       -0.0865227483866475     0.0000000000000000        0.0000000000000000     0.0000000000000000
    -0.0000000000000000     0.0000000000000000        0.0000000000000000     0.0000000000000000       -0.0242176332251624     0.0000000000000000
    5    2
    -0.0187441390664877     0.0000000000000000        0.0000000000000000     0.0000000000000000       -0.0000000000000000     0.0000000000000000
     0.0000000000000000     0.0000000000000000       -0.0187441390663933     0.0000000000000000        0.0000000000000000     0.0000000000000000
    -0.0000000000000000     0.0000000000000000        0.0000000000000000     0.0000000000000000        0.0018150696787703     0.0000000000000000
    5    3
     0.0088028169028256     0.0000000000000000       -0.0000000000000000     0.0000000000000000        0.0000000000000000     0.0000000000000000
     0.0000000000000000     0.0000000000000000        0.0088028169027813     0.0000000000000000        0.0000000000000000     0.0000000000000000
     0.0000000000000000     0.0000000000000000        0.0000000000000000     0.0000000000000000       -0.0237966889815074     0.0000000000000000
    5    4
    -0.0040597820400132     0.0000000000000000        0.0000000000000000     0.0000000000000000        0.0000000000000000     0.0000000000000000
     0.0000000000000000     0.0000000000000000       -0.0040597820399928     0.0000000000000000        0.0000000000000000     0.0000000000000000
     0.0000000000000000     0.0000000000000000        0.0000000000000000     0.0000000000000000       -0.0078641105098928     0.0000000000000000
    5    5
     0.1143068210336854     0.0000000000000000        0.0000000000000000     0.0000000000000000       -0.0000000000000001     0.0000000000000000
     0.0000000000000000     0.0000000000000000        0.1143068210331100     0.0000000000000000       -0.0000000000000001     0.0000000000000000
    -0.0000000000000001     0.0000000000000000       -0.0000000000000000     0.0000000000000000        0.1400440117067730     0.0000000000000000
    5    6
    -0.0101820812083994     0.0000000000000000       -0.0099652337365839     0.0000000000000000        0.0198559285247625     0.0000000000000000
    -0.0099652337365839     0.0000000000000000        0.0013247795523314     0.0000000000000000        0.0114638256787527     0.0000000000000000
     0.0284920875063798     0.0000000000000000        0.0164499143915413     0.0000000000000000       -0.0341638451755199     0.0000000000000000
    5    7
     0.0070782099327069     0.0000000000000000        0.0000000000000000     0.0000000000000000        0.0000000000000000     0.0000000000000000
     0.0000000000000000     0.0000000000000000       -0.0159355115886879     0.0000000000000000       -0.0229276513575055     0.0000000000000000
     0.0000000000000000     0.0000000000000000       -0.0328998287830826     0.0000000000000000       -0.0341638451755199     0.0000000000000000
    5    8
    -0.0101820812083994     0.0000000000000000        0.0099652337365839     0.0000000000000000       -0.0198559285247625     0.0000000000000000
     0.0099652337365839     0.0000000000000000        0.0013247795523314     0.0000000000000000        0.0114638256787527     0.0000000000000000
    -0.0284920875063797     0.0000000000000000        0.0164499143915413     0.0000000000000000       -0.0341638451755199     0.0000000000000000
    5    9
     0.0072195516314610     0.0000000000000000       -0.0000000000000000     0.0000000000000000       -0.0000000000000000     0.0000000000000000
    -0.0000000000000000     0.0000000000000000       -0.0075508956039797     0.0000000000000000        0.0085268478193356     0.0000000000000000
    -0.0000000000000000     0.0000000000000000        0.0215456618720336     0.0000000000000000        0.0055036289525263     0.0000000000000000
    5   10
    -0.0038582837951481     0.0000000000000000        0.0063957912655750     0.0000000000000000        0.0073844668257672     0.0000000000000000
     0.0063957912655750     0.0000000000000000        0.0035269398225736     0.0000000000000000       -0.0042634239096678     0.0000000000000000
     0.0186590905225778     0.0000000000000000       -0.0107728309360168     0.0000000000000000        0.0055036289525263     0.0000000000000000
    5   11
    -0.0038582837951480     0.0000000000000000       -0.0063957912655750     0.0000000000000000       -0.0073844668257672     0.0000000000000000
    -0.0063957912655750     0.0000000000000000        0.0035269398225736     0.0000000000000000       -0.0042634239096678     0.0000000000000000
    -0.0186590905225778     0.0000000000000000       -0.0107728309360168     0.0000000000000000        0.0055036289525263     0.0000000000000000
    6    1
    -0.0531566525544752     0.0000000000000000        0.0306965828647048     0.0000000000000000       -0.0197387659436915     0.0000000000000000
     0.0306965828647048     0.0000000000000000       -0.0886020133143963     0.0000000000000000       -0.0113961818310326     0.0000000000000000
    -0.0194935166708816     0.0000000000000000       -0.0112545870973576     0.0000000000000000       -0.0869958287397595     0.0000000000000000
    6    2
    -0.0027647267126767     0.0000000000000000        0.0074311872531776     0.0000000000000000       -0.0075135958362234     0.0000000000000000
     0.0074311872531776     0.0000000000000000       -0.0113455226346824     0.0000000000000000       -0.0043379765786147     0.0000000000000000
    -0.0061610721337078     0.0000000000000000       -0.0035570966548839     0.0000000000000000       -0.0146800484492567     0.0000000000000000
    6    3
    -0.0125114811085888     0.0000000000000000       -0.0117169343849787     0.0000000000000000        0.0061611836585796     0.0000000000000000
    -0.0117169343849787     0.0000000000000000        0.0010180693339294     0.0000000000000000        0.0035571610437987     0.0000000000000000
     0.0095242431602832     0.0000000000000000        0.0054988243524031     0.0000000000000000        0.0050396625096309     0.0000000000000000
    6    4
    -0.0038582837951480     0.0000000000000000       -0.0063957912655750     0.0000000000000000       -0.0186590905225778     0.0000000000000000
    -0.0063957912655750     0.0000000000000000        0.0035269398225736     0.0000000000000000       -0.0107728309360168     0.0000000000000000
    -0.0073844668257672     0.0000000000000000       -0.0042634239096678     0.0000000000000000        0.0055036289525263     0.0000000000000000
    6    5
    -0.0101820812083994     0.0000000000000000       -0.0099652337365840     0.0000000000000000        0.0284920875063798     0.0000000000000000
    -0.0099652337365840     0.0000000000000000        0.0013247795523314     0.0000000000000000        0.0164499143915413     0.0000000000000000
     0.0198559285247625     0.0000000000000000        0.0114638256787528     0.0000000000000000       -0.0341638451755199     0.0000000000000000
    6    6
     0.1355070320410443     0.0000000000000000        0.0065579568395642     0.0000000000000000       -0.0028548439505741     0.0000000000000000
     0.0065579568395642     0.0000000000000000        0.1279345557470685     0.0000000000000000       -0.0016482449233542     0.0000000000000000
    -0.0028548439505741     0.0000000000000000       -0.0016482449233542     0.0000000000000000        0.1210084996550096     0.0000000000000000
    6    7
    -0.0095256328559110     0.0000000000000000       -0.0300389599320151     0.0000000000000000        0.0010353500807213     0.0000000000000000
    -0.0184999018186643     0.0000000000000000       -0.0375495577537053     0.0000000000000000       -0.0023138564221665     0.0000000000000000
     0.0025215334826717     0.0000000000000000        0.0002602887393706     0.0000000000000000        0.0050758227096917     0.0000000000000000
    6    8
    -0.0515615202028860     0.0000000000000000        0.0057695290566754     0.0000000000000000       -0.0014861834019503     0.0000000000000000
    -0.0057695290566754     0.0000000000000000        0.0044863295930581     0.0000000000000000        0.0020535676827959     0.0000000000000000
     0.0014861834019503     0.0000000000000000        0.0020535676827959     0.0000000000000000        0.0050758227096917     0.0000000000000000
    6    9
    -0.0011305251758927     0.0000000000000000        0.0138874338506828     0.0000000000000000        0.0096344041811751     0.0000000000000000
     0.0045294508084659     0.0000000000000000        0.0095024681396800     0.0000000000000000       -0.0009213582200641     0.0000000000000000
     0.0056151217151507     0.0000000000000000       -0.0078829596611716     0.0000000000000000        0.0001508917485850     0.0000000000000000
    6   10
     0.0148189647975381     0.0000000000000000       -0.0046789915211085     0.0000000000000000        0.0040192824660245     0.0000000000000000
     0.0046789915211085     0.0000000000000000       -0.0064470218336705     0.0000000000000000        0.0088043178812357     0.0000000000000000
    -0.0040192824660244     0.0000000000000000        0.0088043178812357     0.0000000000000000        0.0001508917485850     0.0000000000000000
    6   11
    -0.0056350932246046     0.0000000000000000       -0.0015467790245436     0.0000000000000000        0.0009101717621368     0.0000000000000000
    -0.0015467790245436     0.0000000000000000       -0.0038490266521865     0.0000000000000000        0.0005254879118771     0.0000000000000000
     0.0009101717621368     0.0000000000000000        0.0005254879118771     0.0000000000000000       -0.0061654976691843     0.0000000000000000
    7    1
    -0.1063246936950259     0.0000000000000000       -0.0000000000000000     0.0000000000000000        0.0000000000000000     0.0000000000000000
    -0.0000000000000000     0.0000000000000000       -0.0354339721741133     0.0000000000000000        0.0227923636620653     0.0000000000000000
     0.0000000000000001     0.0000000000000000        0.0225091741947154     0.0000000000000000       -0.0869958287397595     0.0000000000000000
    7    2
    -0.0156359205957709     0.0000000000000000        0.0000000000000000     0.0000000000000000        0.0000000000000000     0.0000000000000000
    -0.0000000000000000     0.0000000000000000        0.0015256712483470     0.0000000000000000        0.0086759531572294     0.0000000000000000
     0.0000000000000000     0.0000000000000000        0.0071141933097679     0.0000000000000000       -0.0146800484492567     0.0000000000000000
    7    3
     0.0077828445551962     0.0000000000000000        0.0000000000000000     0.0000000000000000       -0.0000000000000000     0.0000000000000000
     0.0000000000000000     0.0000000000000000       -0.0192762563297534     0.0000000000000000       -0.0071143220875975     0.0000000000000000
    -0.0000000000000000     0.0000000000000000       -0.0109976487048063     0.0000000000000000        0.0050396625096309     0.0000000000000000
    7    4
     0.0072195516314610     0.0000000000000000       -0.0000000000000000     0.0000000000000000       -0.0000000000000000     0.0000000000000000
    -0.0000000000000000     0.0000000000000000       -0.0075508956039797     0.0000000000000000        0.0215456618720336     0.0000000000000000
    -0.0000000000000000     0.0000000000000000        0.0085268478193356     0.0000000000000000        0.0055036289525263     0.0000000000000000
    7    5
     0.0070782099327069     0.0000000000000000        0.0000000000000000     0.0000000000000000        0.0000000000000000     0.0000000000000000
     0.0000000000000000     0.0000000000000000       -0.0159355115886879     0.0000000000000000       -0.0328998287830826     0.0000000000000000
     0.0000000000000000     0.0000000000000000       -0.0229276513575055     0.0000000000000000       -0.0341638451755199     0.0000000000000000
    7    6
    -0.0095256328559110     0.0000000000000000       -0.0184999018186643     0.0000000000000000        0.0025215334826717     0.0000000000000000
    -0.0300389599320151     0.0000000000000000       -0.0375495577537053     0.0000000000000000        0.0002602887393706     0.0000000000000000
     0.0010353500807213     0.0000000000000000       -0.0023138564221665     0.0000000000000000        0.0050758227096917     0.0000000000000000
    7    7
     0.1241483176010466     0.0000000000000000       -0.0000000000000000     0.0000000000000000       -0.0000000000000000     0.0000000000000000
    -0.0000000000000000     0.0000000000000000        0.1392932701870089     0.0000000000000000        0.0032964898467083     0.0000000000000000
    -0.0000000000000001     0.0000000000000000        0.0032964898467083     0.0000000000000000        0.1210084996550096     0.0000000000000000
    7    8
    -0.0095256328559110     0.0000000000000000        0.0184999018186643     0.0000000000000000       -0.0025215334826717     0.0000000000000000
     0.0300389599320151     0.0000000000000000       -0.0375495577537053     0.0000000000000000        0.0002602887393706     0.0000000000000000
    -0.0010353500807213     0.0000000000000000       -0.0023138564221665     0.0000000000000000        0.0050758227096917     0.0000000000000000
    7    9
    -0.0029559933660065     0.0000000000000000        0.0000000000000000     0.0000000000000000        0.0000000000000000     0.0000000000000000
     0.0000000000000000     0.0000000000000000       -0.0065281265107711     0.0000000000000000       -0.0010509758237543     0.0000000000000000
     0.0000000000000000     0.0000000000000000       -0.0010509758237543     0.0000000000000000       -0.0061654976691843     0.0000000000000000
    7   10
    -0.0011305251758927     0.0000000000000000       -0.0045294508084659     0.0000000000000000       -0.0056151217151507     0.0000000000000000
    -0.0138874338506828     0.0000000000000000        0.0095024681396800     0.0000000000000000       -0.0078829596611716     0.0000000000000000
    -0.0096344041811751     0.0000000000000000       -0.0009213582200641     0.0000000000000000        0.0001508917485850     0.0000000000000000
    7   11
    -0.0011305251758927     0.0000000000000000        0.0045294508084659     0.0000000000000000        0.0056151217151507     0.0000000000000000
     0.0138874338506828     0.0000000000000000        0.0095024681396800     0.0000000000000000       -0.0078829596611716     0.0000000000000000
     0.0096344041811751     0.0000000000000000       -0.0009213582200641     0.0000000000000000        0.0001508917485850     0.0000000000000000
    8    1
    -0.0531566525544752     0.0000000000000000       -0.0306965828647048     0.0000000000000000        0.0197387659436916     0.0000000000000000
    -0.0306965828647048     0.0000000000000000       -0.0886020133143963     0.0000000000000000       -0.0113961818310326     0.0000000000000000
     0.0194935166708817     0.0000000000000000       -0.0112545870973576     0.0000000000000000       -0.0869958287397595     0.0000000000000000
    8    2
    -0.0027647267126768     0.0000000000000000       -0.0074311872531776     0.0000000000000000        0.0075135958362234     0.0000000000000000
    -0.0074311872531776     0.0000000000000000       -0.0113455226346824     0.0000000000000000       -0.0043379765786147     0.0000000000000000
     0.0061610721337078     0.0000000000000000       -0.0035570966548839     0.0000000000000000       -0.0146800484492567     0.0000000000000000
    8    3
    -0.0125114811085888     0.0000000000000000        0.0117169343849787     0.0000000000000000       -0.0061611836585796     0.0000000000000000
     0.0117169343849787     0.0000000000000000        0.0010180693339294     0.0000000000000000        0.0035571610437987     0.0000000000000000
    -0.0095242431602832     0.0000000000000000        0.0054988243524031     0.0000000000000000        0.0050396625096309     0.0000000000000000
    8    4
    -0.0038582837951481     0.0000000000000000        0.0063957912655750     0.0000000000000000        0.0186590905225778     0.0000000000000000
     0.0063957912655750     0.0000000000000000        0.0035269398225736     0.0000000000000000       -0.0107728309360168     0.0000000000000000
     0.0073844668257672     0.0000000000000000       -0.0042634239096678     0.0000000000000000        0.0055036289525263     0.0000000000000000
    8    5
    -0.0101820812083994     0.0000000000000000        0.0099652337365839     0.0000000000000000       -0.0284920875063797     0.0000000000000000
     0.0099652337365839     0.0000000000000000        0.0013247795523314     0.0000000000000000        0.0164499143915413     0.0000000000000000
    -0.0198559285247625     0.0000000000000000        0.0114638256787528     0.0000000000000000       -0.0341638451755199     0.0000000000000000
    8    6
    -0.0515615202028860     0.0000000000000000       -0.0057695290566754     0.0000000000000000        0.0014861834019503     0.0000000000000000
     0.0057695290566754     0.0000000000000000        0.0044863295930581     0.0000000000000000        0.0020535676827959     0.0000000000000000
    -0.0014861834019504     0.0000000000000000        0.0020535676827959     0.0000000000000000        0.0050758227096917     0.0000000000000000
    8    7
    -0.0095256328559110     0.0000000000000000        0.0300389599320151     0.0000000000000000       -0.0010353500807213     0.0000000000000000
     0.0184999018186643     0.0000000000000000       -0.0375495577537053     0.0000000000000000       -0.0023138564221665     0.0000000000000000
    -0.0025215334826717     0.0000000000000000        0.0002602887393706     0.0000000000000000        0.0050758227096917     0.0000000000000000
    8    8
     0.1355070320410443     0.0000000000000000       -0.0065579568395642     0.0000000000000000        0.0028548439505740     0.0000000000000000
    -0.0065579568395642     0.0000000000000000        0.1279345557470685     0.0000000000000000       -0.0016482449233542     0.0000000000000000
     0.0028548439505740     0.0000000000000000       -0.0016482449233542     0.0000000000000000        0.1210084996550096     0.0000000000000000
    8    9
    -0.0011305251758927     0.0000000000000000       -0.0138874338506828     0.0000000000000000       -0.0096344041811751     0.0000000000000000
    -0.0045294508084659     0.0000000000000000        0.0095024681396800     0.0000000000000000       -0.0009213582200641     0.0000000000000000
    -0.0056151217151507     0.0000000000000000       -0.0078829596611716     0.0000000000000000        0.0001508917485850     0.0000000000000000
    8   10
    -0.0056350932246046     0.0000000000000000        0.0015467790245436     0.0000000000000000       -0.0009101717621368     0.0000000000000000
     0.0015467790245436     0.0000000000000000       -0.0038490266521865     0.0000000000000000        0.0005254879118771     0.0000000000000000
    -0.0009101717621368     0.0000000000000000        0.0005254879118771     0.0000000000000000       -0.0061654976691843     0.0000000000000000
    8   11
     0.0148189647975381     0.0000000000000000        0.0046789915211085     0.0000000000000000       -0.0040192824660244     0.0000000000000000
    -0.0046789915211085     0.0000000000000000       -0.0064470218336705     0.0000000000000000        0.0088043178812357     0.0000000000000000
     0.0040192824660245     0.0000000000000000        0.0088043178812357     0.0000000000000000        0.0001508917485850     0.0000000000000000
    9    1
    -0.1063246936950259     0.0000000000000000        0.0000000000000000     0.0000000000000000        0.0000000000000000     0.0000000000000000
     0.0000000000000000     0.0000000000000000       -0.0354339721741133     0.0000000000000000        0.0227923636620653     0.0000000000000000
     0.0000000000000000     0.0000000000000000        0.0225091741947154     0.0000000000000000       -0.0869958287397595     0.0000000000000000
    9    2
     0.0077828445551962     0.0000000000000000        0.0000000000000000     0.0000000000000000       -0.0000000000000000     0.0000000000000000
     0.0000000000000000     0.0000000000000000       -0.0192762563297534     0.0000000000000000       -0.0071143220875975     0.0000000000000000
    -0.0000000000000000     0.0000000000000000       -0.0109976487048063     0.0000000000000000        0.0050396625096309     0.0000000000000000
    9    3
    -0.0156359205957709     0.0000000000000000       -0.0000000000000000     0.0000000000000000        0.0000000000000000     0.0000000000000000
    -0.0000000000000000     0.0000000000000000        0.0015256712483470     0.0000000000000000        0.0086759531572294     0.0000000000000000
     0.0000000000000000     0.0000000000000000        0.0071141933097679     0.0000000000000000       -0.0146800484492567     0.0000000000000000
    9    4
     0.0070782099327069     0.0000000000000000        0.0000000000000000     0.0000000000000000        0.0000000000000000     0.0000000000000000
     0.0000000000000000     0.0000000000000000       -0.0159355115886879     0.0000000000000000       -0.0328998287830826     0.0000000000000000
     0.0000000000000000     0.0000000000000000       -0.0229276513575055     0.0000000000000000       -0.0341638451755199     0.0000000000000000
    9    5
     0.0072195516314610     0.0000000000000000       -0.0000000000000000     0.0000000000000000       -0.0000000000000000     0.0000000000000000
    -0.0000000000000000     0.0000000000000000       -0.0075508956039797     0.0000000000000000        0.0215456618720336     0.0000000000000000
    -0.0000000000000000     0.0000000000000000        0.0085268478193356     0.0000000000000000        0.0055036289525263     0.0000000000000000
    9    6
    -0.0011305251758927     0.0000000000000000        0.0045294508084659     0.0000000000000000        0.0056151217151507     0.0000000000000000
     0.0138874338506828     0.0000000000000000        0.0095024681396800     0.0000000000000000       -0.0078829596611716     0.0000000000000000
     0.0096344041811751     0.0000000000000000       -0.0009213582200641     0.0000000000000000        0.0001508917485850     0.0000000000000000
    9    7
    -0.0029559933660065     0.0000000000000000        0.0000000000000000     0.0000000000000000        0.0000000000000000     0.0000000000000000
     0.0000000000000000     0.0000000000000000       -0.0065281265107711     0.0000000000000000       -0.0010509758237543     0.0000000000000000
     0.0000000000000000     0.0000000000000000       -0.0010509758237543     0.0000000000000000       -0.0061654976691843     0.0000000000000000
    9    8
    -0.0011305251758927     0.0000000000000000       -0.0045294508084659     0.0000000000000000       -0.0056151217151507     0.0000000000000000
    -0.0138874338506828     0.0000000000000000        0.0095024681396800     0.0000000000000000       -0.0078829596611716     0.0000000000000000
    -0.0096344041811751     0.0000000000000000       -0.0009213582200641     0.0000000000000000        0.0001508917485850     0.0000000000000000
    9    9
     0.1241483176010466     0.0000000000000000       -0.0000000000000000     0.0000000000000000       -0.0000000000000001     0.0000000000000000
     0.0000000000000000     0.0000000000000000        0.1392932701870090     0.0000000000000000        0.0032964898467083     0.0000000000000000
    -0.0000000000000001     0.0000000000000000        0.0032964898467083     0.0000000000000000        0.1210084996550096     0.0000000000000000
    9   10
    -0.0095256328559110     0.0000000000000000        0.0184999018186643     0.0000000000000000       -0.0025215334826717     0.0000000000000000
     0.0300389599320151     0.0000000000000000       -0.0375495577537053     0.0000000000000000        0.0002602887393706     0.0000000000000000
    -0.0010353500807213     0.0000000000000000       -0.0023138564221665     0.0000000000000000        0.0050758227096917     0.0000000000000000
    9   11
    -0.0095256328559110     0.0000000000000000       -0.0184999018186643     0.0000000000000000        0.0025215334826717     0.0000000000000000
    -0.0300389599320151     0.0000000000000000       -0.0375495577537053     0.0000000000000000        0.0002602887393706     0.0000000000000000
     0.0010353500807213     0.0000000000000000       -0.0023138564221665     0.0000000000000000        0.0050758227096917     0.0000000000000000
   10    1
    -0.0531566525544752     0.0000000000000000       -0.0306965828647048     0.0000000000000000        0.0197387659436916     0.0000000000000000
    -0.0306965828647048     0.0000000000000000       -0.0886020133143963     0.0000000000000000       -0.0113961818310326     0.0000000000000000
     0.0194935166708817     0.0000000000000000       -0.0112545870973576     0.0000000000000000       -0.0869958287397595     0.0000000000000000
   10    2
    -0.0125114811085888     0.0000000000000000        0.0117169343849787     0.0000000000000000       -0.0061611836585796     0.0000000000000000
     0.0117169343849787     0.0000000000000000        0.0010180693339294     0.0000000000000000        0.0035571610437987     0.0000000000000000
    -0.0095242431602832     0.0000000000000000        0.0054988243524031     0.0000000000000000        0.0050396625096309     0.0000000000000000
   10    3
    -0.0027647267126768     0.0000000000000000       -0.0074311872531776     0.0000000000000000        0.0075135958362234     0.0000000000000000
    -0.0074311872531776     0.0000000000000000       -0.0113455226346824     0.0000000000000000       -0.0043379765786147     0.0000000000000000
     0.0061610721337078     0.0000000000000000       -0.0035570966548839     0.0000000000000000       -0.0146800484492567     0.0000000000000000
   10    4
    -0.0101820812083994     0.0000000000000000        0.0099652337365839     0.0000000000000000       -0.0284920875063797     0.0000000000000000
     0.0099652337365839     0.0000000000000000        0.0013247795523314     0.0000000000000000        0.0164499143915413     0.0000000000000000
    -0.0198559285247625     0.0000000000000000        0.0114638256787528     0.0000000000000000       -0.0341638451755199     0.0000000000000000
   10    5
    -0.0038582837951481     0.0000000000000000        0.0063957912655750     0.0000000000000000        0.0186590905225778     0.0000000000000000
     0.0063957912655750     0.0000000000000000        0.0035269398225736     0.0000000000000000       -0.0107728309360168     0.0000000000000000
     0.0073844668257672     0.0000000000000000       -0.0042634239096678     0.0000000000000000        0.0055036289525263     0.0000000000000000
   10    6
     0.0148189647975381     0.0000000000000000        0.0046789915211085     0.0000000000000000       -0.0040192824660244     0.0000000000000000
    -0.0046789915211085     0.0000000000000000       -0.0064470218336705     0.0000000000000000        0.0088043178812357     0.0000000000000000
     0.0040192824660245     0.0000000000000000        0.0088043178812357     0.0000000000000000        0.0001508917485850     0.0000000000000000
   10    7
    -0.0011305251758927     0.0000000000000000       -0.0138874338506828     0.0000000000000000       -0.0096344041811751     0.0000000000000000
    -0.0045294508084659     0.0000000000000000        0.0095024681396800     0.0000000000000000       -0.0009213582200641     0.0000000000000000
    -0.0056151217151507     0.0000000000000000       -0.0078829596611716     0.0000000000000000        0.0001508917485850     0.0000000000000000
   10    8
    -0.0056350932246046     0.0000000000000000        0.0015467790245436     0.0000000000000000       -0.0009101717621368     0.0000000000000000
     0.0015467790245436     0.0000000000000000       -0.0038490266521865     0.0000000000000000        0.0005254879118771     0.0000000000000000
    -0.0009101717621368     0.0000000000000000        0.0005254879118771     0.0000000000000000       -0.0061654976691843     0.0000000000000000
   10    9
    -0.0095256328559110     0.0000000000000000        0.0300389599320151     0.0000000000000000       -0.0010353500807213     0.0000000000000000
     0.0184999018186643     0.0000000000000000       -0.0375495577537053     0.0000000000000000       -0.0023138564221665     0.0000000000000000
    -0.0025215334826717     0.0000000000000000        0.0002602887393706     0.0000000000000000        0.0050758227096917     0.0000000000000000
   10   10
     0.1355070320410443     0.0000000000000000       -0.0065579568395642     0.0000000000000000        0.0028548439505740     0.0000000000000000
    -0.0065579568395642     0.0000000000000000        0.1279345557470685     0.0000000000000000       -0.0016482449233542     0.0000000000000000
     0.0028548439505740     0.0000000000000000       -0.0016482449233542     0.0000000000000000        0.1210084996550096     0.0000000000000000
   10   11
    -0.0515615202028860     0.0000000000000000       -0.0057695290566754     0.0000000000000000        0.0014861834019503     0.0000000000000000
     0.0057695290566754     0.0000000000000000        0.0044863295930581     0.0000000000000000        0.0020535676827959     0.0000000000000000
    -0.0014861834019504     0.0000000000000000        0.0020535676827959     0.0000000000000000        0.0050758227096917     0.0000000000000000
   11    1
    -0.0531566525544752     0.0000000000000000        0.0306965828647048     0.0000000000000000       -0.0197387659436915     0.0000000000000000
     0.0306965828647048     0.0000000000000000       -0.0886020133143963     0.0000000000000000       -0.0113961818310326     0.0000000000000000
    -0.0194935166708816     0.0000000000000000       -0.0112545870973576     0.0000000000000000       -0.0869958287397595     0.0000000000000000
   11    2
    -0.0125114811085888     0.0000000000000000       -0.0117169343849787     0.0000000000000000        0.0061611836585796     0.0000000000000000
    -0.0117169343849787     0.0000000000000000        0.0010180693339294     0.0000000000000000        0.0035571610437987     0.0000000000000000
     0.0095242431602832     0.0000000000000000        0.0054988243524031     0.0000000000000000        0.0050396625096309     0.0000000000000000
   11    3
    -0.0027647267126767     0.0000000000000000        0.0074311872531776     0.0000000000000000       -0.0075135958362234     0.0000000000000000
     0.0074311872531776     0.0000000000000000       -0.0113455226346824     0.0000000000000000       -0.0043379765786147     0.0000000000000000
    -0.0061610721337078     0.0000000000000000       -0.0035570966548839     0.0000000000000000       -0.0146800484492567     0.0000000000000000
   11    4
    -0.0101820812083994     0.0000000000000000       -0.0099652337365839     0.0000000000000000        0.0284920875063798     0.0000000000000000
    -0.0099652337365840     0.0000000000000000        0.0013247795523314     0.0000000000000000        0.0164499143915413     0.0000000000000000
     0.0198559285247625     0.0000000000000000        0.0114638256787527     0.0000000000000000       -0.0341638451755199     0.0000000000000000
   11    5
    -0.0038582837951480     0.0000000000000000       -0.0063957912655750     0.0000000000000000       -0.0186590905225778     0.0000000000000000
    -0.0063957912655750     0.0000000000000000        0.0035269398225736     0.0000000000000000       -0.0107728309360168     0.0000000000000000
    -0.0073844668257672     0.0000000000000000       -0.0042634239096678     0.0000000000000000        0.0055036289525263     0.0000000000000000
   11    6
    -0.0056350932246046     0.0000000000000000       -0.0015467790245436     0.0000000000000000        0.0009101717621368     0.0000000000000000
    -0.0015467790245436     0.0000000000000000       -0.0038490266521865     0.0000000000000000        0.0005254879118771     0.0000000000000000
     0.0009101717621368     0.0000000000000000        0.0005254879118771     0.0000000000000000       -0.0061654976691843     0.0000000000000000
   11    7
    -0.0011305251758927     0.0000000000000000        0.0138874338506828     0.0000000000000000        0.0096344041811751     0.0000000000000000
     0.0045294508084659     0.0000000000000000        0.0095024681396800     0.0000000000000000       -0.0009213582200641     0.0000000000000000
     0.0056151217151507     0.0000000000000000       -0.0078829596611716     0.0000000000000000        0.0001508917485850     0.0000000000000000
   11    8
     0.0148189647975381     0.0000000000000000       -0.0046789915211085     0.0000000000000000        0.0040192824660245     0.0000000000000000
     0.0046789915211085     0.0000000000000000       -0.0064470218336705     0.0000000000000000        0.0088043178812357     0.0000000000000000
    -0.0040192824660244     0.0000000000000000        0.0088043178812357     0.0000000000000000        0.0001508917485850     0.0000000000000000
   11    9
    -0.0095256328559110     0.0000000000000000       -0.0300389599320151     0.0000000000000000        0.0010353500807213     0.0000000000000000
    -0.0184999018186643     0.0000000000000000       -0.0375495577537053     0.0000000000000000       -0.0023138564221665     0.0000000000000000
     0.0025215334826717     0.0000000000000000        0.0002602887393706     0.0000000000000000        0.0050758227096917     0.0000000000000000
   11   10
    -0.0515615202028860     0.0000000000000000        0.0057695290566754     0.0000000000000000       -0.0014861834019503     0.0000000000000000
    -0.0057695290566754     0.0000000000000000        0.0044863295930581     0.0000000000000000        0.0020535676827959     0.0000000000000000
     0.0014861834019503     0.0000000000000000        0.0020535676827959     0.0000000000000000        0.0050758227096917     0.0000000000000000
   11   11
     0.1355070320410443     0.0000000000000000        0.0065579568395642     0.0000000000000000       -0.0028548439505741     0.0000000000000000
     0.0065579568395642     0.0000000000000000        0.1279345557470685     0.0000000000000000       -0.0016482449233542     0.0000000000000000
    -0.0028548439505741     0.0000000000000000       -0.0016482449233542     0.0000000000000000        0.1210084996550096     0.0000000000000000

     Diagonalizing the dynamical matrix

     q = (     0.000000000000     0.000000000000     0.000000000000 )

***************************************************************************
   freq (    1) =    -0.00000047 [THz] =    -0.00001581 [cm-1]
(  -0.000000  0.000000  -0.087488  0.000000   0.288539  0.000000 )
(  -0.000000  0.000000  -0.087488  0.000000   0.288539  0.000000 )
(  -0.000000  0.000000  -0.087488  0.000000   0.288539  0.000000 )
(  -0.000000  0.000000  -0.087488  0.000000   0.288539  0.000000 )
(  -0.000000  0.000000  -0.087488  0.000000   0.288539  0.000000 )
(  -0.000000  0.000000  -0.087488  0.000000   0.288539  0.000000 )
(  -0.000000  0.000000  -0.087488  0.000000   0.288539  0.000000 )
(  -0.000000  0.000000  -0.087488  0.000000   0.288539  0.000000 )
(  -0.000000  0.000000  -0.087488  0.000000   0.288539  0.000000 )
(  -0.000000  0.000000  -0.087488  0.000000   0.288539  0.000000 )
(  -0.000000  0.000000  -0.087488  0.000000   0.288539  0.000000 )
   freq (    2) =    -0.00000038 [THz] =    -0.00001281 [cm-1]
(  -0.000000  0.000000   0.288539  0.000000   0.087488  0.000000 )
(  -0.000000  0.000000   0.288539  0.000000   0.087488  0.000000 )
(  -0.000000  0.000000   0.288539  0.000000   0.087488  0.000000 )
(  -0.000000  0.000000   0.288539  0.000000   0.087488  0.000000 )
(   0.000000  0.000000   0.288539  0.000000   0.087488  0.000000 )
(  -0.000000  0.000000   0.288539  0.000000   0.087488  0.000000 )
(  -0.000000  0.000000   0.288539  0.000000   0.087488  0.000000 )
(   0.000000  0.000000   0.288539  0.000000   0.087488  0.000000 )
(  -0.000000  0.000000   0.288539  0.000000   0.087488  0.000000 )
(  -0.000000  0.000000   0.288539  0.000000   0.087488  0.000000 )
(   0.000000  0.000000   0.288539  0.000000   0.087488  0.000000 )
   freq (    3) =     0.00000010 [THz] =     0.00000328 [cm-1]
(  -0.301511  0.000000   0.000000  0.000000  -0.000000  0.000000 )
(  -0.301511  0.000000   0.000000  0.000000  -0.000000  0.000000 )
(  -0.301511  0.000000   0.000000  0.000000  -0.000000  0.000000 )
(  -0.301511  0.000000   0.000000  0.000000  -0.000000  0.000000 )
(  -0.301511  0.000000   0.000000  0.000000  -0.000000  0.000000 )
(  -0.301511  0.000000   0.000000  0.000000  -0.000000  0.000000 )
(  -0.301511  0.000000   0.000000  0.000000  -0.000000  0.000000 )
(  -0.301511  0.000000   0.000000  0.000000  -0.000000  0.000000 )
(  -0.301511  0.000000   0.000000  0.000000  -0.000000  0.000000 )
(  -0.301511  0.000000   0.000000  0.000000  -0.000000  0.000000 )
(  -0.301511  0.000000   0.000000  0.000000  -0.000000  0.000000 )
   freq (    4) =    25.73457392 [THz] =   858.41286367 [cm-1]
(   0.000000  0.000000   0.000000  0.000000   0.000000  0.000000 )
(  -0.000017  0.000000  -0.504493  0.000000  -0.000000  0.000000 )
(   0.000017  0.000000   0.504493  0.000000   0.000000  0.000000 )
(   0.000001  0.000000   0.039889  0.000000  -0.000000  0.000000 )
(  -0.000001  0.000000  -0.039889  0.000000   0.000000  0.000000 )
(   0.164982  0.000000   0.091895  0.000000  -0.070683  0.000000 )
(  -0.000000  0.000000   0.377630  0.000000   0.141357  0.000000 )
(  -0.164962  0.000000   0.091884  0.000000  -0.070674  0.000000 )
(   0.000000  0.000000  -0.377630  0.000000  -0.141357  0.000000 )
(   0.164962  0.000000  -0.091884  0.000000   0.070674  0.000000 )
(  -0.164982  0.000000  -0.091895  0.000000   0.070683  0.000000 )
   freq (    5) =    25.73457392 [THz] =   858.41286367 [cm-1]
(   0.000000  0.000000  -0.000000  0.000000   0.000000  0.000000 )
(  -0.504493  0.000000   0.000017  0.000000  -0.000000  0.000000 )
(   0.504493  0.000000  -0.000017  0.000000  -0.000000  0.000000 )
(   0.039889  0.000000  -0.000001  0.000000   0.000000  0.000000 )
(  -0.039889  0.000000   0.000001  0.000000  -0.000000  0.000000 )
(   0.282377  0.000000   0.164969  0.000000  -0.122417  0.000000 )
(  -0.003357  0.000000  -0.000013  0.000000  -0.000005  0.000000 )
(   0.282389  0.000000  -0.164975  0.000000   0.122421  0.000000 )
(   0.003357  0.000000   0.000013  0.000000   0.000005  0.000000 )
(  -0.282389  0.000000   0.164975  0.000000  -0.122421  0.000000 )
(  -0.282377  0.000000  -0.164969  0.000000   0.122417  0.000000 )
   freq (    6) =    25.83145816 [THz] =   861.64457345 [cm-1]
(   0.000000  0.000000  -0.020713  0.000000  -0.000000  0.000000 )
(   0.000000  0.000000   0.473373  0.000000   0.000000  0.000000 )
(  -0.000000  0.000000   0.473373  0.000000   0.000000  0.000000 )
(  -0.000000  0.000000   0.264367  0.000000   0.000000  0.000000 )
(   0.000000  0.000000   0.264367  0.000000   0.000000  0.000000 )
(   0.096046  0.000000   0.174365  0.000000  -0.041767  0.000000 )
(  -0.000000  0.000000   0.340721  0.000000   0.083535  0.000000 )
(  -0.096046  0.000000   0.174365  0.000000  -0.041767  0.000000 )
(  -0.000000  0.000000   0.340721  0.000000   0.083535  0.000000 )
(  -0.096046  0.000000   0.174365  0.000000  -0.041767  0.000000 )
(   0.096046  0.000000   0.174365  0.000000  -0.041767  0.000000 )
   freq (    7) =    25.83145816 [THz] =   861.64457345 [cm-1]
(   0.020713  0.000000   0.000000  0.000000   0.000000  0.000000 )
(  -0.473373  0.000000   0.000000  0.000000  -0.000000  0.000000 )
(  -0.473373  0.000000  -0.000000  0.000000  -0.000000  0.000000 )
(  -0.264367  0.000000  -0.000000  0.000000  -0.000000  0.000000 )
(  -0.264367  0.000000  -0.000000  0.000000  -0.000000  0.000000 )
(  -0.285269  0.000000  -0.096046  0.000000   0.072343  0.000000 )
(  -0.118912  0.000000  -0.000000  0.000000  -0.000000  0.000000 )
(  -0.285269  0.000000   0.096046  0.000000  -0.072343  0.000000 )
(  -0.118912  0.000000   0.000000  0.000000   0.000000  0.000000 )
(  -0.285269  0.000000   0.096046  0.000000  -0.072343  0.000000 )
(  -0.285269  0.000000  -0.096046  0.000000   0.072343  0.000000 )
   freq (    8) =    25.87020050 [THz] =   862.93687864 [cm-1]
(   0.000000  0.000000  -0.000000  0.000000  -0.000000  0.000000 )
(   0.000000  0.000000  -0.000000  0.000000   0.215904  0.000000 )
(  -0.000000  0.000000   0.000000  0.000000  -0.215904  0.000000 )
(   0.000000  0.000000   0.000000  0.000000   0.545467  0.000000 )
(  -0.000000  0.000000  -0.000000  0.000000  -0.545467  0.000000 )
(   0.119902  0.000000   0.069225  0.000000  -0.181057  0.000000 )
(  -0.000000  0.000000  -0.138451  0.000000  -0.181057  0.000000 )
(  -0.119902  0.000000   0.069225  0.000000  -0.181057  0.000000 )
(  -0.000000  0.000000   0.138451  0.000000   0.181057  0.000000 )
(   0.119902  0.000000  -0.069225  0.000000   0.181057  0.000000 )
(  -0.119902  0.000000  -0.069225  0.000000   0.181057  0.000000 )
   freq (    9) =    26.88871567 [THz] =   896.91088318 [cm-1]
(   0.000000  0.000000   0.000000  0.000000  -0.021808  0.000000 )
(  -0.000000  0.000000  -0.000000  0.000000   0.388881  0.000000 )
(  -0.000000  0.000000  -0.000000  0.000000   0.388881  0.000000 )
(  -0.000000  0.000000  -0.000000  0.000000   0.422173  0.000000 )
(  -0.000000  0.000000  -0.000000  0.000000   0.422173  0.000000 )
(  -0.052199  0.000000  -0.030137  0.000000   0.230510  0.000000 )
(  -0.000000  0.000000   0.060274  0.000000   0.230510  0.000000 )
(   0.052199  0.000000  -0.030137  0.000000   0.230510  0.000000 )
(  -0.000000  0.000000   0.060274  0.000000   0.230510  0.000000 )
(   0.052199  0.000000  -0.030137  0.000000   0.230510  0.000000 )
(  -0.052199  0.000000  -0.030137  0.000000   0.230510  0.000000 )
   freq (   10) =    28.77074413 [THz] =   959.68858609 [cm-1]
(   0.000000  0.000000   0.000000  0.000000   0.000000  0.000000 )
(  -0.000016  0.000000   0.345760  0.000000  -0.000000  0.000000 )
(   0.000016  0.000000  -0.345760  0.000000   0.000000  0.000000 )
(   0.000018  0.000000  -0.382926  0.000000   0.000000  0.000000 )
(  -0.000018  0.000000   0.382926  0.000000  -0.000000  0.000000 )
(   0.025646  0.000000   0.251985  0.000000  -0.054212  0.000000 )
(  -0.000011  0.000000   0.296429  0.000000   0.108433  0.000000 )
(  -0.025672  0.000000   0.251987  0.000000  -0.054221  0.000000 )
(   0.000011  0.000000  -0.296429  0.000000  -0.108433  0.000000 )
(   0.025672  0.000000  -0.251987  0.000000   0.054221  0.000000 )
(  -0.025646  0.000000  -0.251985  0.000000   0.054212  0.000000 )
   freq (   11) =    28.77074413 [THz] =   959.68858609 [cm-1]
(   0.000000  0.000000   0.000000  0.000000   0.000000  0.000000 )
(   0.345760  0.000000   0.000016  0.000000   0.000000  0.000000 )
(  -0.345760  0.000000  -0.000016  0.000000  -0.000000  0.000000 )
(  -0.382926  0.000000  -0.000018  0.000000  -0.000000  0.000000 )
(   0.382926  0.000000   0.000018  0.000000  -0.000000  0.000000 )
(   0.281616  0.000000   0.025671  0.000000  -0.093909  0.000000 )
(   0.237172  0.000000   0.000014  0.000000   0.000005  0.000000 )
(   0.281613  0.000000  -0.025647  0.000000   0.093903  0.000000 )
(  -0.237172  0.000000  -0.000014  0.000000  -0.000005  0.000000 )
(  -0.281613  0.000000   0.025647  0.000000  -0.093903  0.000000 )
(  -0.281616  0.000000  -0.025671  0.000000   0.093909  0.000000 )
   freq (   12) =    29.81236548 [THz] =   994.43332940 [cm-1]
(   0.000000  0.000000  -0.000000  0.000000   0.000000  0.000000 )
(   0.000000  0.000000   0.000000  0.000000  -0.572784  0.000000 )
(  -0.000000  0.000000  -0.000000  0.000000   0.572784  0.000000 )
(  -0.000000  0.000000   0.000000  0.000000   0.042328  0.000000 )
(   0.000000  0.000000  -0.000000  0.000000  -0.042328  0.000000 )
(  -0.051458  0.000000  -0.029709  0.000000  -0.230604  0.000000 )
(   0.000000  0.000000   0.059419  0.000000  -0.230604  0.000000 )
(   0.051458  0.000000  -0.029709  0.000000  -0.230604  0.000000 )
(  -0.000000  0.000000  -0.059419  0.000000   0.230604  0.000000 )
(  -0.051458  0.000000   0.029709  0.000000   0.230604  0.000000 )
(   0.051458  0.000000   0.029709  0.000000   0.230604  0.000000 )
   freq (   13) =    31.75215297 [THz] =  1059.13766621 [cm-1]
(   0.000000  0.000000  -0.000000  0.000000   0.000000  0.000000 )
(  -0.000014  0.000000   0.108889  0.000000   0.000000  0.000000 )
(   0.000014  0.000000  -0.108889  0.000000  -0.000000  0.000000 )
(  -0.000048  0.000000   0.373520  0.000000   0.000000  0.000000 )
(   0.000048  0.000000  -0.373520  0.000000  -0.000000  0.000000 )
(   0.005887  0.000000   0.204989  0.000000   0.190653  0.000000 )
(  -0.000026  0.000000   0.215234  0.000000  -0.381391  0.000000 )
(  -0.005941  0.000000   0.204991  0.000000   0.190737  0.000000 )
(   0.000026  0.000000  -0.215234  0.000000   0.381391  0.000000 )
(   0.005941  0.000000  -0.204991  0.000000  -0.190737  0.000000 )
(  -0.005887  0.000000  -0.204989  0.000000  -0.190653  0.000000 )
   freq (   14) =    31.75215297 [THz] =  1059.13766621 [cm-1]
(   0.000000  0.000000  -0.000000  0.000000  -0.000000  0.000000 )
(  -0.108889  0.000000  -0.000014  0.000000   0.000000  0.000000 )
(   0.108889  0.000000   0.000014  0.000000  -0.000000  0.000000 )
(  -0.373520  0.000000  -0.000048  0.000000  -0.000000  0.000000 )
(   0.373520  0.000000   0.000048  0.000000  -0.000000  0.000000 )
(  -0.211820  0.000000  -0.005940  0.000000  -0.330318  0.000000 )
(  -0.201576  0.000000  -0.000027  0.000000   0.000049  0.000000 )
(  -0.211818  0.000000   0.005888  0.000000   0.330270  0.000000 )
(   0.201576  0.000000   0.000027  0.000000  -0.000049  0.000000 )
(   0.211818  0.000000  -0.005888  0.000000  -0.330270  0.000000 )
(   0.211820  0.000000   0.005940  0.000000   0.330318  0.000000 )
   freq (   15) =    33.56099353 [THz] =  1119.47408398 [cm-1]
(  -0.000000  0.000000  -0.000000  0.000000  -0.000000  0.000000 )
(   0.000000  0.000000   0.000000  0.000000   0.000000  0.000000 )
(  -0.000000  0.000000   0.000000  0.000000  -0.000000  0.000000 )
(  -0.000000  0.000000  -0.000000  0.000000  -0.000000  0.000000 )
(   0.000000  0.000000  -0.000000  0.000000   0.000000  0.000000 )
(  -0.204124  0.000000   0.353553  0.000000   0.000000  0.000000 )
(   0.408248  0.000000   0.000000  0.000000  -0.000000  0.000000 )
(  -0.204124  0.000000  -0.353553  0.000000  -0.000000  0.000000 )
(  -0.408248  0.000000   0.000000  0.000000  -0.000000  0.000000 )
(   0.204124  0.000000   0.353553  0.000000   0.000000  0.000000 )
(   0.204124  0.000000  -0.353553  0.000000  -0.000000  0.000000 )
   freq (   16) =    33.74264892 [THz] =  1125.53345463 [cm-1]
(  -0.000000  0.000000   0.001588  0.000000   0.000000  0.000000 )
(   0.000000  0.000000  -0.201187  0.000000  -0.000000  0.000000 )
(   0.000000  0.000000  -0.201187  0.000000  -0.000000  0.000000 )
(  -0.000000  0.000000   0.484316  0.000000   0.000000  0.000000 )
(  -0.000000  0.000000   0.484316  0.000000   0.000000  0.000000 )
(   0.047296  0.000000  -0.158161  0.000000  -0.165652  0.000000 )
(   0.000000  0.000000  -0.076242  0.000000   0.331305  0.000000 )
(  -0.047296  0.000000  -0.158161  0.000000  -0.165652  0.000000 )
(   0.000000  0.000000  -0.076242  0.000000   0.331305  0.000000 )
(  -0.047296  0.000000  -0.158161  0.000000  -0.165652  0.000000 )
(   0.047296  0.000000  -0.158161  0.000000  -0.165652  0.000000 )
   freq (   17) =    33.74264892 [THz] =  1125.53345463 [cm-1]
(   0.001588  0.000000   0.000000  0.000000   0.000000  0.000000 )
(  -0.201187  0.000000  -0.000000  0.000000  -0.000000  0.000000 )
(  -0.201187  0.000000  -0.000000  0.000000  -0.000000  0.000000 )
(   0.484316  0.000000   0.000000  0.000000   0.000000  0.000000 )
(   0.484316  0.000000   0.000000  0.000000   0.000000  0.000000 )
(  -0.103548  0.000000   0.047296  0.000000  -0.286919  0.000000 )
(  -0.185467  0.000000  -0.000000  0.000000   0.000000  0.000000 )
(  -0.103548  0.000000  -0.047296  0.000000   0.286919  0.000000 )
(  -0.185467  0.000000  -0.000000  0.000000   0.000000  0.000000 )
(  -0.103548  0.000000  -0.047296  0.000000   0.286919  0.000000 )
(  -0.103548  0.000000   0.047296  0.000000  -0.286919  0.000000 )
   freq (   18) =    34.94796130 [THz] =  1165.73834206 [cm-1]
(   0.000000  0.000000   0.002038  0.000000  -0.000000  0.000000 )
(   0.000000  0.000000   0.273710  0.000000   0.000000  0.000000 )
(   0.000000  0.000000   0.273710  0.000000   0.000000  0.000000 )
(  -0.000000  0.000000  -0.250525  0.000000  -0.000000  0.000000 )
(  -0.000000  0.000000  -0.250525  0.000000  -0.000000  0.000000 )
(  -0.183832  0.000000   0.051606  0.000000  -0.190709  0.000000 )
(   0.000000  0.000000  -0.266801  0.000000   0.381419  0.000000 )
(   0.183832  0.000000   0.051606  0.000000  -0.190709  0.000000 )
(   0.000000  0.000000  -0.266801  0.000000   0.381419  0.000000 )
(   0.183832  0.000000   0.051606  0.000000  -0.190709  0.000000 )
(  -0.183832  0.000000   0.051606  0.000000  -0.190709  0.000000 )
   freq (   19) =    34.94796130 [THz] =  1165.73834206 [cm-1]
(   0.002038  0.000000  -0.000000  0.000000  -0.000000  0.000000 )
(   0.273710  0.000000  -0.000000  0.000000   0.000000  0.000000 )
(   0.273710  0.000000  -0.000000  0.000000   0.000000  0.000000 )
(  -0.250525  0.000000   0.000000  0.000000  -0.000000  0.000000 )
(  -0.250525  0.000000   0.000000  0.000000  -0.000000  0.000000 )
(  -0.160665  0.000000  -0.183832  0.000000  -0.330318  0.000000 )
(   0.157742  0.000000   0.000000  0.000000  -0.000000  0.000000 )
(  -0.160665  0.000000   0.183832  0.000000   0.330318  0.000000 )
(   0.157742  0.000000   0.000000  0.000000  -0.000000  0.000000 )
(  -0.160665  0.000000   0.183832  0.000000   0.330318  0.000000 )
(  -0.160665  0.000000  -0.183832  0.000000  -0.330318  0.000000 )
   freq (   20) =    35.61138660 [THz] =  1187.86782491 [cm-1]
(  -0.000000  0.000000   0.000000  0.000000  -0.000000  0.000000 )
(  -0.000000  0.000000   0.000000  0.000000  -0.000000  0.000000 )
(  -0.000000  0.000000   0.000000  0.000000   0.000000  0.000000 )
(   0.000000  0.000000   0.000000  0.000000  -0.000000  0.000000 )
(   0.000000  0.000000   0.000000  0.000000  -0.000000  0.000000 )
(   0.204124  0.000000  -0.353553  0.000000   0.000000  0.000000 )
(  -0.408248  0.000000  -0.000000  0.000000  -0.000000  0.000000 )
(   0.204124  0.000000   0.353553  0.000000  -0.000000  0.000000 )
(  -0.408248  0.000000  -0.000000  0.000000  -0.000000  0.000000 )
(   0.204124  0.000000   0.353553  0.000000  -0.000000  0.000000 )
(   0.204124  0.000000  -0.353553  0.000000   0.000000  0.000000 )
   freq (   21) =    35.93097579 [THz] =  1198.52817155 [cm-1]
(   0.000000  0.000000   0.005819  0.000000   0.000000  0.000000 )
(   0.000000  0.000000   0.408354  0.000000  -0.000000  0.000000 )
(   0.000000  0.000000   0.408354  0.000000  -0.000000  0.000000 )
(   0.000000  0.000000   0.087028  0.000000   0.000000  0.000000 )
(   0.000000  0.000000   0.087028  0.000000   0.000000  0.000000 )
(   0.052411  0.000000  -0.329040  0.000000   0.088374  0.000000 )
(  -0.000000  0.000000  -0.238261  0.000000  -0.176748  0.000000 )
(  -0.052411  0.000000  -0.329040  0.000000   0.088374  0.000000 )
(  -0.000000  0.000000  -0.238261  0.000000  -0.176748  0.000000 )
(  -0.052411  0.000000  -0.329040  0.000000   0.088374  0.000000 )
(   0.052411  0.000000  -0.329040  0.000000   0.088374  0.000000 )
   freq (   22) =    35.93097579 [THz] =  1198.52817155 [cm-1]
(  -0.005819  0.000000   0.000000  0.000000  -0.000000  0.000000 )
(  -0.408354  0.000000   0.000000  0.000000  -0.000000  0.000000 )
(  -0.408354  0.000000   0.000000  0.000000  -0.000000  0.000000 )
(  -0.087028  0.000000   0.000000  0.000000   0.000000  0.000000 )
(  -0.087028  0.000000   0.000000  0.000000   0.000000  0.000000 )
(   0.268521  0.000000  -0.052411  0.000000  -0.153068  0.000000 )
(   0.359299  0.000000  -0.000000  0.000000  -0.000000  0.000000 )
(   0.268521  0.000000   0.052411  0.000000   0.153068  0.000000 )
(   0.359299  0.000000  -0.000000  0.000000  -0.000000  0.000000 )
(   0.268521  0.000000   0.052411  0.000000   0.153068  0.000000 )
(   0.268521  0.000000  -0.052411  0.000000  -0.153068  0.000000 )
   freq (   23) =    36.79265057 [THz] =  1227.27054400 [cm-1]
(  -0.000000  0.000000  -0.000000  0.000000   0.002028  0.000000 )
(  -0.000000  0.000000  -0.000000  0.000000   0.588552  0.000000 )
(  -0.000000  0.000000  -0.000000  0.000000   0.588552  0.000000 )
(  -0.000000  0.000000   0.000000  0.000000  -0.229219  0.000000 )
(  -0.000000  0.000000   0.000000  0.000000  -0.229219  0.000000 )
(   0.067175  0.000000   0.038784  0.000000  -0.166347  0.000000 )
(   0.000000  0.000000  -0.077567  0.000000  -0.166347  0.000000 )
(  -0.067175  0.000000   0.038784  0.000000  -0.166347  0.000000 )
(   0.000000  0.000000  -0.077567  0.000000  -0.166347  0.000000 )
(  -0.067175  0.000000   0.038784  0.000000  -0.166347  0.000000 )
(   0.067175  0.000000   0.038784  0.000000  -0.166347  0.000000 )
   freq (   24) =    43.48162437 [THz] =  1450.39066146 [cm-1]
(  -0.000000  0.000000  -0.000000  0.000000   0.000000  0.000000 )
(  -0.000001  0.000000   0.008077  0.000000   0.000000  0.000000 )
(   0.000001  0.000000  -0.008077  0.000000  -0.000000  0.000000 )
(   0.000048  0.000000  -0.312289  0.000000  -0.000000  0.000000 )
(  -0.000048  0.000000   0.312289  0.000000   0.000000  0.000000 )
(   0.227556  0.000000  -0.248318  0.000000   0.160312  0.000000 )
(   0.000058  0.000000   0.145859  0.000000  -0.320708  0.000000 )
(  -0.227560  0.000000  -0.248248  0.000000   0.160397  0.000000 )
(  -0.000058  0.000000  -0.145859  0.000000   0.320708  0.000000 )
(   0.227560  0.000000   0.248248  0.000000  -0.160397  0.000000 )
(  -0.227556  0.000000   0.248318  0.000000  -0.160312  0.000000 )
   freq (   25) =    43.48162437 [THz] =  1450.39066146 [cm-1]
(  -0.000000  0.000000   0.000000  0.000000  -0.000000  0.000000 )
(  -0.008077  0.000000  -0.000001  0.000000  -0.000000  0.000000 )
(   0.008077  0.000000   0.000001  0.000000  -0.000000  0.000000 )
(   0.312289  0.000000   0.000048  0.000000   0.000000  0.000000 )
(  -0.312289  0.000000  -0.000048  0.000000  -0.000000  0.000000 )
(  -0.014513  0.000000  -0.227520  0.000000  -0.277766  0.000000 )
(   0.379664  0.000000  -0.000022  0.000000   0.000049  0.000000 )
(  -0.014444  0.000000   0.227596  0.000000   0.277717  0.000000 )
(  -0.379664  0.000000   0.000022  0.000000  -0.000049  0.000000 )
(   0.014444  0.000000  -0.227596  0.000000  -0.277717  0.000000 )
(   0.014513  0.000000   0.227520  0.000000   0.277766  0.000000 )
   freq (   26) =    45.36177575 [THz] =  1513.10575201 [cm-1]
(   0.000000  0.000000  -0.006754  0.000000  -0.000000  0.000000 )
(  -0.000000  0.000000   0.016024  0.000000  -0.000000  0.000000 )
(   0.000000  0.000000   0.016024  0.000000  -0.000000  0.000000 )
(  -0.000000  0.000000   0.351051  0.000000  -0.000000  0.000000 )
(   0.000000  0.000000   0.351051  0.000000  -0.000000  0.000000 )
(  -0.279329  0.000000   0.194030  0.000000   0.100966  0.000000 )
(  -0.000000  0.000000  -0.289782  0.000000  -0.201932  0.000000 )
(   0.279329  0.000000   0.194030  0.000000   0.100966  0.000000 )
(   0.000000  0.000000  -0.289782  0.000000  -0.201932  0.000000 )
(   0.279329  0.000000   0.194030  0.000000   0.100966  0.000000 )
(  -0.279329  0.000000   0.194030  0.000000   0.100966  0.000000 )
   freq (   27) =    45.36177575 [THz] =  1513.10575201 [cm-1]
(   0.006754  0.000000   0.000000  0.000000  -0.000000  0.000000 )
(  -0.016024  0.000000  -0.000000  0.000000   0.000000  0.000000 )
(  -0.016024  0.000000   0.000000  0.000000   0.000000  0.000000 )
(  -0.351051  0.000000  -0.000000  0.000000  -0.000000  0.000000 )
(  -0.351051  0.000000   0.000000  0.000000  -0.000000  0.000000 )
(   0.128512  0.000000   0.279329  0.000000  -0.174878  0.000000 )
(  -0.355301  0.000000   0.000000  0.000000   0.000000  0.000000 )
(   0.128512  0.000000  -0.279329  0.000000   0.174878  0.000000 )
(  -0.355301  0.000000   0.000000  0.000000   0.000000  0.000000 )
(   0.128512  0.000000  -0.279329  0.000000   0.174878  0.000000 )
(   0.128512  0.000000   0.279329  0.000000  -0.174878  0.000000 )
   freq (   28) =    45.75106668 [THz] =  1526.09109771 [cm-1]
(   0.000000  0.000000  -0.000000  0.000000   0.006128  0.000000 )
(  -0.000000  0.000000   0.000000  0.000000  -0.018714  0.000000 )
(   0.000000  0.000000   0.000000  0.000000  -0.018714  0.000000 )
(  -0.000000  0.000000   0.000000  0.000000   0.456819  0.000000 )
(  -0.000000  0.000000   0.000000  0.000000   0.456819  0.000000 )
(  -0.105129  0.000000  -0.060697  0.000000  -0.286786  0.000000 )
(  -0.000000  0.000000   0.121393  0.000000  -0.286786  0.000000 )
(   0.105129  0.000000  -0.060697  0.000000  -0.286786  0.000000 )
(  -0.000000  0.000000   0.121393  0.000000  -0.286786  0.000000 )
(   0.105129  0.000000  -0.060697  0.000000  -0.286786  0.000000 )
(  -0.105129  0.000000  -0.060697  0.000000  -0.286786  0.000000 )
   freq (   29) =    46.65363648 [THz] =  1556.19758124 [cm-1]
(   0.000000  0.000000   0.000000  0.000000   0.000000  0.000000 )
(   0.000052  0.000000  -0.337661  0.000000  -0.000000  0.000000 )
(  -0.000052  0.000000   0.337661  0.000000   0.000000  0.000000 )
(   0.000052  0.000000  -0.338725  0.000000   0.000000  0.000000 )
(  -0.000052  0.000000   0.338725  0.000000  -0.000000  0.000000 )
(  -0.212847  0.000000   0.180939  0.000000   0.115382  0.000000 )
(  -0.000047  0.000000  -0.187773  0.000000  -0.230827  0.000000 )
(   0.212867  0.000000   0.180873  0.000000   0.115444  0.000000 )
(   0.000047  0.000000   0.187773  0.000000   0.230827  0.000000 )
(  -0.212867  0.000000  -0.180873  0.000000  -0.115444  0.000000 )
(   0.212847  0.000000  -0.180939  0.000000  -0.115382  0.000000 )
   freq (   30) =    46.65363648 [THz] =  1556.19758124 [cm-1]
(   0.000000  0.000000  -0.000000  0.000000   0.000000  0.000000 )
(   0.337661  0.000000   0.000052  0.000000   0.000000  0.000000 )
(  -0.337661  0.000000  -0.000052  0.000000  -0.000000  0.000000 )
(   0.338725  0.000000   0.000052  0.000000  -0.000000  0.000000 )
(  -0.338725  0.000000  -0.000052  0.000000   0.000000  0.000000 )
(   0.064913  0.000000   0.212829  0.000000  -0.199920  0.000000 )
(  -0.303799  0.000000   0.000029  0.000000   0.000036  0.000000 )
(   0.064847  0.000000  -0.212885  0.000000   0.199884  0.000000 )
(   0.303799  0.000000  -0.000029  0.000000  -0.000036  0.000000 )
(  -0.064847  0.000000   0.212885  0.000000  -0.199884  0.000000 )
(  -0.064913  0.000000  -0.212829  0.000000   0.199920  0.000000 )
   freq (   31) =    47.24465241 [THz] =  1575.91174806 [cm-1]
(   0.000000  0.000000   0.000000  0.000000  -0.000000  0.000000 )
(  -0.000000  0.000000  -0.000000  0.000000   0.353981  0.000000 )
(   0.000000  0.000000   0.000000  0.000000  -0.353981  0.000000 )
(  -0.000000  0.000000  -0.000000  0.000000  -0.265235  0.000000 )
(   0.000000  0.000000   0.000000  0.000000   0.265235  0.000000 )
(  -0.155573  0.000000  -0.089820  0.000000  -0.263019  0.000000 )
(   0.000000  0.000000   0.179640  0.000000  -0.263019  0.000000 )
(   0.155573  0.000000  -0.089820  0.000000  -0.263019  0.000000 )
(  -0.000000  0.000000  -0.179640  0.000000   0.263019  0.000000 )
(  -0.155573  0.000000   0.089820  0.000000   0.263019  0.000000 )
(   0.155573  0.000000   0.089820  0.000000   0.263019  0.000000 )
   freq (   32) =    48.06305551 [THz] =  1603.21073284 [cm-1]
(   0.000000  0.000000   0.000000  0.000000  -0.001725  0.000000 )
(   0.000000  0.000000  -0.000000  0.000000  -0.068550  0.000000 )
(  -0.000000  0.000000  -0.000000  0.000000  -0.068550  0.000000 )
(  -0.000000  0.000000  -0.000000  0.000000   0.256495  0.000000 )
(  -0.000000  0.000000  -0.000000  0.000000   0.256495  0.000000 )
(   0.327077  0.000000   0.188838  0.000000  -0.023032  0.000000 )
(  -0.000000  0.000000  -0.377676  0.000000  -0.023032  0.000000 )
(  -0.327077  0.000000   0.188838  0.000000  -0.023032  0.000000 )
(  -0.000000  0.000000  -0.377676  0.000000  -0.023032  0.000000 )
(  -0.327077  0.000000   0.188838  0.000000  -0.023032  0.000000 )
(   0.327077  0.000000   0.188838  0.000000  -0.023032  0.000000 )
   freq (   33) =    62.76839210 [THz] =  2093.72789211 [cm-1]
(  -0.000000  0.000000   0.000000  0.000000   0.000000  0.000000 )
(  -0.000000  0.000000  -0.000000  0.000000   0.001008  0.000000 )
(  -0.000000  0.000000   0.000000  0.000000  -0.001008  0.000000 )
(  -0.000000  0.000000  -0.000000  0.000000   0.361005  0.000000 )
(   0.000000  0.000000   0.000000  0.000000  -0.361005  0.000000 )
(  -0.289435  0.000000  -0.167106  0.000000   0.107367  0.000000 )
(  -0.000000  0.000000   0.334211  0.000000   0.107367  0.000000 )
(   0.289435  0.000000  -0.167106  0.000000   0.107367  0.000000 )
(  -0.000000  0.000000  -0.334211  0.000000  -0.107367  0.000000 )
(  -0.289435  0.000000   0.167106  0.000000  -0.107367  0.000000 )
(   0.289435  0.000000   0.167106  0.000000  -0.107367  0.000000 )
***************************************************************************
