Dynamical matrix file
File generated with the CellConstructor by Lorenzo Monacelli
2 11 0     1.8897259890000000     0.0000000000000000     0.0000000000000000     0.0000000000000000     0.0000000000000000     0.0000000000000000
Basis vectors
    1.7984582517676204    -1.0383403557822677     2.9302383106487055
   -0.0000000000000036     2.0766807115645278     2.9302383106487042
   -1.7984582517676271    -1.0383403557822668     2.9302383106487011
	1  'La '  126604.5951757480361266
	2  'H '    918.7358275894680446
    1     1    -0.0000000000000051    -0.0000000000000031     4.3953575099093634
    2     2    -0.0000000000000028    -0.0000000000000012     2.1972694164670115
    3     2     0.0000000000000028     0.0000000000000012    -2.1972694164670115
    4     2    -0.0000000000000011    -0.0000000000000006     1.0557739379790347
    5     2     0.0000000000000012     0.0000000000000006    -1.0557739379790352
    6     2     0.9320905440504055     0.5381427259479921     6.2152036048499841
    7     2    -0.0000000000000060    -1.0762854518959926     6.2152036048499779
    8     2    -0.9320905440504200     0.5381427259479906     6.2152036048499788
    9     2    -0.0000000000000026     1.0762854518959868     2.5755114113073851
   10     2     0.9320905440504091    -0.5381427259479961     2.5755114113073856
   11     2    -0.9320905440504149    -0.5381427259479954     2.5755114113073825

     Dynamical Matrix in cartesian axes

     q = (     0.000000000000     0.000000000000     0.000000000000 )

    1    1
     0.6170588307644271     0.0000000000000000        0.0000000000000003     0.0000000000000000       -0.0000000000000001     0.0000000000000000
     0.0000000000000003     0.0000000000000000        0.6170588307668947     0.0000000000000000        0.0000000000000003     0.0000000000000000
    -0.0000000000000002     0.0000000000000000        0.0000000000000004     0.0000000000000000        0.6161352140361892     0.0000000000000000
    1    2
    -0.0323501527722039     0.0000000000000000       -0.0000000000000000     0.0000000000000000        0.0000000000000000     0.0000000000000000
    -0.0000000000000000     0.0000000000000000       -0.0323501527723332     0.0000000000000000       -0.0000000000000000     0.0000000000000000
     0.0000000000000000     0.0000000000000000       -0.0000000000000000     0.0000000000000000       -0.0332501783338873     0.0000000000000000
    1    3
    -0.0323501527722038     0.0000000000000000       -0.0000000000000000     0.0000000000000000        0.0000000000000000     0.0000000000000000
    -0.0000000000000000     0.0000000000000000       -0.0323501527723332     0.0000000000000000       -0.0000000000000000     0.0000000000000000
     0.0000000000000000     0.0000000000000000       -0.0000000000000000     0.0000000000000000       -0.0332501783338873     0.0000000000000000
    1    4
    -0.0889445201064393     0.0000000000000000       -0.0000000000000000     0.0000000000000000       -0.0000000000000001     0.0000000000000000
    -0.0000000000000000     0.0000000000000000       -0.0889445201067950     0.0000000000000000       -0.0000000000000001     0.0000000000000000
    -0.0000000000000001     0.0000000000000000       -0.0000000000000001     0.0000000000000000       -0.0262571029369286     0.0000000000000000
    1    5
    -0.0889445201064393     0.0000000000000000       -0.0000000000000000     0.0000000000000000       -0.0000000000000001     0.0000000000000000
    -0.0000000000000000     0.0000000000000000       -0.0889445201067950     0.0000000000000000       -0.0000000000000001     0.0000000000000000
    -0.0000000000000001     0.0000000000000000       -0.0000000000000001     0.0000000000000000       -0.0262571029369286     0.0000000000000000
    1    6
    -0.0482009893041624     0.0000000000000000        0.0246134665362425     0.0000000000000000       -0.0176906015122361     0.0000000000000000
     0.0246134665362425     0.0000000000000000       -0.0766221723651910     0.0000000000000000       -0.0102136735452364     0.0000000000000000
    -0.0168419060720324     0.0000000000000000       -0.0097236790043738     0.0000000000000000       -0.0828534419157596     0.0000000000000000
    1    7
    -0.0908327638952456     0.0000000000000000       -0.0000000000000000     0.0000000000000000        0.0000000000000000     0.0000000000000000
    -0.0000000000000001     0.0000000000000000       -0.0339903977739373     0.0000000000000000        0.0204273470904727     0.0000000000000000
     0.0000000000000000     0.0000000000000000        0.0194473580087475     0.0000000000000000       -0.0828534419157595     0.0000000000000000
    1    8
    -0.0482009893041625     0.0000000000000000       -0.0246134665362426     0.0000000000000000        0.0176906015122361     0.0000000000000000
    -0.0246134665362425     0.0000000000000000       -0.0766221723651910     0.0000000000000000       -0.0102136735452364     0.0000000000000000
     0.0168419060720325     0.0000000000000000       -0.0097236790043738     0.0000000000000000       -0.0828534419157595     0.0000000000000000
    1    9
    -0.0908327638952456     0.0000000000000000       -0.0000000000000000     0.0000000000000000       -0.0000000000000000     0.0000000000000000
    -0.0000000000000000     0.0000000000000000       -0.0339903977739373     0.0000000000000000        0.0204273470904727     0.0000000000000000
     0.0000000000000000     0.0000000000000000        0.0194473580087475     0.0000000000000000       -0.0828534419157595     0.0000000000000000
    1   10
    -0.0482009893041625     0.0000000000000000       -0.0246134665362426     0.0000000000000000        0.0176906015122362     0.0000000000000000
    -0.0246134665362426     0.0000000000000000       -0.0766221723651910     0.0000000000000000       -0.0102136735452364     0.0000000000000000
     0.0168419060720325     0.0000000000000000       -0.0097236790043738     0.0000000000000000       -0.0828534419157595     0.0000000000000000
    1   11
    -0.0482009893041623     0.0000000000000000        0.0246134665362425     0.0000000000000000       -0.0176906015122360     0.0000000000000000
     0.0246134665362425     0.0000000000000000       -0.0766221723651910     0.0000000000000000       -0.0102136735452364     0.0000000000000000
    -0.0168419060720324     0.0000000000000000       -0.0097236790043738     0.0000000000000000       -0.0828534419157596     0.0000000000000000
    2    1
    -0.0323501527722039     0.0000000000000000       -0.0000000000000000     0.0000000000000000        0.0000000000000000     0.0000000000000000
    -0.0000000000000000     0.0000000000000000       -0.0323501527723332     0.0000000000000000       -0.0000000000000000     0.0000000000000000
     0.0000000000000000     0.0000000000000000       -0.0000000000000000     0.0000000000000000       -0.0332501783338873     0.0000000000000000
    2    2
     0.0916113286373706     0.0000000000000000        0.0000000000000000     0.0000000000000000       -0.0000000000000000     0.0000000000000000
     0.0000000000000000     0.0000000000000000        0.0916113286377370     0.0000000000000000        0.0000000000000001     0.0000000000000000
    -0.0000000000000000     0.0000000000000000        0.0000000000000001     0.0000000000000000        0.0907489290143946     0.0000000000000000
    2    3
    -0.0074112137363469     0.0000000000000000       -0.0000000000000000     0.0000000000000000       -0.0000000000000000     0.0000000000000000
    -0.0000000000000000     0.0000000000000000       -0.0074112137363765     0.0000000000000000       -0.0000000000000000     0.0000000000000000
    -0.0000000000000000     0.0000000000000000       -0.0000000000000000     0.0000000000000000       -0.0056420056472860     0.0000000000000000
    2    4
     0.0092005658819140     0.0000000000000000        0.0000000000000000     0.0000000000000000        0.0000000000000000     0.0000000000000000
     0.0000000000000000     0.0000000000000000        0.0092005658819508     0.0000000000000000        0.0000000000000000     0.0000000000000000
     0.0000000000000000     0.0000000000000000        0.0000000000000000     0.0000000000000000       -0.0213132732741861     0.0000000000000000
    2    5
    -0.0181019580832945     0.0000000000000000       -0.0000000000000000     0.0000000000000000       -0.0000000000000000     0.0000000000000000
    -0.0000000000000000     0.0000000000000000       -0.0181019580833669     0.0000000000000000       -0.0000000000000000     0.0000000000000000
    -0.0000000000000000     0.0000000000000000       -0.0000000000000000     0.0000000000000000        0.0019240962613954     0.0000000000000000
    2    6
    -0.0035075598943569     0.0000000000000000        0.0089252142329586     0.0000000000000000       -0.0060424258924354     0.0000000000000000
     0.0089252142329586     0.0000000000000000       -0.0138135095743391     0.0000000000000000       -0.0034885962155629     0.0000000000000000
    -0.0064484346617981     0.0000000000000000       -0.0037230054878483     0.0000000000000000       -0.0164445276679516     0.0000000000000000
    2    7
    -0.0189664844142472     0.0000000000000000       -0.0000000000000000     0.0000000000000000        0.0000000000000000     0.0000000000000000
    -0.0000000000000000     0.0000000000000000        0.0016454149456130     0.0000000000000000        0.0069771924311258     0.0000000000000000
     0.0000000000000000     0.0000000000000000        0.0074460109756966     0.0000000000000000       -0.0164445276679516     0.0000000000000000
    2    8
    -0.0035075598943570     0.0000000000000000       -0.0089252142329586     0.0000000000000000        0.0060424258924354     0.0000000000000000
    -0.0089252142329586     0.0000000000000000       -0.0138135095743391     0.0000000000000000       -0.0034885962155629     0.0000000000000000
     0.0064484346617981     0.0000000000000000       -0.0037230054878483     0.0000000000000000       -0.0164445276679516     0.0000000000000000
    2    9
     0.0081392821539457     0.0000000000000000        0.0000000000000000     0.0000000000000000       -0.0000000000000000     0.0000000000000000
     0.0000000000000000     0.0000000000000000       -0.0194505926370090     0.0000000000000000       -0.0095854633593954     0.0000000000000000
    -0.0000000000000000     0.0000000000000000       -0.0098226842137969     0.0000000000000000        0.0056220049944747     0.0000000000000000
    2   10
    -0.0125531239392119     0.0000000000000000        0.0119467662280895     0.0000000000000000       -0.0083012547762648     0.0000000000000000
     0.0119467662280895     0.0000000000000000        0.0012418134562315     0.0000000000000000        0.0047927316796977     0.0000000000000000
    -0.0085066940624835     0.0000000000000000        0.0049113421068985     0.0000000000000000        0.0056220049944747     0.0000000000000000
    2   11
    -0.0125531239392120     0.0000000000000000       -0.0119467662280895     0.0000000000000000        0.0083012547762647     0.0000000000000000
    -0.0119467662280895     0.0000000000000000        0.0012418134562315     0.0000000000000000        0.0047927316796977     0.0000000000000000
     0.0085066940624835     0.0000000000000000        0.0049113421068984     0.0000000000000000        0.0056220049944748     0.0000000000000000
    3    1
    -0.0323501527722038     0.0000000000000000       -0.0000000000000000     0.0000000000000000        0.0000000000000000     0.0000000000000000
    -0.0000000000000000     0.0000000000000000       -0.0323501527723332     0.0000000000000000       -0.0000000000000000     0.0000000000000000
     0.0000000000000000     0.0000000000000000       -0.0000000000000000     0.0000000000000000       -0.0332501783338873     0.0000000000000000
    3    2
    -0.0074112137363469     0.0000000000000000       -0.0000000000000000     0.0000000000000000       -0.0000000000000000     0.0000000000000000
    -0.0000000000000000     0.0000000000000000       -0.0074112137363765     0.0000000000000000       -0.0000000000000000     0.0000000000000000
    -0.0000000000000000     0.0000000000000000       -0.0000000000000000     0.0000000000000000       -0.0056420056472860     0.0000000000000000
    3    3
     0.0916113286373706     0.0000000000000000        0.0000000000000000     0.0000000000000000       -0.0000000000000000     0.0000000000000000
     0.0000000000000000     0.0000000000000000        0.0916113286377370     0.0000000000000000        0.0000000000000001     0.0000000000000000
    -0.0000000000000000     0.0000000000000000        0.0000000000000001     0.0000000000000000        0.0907489290143946     0.0000000000000000
    3    4
    -0.0181019580832945     0.0000000000000000       -0.0000000000000000     0.0000000000000000       -0.0000000000000000     0.0000000000000000
    -0.0000000000000000     0.0000000000000000       -0.0181019580833669     0.0000000000000000       -0.0000000000000000     0.0000000000000000
    -0.0000000000000000     0.0000000000000000       -0.0000000000000000     0.0000000000000000        0.0019240962613954     0.0000000000000000
    3    5
     0.0092005658819140     0.0000000000000000        0.0000000000000000     0.0000000000000000        0.0000000000000000     0.0000000000000000
     0.0000000000000000     0.0000000000000000        0.0092005658819508     0.0000000000000000        0.0000000000000000     0.0000000000000000
     0.0000000000000000     0.0000000000000000        0.0000000000000000     0.0000000000000000       -0.0213132732741861     0.0000000000000000
    3    6
    -0.0125531239392120     0.0000000000000000       -0.0119467662280895     0.0000000000000000        0.0083012547762647     0.0000000000000000
    -0.0119467662280895     0.0000000000000000        0.0012418134562315     0.0000000000000000        0.0047927316796977     0.0000000000000000
     0.0085066940624835     0.0000000000000000        0.0049113421068984     0.0000000000000000        0.0056220049944748     0.0000000000000000
    3    7
     0.0081392821539457     0.0000000000000000        0.0000000000000000     0.0000000000000000       -0.0000000000000000     0.0000000000000000
     0.0000000000000000     0.0000000000000000       -0.0194505926370090     0.0000000000000000       -0.0095854633593954     0.0000000000000000
    -0.0000000000000000     0.0000000000000000       -0.0098226842137969     0.0000000000000000        0.0056220049944747     0.0000000000000000
    3    8
    -0.0125531239392119     0.0000000000000000        0.0119467662280895     0.0000000000000000       -0.0083012547762648     0.0000000000000000
     0.0119467662280895     0.0000000000000000        0.0012418134562315     0.0000000000000000        0.0047927316796977     0.0000000000000000
    -0.0085066940624835     0.0000000000000000        0.0049113421068985     0.0000000000000000        0.0056220049944747     0.0000000000000000
    3    9
    -0.0189664844142472     0.0000000000000000       -0.0000000000000000     0.0000000000000000        0.0000000000000000     0.0000000000000000
    -0.0000000000000000     0.0000000000000000        0.0016454149456130     0.0000000000000000        0.0069771924311258     0.0000000000000000
     0.0000000000000000     0.0000000000000000        0.0074460109756966     0.0000000000000000       -0.0164445276679516     0.0000000000000000
    3   10
    -0.0035075598943570     0.0000000000000000       -0.0089252142329586     0.0000000000000000        0.0060424258924354     0.0000000000000000
    -0.0089252142329586     0.0000000000000000       -0.0138135095743390     0.0000000000000000       -0.0034885962155629     0.0000000000000000
     0.0064484346617981     0.0000000000000000       -0.0037230054878483     0.0000000000000000       -0.0164445276679516     0.0000000000000000
    3   11
    -0.0035075598943569     0.0000000000000000        0.0089252142329586     0.0000000000000000       -0.0060424258924354     0.0000000000000000
     0.0089252142329586     0.0000000000000000       -0.0138135095743391     0.0000000000000000       -0.0034885962155629     0.0000000000000000
    -0.0064484346617981     0.0000000000000000       -0.0037230054878483     0.0000000000000000       -0.0164445276679516     0.0000000000000000
    4    1
    -0.0889445201064393     0.0000000000000000       -0.0000000000000000     0.0000000000000000       -0.0000000000000001     0.0000000000000000
    -0.0000000000000000     0.0000000000000000       -0.0889445201067950     0.0000000000000000       -0.0000000000000001     0.0000000000000000
    -0.0000000000000001     0.0000000000000000       -0.0000000000000001     0.0000000000000000       -0.0262571029369286     0.0000000000000000
    4    2
     0.0092005658819140     0.0000000000000000        0.0000000000000000     0.0000000000000000        0.0000000000000000     0.0000000000000000
     0.0000000000000000     0.0000000000000000        0.0092005658819508     0.0000000000000000        0.0000000000000000     0.0000000000000000
     0.0000000000000000     0.0000000000000000        0.0000000000000000     0.0000000000000000       -0.0213132732741861     0.0000000000000000
    4    3
    -0.0181019580832945     0.0000000000000000       -0.0000000000000000     0.0000000000000000       -0.0000000000000000     0.0000000000000000
    -0.0000000000000000     0.0000000000000000       -0.0181019580833669     0.0000000000000000       -0.0000000000000000     0.0000000000000000
    -0.0000000000000000     0.0000000000000000       -0.0000000000000000     0.0000000000000000        0.0019240962613954     0.0000000000000000
    4    4
     0.1215728790650744     0.0000000000000000        0.0000000000000000     0.0000000000000000       -0.0000000000000001     0.0000000000000000
     0.0000000000000000     0.0000000000000000        0.1215728790655606     0.0000000000000000        0.0000000000000000     0.0000000000000000
    -0.0000000000000000     0.0000000000000000        0.0000000000000001     0.0000000000000000        0.1420780338477160     0.0000000000000000
    4    5
    -0.0078169458788085     0.0000000000000000       -0.0000000000000000     0.0000000000000000       -0.0000000000000000     0.0000000000000000
    -0.0000000000000000     0.0000000000000000       -0.0078169458788398     0.0000000000000000       -0.0000000000000000     0.0000000000000000
     0.0000000000000000     0.0000000000000000       -0.0000000000000000     0.0000000000000000       -0.0065711371327164     0.0000000000000000
    4    6
    -0.0026122111182150     0.0000000000000000       -0.0040040557343253     0.0000000000000000       -0.0047928243447828     0.0000000000000000
    -0.0040040557343253     0.0000000000000000        0.0020112741939098     0.0000000000000000       -0.0027671384256444     0.0000000000000000
    -0.0144201679190750     0.0000000000000000       -0.0083254878298542     0.0000000000000000        0.0037357715373812     0.0000000000000000
    4    7
     0.0043230168499601     0.0000000000000000       -0.0000000000000000     0.0000000000000000        0.0000000000000000     0.0000000000000000
    -0.0000000000000000     0.0000000000000000       -0.0049239537742930     0.0000000000000000        0.0055342768512889     0.0000000000000000
     0.0000000000000000     0.0000000000000000        0.0166509756597083     0.0000000000000000        0.0037357715373812     0.0000000000000000
    4    8
    -0.0026122111182150     0.0000000000000000        0.0040040557343253     0.0000000000000000        0.0047928243447827     0.0000000000000000
     0.0040040557343253     0.0000000000000000        0.0020112741939098     0.0000000000000000       -0.0027671384256444     0.0000000000000000
     0.0144201679190749     0.0000000000000000       -0.0083254878298542     0.0000000000000000        0.0037357715373812     0.0000000000000000
    4    9
     0.0061926995833248     0.0000000000000000        0.0000000000000000     0.0000000000000000        0.0000000000000001     0.0000000000000000
     0.0000000000000000     0.0000000000000000       -0.0161984432447070     0.0000000000000000       -0.0202107238993529     0.0000000000000000
     0.0000000000000000     0.0000000000000000       -0.0301393105204697     0.0000000000000000       -0.0336893104591414     0.0000000000000000
    4   10
    -0.0106006575376504     0.0000000000000000        0.0096956492544120     0.0000000000000000       -0.0175030003256779     0.0000000000000000
     0.0096956492544120     0.0000000000000000        0.0005949138763354     0.0000000000000000        0.0101053619496765     0.0000000000000000
    -0.0261014085632222     0.0000000000000000        0.0150696552602349     0.0000000000000000       -0.0336893104591414     0.0000000000000000
    4   11
    -0.0106006575376506     0.0000000000000000       -0.0096956492544120     0.0000000000000000        0.0175030003256779     0.0000000000000000
    -0.0096956492544120     0.0000000000000000        0.0005949138763354     0.0000000000000000        0.0101053619496765     0.0000000000000000
     0.0261014085632222     0.0000000000000000        0.0150696552602349     0.0000000000000000       -0.0336893104591413     0.0000000000000000
    5    1
    -0.0889445201064393     0.0000000000000000       -0.0000000000000000     0.0000000000000000       -0.0000000000000001     0.0000000000000000
    -0.0000000000000000     0.0000000000000000       -0.0889445201067950     0.0000000000000000       -0.0000000000000001     0.0000000000000000
    -0.0000000000000001     0.0000000000000000       -0.0000000000000001     0.0000000000000000       -0.0262571029369286     0.0000000000000000
    5    2
    -0.0181019580832945     0.0000000000000000       -0.0000000000000000     0.0000000000000000       -0.0000000000000000     0.0000000000000000
    -0.0000000000000000     0.0000000000000000       -0.0181019580833669     0.0000000000000000       -0.0000000000000000     0.0000000000000000
    -0.0000000000000000     0.0000000000000000       -0.0000000000000000     0.0000000000000000        0.0019240962613954     0.0000000000000000
    5    3
     0.0092005658819140     0.0000000000000000        0.0000000000000000     0.0000000000000000        0.0000000000000000     0.0000000000000000
     0.0000000000000000     0.0000000000000000        0.0092005658819508     0.0000000000000000        0.0000000000000000     0.0000000000000000
     0.0000000000000000     0.0000000000000000        0.0000000000000000     0.0000000000000000       -0.0213132732741861     0.0000000000000000
    5    4
    -0.0078169458788085     0.0000000000000000       -0.0000000000000000     0.0000000000000000       -0.0000000000000000     0.0000000000000000
    -0.0000000000000000     0.0000000000000000       -0.0078169458788398     0.0000000000000000       -0.0000000000000000     0.0000000000000000
     0.0000000000000000     0.0000000000000000       -0.0000000000000000     0.0000000000000000       -0.0065711371327164     0.0000000000000000
    5    5
     0.1215728790650744     0.0000000000000000        0.0000000000000000     0.0000000000000000       -0.0000000000000000     0.0000000000000000
     0.0000000000000000     0.0000000000000000        0.1215728790655606     0.0000000000000000        0.0000000000000001     0.0000000000000000
    -0.0000000000000000     0.0000000000000000        0.0000000000000001     0.0000000000000000        0.1420780338477160     0.0000000000000000
    5    6
    -0.0106006575376506     0.0000000000000000       -0.0096956492544120     0.0000000000000000        0.0175030003256779     0.0000000000000000
    -0.0096956492544120     0.0000000000000000        0.0005949138763354     0.0000000000000000        0.0101053619496765     0.0000000000000000
     0.0261014085632222     0.0000000000000000        0.0150696552602349     0.0000000000000000       -0.0336893104591413     0.0000000000000000
    5    7
     0.0061926995833249     0.0000000000000000        0.0000000000000000     0.0000000000000000        0.0000000000000001     0.0000000000000000
     0.0000000000000000     0.0000000000000000       -0.0161984432447070     0.0000000000000000       -0.0202107238993529     0.0000000000000000
     0.0000000000000000     0.0000000000000000       -0.0301393105204697     0.0000000000000000       -0.0336893104591414     0.0000000000000000
    5    8
    -0.0106006575376504     0.0000000000000000        0.0096956492544120     0.0000000000000000       -0.0175030003256779     0.0000000000000000
     0.0096956492544120     0.0000000000000000        0.0005949138763354     0.0000000000000000        0.0101053619496765     0.0000000000000000
    -0.0261014085632222     0.0000000000000000        0.0150696552602349     0.0000000000000000       -0.0336893104591414     0.0000000000000000
    5    9
     0.0043230168499601     0.0000000000000000       -0.0000000000000000     0.0000000000000000        0.0000000000000000     0.0000000000000000
    -0.0000000000000000     0.0000000000000000       -0.0049239537742930     0.0000000000000000        0.0055342768512889     0.0000000000000000
     0.0000000000000000     0.0000000000000000        0.0166509756597083     0.0000000000000000        0.0037357715373812     0.0000000000000000
    5   10
    -0.0026122111182150     0.0000000000000000        0.0040040557343253     0.0000000000000000        0.0047928243447827     0.0000000000000000
     0.0040040557343253     0.0000000000000000        0.0020112741939098     0.0000000000000000       -0.0027671384256444     0.0000000000000000
     0.0144201679190749     0.0000000000000000       -0.0083254878298542     0.0000000000000000        0.0037357715373812     0.0000000000000000
    5   11
    -0.0026122111182150     0.0000000000000000       -0.0040040557343253     0.0000000000000000       -0.0047928243447828     0.0000000000000000
    -0.0040040557343253     0.0000000000000000        0.0020112741939098     0.0000000000000000       -0.0027671384256444     0.0000000000000000
    -0.0144201679190750     0.0000000000000000       -0.0083254878298542     0.0000000000000000        0.0037357715373812     0.0000000000000000
    6    1
    -0.0482009893041623     0.0000000000000000        0.0246134665362425     0.0000000000000000       -0.0168419060720324     0.0000000000000000
     0.0246134665362425     0.0000000000000000       -0.0766221723651909     0.0000000000000000       -0.0097236790043738     0.0000000000000000
    -0.0176906015122361     0.0000000000000000       -0.0102136735452364     0.0000000000000000       -0.0828534419157596     0.0000000000000000
    6    2
    -0.0035075598943569     0.0000000000000000        0.0089252142329586     0.0000000000000000       -0.0064484346617981     0.0000000000000000
     0.0089252142329586     0.0000000000000000       -0.0138135095743391     0.0000000000000000       -0.0037230054878483     0.0000000000000000
    -0.0060424258924354     0.0000000000000000       -0.0034885962155629     0.0000000000000000       -0.0164445276679516     0.0000000000000000
    6    3
    -0.0125531239392120     0.0000000000000000       -0.0119467662280895     0.0000000000000000        0.0085066940624835     0.0000000000000000
    -0.0119467662280895     0.0000000000000000        0.0012418134562315     0.0000000000000000        0.0049113421068984     0.0000000000000000
     0.0083012547762647     0.0000000000000000        0.0047927316796977     0.0000000000000000        0.0056220049944748     0.0000000000000000
    6    4
    -0.0026122111182150     0.0000000000000000       -0.0040040557343253     0.0000000000000000       -0.0144201679190749     0.0000000000000000
    -0.0040040557343253     0.0000000000000000        0.0020112741939098     0.0000000000000000       -0.0083254878298542     0.0000000000000000
    -0.0047928243447828     0.0000000000000000       -0.0027671384256444     0.0000000000000000        0.0037357715373812     0.0000000000000000
    6    5
    -0.0106006575376505     0.0000000000000000       -0.0096956492544120     0.0000000000000000        0.0261014085632222     0.0000000000000000
    -0.0096956492544120     0.0000000000000000        0.0005949138763354     0.0000000000000000        0.0150696552602349     0.0000000000000000
     0.0175030003256779     0.0000000000000000        0.0101053619496765     0.0000000000000000       -0.0336893104591413     0.0000000000000000
    6    6
     0.1358021784194955     0.0000000000000000        0.0083636999207672     0.0000000000000000       -0.0040195801866972     0.0000000000000000
     0.0083636999207672     0.0000000000000000        0.1261446096186669     0.0000000000000000       -0.0023207057028235     0.0000000000000000
    -0.0040195801866972     0.0000000000000000       -0.0023207057028235     0.0000000000000000        0.1229500792382321     0.0000000000000000
    6    7
    -0.0103077235859914     0.0000000000000000       -0.0276510089222511     0.0000000000000000        0.0001809093142945     0.0000000000000000
    -0.0191789911525618     0.0000000000000000       -0.0373450367354301     0.0000000000000000       -0.0033605382448290     0.0000000000000000
     0.0030007661475524     0.0000000000000000        0.0015235970604538     0.0000000000000000        0.0044452779121206     0.0000000000000000
    6    8
    -0.0508636933099254     0.0000000000000000        0.0042360088848447     0.0000000000000000       -0.0028198568332580     0.0000000000000000
    -0.0042360088848447     0.0000000000000000        0.0032109329886661     0.0000000000000000        0.0018369411843751     0.0000000000000000
     0.0028198568332578     0.0000000000000000        0.0018369411843751     0.0000000000000000        0.0044452779121206     0.0000000000000000
    6    9
    -0.0014025570817518     0.0000000000000000        0.0121126948292629     0.0000000000000000        0.0071979200740507     0.0000000000000000
     0.0023167068875304     0.0000000000000000        0.0069282618836951     0.0000000000000000       -0.0007530572902628     0.0000000000000000
     0.0042511267808967     0.0000000000000000       -0.0058570529934189     0.0000000000000000       -0.0006554918000360     0.0000000000000000
    6   10
     0.0110936713663769     0.0000000000000000       -0.0048979939708663     0.0000000000000000        0.0029467932931540     0.0000000000000000
     0.0048979939708663     0.0000000000000000       -0.0055679665644837     0.0000000000000000        0.0066101102836818     0.0000000000000000
    -0.0029467932931540     0.0000000000000000        0.0066101102836817     0.0000000000000000       -0.0006554918000360     0.0000000000000000
    6   11
    -0.0068473340146070     0.0000000000000000       -0.0000556102941316     0.0000000000000000       -0.0003837796343444     0.0000000000000000
    -0.0000556102941316     0.0000000000000000       -0.0067831207780610     0.0000000000000000       -0.0002215752751987     0.0000000000000000
    -0.0003837796343444     0.0000000000000000       -0.0002215752751987     0.0000000000000000       -0.0069001479514048     0.0000000000000000
    7    1
    -0.0908327638952456     0.0000000000000000       -0.0000000000000001     0.0000000000000000        0.0000000000000000     0.0000000000000000
    -0.0000000000000001     0.0000000000000000       -0.0339903977739373     0.0000000000000000        0.0194473580087475     0.0000000000000000
     0.0000000000000000     0.0000000000000000        0.0204273470904727     0.0000000000000000       -0.0828534419157595     0.0000000000000000
    7    2
    -0.0189664844142472     0.0000000000000000       -0.0000000000000000     0.0000000000000000        0.0000000000000000     0.0000000000000000
    -0.0000000000000000     0.0000000000000000        0.0016454149456130     0.0000000000000000        0.0074460109756966     0.0000000000000000
     0.0000000000000000     0.0000000000000000        0.0069771924311258     0.0000000000000000       -0.0164445276679516     0.0000000000000000
    7    3
     0.0081392821539457     0.0000000000000000        0.0000000000000000     0.0000000000000000       -0.0000000000000000     0.0000000000000000
     0.0000000000000000     0.0000000000000000       -0.0194505926370090     0.0000000000000000       -0.0098226842137969     0.0000000000000000
    -0.0000000000000000     0.0000000000000000       -0.0095854633593954     0.0000000000000000        0.0056220049944747     0.0000000000000000
    7    4
     0.0043230168499601     0.0000000000000000       -0.0000000000000000     0.0000000000000000        0.0000000000000000     0.0000000000000000
    -0.0000000000000000     0.0000000000000000       -0.0049239537742930     0.0000000000000000        0.0166509756597083     0.0000000000000000
     0.0000000000000000     0.0000000000000000        0.0055342768512889     0.0000000000000000        0.0037357715373812     0.0000000000000000
    7    5
     0.0061926995833249     0.0000000000000000        0.0000000000000000     0.0000000000000000        0.0000000000000001     0.0000000000000000
     0.0000000000000000     0.0000000000000000       -0.0161984432447070     0.0000000000000000       -0.0301393105204697     0.0000000000000000
     0.0000000000000000     0.0000000000000000       -0.0202107238993529     0.0000000000000000       -0.0336893104591414     0.0000000000000000
    7    6
    -0.0103077235859914     0.0000000000000000       -0.0191789911525618     0.0000000000000000        0.0030007661475524     0.0000000000000000
    -0.0276510089222511     0.0000000000000000       -0.0373450367354301     0.0000000000000000        0.0015235970604538     0.0000000000000000
     0.0001809093142945     0.0000000000000000       -0.0033605382448290     0.0000000000000000        0.0044452779121206     0.0000000000000000
    7    7
     0.1213158252174959     0.0000000000000000        0.0000000000000000     0.0000000000000000       -0.0000000000000000     0.0000000000000000
     0.0000000000000001     0.0000000000000000        0.1406309628207244     0.0000000000000000        0.0046414114056472     0.0000000000000000
    -0.0000000000000000     0.0000000000000000        0.0046414114056472     0.0000000000000000        0.1229500792382322     0.0000000000000000
    7    8
    -0.0103077235859914     0.0000000000000000        0.0191789911525618     0.0000000000000000       -0.0030007661475525     0.0000000000000000
     0.0276510089222511     0.0000000000000000       -0.0373450367354301     0.0000000000000000        0.0015235970604538     0.0000000000000000
    -0.0001809093142946     0.0000000000000000       -0.0033605382448289     0.0000000000000000        0.0044452779121206     0.0000000000000000
    7    9
    -0.0067510141597474     0.0000000000000000       -0.0000000000000000     0.0000000000000000        0.0000000000000000     0.0000000000000000
    -0.0000000000000000     0.0000000000000000       -0.0068794406329210     0.0000000000000000        0.0004431505503973     0.0000000000000000
     0.0000000000000000     0.0000000000000000        0.0004431505503973     0.0000000000000000       -0.0069001479514048     0.0000000000000000
    7   10
    -0.0014025570817518     0.0000000000000000       -0.0023167068875304     0.0000000000000000       -0.0042511267808967     0.0000000000000000
    -0.0121126948292629     0.0000000000000000        0.0069282618836951     0.0000000000000000       -0.0058570529934190     0.0000000000000000
    -0.0071979200740507     0.0000000000000000       -0.0007530572902628     0.0000000000000000       -0.0006554918000360     0.0000000000000000
    7   11
    -0.0014025570817518     0.0000000000000000        0.0023167068875304     0.0000000000000000        0.0042511267808967     0.0000000000000000
     0.0121126948292629     0.0000000000000000        0.0069282618836951     0.0000000000000000       -0.0058570529934189     0.0000000000000000
     0.0071979200740507     0.0000000000000000       -0.0007530572902628     0.0000000000000000       -0.0006554918000360     0.0000000000000000
    8    1
    -0.0482009893041625     0.0000000000000000       -0.0246134665362426     0.0000000000000000        0.0168419060720325     0.0000000000000000
    -0.0246134665362426     0.0000000000000000       -0.0766221723651910     0.0000000000000000       -0.0097236790043739     0.0000000000000000
     0.0176906015122361     0.0000000000000000       -0.0102136735452364     0.0000000000000000       -0.0828534419157595     0.0000000000000000
    8    2
    -0.0035075598943570     0.0000000000000000       -0.0089252142329586     0.0000000000000000        0.0064484346617981     0.0000000000000000
    -0.0089252142329586     0.0000000000000000       -0.0138135095743391     0.0000000000000000       -0.0037230054878483     0.0000000000000000
     0.0060424258924354     0.0000000000000000       -0.0034885962155629     0.0000000000000000       -0.0164445276679516     0.0000000000000000
    8    3
    -0.0125531239392119     0.0000000000000000        0.0119467662280895     0.0000000000000000       -0.0085066940624835     0.0000000000000000
     0.0119467662280895     0.0000000000000000        0.0012418134562315     0.0000000000000000        0.0049113421068985     0.0000000000000000
    -0.0083012547762648     0.0000000000000000        0.0047927316796977     0.0000000000000000        0.0056220049944747     0.0000000000000000
    8    4
    -0.0026122111182150     0.0000000000000000        0.0040040557343253     0.0000000000000000        0.0144201679190749     0.0000000000000000
     0.0040040557343253     0.0000000000000000        0.0020112741939098     0.0000000000000000       -0.0083254878298542     0.0000000000000000
     0.0047928243447827     0.0000000000000000       -0.0027671384256444     0.0000000000000000        0.0037357715373812     0.0000000000000000
    8    5
    -0.0106006575376504     0.0000000000000000        0.0096956492544120     0.0000000000000000       -0.0261014085632221     0.0000000000000000
     0.0096956492544120     0.0000000000000000        0.0005949138763355     0.0000000000000000        0.0150696552602349     0.0000000000000000
    -0.0175030003256779     0.0000000000000000        0.0101053619496765     0.0000000000000000       -0.0336893104591414     0.0000000000000000
    8    6
    -0.0508636933099254     0.0000000000000000       -0.0042360088848447     0.0000000000000000        0.0028198568332578     0.0000000000000000
     0.0042360088848447     0.0000000000000000        0.0032109329886661     0.0000000000000000        0.0018369411843751     0.0000000000000000
    -0.0028198568332580     0.0000000000000000        0.0018369411843751     0.0000000000000000        0.0044452779121206     0.0000000000000000
    8    7
    -0.0103077235859914     0.0000000000000000        0.0276510089222511     0.0000000000000000       -0.0001809093142946     0.0000000000000000
     0.0191789911525617     0.0000000000000000       -0.0373450367354301     0.0000000000000000       -0.0033605382448289     0.0000000000000000
    -0.0030007661475525     0.0000000000000000        0.0015235970604538     0.0000000000000000        0.0044452779121206     0.0000000000000000
    8    8
     0.1358021784194954     0.0000000000000000       -0.0083636999207671     0.0000000000000000        0.0040195801866972     0.0000000000000000
    -0.0083636999207671     0.0000000000000000        0.1261446096186669     0.0000000000000000       -0.0023207057028235     0.0000000000000000
     0.0040195801866972     0.0000000000000000       -0.0023207057028235     0.0000000000000000        0.1229500792382322     0.0000000000000000
    8    9
    -0.0014025570817518     0.0000000000000000       -0.0121126948292629     0.0000000000000000       -0.0071979200740507     0.0000000000000000
    -0.0023167068875303     0.0000000000000000        0.0069282618836951     0.0000000000000000       -0.0007530572902628     0.0000000000000000
    -0.0042511267808967     0.0000000000000000       -0.0058570529934190     0.0000000000000000       -0.0006554918000360     0.0000000000000000
    8   10
    -0.0068473340146070     0.0000000000000000        0.0000556102941316     0.0000000000000000        0.0003837796343444     0.0000000000000000
     0.0000556102941316     0.0000000000000000       -0.0067831207780610     0.0000000000000000       -0.0002215752751987     0.0000000000000000
     0.0003837796343444     0.0000000000000000       -0.0002215752751987     0.0000000000000000       -0.0069001479514048     0.0000000000000000
    8   11
     0.0110936713663769     0.0000000000000000        0.0048979939708663     0.0000000000000000       -0.0029467932931540     0.0000000000000000
    -0.0048979939708663     0.0000000000000000       -0.0055679665644837     0.0000000000000000        0.0066101102836817     0.0000000000000000
     0.0029467932931540     0.0000000000000000        0.0066101102836818     0.0000000000000000       -0.0006554918000360     0.0000000000000000
    9    1
    -0.0908327638952456     0.0000000000000000       -0.0000000000000000     0.0000000000000000        0.0000000000000000     0.0000000000000000
    -0.0000000000000000     0.0000000000000000       -0.0339903977739373     0.0000000000000000        0.0194473580087476     0.0000000000000000
    -0.0000000000000000     0.0000000000000000        0.0204273470904727     0.0000000000000000       -0.0828534419157595     0.0000000000000000
    9    2
     0.0081392821539457     0.0000000000000000        0.0000000000000000     0.0000000000000000       -0.0000000000000000     0.0000000000000000
     0.0000000000000000     0.0000000000000000       -0.0194505926370090     0.0000000000000000       -0.0098226842137969     0.0000000000000000
     0.0000000000000000     0.0000000000000000       -0.0095854633593954     0.0000000000000000        0.0056220049944747     0.0000000000000000
    9    3
    -0.0189664844142472     0.0000000000000000       -0.0000000000000000     0.0000000000000000        0.0000000000000000     0.0000000000000000
    -0.0000000000000000     0.0000000000000000        0.0016454149456130     0.0000000000000000        0.0074460109756966     0.0000000000000000
     0.0000000000000000     0.0000000000000000        0.0069771924311258     0.0000000000000000       -0.0164445276679516     0.0000000000000000
    9    4
     0.0061926995833249     0.0000000000000000        0.0000000000000000     0.0000000000000000        0.0000000000000000     0.0000000000000000
     0.0000000000000000     0.0000000000000000       -0.0161984432447070     0.0000000000000000       -0.0301393105204697     0.0000000000000000
     0.0000000000000000     0.0000000000000000       -0.0202107238993529     0.0000000000000000       -0.0336893104591414     0.0000000000000000
    9    5
     0.0043230168499601     0.0000000000000000       -0.0000000000000000     0.0000000000000000        0.0000000000000000     0.0000000000000000
    -0.0000000000000000     0.0000000000000000       -0.0049239537742930     0.0000000000000000        0.0166509756597083     0.0000000000000000
     0.0000000000000000     0.0000000000000000        0.0055342768512889     0.0000000000000000        0.0037357715373812     0.0000000000000000
    9    6
    -0.0014025570817518     0.0000000000000000        0.0023167068875304     0.0000000000000000        0.0042511267808967     0.0000000000000000
     0.0121126948292629     0.0000000000000000        0.0069282618836951     0.0000000000000000       -0.0058570529934189     0.0000000000000000
     0.0071979200740507     0.0000000000000000       -0.0007530572902628     0.0000000000000000       -0.0006554918000360     0.0000000000000000
    9    7
    -0.0067510141597474     0.0000000000000000       -0.0000000000000000     0.0000000000000000        0.0000000000000000     0.0000000000000000
    -0.0000000000000000     0.0000000000000000       -0.0068794406329210     0.0000000000000000        0.0004431505503973     0.0000000000000000
     0.0000000000000000     0.0000000000000000        0.0004431505503973     0.0000000000000000       -0.0069001479514048     0.0000000000000000
    9    8
    -0.0014025570817518     0.0000000000000000       -0.0023167068875304     0.0000000000000000       -0.0042511267808967     0.0000000000000000
    -0.0121126948292629     0.0000000000000000        0.0069282618836951     0.0000000000000000       -0.0058570529934190     0.0000000000000000
    -0.0071979200740507     0.0000000000000000       -0.0007530572902628     0.0000000000000000       -0.0006554918000360     0.0000000000000000
    9    9
     0.1213158252174959     0.0000000000000000        0.0000000000000000     0.0000000000000000       -0.0000000000000000     0.0000000000000000
     0.0000000000000000     0.0000000000000000        0.1406309628207244     0.0000000000000000        0.0046414114056472     0.0000000000000000
    -0.0000000000000000     0.0000000000000000        0.0046414114056472     0.0000000000000000        0.1229500792382322     0.0000000000000000
    9   10
    -0.0103077235859914     0.0000000000000000        0.0191789911525618     0.0000000000000000       -0.0030007661475525     0.0000000000000000
     0.0276510089222511     0.0000000000000000       -0.0373450367354301     0.0000000000000000        0.0015235970604538     0.0000000000000000
    -0.0001809093142946     0.0000000000000000       -0.0033605382448289     0.0000000000000000        0.0044452779121206     0.0000000000000000
    9   11
    -0.0103077235859914     0.0000000000000000       -0.0191789911525618     0.0000000000000000        0.0030007661475524     0.0000000000000000
    -0.0276510089222511     0.0000000000000000       -0.0373450367354301     0.0000000000000000        0.0015235970604538     0.0000000000000000
     0.0001809093142945     0.0000000000000000       -0.0033605382448290     0.0000000000000000        0.0044452779121206     0.0000000000000000
   10    1
    -0.0482009893041625     0.0000000000000000       -0.0246134665362426     0.0000000000000000        0.0168419060720325     0.0000000000000000
    -0.0246134665362426     0.0000000000000000       -0.0766221723651910     0.0000000000000000       -0.0097236790043739     0.0000000000000000
     0.0176906015122361     0.0000000000000000       -0.0102136735452364     0.0000000000000000       -0.0828534419157595     0.0000000000000000
   10    2
    -0.0125531239392119     0.0000000000000000        0.0119467662280895     0.0000000000000000       -0.0085066940624835     0.0000000000000000
     0.0119467662280895     0.0000000000000000        0.0012418134562315     0.0000000000000000        0.0049113421068985     0.0000000000000000
    -0.0083012547762648     0.0000000000000000        0.0047927316796977     0.0000000000000000        0.0056220049944747     0.0000000000000000
   10    3
    -0.0035075598943570     0.0000000000000000       -0.0089252142329586     0.0000000000000000        0.0064484346617981     0.0000000000000000
    -0.0089252142329586     0.0000000000000000       -0.0138135095743391     0.0000000000000000       -0.0037230054878483     0.0000000000000000
     0.0060424258924354     0.0000000000000000       -0.0034885962155629     0.0000000000000000       -0.0164445276679516     0.0000000000000000
   10    4
    -0.0106006575376504     0.0000000000000000        0.0096956492544120     0.0000000000000000       -0.0261014085632221     0.0000000000000000
     0.0096956492544120     0.0000000000000000        0.0005949138763354     0.0000000000000000        0.0150696552602349     0.0000000000000000
    -0.0175030003256779     0.0000000000000000        0.0101053619496765     0.0000000000000000       -0.0336893104591414     0.0000000000000000
   10    5
    -0.0026122111182150     0.0000000000000000        0.0040040557343253     0.0000000000000000        0.0144201679190749     0.0000000000000000
     0.0040040557343253     0.0000000000000000        0.0020112741939098     0.0000000000000000       -0.0083254878298542     0.0000000000000000
     0.0047928243447827     0.0000000000000000       -0.0027671384256444     0.0000000000000000        0.0037357715373812     0.0000000000000000
   10    6
     0.0110936713663769     0.0000000000000000        0.0048979939708663     0.0000000000000000       -0.0029467932931540     0.0000000000000000
    -0.0048979939708663     0.0000000000000000       -0.0055679665644837     0.0000000000000000        0.0066101102836817     0.0000000000000000
     0.0029467932931540     0.0000000000000000        0.0066101102836818     0.0000000000000000       -0.0006554918000360     0.0000000000000000
   10    7
    -0.0014025570817518     0.0000000000000000       -0.0121126948292629     0.0000000000000000       -0.0071979200740507     0.0000000000000000
    -0.0023167068875303     0.0000000000000000        0.0069282618836951     0.0000000000000000       -0.0007530572902628     0.0000000000000000
    -0.0042511267808967     0.0000000000000000       -0.0058570529934190     0.0000000000000000       -0.0006554918000360     0.0000000000000000
   10    8
    -0.0068473340146070     0.0000000000000000        0.0000556102941316     0.0000000000000000        0.0003837796343444     0.0000000000000000
     0.0000556102941316     0.0000000000000000       -0.0067831207780610     0.0000000000000000       -0.0002215752751987     0.0000000000000000
     0.0003837796343444     0.0000000000000000       -0.0002215752751987     0.0000000000000000       -0.0069001479514048     0.0000000000000000
   10    9
    -0.0103077235859914     0.0000000000000000        0.0276510089222511     0.0000000000000000       -0.0001809093142946     0.0000000000000000
     0.0191789911525617     0.0000000000000000       -0.0373450367354301     0.0000000000000000       -0.0033605382448289     0.0000000000000000
    -0.0030007661475525     0.0000000000000000        0.0015235970604538     0.0000000000000000        0.0044452779121206     0.0000000000000000
   10   10
     0.1358021784194954     0.0000000000000000       -0.0083636999207671     0.0000000000000000        0.0040195801866972     0.0000000000000000
    -0.0083636999207671     0.0000000000000000        0.1261446096186669     0.0000000000000000       -0.0023207057028235     0.0000000000000000
     0.0040195801866972     0.0000000000000000       -0.0023207057028235     0.0000000000000000        0.1229500792382322     0.0000000000000000
   10   11
    -0.0508636933099254     0.0000000000000000       -0.0042360088848447     0.0000000000000000        0.0028198568332578     0.0000000000000000
     0.0042360088848447     0.0000000000000000        0.0032109329886661     0.0000000000000000        0.0018369411843751     0.0000000000000000
    -0.0028198568332580     0.0000000000000000        0.0018369411843751     0.0000000000000000        0.0044452779121206     0.0000000000000000
   11    1
    -0.0482009893041623     0.0000000000000000        0.0246134665362425     0.0000000000000000       -0.0168419060720324     0.0000000000000000
     0.0246134665362425     0.0000000000000000       -0.0766221723651909     0.0000000000000000       -0.0097236790043738     0.0000000000000000
    -0.0176906015122360     0.0000000000000000       -0.0102136735452364     0.0000000000000000       -0.0828534419157596     0.0000000000000000
   11    2
    -0.0125531239392120     0.0000000000000000       -0.0119467662280895     0.0000000000000000        0.0085066940624835     0.0000000000000000
    -0.0119467662280895     0.0000000000000000        0.0012418134562315     0.0000000000000000        0.0049113421068984     0.0000000000000000
     0.0083012547762647     0.0000000000000000        0.0047927316796977     0.0000000000000000        0.0056220049944748     0.0000000000000000
   11    3
    -0.0035075598943569     0.0000000000000000        0.0089252142329586     0.0000000000000000       -0.0064484346617981     0.0000000000000000
     0.0089252142329586     0.0000000000000000       -0.0138135095743391     0.0000000000000000       -0.0037230054878483     0.0000000000000000
    -0.0060424258924354     0.0000000000000000       -0.0034885962155629     0.0000000000000000       -0.0164445276679516     0.0000000000000000
   11    4
    -0.0106006575376505     0.0000000000000000       -0.0096956492544120     0.0000000000000000        0.0261014085632222     0.0000000000000000
    -0.0096956492544120     0.0000000000000000        0.0005949138763354     0.0000000000000000        0.0150696552602349     0.0000000000000000
     0.0175030003256779     0.0000000000000000        0.0101053619496765     0.0000000000000000       -0.0336893104591413     0.0000000000000000
   11    5
    -0.0026122111182150     0.0000000000000000       -0.0040040557343253     0.0000000000000000       -0.0144201679190749     0.0000000000000000
    -0.0040040557343253     0.0000000000000000        0.0020112741939098     0.0000000000000000       -0.0083254878298542     0.0000000000000000
    -0.0047928243447828     0.0000000000000000       -0.0027671384256444     0.0000000000000000        0.0037357715373812     0.0000000000000000
   11    6
    -0.0068473340146070     0.0000000000000000       -0.0000556102941316     0.0000000000000000       -0.0003837796343444     0.0000000000000000
    -0.0000556102941316     0.0000000000000000       -0.0067831207780610     0.0000000000000000       -0.0002215752751987     0.0000000000000000
    -0.0003837796343444     0.0000000000000000       -0.0002215752751987     0.0000000000000000       -0.0069001479514048     0.0000000000000000
   11    7
    -0.0014025570817518     0.0000000000000000        0.0121126948292629     0.0000000000000000        0.0071979200740507     0.0000000000000000
     0.0023167068875304     0.0000000000000000        0.0069282618836951     0.0000000000000000       -0.0007530572902628     0.0000000000000000
     0.0042511267808967     0.0000000000000000       -0.0058570529934189     0.0000000000000000       -0.0006554918000360     0.0000000000000000
   11    8
     0.0110936713663769     0.0000000000000000       -0.0048979939708663     0.0000000000000000        0.0029467932931540     0.0000000000000000
     0.0048979939708663     0.0000000000000000       -0.0055679665644837     0.0000000000000000        0.0066101102836818     0.0000000000000000
    -0.0029467932931540     0.0000000000000000        0.0066101102836817     0.0000000000000000       -0.0006554918000360     0.0000000000000000
   11    9
    -0.0103077235859914     0.0000000000000000       -0.0276510089222511     0.0000000000000000        0.0001809093142945     0.0000000000000000
    -0.0191789911525618     0.0000000000000000       -0.0373450367354301     0.0000000000000000       -0.0033605382448290     0.0000000000000000
     0.0030007661475524     0.0000000000000000        0.0015235970604538     0.0000000000000000        0.0044452779121206     0.0000000000000000
   11   10
    -0.0508636933099254     0.0000000000000000        0.0042360088848447     0.0000000000000000       -0.0028198568332580     0.0000000000000000
    -0.0042360088848447     0.0000000000000000        0.0032109329886661     0.0000000000000000        0.0018369411843751     0.0000000000000000
     0.0028198568332578     0.0000000000000000        0.0018369411843751     0.0000000000000000        0.0044452779121206     0.0000000000000000
   11   11
     0.1358021784194955     0.0000000000000000        0.0083636999207672     0.0000000000000000       -0.0040195801866972     0.0000000000000000
     0.0083636999207672     0.0000000000000000        0.1261446096186669     0.0000000000000000       -0.0023207057028235     0.0000000000000000
    -0.0040195801866972     0.0000000000000000       -0.0023207057028235     0.0000000000000000        0.1229500792382321     0.0000000000000000

     Diagonalizing the dynamical matrix

     q = (     0.000000000000     0.000000000000     0.000000000000 )

***************************************************************************
   freq (    1) =     0.00000019 [THz] =     0.00000627 [cm-1]
(   0.301511  0.000000  -0.000000  0.000000  -0.000000  0.000000 )
(   0.301511  0.000000  -0.000000  0.000000   0.000000  0.000000 )
(   0.301511  0.000000  -0.000000  0.000000  -0.000000  0.000000 )
(   0.301511  0.000000  -0.000000  0.000000   0.000000  0.000000 )
(   0.301511  0.000000  -0.000000  0.000000  -0.000000  0.000000 )
(   0.301511  0.000000  -0.000000  0.000000   0.000000  0.000000 )
(   0.301511  0.000000  -0.000000  0.000000  -0.000000  0.000000 )
(   0.301511  0.000000   0.000000  0.000000  -0.000000  0.000000 )
(   0.301511  0.000000  -0.000000  0.000000  -0.000000  0.000000 )
(   0.301511  0.000000   0.000000  0.000000  -0.000000  0.000000 )
(   0.301511  0.000000  -0.000000  0.000000   0.000000  0.000000 )
   freq (    2) =     0.00000031 [THz] =     0.00001046 [cm-1]
(   0.000000  0.000000  -0.158791  0.000000   0.256309  0.000000 )
(   0.000000  0.000000  -0.158791  0.000000   0.256309  0.000000 )
(   0.000000  0.000000  -0.158791  0.000000   0.256309  0.000000 )
(  -0.000000  0.000000  -0.158791  0.000000   0.256309  0.000000 )
(   0.000000  0.000000  -0.158791  0.000000   0.256309  0.000000 )
(   0.000000  0.000000  -0.158791  0.000000   0.256309  0.000000 )
(  -0.000000  0.000000  -0.158791  0.000000   0.256309  0.000000 )
(  -0.000000  0.000000  -0.158791  0.000000   0.256309  0.000000 )
(   0.000000  0.000000  -0.158791  0.000000   0.256309  0.000000 )
(   0.000000  0.000000  -0.158791  0.000000   0.256309  0.000000 )
(  -0.000000  0.000000  -0.158791  0.000000   0.256309  0.000000 )
   freq (    3) =     0.00000086 [THz] =     0.00002875 [cm-1]
(  -0.000000  0.000000  -0.256309  0.000000  -0.158791  0.000000 )
(  -0.000000  0.000000  -0.256309  0.000000  -0.158791  0.000000 )
(   0.000000  0.000000  -0.256309  0.000000  -0.158791  0.000000 )
(   0.000000  0.000000  -0.256309  0.000000  -0.158791  0.000000 )
(   0.000000  0.000000  -0.256309  0.000000  -0.158791  0.000000 )
(   0.000000  0.000000  -0.256309  0.000000  -0.158791  0.000000 )
(  -0.000000  0.000000  -0.256309  0.000000  -0.158791  0.000000 )
(  -0.000000  0.000000  -0.256309  0.000000  -0.158791  0.000000 )
(  -0.000000  0.000000  -0.256309  0.000000  -0.158791  0.000000 )
(  -0.000000  0.000000  -0.256309  0.000000  -0.158791  0.000000 )
(   0.000000  0.000000  -0.256309  0.000000  -0.158791  0.000000 )
   freq (    4) =    25.46298934 [THz] =   849.35377854 [cm-1]
(   0.021371  0.000000  -0.000000  0.000000   0.000000  0.000000 )
(  -0.468790  0.000000   0.000000  0.000000  -0.000000  0.000000 )
(  -0.468790  0.000000   0.000000  0.000000  -0.000000  0.000000 )
(  -0.198682  0.000000   0.000000  0.000000  -0.000000  0.000000 )
(  -0.198682  0.000000   0.000000  0.000000  -0.000000  0.000000 )
(  -0.307314  0.000000  -0.067512  0.000000   0.056075  0.000000 )
(  -0.190380  0.000000   0.000000  0.000000  -0.000000  0.000000 )
(  -0.307314  0.000000   0.067512  0.000000  -0.056075  0.000000 )
(  -0.190380  0.000000   0.000000  0.000000  -0.000000  0.000000 )
(  -0.307314  0.000000   0.067512  0.000000  -0.056075  0.000000 )
(  -0.307314  0.000000  -0.067512  0.000000   0.056075  0.000000 )
   freq (    5) =    25.46298934 [THz] =   849.35377854 [cm-1]
(   0.000000  0.000000   0.021371  0.000000  -0.000000  0.000000 )
(  -0.000000  0.000000  -0.468790  0.000000   0.000000  0.000000 )
(  -0.000000  0.000000  -0.468790  0.000000   0.000000  0.000000 )
(  -0.000000  0.000000  -0.198682  0.000000   0.000000  0.000000 )
(  -0.000000  0.000000  -0.198682  0.000000   0.000000  0.000000 )
(  -0.067512  0.000000  -0.229358  0.000000   0.032375  0.000000 )
(  -0.000000  0.000000  -0.346292  0.000000  -0.064750  0.000000 )
(   0.067512  0.000000  -0.229358  0.000000   0.032375  0.000000 )
(  -0.000000  0.000000  -0.346292  0.000000  -0.064750  0.000000 )
(   0.067512  0.000000  -0.229358  0.000000   0.032375  0.000000 )
(  -0.067512  0.000000  -0.229358  0.000000   0.032375  0.000000 )
   freq (    6) =    25.53599336 [THz] =   851.78893024 [cm-1]
(  -0.000000  0.000000   0.000000  0.000000   0.021443  0.000000 )
(   0.000000  0.000000  -0.000000  0.000000  -0.464495  0.000000 )
(   0.000000  0.000000  -0.000000  0.000000  -0.464495  0.000000 )
(   0.000000  0.000000  -0.000000  0.000000  -0.372020  0.000000 )
(   0.000000  0.000000  -0.000000  0.000000  -0.372020  0.000000 )
(   0.046605  0.000000   0.026908  0.000000  -0.213641  0.000000 )
(   0.000000  0.000000  -0.053815  0.000000  -0.213641  0.000000 )
(  -0.046605  0.000000   0.026908  0.000000  -0.213641  0.000000 )
(   0.000000  0.000000  -0.053815  0.000000  -0.213641  0.000000 )
(  -0.046605  0.000000   0.026908  0.000000  -0.213641  0.000000 )
(   0.046605  0.000000   0.026908  0.000000  -0.213641  0.000000 )
   freq (    7) =    27.56849867 [THz] =   919.58599977 [cm-1]
(  -0.000000  0.000000  -0.000000  0.000000   0.000000  0.000000 )
(  -0.496566  0.000000  -0.000118  0.000000  -0.000000  0.000000 )
(   0.496566  0.000000   0.000118  0.000000   0.000000  0.000000 )
(   0.019808  0.000000   0.000005  0.000000  -0.000000  0.000000 )
(  -0.019808  0.000000  -0.000005  0.000000   0.000000  0.000000 )
(   0.281820  0.000000   0.174025  0.000000  -0.129035  0.000000 )
(  -0.019607  0.000000   0.000090  0.000000   0.000035  0.000000 )
(   0.281738  0.000000  -0.173986  0.000000   0.129000  0.000000 )
(   0.019607  0.000000  -0.000090  0.000000  -0.000035  0.000000 )
(  -0.281738  0.000000   0.173986  0.000000  -0.129000  0.000000 )
(  -0.281820  0.000000  -0.174025  0.000000   0.129035  0.000000 )
   freq (    8) =    27.56849867 [THz] =   919.58599977 [cm-1]
(  -0.000000  0.000000  -0.000000  0.000000   0.000000  0.000000 )
(   0.000118  0.000000  -0.496566  0.000000   0.000000  0.000000 )
(  -0.000118  0.000000   0.496566  0.000000  -0.000000  0.000000 )
(  -0.000005  0.000000   0.019808  0.000000   0.000000  0.000000 )
(   0.000005  0.000000  -0.019808  0.000000  -0.000000  0.000000 )
(   0.173939  0.000000   0.080814  0.000000  -0.074458  0.000000 )
(   0.000005  0.000000   0.382241  0.000000   0.148976  0.000000 )
(  -0.174072  0.000000   0.080896  0.000000  -0.074519  0.000000 )
(  -0.000005  0.000000  -0.382241  0.000000  -0.148976  0.000000 )
(   0.174072  0.000000  -0.080896  0.000000   0.074519  0.000000 )
(  -0.173939  0.000000  -0.080814  0.000000   0.074458  0.000000 )
   freq (    9) =    27.85217704 [THz] =   929.04849038 [cm-1]
(  -0.000000  0.000000  -0.000000  0.000000   0.000000  0.000000 )
(   0.000000  0.000000  -0.000000  0.000000  -0.523665  0.000000 )
(  -0.000000  0.000000   0.000000  0.000000   0.523665  0.000000 )
(  -0.000000  0.000000   0.000000  0.000000  -0.405371  0.000000 )
(   0.000000  0.000000  -0.000000  0.000000   0.405371  0.000000 )
(  -0.123486  0.000000  -0.071295  0.000000   0.012292  0.000000 )
(   0.000000  0.000000   0.142590  0.000000   0.012292  0.000000 )
(   0.123486  0.000000  -0.071295  0.000000   0.012292  0.000000 )
(  -0.000000  0.000000  -0.142590  0.000000  -0.012292  0.000000 )
(  -0.123486  0.000000   0.071295  0.000000  -0.012292  0.000000 )
(   0.123486  0.000000   0.071295  0.000000  -0.012292  0.000000 )
   freq (   10) =    28.56710878 [THz] =   952.89604292 [cm-1]
(  -0.000000  0.000000  -0.000000  0.000000   0.000000  0.000000 )
(   0.000000  0.000000  -0.000000  0.000000   0.331244  0.000000 )
(  -0.000000  0.000000   0.000000  0.000000  -0.331244  0.000000 )
(  -0.000000  0.000000   0.000000  0.000000  -0.368346  0.000000 )
(   0.000000  0.000000  -0.000000  0.000000   0.368346  0.000000 )
(  -0.027259  0.000000  -0.015738  0.000000   0.289613  0.000000 )
(   0.000000  0.000000   0.031476  0.000000   0.289613  0.000000 )
(   0.027259  0.000000  -0.015738  0.000000   0.289613  0.000000 )
(  -0.000000  0.000000  -0.031476  0.000000  -0.289613  0.000000 )
(  -0.027259  0.000000   0.015738  0.000000  -0.289613  0.000000 )
(   0.027259  0.000000   0.015738  0.000000  -0.289613  0.000000 )
   freq (   11) =    29.73997222 [THz] =   992.01855054 [cm-1]
(  -0.000000  0.000000  -0.000000  0.000000  -0.000000  0.000000 )
(   0.360553  0.000000   0.000019  0.000000  -0.000000  0.000000 )
(  -0.360553  0.000000  -0.000019  0.000000   0.000000  0.000000 )
(  -0.295490  0.000000  -0.000015  0.000000   0.000000  0.000000 )
(   0.295490  0.000000   0.000015  0.000000  -0.000000  0.000000 )
(   0.313260  0.000000   0.014021  0.000000  -0.035438  0.000000 )
(   0.289000  0.000000   0.000017  0.000000   0.000002  0.000000 )
(   0.313258  0.000000  -0.013991  0.000000   0.035436  0.000000 )
(  -0.289000  0.000000  -0.000017  0.000000  -0.000002  0.000000 )
(  -0.313258  0.000000   0.013991  0.000000  -0.035436  0.000000 )
(  -0.313260  0.000000  -0.014021  0.000000   0.035438  0.000000 )
   freq (   12) =    29.73997222 [THz] =   992.01855054 [cm-1]
(  -0.000000  0.000000  -0.000000  0.000000   0.000000  0.000000 )
(   0.000019  0.000000  -0.360553  0.000000   0.000000  0.000000 )
(  -0.000019  0.000000   0.360553  0.000000  -0.000000  0.000000 )
(  -0.000015  0.000000   0.295490  0.000000   0.000000  0.000000 )
(   0.000015  0.000000  -0.295490  0.000000  -0.000000  0.000000 )
(  -0.013990  0.000000  -0.297086  0.000000   0.020458  0.000000 )
(   0.000015  0.000000  -0.321345  0.000000  -0.040919  0.000000 )
(   0.014022  0.000000  -0.297087  0.000000   0.020461  0.000000 )
(  -0.000015  0.000000   0.321345  0.000000   0.040919  0.000000 )
(  -0.014022  0.000000   0.297087  0.000000  -0.020461  0.000000 )
(   0.013990  0.000000   0.297086  0.000000  -0.020458  0.000000 )
   freq (   13) =    33.81580153 [THz] =  1127.97356277 [cm-1]
(  -0.000000  0.000000   0.000000  0.000000   0.000000  0.000000 )
(  -0.000000  0.000000   0.000000  0.000000   0.000000  0.000000 )
(  -0.000000  0.000000   0.000000  0.000000   0.000000  0.000000 )
(   0.000000  0.000000   0.000000  0.000000  -0.000000  0.000000 )
(   0.000000  0.000000  -0.000000  0.000000  -0.000000  0.000000 )
(   0.204124  0.000000  -0.353553  0.000000  -0.000000  0.000000 )
(  -0.408248  0.000000   0.000000  0.000000  -0.000000  0.000000 )
(   0.204124  0.000000   0.353553  0.000000   0.000000  0.000000 )
(  -0.408248  0.000000  -0.000000  0.000000  -0.000000  0.000000 )
(   0.204124  0.000000   0.353553  0.000000   0.000000  0.000000 )
(   0.204124  0.000000  -0.353553  0.000000  -0.000000  0.000000 )
   freq (   14) =    33.97205703 [THz] =  1133.18568449 [cm-1]
(   0.000618  0.000000   0.000000  0.000000   0.000000  0.000000 )
(   0.128764  0.000000   0.000000  0.000000   0.000000  0.000000 )
(   0.128764  0.000000   0.000000  0.000000   0.000000  0.000000 )
(  -0.477646  0.000000  -0.000000  0.000000  -0.000000  0.000000 )
(  -0.477646  0.000000  -0.000000  0.000000  -0.000000  0.000000 )
(   0.081485  0.000000  -0.035709  0.000000   0.330832  0.000000 )
(   0.143334  0.000000   0.000000  0.000000  -0.000000  0.000000 )
(   0.081485  0.000000   0.035709  0.000000  -0.330832  0.000000 )
(   0.143334  0.000000   0.000000  0.000000  -0.000000  0.000000 )
(   0.081485  0.000000   0.035709  0.000000  -0.330832  0.000000 )
(   0.081485  0.000000  -0.035709  0.000000   0.330832  0.000000 )
   freq (   15) =    33.97205703 [THz] =  1133.18568449 [cm-1]
(   0.000000  0.000000  -0.000618  0.000000  -0.000000  0.000000 )
(   0.000000  0.000000  -0.128764  0.000000   0.000000  0.000000 )
(   0.000000  0.000000  -0.128764  0.000000   0.000000  0.000000 )
(  -0.000000  0.000000   0.477646  0.000000  -0.000000  0.000000 )
(  -0.000000  0.000000   0.477646  0.000000  -0.000000  0.000000 )
(   0.035709  0.000000  -0.122718  0.000000  -0.191006  0.000000 )
(   0.000000  0.000000  -0.060868  0.000000   0.382012  0.000000 )
(  -0.035709  0.000000  -0.122718  0.000000  -0.191006  0.000000 )
(   0.000000  0.000000  -0.060868  0.000000   0.382012  0.000000 )
(  -0.035709  0.000000  -0.122718  0.000000  -0.191006  0.000000 )
(   0.035709  0.000000  -0.122718  0.000000  -0.191006  0.000000 )
   freq (   16) =    33.99343377 [THz] =  1133.89873569 [cm-1]
(  -0.000000  0.000000   0.000000  0.000000   0.000000  0.000000 )
(   0.009140  0.000000  -0.000000  0.000000  -0.000000  0.000000 )
(  -0.009140  0.000000   0.000000  0.000000  -0.000000  0.000000 )
(   0.420570  0.000000  -0.000005  0.000000   0.000000  0.000000 )
(  -0.420570  0.000000   0.000005  0.000000   0.000000  0.000000 )
(   0.159492  0.000000   0.000289  0.000000   0.351342  0.000000 )
(   0.158988  0.000000  -0.000002  0.000000   0.000005  0.000000 )
(   0.159492  0.000000  -0.000292  0.000000  -0.351346  0.000000 )
(  -0.158988  0.000000   0.000002  0.000000  -0.000005  0.000000 )
(  -0.159492  0.000000   0.000292  0.000000   0.351346  0.000000 )
(  -0.159492  0.000000  -0.000289  0.000000  -0.351342  0.000000 )
   freq (   17) =    33.99343377 [THz] =  1133.89873569 [cm-1]
(  -0.000000  0.000000   0.000000  0.000000  -0.000000  0.000000 )
(   0.000000  0.000000   0.009140  0.000000  -0.000000  0.000000 )
(  -0.000000  0.000000  -0.009140  0.000000  -0.000000  0.000000 )
(   0.000005  0.000000   0.420570  0.000000  -0.000000  0.000000 )
(  -0.000005  0.000000  -0.420570  0.000000   0.000000  0.000000 )
(   0.000292  0.000000   0.159156  0.000000   0.202853  0.000000 )
(   0.000002  0.000000   0.159659  0.000000  -0.405697  0.000000 )
(  -0.000289  0.000000   0.159156  0.000000   0.202844  0.000000 )
(  -0.000002  0.000000  -0.159659  0.000000   0.405697  0.000000 )
(   0.000289  0.000000  -0.159156  0.000000  -0.202844  0.000000 )
(  -0.000292  0.000000  -0.159156  0.000000  -0.202853  0.000000 )
   freq (   18) =    34.27799602 [THz] =  1143.39070929 [cm-1]
(  -0.000000  0.000000  -0.000000  0.000000  -0.000000  0.000000 )
(   0.000000  0.000000   0.000000  0.000000  -0.000000  0.000000 )
(  -0.000000  0.000000  -0.000000  0.000000  -0.000000  0.000000 )
(  -0.000000  0.000000  -0.000000  0.000000   0.000000  0.000000 )
(   0.000000  0.000000  -0.000000  0.000000   0.000000  0.000000 )
(   0.204124  0.000000  -0.353553  0.000000   0.000000  0.000000 )
(  -0.408248  0.000000   0.000000  0.000000  -0.000000  0.000000 )
(   0.204124  0.000000   0.353553  0.000000  -0.000000  0.000000 )
(   0.408248  0.000000   0.000000  0.000000  -0.000000  0.000000 )
(  -0.204124  0.000000  -0.353553  0.000000   0.000000  0.000000 )
(  -0.204124  0.000000   0.353553  0.000000  -0.000000  0.000000 )
   freq (   19) =    35.57805314 [THz] =  1186.75594059 [cm-1]
(   0.004857  0.000000   0.000000  0.000000   0.000000  0.000000 )
(   0.492947  0.000000   0.000000  0.000000   0.000000  0.000000 )
(   0.492947  0.000000   0.000000  0.000000   0.000000  0.000000 )
(  -0.166533  0.000000  -0.000000  0.000000  -0.000000  0.000000 )
(  -0.166533  0.000000  -0.000000  0.000000  -0.000000  0.000000 )
(  -0.282107  0.000000  -0.106943  0.000000  -0.137535  0.000000 )
(  -0.096875  0.000000  -0.000000  0.000000   0.000000  0.000000 )
(  -0.282107  0.000000   0.106943  0.000000   0.137535  0.000000 )
(  -0.096875  0.000000  -0.000000  0.000000   0.000000  0.000000 )
(  -0.282107  0.000000   0.106943  0.000000   0.137535  0.000000 )
(  -0.282107  0.000000  -0.106943  0.000000  -0.137535  0.000000 )
   freq (   20) =    35.57805314 [THz] =  1186.75594059 [cm-1]
(  -0.000000  0.000000   0.004857  0.000000  -0.000000  0.000000 )
(  -0.000000  0.000000   0.492947  0.000000  -0.000000  0.000000 )
(  -0.000000  0.000000   0.492947  0.000000  -0.000000  0.000000 )
(   0.000000  0.000000  -0.166533  0.000000   0.000000  0.000000 )
(   0.000000  0.000000  -0.166533  0.000000   0.000000  0.000000 )
(  -0.106943  0.000000  -0.158619  0.000000  -0.079406  0.000000 )
(   0.000000  0.000000  -0.343851  0.000000   0.158812  0.000000 )
(   0.106943  0.000000  -0.158619  0.000000  -0.079406  0.000000 )
(   0.000000  0.000000  -0.343851  0.000000   0.158812  0.000000 )
(   0.106943  0.000000  -0.158619  0.000000  -0.079406  0.000000 )
(  -0.106943  0.000000  -0.158619  0.000000  -0.079406  0.000000 )
   freq (   21) =    35.64735305 [THz] =  1189.06753637 [cm-1]
(   0.000000  0.000000  -0.000000  0.000000  -0.004947  0.000000 )
(   0.000000  0.000000  -0.000000  0.000000  -0.539533  0.000000 )
(   0.000000  0.000000  -0.000000  0.000000  -0.539533  0.000000 )
(  -0.000000  0.000000   0.000000  0.000000   0.304449  0.000000 )
(  -0.000000  0.000000   0.000000  0.000000   0.304449  0.000000 )
(  -0.037551  0.000000  -0.021680  0.000000   0.191974  0.000000 )
(  -0.000000  0.000000   0.043360  0.000000   0.191974  0.000000 )
(   0.037551  0.000000  -0.021680  0.000000   0.191974  0.000000 )
(  -0.000000  0.000000   0.043360  0.000000   0.191974  0.000000 )
(   0.037551  0.000000  -0.021680  0.000000   0.191974  0.000000 )
(  -0.037551  0.000000  -0.021680  0.000000   0.191974  0.000000 )
   freq (   22) =    36.16507312 [THz] =  1206.33681687 [cm-1]
(   0.001381  0.000000  -0.000000  0.000000  -0.000000  0.000000 )
(   0.166065  0.000000  -0.000000  0.000000  -0.000000  0.000000 )
(   0.166065  0.000000  -0.000000  0.000000  -0.000000  0.000000 )
(   0.283306  0.000000  -0.000000  0.000000   0.000000  0.000000 )
(   0.283306  0.000000  -0.000000  0.000000   0.000000  0.000000 )
(  -0.081146  0.000000   0.173825  0.000000   0.293657  0.000000 )
(  -0.382219  0.000000  -0.000000  0.000000   0.000000  0.000000 )
(  -0.081146  0.000000  -0.173825  0.000000  -0.293657  0.000000 )
(  -0.382219  0.000000  -0.000000  0.000000   0.000000  0.000000 )
(  -0.081146  0.000000  -0.173825  0.000000  -0.293657  0.000000 )
(  -0.081146  0.000000   0.173825  0.000000   0.293657  0.000000 )
   freq (   23) =    36.16507312 [THz] =  1206.33681687 [cm-1]
(   0.000000  0.000000   0.001381  0.000000  -0.000000  0.000000 )
(   0.000000  0.000000   0.166065  0.000000  -0.000000  0.000000 )
(   0.000000  0.000000   0.166065  0.000000  -0.000000  0.000000 )
(   0.000000  0.000000   0.283306  0.000000   0.000000  0.000000 )
(   0.000000  0.000000   0.283306  0.000000   0.000000  0.000000 )
(   0.173825  0.000000  -0.281861  0.000000   0.169543  0.000000 )
(  -0.000000  0.000000   0.019212  0.000000  -0.339085  0.000000 )
(  -0.173825  0.000000  -0.281861  0.000000   0.169543  0.000000 )
(  -0.000000  0.000000   0.019212  0.000000  -0.339085  0.000000 )
(  -0.173825  0.000000  -0.281861  0.000000   0.169543  0.000000 )
(   0.173825  0.000000  -0.281861  0.000000   0.169543  0.000000 )
   freq (   24) =    42.78054832 [THz] =  1427.00528497 [cm-1]
(  -0.000000  0.000000   0.000000  0.000000  -0.000000  0.000000 )
(   0.011710  0.000000   0.000001  0.000000  -0.000000  0.000000 )
(  -0.011710  0.000000  -0.000001  0.000000  -0.000000  0.000000 )
(  -0.353454  0.000000  -0.000025  0.000000   0.000000  0.000000 )
(   0.353454  0.000000   0.000025  0.000000   0.000000  0.000000 )
(   0.011697  0.000000   0.209752  0.000000   0.285493  0.000000 )
(  -0.351647  0.000000   0.000009  0.000000  -0.000023  0.000000 )
(   0.011667  0.000000  -0.209784  0.000000  -0.285470  0.000000 )
(   0.351647  0.000000  -0.000009  0.000000   0.000023  0.000000 )
(  -0.011667  0.000000   0.209784  0.000000   0.285470  0.000000 )
(  -0.011697  0.000000  -0.209752  0.000000  -0.285493  0.000000 )
   freq (   25) =    42.78054832 [THz] =  1427.00528497 [cm-1]
(  -0.000000  0.000000  -0.000000  0.000000   0.000000  0.000000 )
(   0.000001  0.000000  -0.011710  0.000000   0.000000  0.000000 )
(  -0.000001  0.000000   0.011710  0.000000  -0.000000  0.000000 )
(  -0.000025  0.000000   0.353454  0.000000   0.000000  0.000000 )
(   0.000025  0.000000  -0.353454  0.000000  -0.000000  0.000000 )
(  -0.209767  0.000000   0.230552  0.000000  -0.164803  0.000000 )
(  -0.000025  0.000000  -0.132792  0.000000   0.329646  0.000000 )
(   0.209769  0.000000   0.230523  0.000000  -0.164843  0.000000 )
(   0.000025  0.000000   0.132792  0.000000  -0.329646  0.000000 )
(  -0.209769  0.000000  -0.230523  0.000000   0.164843  0.000000 )
(   0.209767  0.000000  -0.230552  0.000000   0.164803  0.000000 )
   freq (   26) =    44.96310498 [THz] =  1499.80752843 [cm-1]
(   0.005957  0.000000  -0.000000  0.000000   0.000000  0.000000 )
(  -0.005393  0.000000   0.000000  0.000000  -0.000000  0.000000 )
(  -0.005393  0.000000  -0.000000  0.000000  -0.000000  0.000000 )
(  -0.347339  0.000000   0.000000  0.000000   0.000000  0.000000 )
(  -0.347339  0.000000   0.000000  0.000000   0.000000  0.000000 )
(   0.142220  0.000000   0.279653  0.000000  -0.180798  0.000000 )
(  -0.342153  0.000000   0.000000  0.000000  -0.000000  0.000000 )
(   0.142220  0.000000  -0.279653  0.000000   0.180798  0.000000 )
(  -0.342153  0.000000   0.000000  0.000000  -0.000000  0.000000 )
(   0.142220  0.000000  -0.279653  0.000000   0.180798  0.000000 )
(   0.142220  0.000000   0.279653  0.000000  -0.180798  0.000000 )
   freq (   27) =    44.96310498 [THz] =  1499.80752844 [cm-1]
(  -0.000000  0.000000  -0.005957  0.000000   0.000000  0.000000 )
(   0.000000  0.000000   0.005393  0.000000  -0.000000  0.000000 )
(   0.000000  0.000000   0.005393  0.000000  -0.000000  0.000000 )
(   0.000000  0.000000   0.347339  0.000000   0.000000  0.000000 )
(   0.000000  0.000000   0.347339  0.000000   0.000000  0.000000 )
(  -0.279653  0.000000   0.180695  0.000000   0.104384  0.000000 )
(   0.000000  0.000000  -0.303678  0.000000  -0.208768  0.000000 )
(   0.279653  0.000000   0.180695  0.000000   0.104384  0.000000 )
(   0.000000  0.000000  -0.303678  0.000000  -0.208768  0.000000 )
(   0.279653  0.000000   0.180695  0.000000   0.104384  0.000000 )
(  -0.279653  0.000000   0.180695  0.000000   0.104384  0.000000 )
   freq (   28) =    45.09651030 [THz] =  1504.25745020 [cm-1]
(   0.000000  0.000000  -0.000000  0.000000  -0.005845  0.000000 )
(  -0.000000  0.000000   0.000000  0.000000   0.009477  0.000000 )
(  -0.000000  0.000000   0.000000  0.000000   0.009477  0.000000 )
(  -0.000000  0.000000   0.000000  0.000000  -0.384817  0.000000 )
(  -0.000000  0.000000   0.000000  0.000000  -0.384817  0.000000 )
(   0.193661  0.000000   0.111810  0.000000   0.259353  0.000000 )
(  -0.000000  0.000000  -0.223620  0.000000   0.259353  0.000000 )
(  -0.193661  0.000000   0.111810  0.000000   0.259353  0.000000 )
(  -0.000000  0.000000  -0.223620  0.000000   0.259353  0.000000 )
(  -0.193661  0.000000   0.111810  0.000000   0.259353  0.000000 )
(   0.193661  0.000000   0.111810  0.000000   0.259353  0.000000 )
   freq (   29) =    47.71765151 [THz] =  1591.68929722 [cm-1]
(   0.000000  0.000000  -0.000000  0.000000   0.000000  0.000000 )
(   0.351004  0.000000  -0.000041  0.000000   0.000000  0.000000 )
(  -0.351004  0.000000   0.000041  0.000000  -0.000000  0.000000 )
(   0.332392  0.000000  -0.000039  0.000000  -0.000000  0.000000 )
(  -0.332392  0.000000   0.000039  0.000000   0.000000  0.000000 )
(   0.072283  0.000000   0.224795  0.000000  -0.164781  0.000000 )
(  -0.317009  0.000000  -0.000024  0.000000  -0.000022  0.000000 )
(   0.072336  0.000000  -0.224752  0.000000   0.164804  0.000000 )
(   0.317009  0.000000   0.000024  0.000000   0.000022  0.000000 )
(  -0.072336  0.000000   0.224752  0.000000  -0.164804  0.000000 )
(  -0.072283  0.000000  -0.224795  0.000000   0.164781  0.000000 )
   freq (   30) =    47.71765151 [THz] =  1591.68929722 [cm-1]
(   0.000000  0.000000  -0.000000  0.000000  -0.000000  0.000000 )
(  -0.000041  0.000000  -0.351004  0.000000   0.000000  0.000000 )
(   0.000041  0.000000   0.351004  0.000000  -0.000000  0.000000 )
(  -0.000039  0.000000  -0.332392  0.000000  -0.000000  0.000000 )
(   0.000039  0.000000   0.332392  0.000000   0.000000  0.000000 )
(  -0.224782  0.000000   0.187210  0.000000   0.095162  0.000000 )
(   0.000037  0.000000  -0.202083  0.000000  -0.190286  0.000000 )
(   0.224765  0.000000   0.187263  0.000000   0.095124  0.000000 )
(  -0.000037  0.000000   0.202083  0.000000   0.190286  0.000000 )
(  -0.224765  0.000000  -0.187263  0.000000  -0.095124  0.000000 )
(   0.224782  0.000000  -0.187210  0.000000  -0.095162  0.000000 )
   freq (   31) =    47.81994634 [THz] =  1595.10148498 [cm-1]
(   0.000000  0.000000  -0.000000  0.000000   0.000000  0.000000 )
(  -0.000000  0.000000   0.000000  0.000000   0.340552  0.000000 )
(   0.000000  0.000000  -0.000000  0.000000  -0.340552  0.000000 )
(  -0.000000  0.000000   0.000000  0.000000  -0.274104  0.000000 )
(   0.000000  0.000000  -0.000000  0.000000   0.274104  0.000000 )
(  -0.155921  0.000000  -0.090021  0.000000  -0.265610  0.000000 )
(   0.000000  0.000000   0.180042  0.000000  -0.265610  0.000000 )
(   0.155921  0.000000  -0.090021  0.000000  -0.265610  0.000000 )
(  -0.000000  0.000000  -0.180042  0.000000   0.265610  0.000000 )
(  -0.155921  0.000000   0.090021  0.000000   0.265610  0.000000 )
(   0.155921  0.000000   0.090021  0.000000   0.265610  0.000000 )
   freq (   32) =    49.01523815 [THz] =  1634.97212243 [cm-1]
(   0.000000  0.000000  -0.000000  0.000000   0.000005  0.000000 )
(   0.000000  0.000000   0.000000  0.000000  -0.005694  0.000000 )
(  -0.000000  0.000000   0.000000  0.000000  -0.005694  0.000000 )
(  -0.000000  0.000000   0.000000  0.000000   0.351070  0.000000 )
(  -0.000000  0.000000   0.000000  0.000000   0.351070  0.000000 )
(   0.290209  0.000000   0.167552  0.000000  -0.115229  0.000000 )
(  -0.000000  0.000000  -0.335104  0.000000  -0.115229  0.000000 )
(  -0.290209  0.000000   0.167552  0.000000  -0.115229  0.000000 )
(  -0.000000  0.000000  -0.335104  0.000000  -0.115229  0.000000 )
(  -0.290209  0.000000   0.167552  0.000000  -0.115229  0.000000 )
(   0.290209  0.000000   0.167552  0.000000  -0.115229  0.000000 )
   freq (   33) =    61.06226670 [THz] =  2036.81768297 [cm-1]
(  -0.000000  0.000000   0.000000  0.000000  -0.000000  0.000000 )
(  -0.000000  0.000000  -0.000000  0.000000  -0.008717  0.000000 )
(   0.000000  0.000000   0.000000  0.000000   0.008717  0.000000 )
(   0.000000  0.000000  -0.000000  0.000000  -0.353360  0.000000 )
(  -0.000000  0.000000   0.000000  0.000000   0.353360  0.000000 )
(   0.291027  0.000000   0.168024  0.000000  -0.109961  0.000000 )
(   0.000000  0.000000  -0.336049  0.000000  -0.109961  0.000000 )
(  -0.291027  0.000000   0.168024  0.000000  -0.109961  0.000000 )
(  -0.000000  0.000000   0.336049  0.000000   0.109961  0.000000 )
(   0.291027  0.000000  -0.168024  0.000000   0.109961  0.000000 )
(  -0.291027  0.000000  -0.168024  0.000000   0.109961  0.000000 )
***************************************************************************
