Dynamical matrix file
File generated with the CellConstructor by Lorenzo Monacelli
2 11 0     1.8897259890000000     0.0000000000000000     0.0000000000000000     0.0000000000000000     0.0000000000000000     0.0000000000000000
Basis vectors
    1.8004393194588968    -1.0394841257466125     2.9316003972765969
   -0.0000000000000038     2.0789682514932171     2.9316003972765965
   -1.8004393194589039    -1.0394841257466116     2.9316003972765934
	1  'La '  126604.5951757480361266
	2  'H '    918.7358275894680446
    1     1    -0.0000000000000054    -0.0000000000000033     4.3974006398716252
    2     2    -0.0000000000000028    -0.0000000000000015     2.1996494777879505
    3     2     0.0000000000000028     0.0000000000000015    -2.1996494777879505
    4     2    -0.0000000000000010    -0.0000000000000007     1.0584858041126173
    5     2     0.0000000000000011     0.0000000000000006    -1.0584858041126175
    6     2     0.9327885786039550     0.5385457363845041     6.2190969342067213
    7     2    -0.0000000000000064    -1.0770914727690184     6.2190969342067142
    8     2    -0.9327885786039694     0.5385457363845028     6.2190969342067168
    9     2    -0.0000000000000023     1.0770914727690122     2.5757043418734682
   10     2     0.9327885786039591    -0.5385457363845090     2.5757043418734686
   11     2    -0.9327885786039651    -0.5385457363845082     2.5757043418734660

     Dynamical Matrix in cartesian axes

     q = (     0.000000000000     0.000000000000     0.000000000000 )

    1    1
     0.6033462360862651     0.0000000000000000        0.0000000000000003     0.0000000000000000        0.0000000000000002     0.0000000000000000
     0.0000000000000003     0.0000000000000000        0.6033462360892522     0.0000000000000000        0.0000000000000004     0.0000000000000000
     0.0000000000000002     0.0000000000000000        0.0000000000000004     0.0000000000000000        0.5988231257201402     0.0000000000000000
    1    2
    -0.0341380913242841     0.0000000000000000       -0.0000000000000000     0.0000000000000000       -0.0000000000000000     0.0000000000000000
    -0.0000000000000000     0.0000000000000000       -0.0341380913244531     0.0000000000000000       -0.0000000000000000     0.0000000000000000
    -0.0000000000000000     0.0000000000000000       -0.0000000000000000     0.0000000000000000       -0.0361299006997177     0.0000000000000000
    1    3
    -0.0341380913242841     0.0000000000000000       -0.0000000000000000     0.0000000000000000       -0.0000000000000000     0.0000000000000000
    -0.0000000000000000     0.0000000000000000       -0.0341380913244531     0.0000000000000000       -0.0000000000000000     0.0000000000000000
    -0.0000000000000000     0.0000000000000000       -0.0000000000000000     0.0000000000000000       -0.0361299006997177     0.0000000000000000
    1    4
    -0.0872031017154296     0.0000000000000000       -0.0000000000000000     0.0000000000000000       -0.0000000000000001     0.0000000000000000
    -0.0000000000000000     0.0000000000000000       -0.0872031017158613     0.0000000000000000       -0.0000000000000001     0.0000000000000000
    -0.0000000000000001     0.0000000000000000       -0.0000000000000001     0.0000000000000000       -0.0226676196981854     0.0000000000000000
    1    5
    -0.0872031017154296     0.0000000000000000       -0.0000000000000000     0.0000000000000000       -0.0000000000000001     0.0000000000000000
    -0.0000000000000000     0.0000000000000000       -0.0872031017158613     0.0000000000000000       -0.0000000000000001     0.0000000000000000
    -0.0000000000000001     0.0000000000000000       -0.0000000000000001     0.0000000000000000       -0.0226676196981854     0.0000000000000000
    1    6
    -0.0453569636276826     0.0000000000000000        0.0255541199640707     0.0000000000000000       -0.0179400072898297     0.0000000000000000
     0.0255541199640707     0.0000000000000000       -0.0748643197083006     0.0000000000000000       -0.0103576680380727     0.0000000000000000
    -0.0178209433570815     0.0000000000000000       -0.0102889264444496     0.0000000000000000       -0.0802046808207224     0.0000000000000000
    1    7
    -0.0896179977480537     0.0000000000000000       -0.0000000000000000     0.0000000000000000       -0.0000000000000000     0.0000000000000000
    -0.0000000000000000     0.0000000000000000       -0.0306032855877104     0.0000000000000000        0.0207153360761454     0.0000000000000000
    -0.0000000000000001     0.0000000000000000        0.0205778528888991     0.0000000000000000       -0.0802046808207223     0.0000000000000000
    1    8
    -0.0453569636276827     0.0000000000000000       -0.0255541199640707     0.0000000000000000        0.0179400072898297     0.0000000000000000
    -0.0255541199640707     0.0000000000000000       -0.0748643197083006     0.0000000000000000       -0.0103576680380728     0.0000000000000000
     0.0178209433570815     0.0000000000000000       -0.0102889264444496     0.0000000000000000       -0.0802046808207223     0.0000000000000000
    1    9
    -0.0896179977480537     0.0000000000000000       -0.0000000000000000     0.0000000000000000       -0.0000000000000000     0.0000000000000000
    -0.0000000000000000     0.0000000000000000       -0.0306032855877104     0.0000000000000000        0.0207153360761454     0.0000000000000000
    -0.0000000000000000     0.0000000000000000        0.0205778528888991     0.0000000000000000       -0.0802046808207223     0.0000000000000000
    1   10
    -0.0453569636276826     0.0000000000000000       -0.0255541199640707     0.0000000000000000        0.0179400072898297     0.0000000000000000
    -0.0255541199640707     0.0000000000000000       -0.0748643197083006     0.0000000000000000       -0.0103576680380728     0.0000000000000000
     0.0178209433570815     0.0000000000000000       -0.0102889264444496     0.0000000000000000       -0.0802046808207223     0.0000000000000000
    1   11
    -0.0453569636276826     0.0000000000000000        0.0255541199640707     0.0000000000000000       -0.0179400072898297     0.0000000000000000
     0.0255541199640707     0.0000000000000000       -0.0748643197083006     0.0000000000000000       -0.0103576680380727     0.0000000000000000
    -0.0178209433570815     0.0000000000000000       -0.0102889264444496     0.0000000000000000       -0.0802046808207224     0.0000000000000000
    2    1
    -0.0341380913242841     0.0000000000000000       -0.0000000000000000     0.0000000000000000       -0.0000000000000000     0.0000000000000000
    -0.0000000000000000     0.0000000000000000       -0.0341380913244531     0.0000000000000000       -0.0000000000000000     0.0000000000000000
    -0.0000000000000000     0.0000000000000000       -0.0000000000000000     0.0000000000000000       -0.0361299006997177     0.0000000000000000
    2    2
     0.0860801117589822     0.0000000000000000        0.0000000000000000     0.0000000000000000        0.0000000000000000     0.0000000000000000
     0.0000000000000000     0.0000000000000000        0.0860801117594083     0.0000000000000000        0.0000000000000000     0.0000000000000000
     0.0000000000000000     0.0000000000000000        0.0000000000000001     0.0000000000000000        0.0911220371259368     0.0000000000000000
    2    3
    -0.0064817191957708     0.0000000000000000       -0.0000000000000000     0.0000000000000000       -0.0000000000000000     0.0000000000000000
    -0.0000000000000000     0.0000000000000000       -0.0064817191958029     0.0000000000000000       -0.0000000000000000     0.0000000000000000
     0.0000000000000000     0.0000000000000000       -0.0000000000000000     0.0000000000000000       -0.0091695715484520     0.0000000000000000
    2    4
     0.0092276831133570     0.0000000000000000        0.0000000000000000     0.0000000000000000        0.0000000000000000     0.0000000000000000
     0.0000000000000000     0.0000000000000000        0.0092276831134027     0.0000000000000000        0.0000000000000000     0.0000000000000000
     0.0000000000000000     0.0000000000000000        0.0000000000000000     0.0000000000000000       -0.0205702219576863     0.0000000000000000
    2    5
    -0.0171319001776659     0.0000000000000000       -0.0000000000000000     0.0000000000000000       -0.0000000000000000     0.0000000000000000
    -0.0000000000000000     0.0000000000000000       -0.0171319001777507     0.0000000000000000       -0.0000000000000000     0.0000000000000000
    -0.0000000000000000     0.0000000000000000       -0.0000000000000000     0.0000000000000000        0.0047455754416295     0.0000000000000000
    2    6
    -0.0039341864369428     0.0000000000000000        0.0074766373563596     0.0000000000000000       -0.0056780000949248     0.0000000000000000
     0.0074766373563596     0.0000000000000000       -0.0125674636176385     0.0000000000000000       -0.0032781948832717     0.0000000000000000
    -0.0060673628673177     0.0000000000000000       -0.0035029935847257     0.0000000000000000       -0.0159667016449815     0.0000000000000000
    2    7
    -0.0168841022078930     0.0000000000000000       -0.0000000000000000     0.0000000000000000       -0.0000000000000000     0.0000000000000000
    -0.0000000000000000     0.0000000000000000        0.0003824521533758     0.0000000000000000        0.0065563897665434     0.0000000000000000
    -0.0000000000000000     0.0000000000000000        0.0070059871694514     0.0000000000000000       -0.0159667016449815     0.0000000000000000
    2    8
    -0.0039341864369428     0.0000000000000000       -0.0074766373563596     0.0000000000000000        0.0056780000949248     0.0000000000000000
    -0.0074766373563596     0.0000000000000000       -0.0125674636176385     0.0000000000000000       -0.0032781948832717     0.0000000000000000
     0.0060673628673177     0.0000000000000000       -0.0035029935847257     0.0000000000000000       -0.0159667016449815     0.0000000000000000
    2    9
     0.0082577667607873     0.0000000000000000        0.0000000000000000     0.0000000000000000        0.0000000000000000     0.0000000000000000
     0.0000000000000000     0.0000000000000000       -0.0167935061560970     0.0000000000000000       -0.0087214440373631     0.0000000000000000
     0.0000000000000000     0.0000000000000000       -0.0086214287273353     0.0000000000000000        0.0059673955244114     0.0000000000000000
    2   10
    -0.0105306879268135     0.0000000000000000        0.0108475193715703     0.0000000000000000       -0.0075529920940220     0.0000000000000000
     0.0108475193715703     0.0000000000000000        0.0019949485315969     0.0000000000000000        0.0043607220186815     0.0000000000000000
    -0.0074663762947708     0.0000000000000000        0.0043107143636676     0.0000000000000000        0.0059673955244114     0.0000000000000000
    2   11
    -0.0105306879268136     0.0000000000000000       -0.0108475193715703     0.0000000000000000        0.0075529920940220     0.0000000000000000
    -0.0108475193715703     0.0000000000000000        0.0019949485315969     0.0000000000000000        0.0043607220186815     0.0000000000000000
     0.0074663762947708     0.0000000000000000        0.0043107143636676     0.0000000000000000        0.0059673955244114     0.0000000000000000
    3    1
    -0.0341380913242841     0.0000000000000000       -0.0000000000000000     0.0000000000000000       -0.0000000000000000     0.0000000000000000
    -0.0000000000000000     0.0000000000000000       -0.0341380913244531     0.0000000000000000       -0.0000000000000000     0.0000000000000000
    -0.0000000000000000     0.0000000000000000       -0.0000000000000000     0.0000000000000000       -0.0361299006997177     0.0000000000000000
    3    2
    -0.0064817191957708     0.0000000000000000       -0.0000000000000000     0.0000000000000000       -0.0000000000000000     0.0000000000000000
    -0.0000000000000000     0.0000000000000000       -0.0064817191958029     0.0000000000000000       -0.0000000000000000     0.0000000000000000
     0.0000000000000000     0.0000000000000000       -0.0000000000000000     0.0000000000000000       -0.0091695715484520     0.0000000000000000
    3    3
     0.0860801117589822     0.0000000000000000        0.0000000000000000     0.0000000000000000        0.0000000000000000     0.0000000000000000
     0.0000000000000000     0.0000000000000000        0.0860801117594083     0.0000000000000000        0.0000000000000000     0.0000000000000000
     0.0000000000000000     0.0000000000000000        0.0000000000000001     0.0000000000000000        0.0911220371259368     0.0000000000000000
    3    4
    -0.0171319001776659     0.0000000000000000       -0.0000000000000000     0.0000000000000000       -0.0000000000000000     0.0000000000000000
    -0.0000000000000000     0.0000000000000000       -0.0171319001777507     0.0000000000000000       -0.0000000000000000     0.0000000000000000
    -0.0000000000000000     0.0000000000000000       -0.0000000000000000     0.0000000000000000        0.0047455754416295     0.0000000000000000
    3    5
     0.0092276831133570     0.0000000000000000        0.0000000000000000     0.0000000000000000        0.0000000000000000     0.0000000000000000
     0.0000000000000000     0.0000000000000000        0.0092276831134027     0.0000000000000000        0.0000000000000000     0.0000000000000000
     0.0000000000000000     0.0000000000000000        0.0000000000000000     0.0000000000000000       -0.0205702219576863     0.0000000000000000
    3    6
    -0.0105306879268136     0.0000000000000000       -0.0108475193715703     0.0000000000000000        0.0075529920940220     0.0000000000000000
    -0.0108475193715703     0.0000000000000000        0.0019949485315969     0.0000000000000000        0.0043607220186815     0.0000000000000000
     0.0074663762947708     0.0000000000000000        0.0043107143636676     0.0000000000000000        0.0059673955244114     0.0000000000000000
    3    7
     0.0082577667607873     0.0000000000000000        0.0000000000000000     0.0000000000000000        0.0000000000000000     0.0000000000000000
     0.0000000000000000     0.0000000000000000       -0.0167935061560970     0.0000000000000000       -0.0087214440373631     0.0000000000000000
     0.0000000000000000     0.0000000000000000       -0.0086214287273353     0.0000000000000000        0.0059673955244114     0.0000000000000000
    3    8
    -0.0105306879268135     0.0000000000000000        0.0108475193715703     0.0000000000000000       -0.0075529920940220     0.0000000000000000
     0.0108475193715703     0.0000000000000000        0.0019949485315969     0.0000000000000000        0.0043607220186815     0.0000000000000000
    -0.0074663762947708     0.0000000000000000        0.0043107143636676     0.0000000000000000        0.0059673955244114     0.0000000000000000
    3    9
    -0.0168841022078930     0.0000000000000000       -0.0000000000000000     0.0000000000000000       -0.0000000000000000     0.0000000000000000
    -0.0000000000000000     0.0000000000000000        0.0003824521533758     0.0000000000000000        0.0065563897665434     0.0000000000000000
    -0.0000000000000000     0.0000000000000000        0.0070059871694514     0.0000000000000000       -0.0159667016449815     0.0000000000000000
    3   10
    -0.0039341864369428     0.0000000000000000       -0.0074766373563596     0.0000000000000000        0.0056780000949248     0.0000000000000000
    -0.0074766373563596     0.0000000000000000       -0.0125674636176385     0.0000000000000000       -0.0032781948832717     0.0000000000000000
     0.0060673628673177     0.0000000000000000       -0.0035029935847257     0.0000000000000000       -0.0159667016449815     0.0000000000000000
    3   11
    -0.0039341864369428     0.0000000000000000        0.0074766373563596     0.0000000000000000       -0.0056780000949248     0.0000000000000000
     0.0074766373563596     0.0000000000000000       -0.0125674636176385     0.0000000000000000       -0.0032781948832717     0.0000000000000000
    -0.0060673628673177     0.0000000000000000       -0.0035029935847257     0.0000000000000000       -0.0159667016449815     0.0000000000000000
    4    1
    -0.0872031017154296     0.0000000000000000       -0.0000000000000000     0.0000000000000000       -0.0000000000000001     0.0000000000000000
    -0.0000000000000000     0.0000000000000000       -0.0872031017158613     0.0000000000000000       -0.0000000000000001     0.0000000000000000
    -0.0000000000000001     0.0000000000000000       -0.0000000000000001     0.0000000000000000       -0.0226676196981854     0.0000000000000000
    4    2
     0.0092276831133570     0.0000000000000000        0.0000000000000000     0.0000000000000000        0.0000000000000000     0.0000000000000000
     0.0000000000000000     0.0000000000000000        0.0092276831134027     0.0000000000000000        0.0000000000000000     0.0000000000000000
     0.0000000000000000     0.0000000000000000        0.0000000000000000     0.0000000000000000       -0.0205702219576863     0.0000000000000000
    4    3
    -0.0171319001776659     0.0000000000000000       -0.0000000000000000     0.0000000000000000       -0.0000000000000000     0.0000000000000000
    -0.0000000000000000     0.0000000000000000       -0.0171319001777507     0.0000000000000000       -0.0000000000000000     0.0000000000000000
    -0.0000000000000000     0.0000000000000000       -0.0000000000000000     0.0000000000000000        0.0047455754416295     0.0000000000000000
    4    4
     0.1190770581651611     0.0000000000000000        0.0000000000000001     0.0000000000000000        0.0000000000000000     0.0000000000000000
     0.0000000000000000     0.0000000000000000        0.1190770581657507     0.0000000000000000        0.0000000000000001     0.0000000000000000
     0.0000000000000000     0.0000000000000000        0.0000000000000001     0.0000000000000000        0.1378073415480816     0.0000000000000000
    4    5
    -0.0067665485173696     0.0000000000000000       -0.0000000000000000     0.0000000000000000       -0.0000000000000000     0.0000000000000000
    -0.0000000000000000     0.0000000000000000       -0.0067665485174031     0.0000000000000000       -0.0000000000000000     0.0000000000000000
    -0.0000000000000000     0.0000000000000000       -0.0000000000000000     0.0000000000000000       -0.0071636384437068     0.0000000000000000
    4    6
    -0.0024766786704667     0.0000000000000000       -0.0035590184828924     0.0000000000000000       -0.0040549636164054     0.0000000000000000
    -0.0035590184828924     0.0000000000000000        0.0016329218878288     0.0000000000000000       -0.0023411343354916     0.0000000000000000
    -0.0131221750601479     0.0000000000000000       -0.0075760913033485     0.0000000000000000        0.0030020510468887     0.0000000000000000
    4    7
     0.0036877221669644     0.0000000000000000       -0.0000000000000000     0.0000000000000000        0.0000000000000000     0.0000000000000000
    -0.0000000000000000     0.0000000000000000       -0.0045314789496329     0.0000000000000000        0.0046822686709831     0.0000000000000000
     0.0000000000000000     0.0000000000000000        0.0151521826066971     0.0000000000000000        0.0030020510468887     0.0000000000000000
    4    8
    -0.0024766786704667     0.0000000000000000        0.0035590184828924     0.0000000000000000        0.0040549636164054     0.0000000000000000
     0.0035590184828924     0.0000000000000000        0.0016329218878288     0.0000000000000000       -0.0023411343354916     0.0000000000000000
     0.0131221750601479     0.0000000000000000       -0.0075760913033485     0.0000000000000000        0.0030020510468887     0.0000000000000000
    4    9
     0.0057527563052627     0.0000000000000000        0.0000000000000000     0.0000000000000000        0.0000000000000000     0.0000000000000000
     0.0000000000000000     0.0000000000000000       -0.0163777934347331     0.0000000000000000       -0.0196237596199802     0.0000000000000000
     0.0000000000000000     0.0000000000000000       -0.0300069833024917     0.0000000000000000       -0.0337191966769330     0.0000000000000000
    4   10
    -0.0108451559996733     0.0000000000000000        0.0095828091372644     0.0000000000000000       -0.0169946743486200     0.0000000000000000
     0.0095828091372644     0.0000000000000000        0.0002201188702851     0.0000000000000000        0.0098118798099901     0.0000000000000000
    -0.0259868098308289     0.0000000000000000        0.0150034916512459     0.0000000000000000       -0.0337191966769330     0.0000000000000000
    4   11
    -0.0108451559996734     0.0000000000000000       -0.0095828091372644     0.0000000000000000        0.0169946743486201     0.0000000000000000
    -0.0095828091372644     0.0000000000000000        0.0002201188702851     0.0000000000000000        0.0098118798099901     0.0000000000000000
     0.0259868098308290     0.0000000000000000        0.0150034916512458     0.0000000000000000       -0.0337191966769329     0.0000000000000000
    5    1
    -0.0872031017154296     0.0000000000000000       -0.0000000000000000     0.0000000000000000       -0.0000000000000001     0.0000000000000000
    -0.0000000000000000     0.0000000000000000       -0.0872031017158613     0.0000000000000000       -0.0000000000000001     0.0000000000000000
    -0.0000000000000001     0.0000000000000000       -0.0000000000000001     0.0000000000000000       -0.0226676196981854     0.0000000000000000
    5    2
    -0.0171319001776659     0.0000000000000000       -0.0000000000000000     0.0000000000000000       -0.0000000000000000     0.0000000000000000
    -0.0000000000000000     0.0000000000000000       -0.0171319001777507     0.0000000000000000       -0.0000000000000000     0.0000000000000000
    -0.0000000000000000     0.0000000000000000       -0.0000000000000000     0.0000000000000000        0.0047455754416295     0.0000000000000000
    5    3
     0.0092276831133570     0.0000000000000000        0.0000000000000000     0.0000000000000000        0.0000000000000000     0.0000000000000000
     0.0000000000000000     0.0000000000000000        0.0092276831134027     0.0000000000000000        0.0000000000000000     0.0000000000000000
     0.0000000000000000     0.0000000000000000        0.0000000000000000     0.0000000000000000       -0.0205702219576863     0.0000000000000000
    5    4
    -0.0067665485173696     0.0000000000000000       -0.0000000000000000     0.0000000000000000       -0.0000000000000000     0.0000000000000000
    -0.0000000000000000     0.0000000000000000       -0.0067665485174031     0.0000000000000000       -0.0000000000000000     0.0000000000000000
    -0.0000000000000000     0.0000000000000000       -0.0000000000000000     0.0000000000000000       -0.0071636384437068     0.0000000000000000
    5    5
     0.1190770581651611     0.0000000000000000        0.0000000000000001     0.0000000000000000        0.0000000000000000     0.0000000000000000
     0.0000000000000000     0.0000000000000000        0.1190770581657507     0.0000000000000000        0.0000000000000001     0.0000000000000000
     0.0000000000000000     0.0000000000000000        0.0000000000000001     0.0000000000000000        0.1378073415480816     0.0000000000000000
    5    6
    -0.0108451559996734     0.0000000000000000       -0.0095828091372644     0.0000000000000000        0.0169946743486201     0.0000000000000000
    -0.0095828091372644     0.0000000000000000        0.0002201188702851     0.0000000000000000        0.0098118798099901     0.0000000000000000
     0.0259868098308290     0.0000000000000000        0.0150034916512459     0.0000000000000000       -0.0337191966769329     0.0000000000000000
    5    7
     0.0057527563052627     0.0000000000000000        0.0000000000000000     0.0000000000000000        0.0000000000000000     0.0000000000000000
     0.0000000000000000     0.0000000000000000       -0.0163777934347331     0.0000000000000000       -0.0196237596199802     0.0000000000000000
     0.0000000000000000     0.0000000000000000       -0.0300069833024917     0.0000000000000000       -0.0337191966769330     0.0000000000000000
    5    8
    -0.0108451559996733     0.0000000000000000        0.0095828091372644     0.0000000000000000       -0.0169946743486200     0.0000000000000000
     0.0095828091372644     0.0000000000000000        0.0002201188702851     0.0000000000000000        0.0098118798099901     0.0000000000000000
    -0.0259868098308289     0.0000000000000000        0.0150034916512459     0.0000000000000000       -0.0337191966769330     0.0000000000000000
    5    9
     0.0036877221669644     0.0000000000000000       -0.0000000000000000     0.0000000000000000        0.0000000000000000     0.0000000000000000
    -0.0000000000000000     0.0000000000000000       -0.0045314789496329     0.0000000000000000        0.0046822686709831     0.0000000000000000
     0.0000000000000000     0.0000000000000000        0.0151521826066971     0.0000000000000000        0.0030020510468887     0.0000000000000000
    5   10
    -0.0024766786704667     0.0000000000000000        0.0035590184828924     0.0000000000000000        0.0040549636164054     0.0000000000000000
     0.0035590184828924     0.0000000000000000        0.0016329218878288     0.0000000000000000       -0.0023411343354916     0.0000000000000000
     0.0131221750601479     0.0000000000000000       -0.0075760913033485     0.0000000000000000        0.0030020510468887     0.0000000000000000
    5   11
    -0.0024766786704667     0.0000000000000000       -0.0035590184828924     0.0000000000000000       -0.0040549636164054     0.0000000000000000
    -0.0035590184828924     0.0000000000000000        0.0016329218878288     0.0000000000000000       -0.0023411343354916     0.0000000000000000
    -0.0131221750601479     0.0000000000000000       -0.0075760913033485     0.0000000000000000        0.0030020510468887     0.0000000000000000
    6    1
    -0.0453569636276826     0.0000000000000000        0.0255541199640707     0.0000000000000000       -0.0178209433570815     0.0000000000000000
     0.0255541199640707     0.0000000000000000       -0.0748643197083006     0.0000000000000000       -0.0102889264444496     0.0000000000000000
    -0.0179400072898297     0.0000000000000000       -0.0103576680380727     0.0000000000000000       -0.0802046808207224     0.0000000000000000
    6    2
    -0.0039341864369428     0.0000000000000000        0.0074766373563596     0.0000000000000000       -0.0060673628673177     0.0000000000000000
     0.0074766373563596     0.0000000000000000       -0.0125674636176385     0.0000000000000000       -0.0035029935847257     0.0000000000000000
    -0.0056780000949248     0.0000000000000000       -0.0032781948832717     0.0000000000000000       -0.0159667016449815     0.0000000000000000
    6    3
    -0.0105306879268136     0.0000000000000000       -0.0108475193715703     0.0000000000000000        0.0074663762947708     0.0000000000000000
    -0.0108475193715703     0.0000000000000000        0.0019949485315969     0.0000000000000000        0.0043107143636676     0.0000000000000000
     0.0075529920940220     0.0000000000000000        0.0043607220186815     0.0000000000000000        0.0059673955244114     0.0000000000000000
    6    4
    -0.0024766786704667     0.0000000000000000       -0.0035590184828924     0.0000000000000000       -0.0131221750601479     0.0000000000000000
    -0.0035590184828924     0.0000000000000000        0.0016329218878288     0.0000000000000000       -0.0075760913033485     0.0000000000000000
    -0.0040549636164054     0.0000000000000000       -0.0023411343354916     0.0000000000000000        0.0030020510468887     0.0000000000000000
    6    5
    -0.0108451559996734     0.0000000000000000       -0.0095828091372644     0.0000000000000000        0.0259868098308290     0.0000000000000000
    -0.0095828091372644     0.0000000000000000        0.0002201188702851     0.0000000000000000        0.0150034916512458     0.0000000000000000
     0.0169946743486200     0.0000000000000000        0.0098118798099901     0.0000000000000000       -0.0337191966769329     0.0000000000000000
    6    6
     0.1317690679201459     0.0000000000000000        0.0064611632072542     0.0000000000000000       -0.0046812703234693     0.0000000000000000
     0.0064611632072542     0.0000000000000000        0.1243083592868071     0.0000000000000000       -0.0027027326814110     0.0000000000000000
    -0.0046812703234693     0.0000000000000000       -0.0027027326814110     0.0000000000000000        0.1212274312754286     0.0000000000000000
    6    7
    -0.0100043391406407     0.0000000000000000       -0.0274062410424720     0.0000000000000000        0.0003773546269938     0.0000000000000000
    -0.0189521344013793     0.0000000000000000       -0.0367693596824577     0.0000000000000000       -0.0033238672487994     0.0000000000000000
     0.0030672307897571     0.0000000000000000        0.0013351349311865     0.0000000000000000        0.0043344584058375     0.0000000000000000
    6    8
    -0.0501518699530932     0.0000000000000000        0.0042270533205463     0.0000000000000000       -0.0026898761627633     0.0000000000000000
    -0.0042270533205463     0.0000000000000000        0.0033781711301936     0.0000000000000000        0.0019887323176127     0.0000000000000000
     0.0026898761627632     0.0000000000000000        0.0019887323176127     0.0000000000000000        0.0043344584058375     0.0000000000000000
    6    9
    -0.0022565691528451     0.0000000000000000        0.0107461689562013     0.0000000000000000        0.0076351025841526     0.0000000000000000
     0.0029077567433935     0.0000000000000000        0.0056265285253195     0.0000000000000000       -0.0011358538193072     0.0000000000000000
     0.0048012295545795     0.0000000000000000       -0.0060442658887391     0.0000000000000000       -0.0005624836964058     0.0000000000000000
    6   10
     0.0095680773643600     0.0000000000000000       -0.0039192061064039     0.0000000000000000        0.0028338730295731     0.0000000000000000
     0.0039192061064039     0.0000000000000000       -0.0061981179919441     0.0000000000000000        0.0071801197080464     0.0000000000000000
    -0.0028338730295731     0.0000000000000000        0.0071801197080464     0.0000000000000000       -0.0005624836964058     0.0000000000000000
    6   11
    -0.0057806943763480     0.0000000000000000        0.0008496513361708     0.0000000000000000        0.0000821114044605     0.0000000000000000
     0.0008496513361708     0.0000000000000000       -0.0067617872316901     0.0000000000000000        0.0000474070414689     0.0000000000000000
     0.0000821114044605     0.0000000000000000        0.0000474070414689     0.0000000000000000       -0.0078502481229553     0.0000000000000000
    7    1
    -0.0896179977480537     0.0000000000000000       -0.0000000000000000     0.0000000000000000       -0.0000000000000000     0.0000000000000000
    -0.0000000000000000     0.0000000000000000       -0.0306032855877104     0.0000000000000000        0.0205778528888991     0.0000000000000000
    -0.0000000000000000     0.0000000000000000        0.0207153360761454     0.0000000000000000       -0.0802046808207223     0.0000000000000000
    7    2
    -0.0168841022078930     0.0000000000000000       -0.0000000000000000     0.0000000000000000       -0.0000000000000000     0.0000000000000000
    -0.0000000000000000     0.0000000000000000        0.0003824521533758     0.0000000000000000        0.0070059871694514     0.0000000000000000
    -0.0000000000000000     0.0000000000000000        0.0065563897665434     0.0000000000000000       -0.0159667016449815     0.0000000000000000
    7    3
     0.0082577667607873     0.0000000000000000        0.0000000000000000     0.0000000000000000        0.0000000000000000     0.0000000000000000
     0.0000000000000000     0.0000000000000000       -0.0167935061560970     0.0000000000000000       -0.0086214287273353     0.0000000000000000
     0.0000000000000000     0.0000000000000000       -0.0087214440373631     0.0000000000000000        0.0059673955244114     0.0000000000000000
    7    4
     0.0036877221669644     0.0000000000000000       -0.0000000000000000     0.0000000000000000        0.0000000000000000     0.0000000000000000
    -0.0000000000000000     0.0000000000000000       -0.0045314789496329     0.0000000000000000        0.0151521826066971     0.0000000000000000
     0.0000000000000000     0.0000000000000000        0.0046822686709831     0.0000000000000000        0.0030020510468887     0.0000000000000000
    7    5
     0.0057527563052627     0.0000000000000000        0.0000000000000000     0.0000000000000000        0.0000000000000000     0.0000000000000000
     0.0000000000000000     0.0000000000000000       -0.0163777934347331     0.0000000000000000       -0.0300069833024917     0.0000000000000000
     0.0000000000000000     0.0000000000000000       -0.0196237596199802     0.0000000000000000       -0.0337191966769330     0.0000000000000000
    7    6
    -0.0100043391406407     0.0000000000000000       -0.0189521344013793     0.0000000000000000        0.0030672307897571     0.0000000000000000
    -0.0274062410424720     0.0000000000000000       -0.0367693596824577     0.0000000000000000        0.0013351349311865     0.0000000000000000
     0.0003773546269938     0.0000000000000000       -0.0033238672487994     0.0000000000000000        0.0043344584058375     0.0000000000000000
    7    7
     0.1205780049692147     0.0000000000000000        0.0000000000000001     0.0000000000000000        0.0000000000000000     0.0000000000000000
     0.0000000000000000     0.0000000000000000        0.1354994222377938     0.0000000000000000        0.0054054653628223     0.0000000000000000
     0.0000000000000000     0.0000000000000000        0.0054054653628223     0.0000000000000000        0.1212274312754286     0.0000000000000000
    7    8
    -0.0100043391406406     0.0000000000000000        0.0189521344013793     0.0000000000000000       -0.0030672307897571     0.0000000000000000
     0.0274062410424720     0.0000000000000000       -0.0367693596824577     0.0000000000000000        0.0013351349311866     0.0000000000000000
    -0.0003773546269938     0.0000000000000000       -0.0033238672487993     0.0000000000000000        0.0043344584058374     0.0000000000000000
    7    9
    -0.0072523336593110     0.0000000000000000       -0.0000000000000000     0.0000000000000000       -0.0000000000000000     0.0000000000000000
    -0.0000000000000000     0.0000000000000000       -0.0052901479487198     0.0000000000000000       -0.0000948140829378     0.0000000000000000
    -0.0000000000000000     0.0000000000000000       -0.0000948140829378     0.0000000000000000       -0.0078502481229553     0.0000000000000000
    7   10
    -0.0022565691528451     0.0000000000000000       -0.0029077567433935     0.0000000000000000       -0.0048012295545795     0.0000000000000000
    -0.0107461689562013     0.0000000000000000        0.0056265285253195     0.0000000000000000       -0.0060442658887392     0.0000000000000000
    -0.0076351025841526     0.0000000000000000       -0.0011358538193072     0.0000000000000000       -0.0005624836964058     0.0000000000000000
    7   11
    -0.0022565691528451     0.0000000000000000        0.0029077567433935     0.0000000000000000        0.0048012295545795     0.0000000000000000
     0.0107461689562013     0.0000000000000000        0.0056265285253195     0.0000000000000000       -0.0060442658887391     0.0000000000000000
     0.0076351025841526     0.0000000000000000       -0.0011358538193072     0.0000000000000000       -0.0005624836964058     0.0000000000000000
    8    1
    -0.0453569636276826     0.0000000000000000       -0.0255541199640707     0.0000000000000000        0.0178209433570815     0.0000000000000000
    -0.0255541199640707     0.0000000000000000       -0.0748643197083006     0.0000000000000000       -0.0102889264444496     0.0000000000000000
     0.0179400072898297     0.0000000000000000       -0.0103576680380728     0.0000000000000000       -0.0802046808207223     0.0000000000000000
    8    2
    -0.0039341864369428     0.0000000000000000       -0.0074766373563596     0.0000000000000000        0.0060673628673177     0.0000000000000000
    -0.0074766373563596     0.0000000000000000       -0.0125674636176385     0.0000000000000000       -0.0035029935847257     0.0000000000000000
     0.0056780000949248     0.0000000000000000       -0.0032781948832717     0.0000000000000000       -0.0159667016449815     0.0000000000000000
    8    3
    -0.0105306879268135     0.0000000000000000        0.0108475193715703     0.0000000000000000       -0.0074663762947708     0.0000000000000000
     0.0108475193715703     0.0000000000000000        0.0019949485315969     0.0000000000000000        0.0043107143636676     0.0000000000000000
    -0.0075529920940220     0.0000000000000000        0.0043607220186815     0.0000000000000000        0.0059673955244114     0.0000000000000000
    8    4
    -0.0024766786704667     0.0000000000000000        0.0035590184828924     0.0000000000000000        0.0131221750601479     0.0000000000000000
     0.0035590184828924     0.0000000000000000        0.0016329218878288     0.0000000000000000       -0.0075760913033485     0.0000000000000000
     0.0040549636164054     0.0000000000000000       -0.0023411343354916     0.0000000000000000        0.0030020510468887     0.0000000000000000
    8    5
    -0.0108451559996733     0.0000000000000000        0.0095828091372643     0.0000000000000000       -0.0259868098308289     0.0000000000000000
     0.0095828091372644     0.0000000000000000        0.0002201188702851     0.0000000000000000        0.0150034916512459     0.0000000000000000
    -0.0169946743486200     0.0000000000000000        0.0098118798099901     0.0000000000000000       -0.0337191966769330     0.0000000000000000
    8    6
    -0.0501518699530932     0.0000000000000000       -0.0042270533205463     0.0000000000000000        0.0026898761627632     0.0000000000000000
     0.0042270533205463     0.0000000000000000        0.0033781711301936     0.0000000000000000        0.0019887323176127     0.0000000000000000
    -0.0026898761627633     0.0000000000000000        0.0019887323176127     0.0000000000000000        0.0043344584058375     0.0000000000000000
    8    7
    -0.0100043391406406     0.0000000000000000        0.0274062410424720     0.0000000000000000       -0.0003773546269938     0.0000000000000000
     0.0189521344013793     0.0000000000000000       -0.0367693596824577     0.0000000000000000       -0.0033238672487993     0.0000000000000000
    -0.0030672307897571     0.0000000000000000        0.0013351349311866     0.0000000000000000        0.0043344584058374     0.0000000000000000
    8    8
     0.1317690679201459     0.0000000000000000       -0.0064611632072542     0.0000000000000000        0.0046812703234694     0.0000000000000000
    -0.0064611632072542     0.0000000000000000        0.1243083592868072     0.0000000000000000       -0.0027027326814111     0.0000000000000000
     0.0046812703234694     0.0000000000000000       -0.0027027326814111     0.0000000000000000        0.1212274312754286     0.0000000000000000
    8    9
    -0.0022565691528451     0.0000000000000000       -0.0107461689562013     0.0000000000000000       -0.0076351025841526     0.0000000000000000
    -0.0029077567433935     0.0000000000000000        0.0056265285253195     0.0000000000000000       -0.0011358538193072     0.0000000000000000
    -0.0048012295545795     0.0000000000000000       -0.0060442658887392     0.0000000000000000       -0.0005624836964058     0.0000000000000000
    8   10
    -0.0057806943763480     0.0000000000000000       -0.0008496513361708     0.0000000000000000       -0.0000821114044605     0.0000000000000000
    -0.0008496513361708     0.0000000000000000       -0.0067617872316901     0.0000000000000000        0.0000474070414689     0.0000000000000000
    -0.0000821114044605     0.0000000000000000        0.0000474070414689     0.0000000000000000       -0.0078502481229553     0.0000000000000000
    8   11
     0.0095680773643600     0.0000000000000000        0.0039192061064039     0.0000000000000000       -0.0028338730295731     0.0000000000000000
    -0.0039192061064039     0.0000000000000000       -0.0061981179919441     0.0000000000000000        0.0071801197080464     0.0000000000000000
     0.0028338730295731     0.0000000000000000        0.0071801197080464     0.0000000000000000       -0.0005624836964058     0.0000000000000000
    9    1
    -0.0896179977480537     0.0000000000000000       -0.0000000000000001     0.0000000000000000       -0.0000000000000000     0.0000000000000000
    -0.0000000000000000     0.0000000000000000       -0.0306032855877104     0.0000000000000000        0.0205778528888991     0.0000000000000000
    -0.0000000000000000     0.0000000000000000        0.0207153360761454     0.0000000000000000       -0.0802046808207223     0.0000000000000000
    9    2
     0.0082577667607873     0.0000000000000000        0.0000000000000000     0.0000000000000000        0.0000000000000000     0.0000000000000000
     0.0000000000000000     0.0000000000000000       -0.0167935061560970     0.0000000000000000       -0.0086214287273353     0.0000000000000000
     0.0000000000000000     0.0000000000000000       -0.0087214440373631     0.0000000000000000        0.0059673955244114     0.0000000000000000
    9    3
    -0.0168841022078930     0.0000000000000000       -0.0000000000000000     0.0000000000000000       -0.0000000000000000     0.0000000000000000
    -0.0000000000000000     0.0000000000000000        0.0003824521533758     0.0000000000000000        0.0070059871694514     0.0000000000000000
    -0.0000000000000000     0.0000000000000000        0.0065563897665434     0.0000000000000000       -0.0159667016449815     0.0000000000000000
    9    4
     0.0057527563052627     0.0000000000000000        0.0000000000000000     0.0000000000000000        0.0000000000000000     0.0000000000000000
     0.0000000000000000     0.0000000000000000       -0.0163777934347331     0.0000000000000000       -0.0300069833024917     0.0000000000000000
     0.0000000000000000     0.0000000000000000       -0.0196237596199802     0.0000000000000000       -0.0337191966769330     0.0000000000000000
    9    5
     0.0036877221669644     0.0000000000000000       -0.0000000000000000     0.0000000000000000        0.0000000000000000     0.0000000000000000
    -0.0000000000000000     0.0000000000000000       -0.0045314789496329     0.0000000000000000        0.0151521826066971     0.0000000000000000
     0.0000000000000000     0.0000000000000000        0.0046822686709831     0.0000000000000000        0.0030020510468887     0.0000000000000000
    9    6
    -0.0022565691528451     0.0000000000000000        0.0029077567433935     0.0000000000000000        0.0048012295545795     0.0000000000000000
     0.0107461689562013     0.0000000000000000        0.0056265285253195     0.0000000000000000       -0.0060442658887391     0.0000000000000000
     0.0076351025841526     0.0000000000000000       -0.0011358538193072     0.0000000000000000       -0.0005624836964058     0.0000000000000000
    9    7
    -0.0072523336593110     0.0000000000000000       -0.0000000000000000     0.0000000000000000       -0.0000000000000000     0.0000000000000000
    -0.0000000000000000     0.0000000000000000       -0.0052901479487198     0.0000000000000000       -0.0000948140829378     0.0000000000000000
    -0.0000000000000000     0.0000000000000000       -0.0000948140829378     0.0000000000000000       -0.0078502481229553     0.0000000000000000
    9    8
    -0.0022565691528451     0.0000000000000000       -0.0029077567433935     0.0000000000000000       -0.0048012295545795     0.0000000000000000
    -0.0107461689562013     0.0000000000000000        0.0056265285253195     0.0000000000000000       -0.0060442658887392     0.0000000000000000
    -0.0076351025841526     0.0000000000000000       -0.0011358538193072     0.0000000000000000       -0.0005624836964058     0.0000000000000000
    9    9
     0.1205780049692147     0.0000000000000000        0.0000000000000001     0.0000000000000000        0.0000000000000000     0.0000000000000000
     0.0000000000000000     0.0000000000000000        0.1354994222377938     0.0000000000000000        0.0054054653628223     0.0000000000000000
     0.0000000000000000     0.0000000000000000        0.0054054653628223     0.0000000000000000        0.1212274312754286     0.0000000000000000
    9   10
    -0.0100043391406406     0.0000000000000000        0.0189521344013793     0.0000000000000000       -0.0030672307897571     0.0000000000000000
     0.0274062410424720     0.0000000000000000       -0.0367693596824577     0.0000000000000000        0.0013351349311866     0.0000000000000000
    -0.0003773546269938     0.0000000000000000       -0.0033238672487993     0.0000000000000000        0.0043344584058374     0.0000000000000000
    9   11
    -0.0100043391406407     0.0000000000000000       -0.0189521344013793     0.0000000000000000        0.0030672307897571     0.0000000000000000
    -0.0274062410424720     0.0000000000000000       -0.0367693596824577     0.0000000000000000        0.0013351349311865     0.0000000000000000
     0.0003773546269938     0.0000000000000000       -0.0033238672487994     0.0000000000000000        0.0043344584058375     0.0000000000000000
   10    1
    -0.0453569636276826     0.0000000000000000       -0.0255541199640707     0.0000000000000000        0.0178209433570815     0.0000000000000000
    -0.0255541199640707     0.0000000000000000       -0.0748643197083006     0.0000000000000000       -0.0102889264444496     0.0000000000000000
     0.0179400072898297     0.0000000000000000       -0.0103576680380728     0.0000000000000000       -0.0802046808207223     0.0000000000000000
   10    2
    -0.0105306879268135     0.0000000000000000        0.0108475193715703     0.0000000000000000       -0.0074663762947708     0.0000000000000000
     0.0108475193715703     0.0000000000000000        0.0019949485315969     0.0000000000000000        0.0043107143636676     0.0000000000000000
    -0.0075529920940220     0.0000000000000000        0.0043607220186815     0.0000000000000000        0.0059673955244114     0.0000000000000000
   10    3
    -0.0039341864369428     0.0000000000000000       -0.0074766373563596     0.0000000000000000        0.0060673628673177     0.0000000000000000
    -0.0074766373563596     0.0000000000000000       -0.0125674636176385     0.0000000000000000       -0.0035029935847257     0.0000000000000000
     0.0056780000949248     0.0000000000000000       -0.0032781948832717     0.0000000000000000       -0.0159667016449815     0.0000000000000000
   10    4
    -0.0108451559996733     0.0000000000000000        0.0095828091372644     0.0000000000000000       -0.0259868098308289     0.0000000000000000
     0.0095828091372644     0.0000000000000000        0.0002201188702851     0.0000000000000000        0.0150034916512459     0.0000000000000000
    -0.0169946743486200     0.0000000000000000        0.0098118798099901     0.0000000000000000       -0.0337191966769330     0.0000000000000000
   10    5
    -0.0024766786704667     0.0000000000000000        0.0035590184828924     0.0000000000000000        0.0131221750601479     0.0000000000000000
     0.0035590184828924     0.0000000000000000        0.0016329218878288     0.0000000000000000       -0.0075760913033485     0.0000000000000000
     0.0040549636164054     0.0000000000000000       -0.0023411343354916     0.0000000000000000        0.0030020510468887     0.0000000000000000
   10    6
     0.0095680773643600     0.0000000000000000        0.0039192061064039     0.0000000000000000       -0.0028338730295731     0.0000000000000000
    -0.0039192061064039     0.0000000000000000       -0.0061981179919441     0.0000000000000000        0.0071801197080464     0.0000000000000000
     0.0028338730295731     0.0000000000000000        0.0071801197080464     0.0000000000000000       -0.0005624836964058     0.0000000000000000
   10    7
    -0.0022565691528451     0.0000000000000000       -0.0107461689562013     0.0000000000000000       -0.0076351025841526     0.0000000000000000
    -0.0029077567433935     0.0000000000000000        0.0056265285253195     0.0000000000000000       -0.0011358538193072     0.0000000000000000
    -0.0048012295545795     0.0000000000000000       -0.0060442658887392     0.0000000000000000       -0.0005624836964058     0.0000000000000000
   10    8
    -0.0057806943763480     0.0000000000000000       -0.0008496513361708     0.0000000000000000       -0.0000821114044605     0.0000000000000000
    -0.0008496513361708     0.0000000000000000       -0.0067617872316901     0.0000000000000000        0.0000474070414689     0.0000000000000000
    -0.0000821114044605     0.0000000000000000        0.0000474070414689     0.0000000000000000       -0.0078502481229553     0.0000000000000000
   10    9
    -0.0100043391406406     0.0000000000000000        0.0274062410424720     0.0000000000000000       -0.0003773546269938     0.0000000000000000
     0.0189521344013793     0.0000000000000000       -0.0367693596824577     0.0000000000000000       -0.0033238672487993     0.0000000000000000
    -0.0030672307897571     0.0000000000000000        0.0013351349311866     0.0000000000000000        0.0043344584058374     0.0000000000000000
   10   10
     0.1317690679201459     0.0000000000000000       -0.0064611632072542     0.0000000000000000        0.0046812703234694     0.0000000000000000
    -0.0064611632072542     0.0000000000000000        0.1243083592868072     0.0000000000000000       -0.0027027326814111     0.0000000000000000
     0.0046812703234694     0.0000000000000000       -0.0027027326814111     0.0000000000000000        0.1212274312754286     0.0000000000000000
   10   11
    -0.0501518699530932     0.0000000000000000       -0.0042270533205463     0.0000000000000000        0.0026898761627632     0.0000000000000000
     0.0042270533205463     0.0000000000000000        0.0033781711301936     0.0000000000000000        0.0019887323176127     0.0000000000000000
    -0.0026898761627633     0.0000000000000000        0.0019887323176127     0.0000000000000000        0.0043344584058375     0.0000000000000000
   11    1
    -0.0453569636276826     0.0000000000000000        0.0255541199640707     0.0000000000000000       -0.0178209433570815     0.0000000000000000
     0.0255541199640707     0.0000000000000000       -0.0748643197083006     0.0000000000000000       -0.0102889264444496     0.0000000000000000
    -0.0179400072898297     0.0000000000000000       -0.0103576680380727     0.0000000000000000       -0.0802046808207224     0.0000000000000000
   11    2
    -0.0105306879268136     0.0000000000000000       -0.0108475193715703     0.0000000000000000        0.0074663762947708     0.0000000000000000
    -0.0108475193715703     0.0000000000000000        0.0019949485315969     0.0000000000000000        0.0043107143636676     0.0000000000000000
     0.0075529920940220     0.0000000000000000        0.0043607220186815     0.0000000000000000        0.0059673955244114     0.0000000000000000
   11    3
    -0.0039341864369428     0.0000000000000000        0.0074766373563596     0.0000000000000000       -0.0060673628673177     0.0000000000000000
     0.0074766373563596     0.0000000000000000       -0.0125674636176385     0.0000000000000000       -0.0035029935847257     0.0000000000000000
    -0.0056780000949248     0.0000000000000000       -0.0032781948832717     0.0000000000000000       -0.0159667016449815     0.0000000000000000
   11    4
    -0.0108451559996734     0.0000000000000000       -0.0095828091372644     0.0000000000000000        0.0259868098308290     0.0000000000000000
    -0.0095828091372644     0.0000000000000000        0.0002201188702851     0.0000000000000000        0.0150034916512458     0.0000000000000000
     0.0169946743486200     0.0000000000000000        0.0098118798099901     0.0000000000000000       -0.0337191966769329     0.0000000000000000
   11    5
    -0.0024766786704667     0.0000000000000000       -0.0035590184828924     0.0000000000000000       -0.0131221750601479     0.0000000000000000
    -0.0035590184828924     0.0000000000000000        0.0016329218878288     0.0000000000000000       -0.0075760913033485     0.0000000000000000
    -0.0040549636164054     0.0000000000000000       -0.0023411343354916     0.0000000000000000        0.0030020510468887     0.0000000000000000
   11    6
    -0.0057806943763480     0.0000000000000000        0.0008496513361708     0.0000000000000000        0.0000821114044605     0.0000000000000000
     0.0008496513361708     0.0000000000000000       -0.0067617872316901     0.0000000000000000        0.0000474070414689     0.0000000000000000
     0.0000821114044605     0.0000000000000000        0.0000474070414689     0.0000000000000000       -0.0078502481229553     0.0000000000000000
   11    7
    -0.0022565691528451     0.0000000000000000        0.0107461689562013     0.0000000000000000        0.0076351025841526     0.0000000000000000
     0.0029077567433935     0.0000000000000000        0.0056265285253195     0.0000000000000000       -0.0011358538193072     0.0000000000000000
     0.0048012295545795     0.0000000000000000       -0.0060442658887391     0.0000000000000000       -0.0005624836964058     0.0000000000000000
   11    8
     0.0095680773643600     0.0000000000000000       -0.0039192061064039     0.0000000000000000        0.0028338730295731     0.0000000000000000
     0.0039192061064039     0.0000000000000000       -0.0061981179919441     0.0000000000000000        0.0071801197080464     0.0000000000000000
    -0.0028338730295731     0.0000000000000000        0.0071801197080464     0.0000000000000000       -0.0005624836964058     0.0000000000000000
   11    9
    -0.0100043391406407     0.0000000000000000       -0.0274062410424720     0.0000000000000000        0.0003773546269938     0.0000000000000000
    -0.0189521344013793     0.0000000000000000       -0.0367693596824577     0.0000000000000000       -0.0033238672487994     0.0000000000000000
     0.0030672307897571     0.0000000000000000        0.0013351349311865     0.0000000000000000        0.0043344584058375     0.0000000000000000
   11   10
    -0.0501518699530932     0.0000000000000000        0.0042270533205463     0.0000000000000000       -0.0026898761627633     0.0000000000000000
    -0.0042270533205463     0.0000000000000000        0.0033781711301936     0.0000000000000000        0.0019887323176127     0.0000000000000000
     0.0026898761627632     0.0000000000000000        0.0019887323176127     0.0000000000000000        0.0043344584058375     0.0000000000000000
   11   11
     0.1317690679201459     0.0000000000000000        0.0064611632072542     0.0000000000000000       -0.0046812703234693     0.0000000000000000
     0.0064611632072542     0.0000000000000000        0.1243083592868071     0.0000000000000000       -0.0027027326814110     0.0000000000000000
    -0.0046812703234693     0.0000000000000000       -0.0027027326814110     0.0000000000000000        0.1212274312754286     0.0000000000000000

     Diagonalizing the dynamical matrix

     q = (     0.000000000000     0.000000000000     0.000000000000 )

***************************************************************************
   freq (    1) =    -0.00000050 [THz] =    -0.00001657 [cm-1]
(   0.000000  0.000000  -0.017128  0.000000  -0.301024  0.000000 )
(   0.000000  0.000000  -0.017128  0.000000  -0.301024  0.000000 )
(   0.000000  0.000000  -0.017128  0.000000  -0.301024  0.000000 )
(   0.000000  0.000000  -0.017128  0.000000  -0.301024  0.000000 )
(   0.000000  0.000000  -0.017128  0.000000  -0.301024  0.000000 )
(   0.000000  0.000000  -0.017128  0.000000  -0.301024  0.000000 )
(   0.000000  0.000000  -0.017128  0.000000  -0.301024  0.000000 )
(   0.000000  0.000000  -0.017128  0.000000  -0.301024  0.000000 )
(   0.000000  0.000000  -0.017128  0.000000  -0.301024  0.000000 )
(   0.000000  0.000000  -0.017128  0.000000  -0.301024  0.000000 )
(   0.000000  0.000000  -0.017128  0.000000  -0.301024  0.000000 )
   freq (    2) =    -0.00000039 [THz] =    -0.00001299 [cm-1]
(   0.000000  0.000000  -0.301024  0.000000   0.017128  0.000000 )
(   0.000000  0.000000  -0.301024  0.000000   0.017128  0.000000 )
(  -0.000000  0.000000  -0.301024  0.000000   0.017128  0.000000 )
(  -0.000000  0.000000  -0.301024  0.000000   0.017128  0.000000 )
(   0.000000  0.000000  -0.301024  0.000000   0.017128  0.000000 )
(   0.000000  0.000000  -0.301024  0.000000   0.017128  0.000000 )
(   0.000000  0.000000  -0.301024  0.000000   0.017128  0.000000 )
(  -0.000000  0.000000  -0.301024  0.000000   0.017128  0.000000 )
(  -0.000000  0.000000  -0.301024  0.000000   0.017128  0.000000 )
(   0.000000  0.000000  -0.301024  0.000000   0.017128  0.000000 )
(  -0.000000  0.000000  -0.301024  0.000000   0.017128  0.000000 )
   freq (    3) =     0.00000030 [THz] =     0.00001015 [cm-1]
(   0.301511  0.000000   0.000000  0.000000   0.000000  0.000000 )
(   0.301511  0.000000   0.000000  0.000000   0.000000  0.000000 )
(   0.301511  0.000000   0.000000  0.000000   0.000000  0.000000 )
(   0.301511  0.000000   0.000000  0.000000   0.000000  0.000000 )
(   0.301511  0.000000   0.000000  0.000000   0.000000  0.000000 )
(   0.301511  0.000000   0.000000  0.000000   0.000000  0.000000 )
(   0.301511  0.000000   0.000000  0.000000   0.000000  0.000000 )
(   0.301511  0.000000   0.000000  0.000000   0.000000  0.000000 )
(   0.301511  0.000000   0.000000  0.000000   0.000000  0.000000 )
(   0.301511  0.000000   0.000000  0.000000   0.000000  0.000000 )
(   0.301511  0.000000   0.000000  0.000000   0.000000  0.000000 )
   freq (    4) =    25.11920160 [THz] =   837.88625560 [cm-1]
(  -0.021342  0.000000   0.000000  0.000000   0.000000  0.000000 )
(   0.465484  0.000000  -0.000000  0.000000  -0.000000  0.000000 )
(   0.465484  0.000000  -0.000000  0.000000  -0.000000  0.000000 )
(   0.198139  0.000000  -0.000000  0.000000  -0.000000  0.000000 )
(   0.198139  0.000000  -0.000000  0.000000  -0.000000  0.000000 )
(   0.311142  0.000000   0.073080  0.000000  -0.052313  0.000000 )
(   0.184565  0.000000  -0.000000  0.000000  -0.000000  0.000000 )
(   0.311142  0.000000  -0.073080  0.000000   0.052313  0.000000 )
(   0.184565  0.000000  -0.000000  0.000000  -0.000000  0.000000 )
(   0.311142  0.000000  -0.073080  0.000000   0.052313  0.000000 )
(   0.311142  0.000000   0.073080  0.000000  -0.052313  0.000000 )
   freq (    5) =    25.11920160 [THz] =   837.88625560 [cm-1]
(  -0.000000  0.000000  -0.021342  0.000000   0.000000  0.000000 )
(   0.000000  0.000000   0.465484  0.000000  -0.000000  0.000000 )
(   0.000000  0.000000   0.465484  0.000000  -0.000000  0.000000 )
(   0.000000  0.000000   0.198139  0.000000  -0.000000  0.000000 )
(   0.000000  0.000000   0.198139  0.000000  -0.000000  0.000000 )
(   0.073080  0.000000   0.226757  0.000000  -0.030203  0.000000 )
(   0.000000  0.000000   0.353335  0.000000   0.060406  0.000000 )
(  -0.073080  0.000000   0.226757  0.000000  -0.030203  0.000000 )
(   0.000000  0.000000   0.353335  0.000000   0.060406  0.000000 )
(  -0.073080  0.000000   0.226757  0.000000  -0.030203  0.000000 )
(   0.073080  0.000000   0.226757  0.000000  -0.030203  0.000000 )
   freq (    6) =    25.27973672 [THz] =   843.24113009 [cm-1]
(   0.000000  0.000000   0.000000  0.000000   0.021626  0.000000 )
(  -0.000000  0.000000  -0.000000  0.000000  -0.441336  0.000000 )
(  -0.000000  0.000000  -0.000000  0.000000  -0.441336  0.000000 )
(  -0.000000  0.000000  -0.000000  0.000000  -0.385211  0.000000 )
(  -0.000000  0.000000  -0.000000  0.000000  -0.385211  0.000000 )
(   0.049612  0.000000   0.028643  0.000000  -0.221176  0.000000 )
(  -0.000000  0.000000  -0.057287  0.000000  -0.221176  0.000000 )
(  -0.049612  0.000000   0.028643  0.000000  -0.221176  0.000000 )
(  -0.000000  0.000000  -0.057287  0.000000  -0.221176  0.000000 )
(  -0.049612  0.000000   0.028643  0.000000  -0.221176  0.000000 )
(   0.049612  0.000000   0.028643  0.000000  -0.221176  0.000000 )
   freq (    7) =    27.63537040 [THz] =   921.81660042 [cm-1]
(   0.000000  0.000000   0.000000  0.000000   0.000000  0.000000 )
(   0.529194  0.000000  -0.000087  0.000000  -0.000000  0.000000 )
(  -0.529194  0.000000   0.000087  0.000000   0.000000  0.000000 )
(  -0.044878  0.000000   0.000007  0.000000  -0.000000  0.000000 )
(   0.044878  0.000000  -0.000007  0.000000   0.000000  0.000000 )
(  -0.258486  0.000000  -0.169357  0.000000   0.113340  0.000000 )
(   0.034838  0.000000   0.000058  0.000000   0.000021  0.000000 )
(  -0.258542  0.000000   0.169377  0.000000  -0.113361  0.000000 )
(  -0.034838  0.000000  -0.000058  0.000000  -0.000021  0.000000 )
(   0.258542  0.000000  -0.169377  0.000000   0.113361  0.000000 )
(   0.258486  0.000000   0.169357  0.000000  -0.113340  0.000000 )
   freq (    8) =    27.63537040 [THz] =   921.81660042 [cm-1]
(   0.000000  0.000000  -0.000000  0.000000   0.000000  0.000000 )
(  -0.000087  0.000000  -0.529194  0.000000   0.000000  0.000000 )
(   0.000087  0.000000   0.529194  0.000000  -0.000000  0.000000 )
(   0.000007  0.000000   0.044878  0.000000   0.000000  0.000000 )
(  -0.000007  0.000000  -0.044878  0.000000  -0.000000  0.000000 )
(   0.169409  0.000000   0.062974  0.000000  -0.065462  0.000000 )
(  -0.000006  0.000000   0.356298  0.000000   0.130886  0.000000 )
(  -0.169325  0.000000   0.062918  0.000000  -0.065424  0.000000 )
(   0.000006  0.000000  -0.356298  0.000000  -0.130886  0.000000 )
(   0.169325  0.000000  -0.062918  0.000000   0.065424  0.000000 )
(  -0.169409  0.000000  -0.062974  0.000000   0.065462  0.000000 )
   freq (    9) =    27.77549819 [THz] =   926.49075953 [cm-1]
(   0.000000  0.000000   0.000000  0.000000   0.000000  0.000000 )
(  -0.000000  0.000000  -0.000000  0.000000  -0.369065  0.000000 )
(   0.000000  0.000000   0.000000  0.000000   0.369065  0.000000 )
(  -0.000000  0.000000   0.000000  0.000000  -0.515082  0.000000 )
(  -0.000000  0.000000  -0.000000  0.000000   0.515082  0.000000 )
(  -0.126567  0.000000  -0.073073  0.000000   0.107089  0.000000 )
(   0.000000  0.000000   0.146147  0.000000   0.107089  0.000000 )
(   0.126567  0.000000  -0.073073  0.000000   0.107089  0.000000 )
(  -0.000000  0.000000  -0.146147  0.000000  -0.107089  0.000000 )
(  -0.126567  0.000000   0.073073  0.000000  -0.107089  0.000000 )
(   0.126567  0.000000   0.073073  0.000000  -0.107089  0.000000 )
   freq (   10) =    28.89994302 [THz] =   963.99819657 [cm-1]
(  -0.000000  0.000000   0.000000  0.000000  -0.000000  0.000000 )
(   0.333044  0.000000   0.000013  0.000000   0.000000  0.000000 )
(  -0.333044  0.000000  -0.000013  0.000000  -0.000000  0.000000 )
(  -0.285628  0.000000  -0.000011  0.000000  -0.000000  0.000000 )
(   0.285628  0.000000   0.000011  0.000000   0.000000  0.000000 )
(   0.341161  0.000000   0.045343  0.000000  -0.028537  0.000000 )
(   0.262643  0.000000   0.000014  0.000000   0.000001  0.000000 )
(   0.341157  0.000000  -0.045320  0.000000   0.028536  0.000000 )
(  -0.262643  0.000000  -0.000014  0.000000  -0.000001  0.000000 )
(  -0.341157  0.000000   0.045320  0.000000  -0.028536  0.000000 )
(  -0.341161  0.000000  -0.045343  0.000000   0.028537  0.000000 )
   freq (   11) =    28.89994302 [THz] =   963.99819658 [cm-1]
(  -0.000000  0.000000   0.000000  0.000000   0.000000  0.000000 )
(  -0.000013  0.000000   0.333044  0.000000   0.000000  0.000000 )
(   0.000013  0.000000  -0.333044  0.000000  -0.000000  0.000000 )
(   0.000011  0.000000  -0.285628  0.000000  -0.000000  0.000000 )
(  -0.000011  0.000000   0.285628  0.000000   0.000000  0.000000 )
(   0.045318  0.000000   0.288813  0.000000  -0.016475  0.000000 )
(  -0.000010  0.000000   0.367331  0.000000   0.032951  0.000000 )
(  -0.045345  0.000000   0.288817  0.000000  -0.016477  0.000000 )
(   0.000010  0.000000  -0.367331  0.000000  -0.032951  0.000000 )
(   0.045345  0.000000  -0.288817  0.000000   0.016477  0.000000 )
(  -0.045318  0.000000  -0.288813  0.000000   0.016475  0.000000 )
   freq (   12) =    29.00223490 [THz] =   967.41028599 [cm-1]
(  -0.000000  0.000000   0.000000  0.000000   0.000000  0.000000 )
(   0.000000  0.000000   0.000000  0.000000  -0.485807  0.000000 )
(  -0.000000  0.000000  -0.000000  0.000000   0.485807  0.000000 )
(  -0.000000  0.000000  -0.000000  0.000000   0.197972  0.000000 )
(   0.000000  0.000000   0.000000  0.000000  -0.197972  0.000000 )
(  -0.020337  0.000000  -0.011742  0.000000  -0.272729  0.000000 )
(   0.000000  0.000000   0.023484  0.000000  -0.272729  0.000000 )
(   0.020337  0.000000  -0.011742  0.000000  -0.272729  0.000000 )
(  -0.000000  0.000000  -0.023484  0.000000   0.272729  0.000000 )
(  -0.020337  0.000000   0.011742  0.000000   0.272729  0.000000 )
(   0.020337  0.000000   0.011742  0.000000   0.272729  0.000000 )
   freq (   13) =    33.57936085 [THz] =  1120.08675162 [cm-1]
(  -0.001557  0.000000  -0.000000  0.000000   0.000000  0.000000 )
(  -0.206358  0.000000  -0.000000  0.000000   0.000000  0.000000 )
(  -0.206358  0.000000  -0.000000  0.000000   0.000000  0.000000 )
(   0.442882  0.000000   0.000000  0.000000  -0.000000  0.000000 )
(   0.442882  0.000000   0.000000  0.000000  -0.000000  0.000000 )
(  -0.036349  0.000000   0.011679  0.000000  -0.357179  0.000000 )
(  -0.056578  0.000000  -0.000000  0.000000   0.000000  0.000000 )
(  -0.036349  0.000000  -0.011679  0.000000   0.357179  0.000000 )
(  -0.056578  0.000000  -0.000000  0.000000   0.000000  0.000000 )
(  -0.036349  0.000000  -0.011679  0.000000   0.357179  0.000000 )
(  -0.036349  0.000000   0.011679  0.000000  -0.357179  0.000000 )
   freq (   14) =    33.57936085 [THz] =  1120.08675162 [cm-1]
(   0.000000  0.000000  -0.001557  0.000000  -0.000000  0.000000 )
(   0.000000  0.000000  -0.206358  0.000000   0.000000  0.000000 )
(   0.000000  0.000000  -0.206358  0.000000   0.000000  0.000000 )
(  -0.000000  0.000000   0.442882  0.000000  -0.000000  0.000000 )
(  -0.000000  0.000000   0.442882  0.000000  -0.000000  0.000000 )
(   0.011679  0.000000  -0.049835  0.000000  -0.206218  0.000000 )
(   0.000000  0.000000  -0.029606  0.000000   0.412435  0.000000 )
(  -0.011679  0.000000  -0.049835  0.000000  -0.206218  0.000000 )
(   0.000000  0.000000  -0.029606  0.000000   0.412435  0.000000 )
(  -0.011679  0.000000  -0.049835  0.000000  -0.206218  0.000000 )
(   0.011679  0.000000  -0.049835  0.000000  -0.206218  0.000000 )
   freq (   15) =    33.85663787 [THz] =  1129.33571614 [cm-1]
(  -0.000000  0.000000   0.000000  0.000000   0.000000  0.000000 )
(   0.015551  0.000000  -0.000002  0.000000   0.000000  0.000000 )
(  -0.015551  0.000000   0.000002  0.000000   0.000000  0.000000 )
(   0.432251  0.000000  -0.000043  0.000000  -0.000000  0.000000 )
(  -0.432251  0.000000   0.000043  0.000000  -0.000000  0.000000 )
(   0.145152  0.000000  -0.003358  0.000000   0.352098  0.000000 )
(   0.150942  0.000000  -0.000014  0.000000   0.000040  0.000000 )
(   0.145151  0.000000   0.003328  0.000000  -0.352138  0.000000 )
(  -0.150942  0.000000   0.000014  0.000000  -0.000040  0.000000 )
(  -0.145151  0.000000  -0.003328  0.000000   0.352138  0.000000 )
(  -0.145152  0.000000   0.003358  0.000000  -0.352098  0.000000 )
   freq (   16) =    33.85663787 [THz] =  1129.33571614 [cm-1]
(  -0.000000  0.000000   0.000000  0.000000  -0.000000  0.000000 )
(   0.000002  0.000000   0.015551  0.000000   0.000000  0.000000 )
(  -0.000002  0.000000  -0.015551  0.000000  -0.000000  0.000000 )
(   0.000043  0.000000   0.432251  0.000000   0.000000  0.000000 )
(  -0.000043  0.000000  -0.432251  0.000000  -0.000000  0.000000 )
(  -0.003329  0.000000   0.149011  0.000000   0.203330  0.000000 )
(   0.000015  0.000000   0.143222  0.000000  -0.406590  0.000000 )
(   0.003357  0.000000   0.149012  0.000000   0.203260  0.000000 )
(  -0.000015  0.000000  -0.143222  0.000000   0.406590  0.000000 )
(  -0.003357  0.000000  -0.149012  0.000000  -0.203260  0.000000 )
(   0.003329  0.000000  -0.149011  0.000000  -0.203330  0.000000 )
   freq (   17) =    33.92829592 [THz] =  1131.72597115 [cm-1]
(  -0.000000  0.000000   0.000000  0.000000   0.000000  0.000000 )
(  -0.000000  0.000000  -0.000000  0.000000   0.000000  0.000000 )
(   0.000000  0.000000   0.000000  0.000000   0.000000  0.000000 )
(  -0.000000  0.000000  -0.000000  0.000000  -0.000000  0.000000 )
(   0.000000  0.000000   0.000000  0.000000  -0.000000  0.000000 )
(  -0.204124  0.000000   0.353553  0.000000  -0.000000  0.000000 )
(   0.408248  0.000000  -0.000000  0.000000   0.000000  0.000000 )
(  -0.204124  0.000000  -0.353553  0.000000   0.000000  0.000000 )
(  -0.408248  0.000000   0.000000  0.000000  -0.000000  0.000000 )
(   0.204124  0.000000   0.353553  0.000000  -0.000000  0.000000 )
(   0.204124  0.000000  -0.353553  0.000000   0.000000  0.000000 )
   freq (   18) =    33.94239612 [THz] =  1132.19630302 [cm-1]
(  -0.000000  0.000000  -0.000000  0.000000   0.000000  0.000000 )
(  -0.000000  0.000000   0.000000  0.000000   0.000000  0.000000 )
(  -0.000000  0.000000   0.000000  0.000000   0.000000  0.000000 )
(   0.000000  0.000000  -0.000000  0.000000  -0.000000  0.000000 )
(   0.000000  0.000000  -0.000000  0.000000  -0.000000  0.000000 )
(   0.204124  0.000000  -0.353553  0.000000   0.000000  0.000000 )
(  -0.408248  0.000000   0.000000  0.000000  -0.000000  0.000000 )
(   0.204124  0.000000   0.353553  0.000000  -0.000000  0.000000 )
(  -0.408248  0.000000  -0.000000  0.000000  -0.000000  0.000000 )
(   0.204124  0.000000   0.353553  0.000000  -0.000000  0.000000 )
(   0.204124  0.000000  -0.353553  0.000000   0.000000  0.000000 )
   freq (   19) =    34.33419417 [THz] =  1145.26527754 [cm-1]
(   0.000000  0.000000   0.000000  0.000000  -0.003865  0.000000 )
(   0.000000  0.000000   0.000000  0.000000  -0.557410  0.000000 )
(   0.000000  0.000000   0.000000  0.000000  -0.557410  0.000000 )
(   0.000000  0.000000  -0.000000  0.000000   0.302892  0.000000 )
(   0.000000  0.000000  -0.000000  0.000000   0.302892  0.000000 )
(  -0.042192  0.000000  -0.024360  0.000000   0.173611  0.000000 )
(  -0.000000  0.000000   0.048720  0.000000   0.173611  0.000000 )
(   0.042192  0.000000  -0.024360  0.000000   0.173611  0.000000 )
(  -0.000000  0.000000   0.048720  0.000000   0.173611  0.000000 )
(   0.042192  0.000000  -0.024360  0.000000   0.173611  0.000000 )
(  -0.042192  0.000000  -0.024360  0.000000   0.173611  0.000000 )
   freq (   20) =    34.40233552 [THz] =  1147.53822794 [cm-1]
(  -0.004705  0.000000  -0.000000  0.000000  -0.000000  0.000000 )
(  -0.496692  0.000000  -0.000000  0.000000  -0.000000  0.000000 )
(  -0.496692  0.000000  -0.000000  0.000000  -0.000000  0.000000 )
(   0.031448  0.000000   0.000000  0.000000   0.000000  0.000000 )
(   0.031448  0.000000   0.000000  0.000000   0.000000  0.000000 )
(   0.299297  0.000000   0.062613  0.000000   0.120157  0.000000 )
(   0.190849  0.000000   0.000000  0.000000  -0.000000  0.000000 )
(   0.299297  0.000000  -0.062613  0.000000  -0.120157  0.000000 )
(   0.190849  0.000000   0.000000  0.000000  -0.000000  0.000000 )
(   0.299297  0.000000  -0.062613  0.000000  -0.120157  0.000000 )
(   0.299297  0.000000   0.062613  0.000000   0.120157  0.000000 )
   freq (   21) =    34.40233552 [THz] =  1147.53822795 [cm-1]
(   0.000000  0.000000  -0.004705  0.000000  -0.000000  0.000000 )
(   0.000000  0.000000  -0.496692  0.000000  -0.000000  0.000000 )
(   0.000000  0.000000  -0.496692  0.000000  -0.000000  0.000000 )
(  -0.000000  0.000000   0.031448  0.000000   0.000000  0.000000 )
(  -0.000000  0.000000   0.031448  0.000000   0.000000  0.000000 )
(   0.062613  0.000000   0.226999  0.000000   0.069373  0.000000 )
(  -0.000000  0.000000   0.335447  0.000000  -0.138745  0.000000 )
(  -0.062613  0.000000   0.226999  0.000000   0.069373  0.000000 )
(  -0.000000  0.000000   0.335447  0.000000  -0.138745  0.000000 )
(  -0.062613  0.000000   0.226999  0.000000   0.069373  0.000000 )
(   0.062613  0.000000   0.226999  0.000000   0.069373  0.000000 )
   freq (   22) =    35.76973011 [THz] =  1193.14959529 [cm-1]
(  -0.000436  0.000000  -0.000000  0.000000   0.000000  0.000000 )
(  -0.024226  0.000000  -0.000000  0.000000  -0.000000  0.000000 )
(  -0.024226  0.000000  -0.000000  0.000000  -0.000000  0.000000 )
(  -0.374711  0.000000  -0.000000  0.000000   0.000000  0.000000 )
(  -0.374711  0.000000  -0.000000  0.000000   0.000000  0.000000 )
(   0.028190  0.000000  -0.198836  0.000000  -0.264126  0.000000 )
(   0.372584  0.000000  -0.000000  0.000000   0.000000  0.000000 )
(   0.028190  0.000000   0.198836  0.000000   0.264126  0.000000 )
(   0.372584  0.000000  -0.000000  0.000000   0.000000  0.000000 )
(   0.028190  0.000000   0.198836  0.000000   0.264126  0.000000 )
(   0.028190  0.000000  -0.198836  0.000000  -0.264126  0.000000 )
   freq (   23) =    35.76973011 [THz] =  1193.14959529 [cm-1]
(  -0.000000  0.000000   0.000436  0.000000  -0.000000  0.000000 )
(  -0.000000  0.000000   0.024226  0.000000  -0.000000  0.000000 )
(  -0.000000  0.000000   0.024226  0.000000  -0.000000  0.000000 )
(  -0.000000  0.000000   0.374711  0.000000   0.000000  0.000000 )
(  -0.000000  0.000000   0.374711  0.000000   0.000000  0.000000 )
(   0.198836  0.000000  -0.257786  0.000000   0.152493  0.000000 )
(   0.000000  0.000000   0.086608  0.000000  -0.304986  0.000000 )
(  -0.198836  0.000000  -0.257786  0.000000   0.152493  0.000000 )
(   0.000000  0.000000   0.086608  0.000000  -0.304986  0.000000 )
(  -0.198836  0.000000  -0.257786  0.000000   0.152493  0.000000 )
(   0.198836  0.000000  -0.257786  0.000000   0.152493  0.000000 )
   freq (   24) =    42.44943775 [THz] =  1415.96062700 [cm-1]
(   0.000000  0.000000   0.000000  0.000000  -0.000000  0.000000 )
(   0.004814  0.000000  -0.000001  0.000000  -0.000000  0.000000 )
(  -0.004814  0.000000   0.000001  0.000000   0.000000  0.000000 )
(   0.342484  0.000000  -0.000043  0.000000   0.000000  0.000000 )
(  -0.342484  0.000000   0.000043  0.000000  -0.000000  0.000000 )
(   0.005480  0.000000  -0.204360  0.000000  -0.291509  0.000000 )
(   0.359363  0.000000   0.000014  0.000000  -0.000043  0.000000 )
(   0.005429  0.000000   0.204298  0.000000   0.291552  0.000000 )
(  -0.359363  0.000000  -0.000014  0.000000   0.000043  0.000000 )
(  -0.005429  0.000000  -0.204298  0.000000  -0.291552  0.000000 )
(  -0.005480  0.000000   0.204360  0.000000   0.291509  0.000000 )
   freq (   25) =    42.44943775 [THz] =  1415.96062700 [cm-1]
(   0.000000  0.000000   0.000000  0.000000  -0.000000  0.000000 )
(  -0.000001  0.000000  -0.004814  0.000000  -0.000000  0.000000 )
(   0.000001  0.000000   0.004814  0.000000   0.000000  0.000000 )
(  -0.000043  0.000000  -0.342484  0.000000  -0.000000  0.000000 )
(   0.000043  0.000000   0.342484  0.000000   0.000000  0.000000 )
(   0.204328  0.000000  -0.241368  0.000000   0.168352  0.000000 )
(  -0.000045  0.000000   0.112515  0.000000  -0.336630  0.000000 )
(  -0.204330  0.000000  -0.241419  0.000000   0.168278  0.000000 )
(   0.000045  0.000000  -0.112515  0.000000   0.336630  0.000000 )
(   0.204330  0.000000   0.241419  0.000000  -0.168278  0.000000 )
(  -0.204328  0.000000   0.241368  0.000000  -0.168352  0.000000 )
   freq (   26) =    44.59811811 [THz] =  1487.63287850 [cm-1]
(  -0.006143  0.000000  -0.000000  0.000000  -0.000000  0.000000 )
(   0.012422  0.000000   0.000000  0.000000  -0.000000  0.000000 )
(   0.012422  0.000000  -0.000000  0.000000   0.000000  0.000000 )
(   0.345573  0.000000   0.000000  0.000000  -0.000000  0.000000 )
(   0.345573  0.000000   0.000000  0.000000  -0.000000  0.000000 )
(  -0.138241  0.000000  -0.277106  0.000000   0.189522  0.000000 )
(   0.341720  0.000000  -0.000000  0.000000   0.000000  0.000000 )
(  -0.138241  0.000000   0.277106  0.000000  -0.189522  0.000000 )
(   0.341720  0.000000  -0.000000  0.000000   0.000000  0.000000 )
(  -0.138241  0.000000   0.277106  0.000000  -0.189522  0.000000 )
(  -0.138241  0.000000  -0.277106  0.000000   0.189522  0.000000 )
   freq (   27) =    44.59811811 [THz] =  1487.63287851 [cm-1]
(   0.000000  0.000000  -0.006143  0.000000   0.000000  0.000000 )
(   0.000000  0.000000   0.012422  0.000000   0.000000  0.000000 )
(  -0.000000  0.000000   0.012422  0.000000   0.000000  0.000000 )
(   0.000000  0.000000   0.345573  0.000000   0.000000  0.000000 )
(  -0.000000  0.000000   0.345573  0.000000   0.000000  0.000000 )
(  -0.277106  0.000000   0.181733  0.000000   0.109421  0.000000 )
(  -0.000000  0.000000  -0.298227  0.000000  -0.218842  0.000000 )
(   0.277106  0.000000   0.181733  0.000000   0.109421  0.000000 )
(  -0.000000  0.000000  -0.298227  0.000000  -0.218842  0.000000 )
(   0.277106  0.000000   0.181733  0.000000   0.109421  0.000000 )
(  -0.277106  0.000000   0.181733  0.000000   0.109421  0.000000 )
   freq (   28) =    44.71894399 [THz] =  1491.66319547 [cm-1]
(   0.000000  0.000000  -0.000000  0.000000  -0.006055  0.000000 )
(  -0.000000  0.000000   0.000000  0.000000  -0.008961  0.000000 )
(  -0.000000  0.000000   0.000000  0.000000  -0.008961  0.000000 )
(  -0.000000  0.000000   0.000000  0.000000  -0.379109  0.000000 )
(  -0.000000  0.000000   0.000000  0.000000  -0.379109  0.000000 )
(   0.187108  0.000000   0.108027  0.000000   0.268416  0.000000 )
(  -0.000000  0.000000  -0.216053  0.000000   0.268416  0.000000 )
(  -0.187108  0.000000   0.108027  0.000000   0.268416  0.000000 )
(  -0.000000  0.000000  -0.216053  0.000000   0.268416  0.000000 )
(  -0.187108  0.000000   0.108027  0.000000   0.268416  0.000000 )
(   0.187108  0.000000   0.108027  0.000000   0.268416  0.000000 )
   freq (   29) =    46.81376256 [THz] =  1561.53881159 [cm-1]
(  -0.000000  0.000000  -0.000000  0.000000   0.000000  0.000000 )
(  -0.329804  0.000000   0.000054  0.000000  -0.000000  0.000000 )
(   0.329804  0.000000  -0.000054  0.000000   0.000000  0.000000 )
(  -0.335063  0.000000   0.000055  0.000000   0.000000  0.000000 )
(   0.335063  0.000000  -0.000055  0.000000  -0.000000  0.000000 )
(  -0.063332  0.000000  -0.229158  0.000000   0.165394  0.000000 )
(   0.333487  0.000000   0.000032  0.000000   0.000031  0.000000 )
(  -0.063407  0.000000   0.229092  0.000000  -0.165425  0.000000 )
(  -0.333487  0.000000  -0.000032  0.000000  -0.000031  0.000000 )
(   0.063407  0.000000  -0.229092  0.000000   0.165425  0.000000 )
(   0.063332  0.000000   0.229158  0.000000  -0.165394  0.000000 )
   freq (   30) =    46.81376256 [THz] =  1561.53881159 [cm-1]
(  -0.000000  0.000000   0.000000  0.000000   0.000000  0.000000 )
(  -0.000054  0.000000  -0.329804  0.000000   0.000000  0.000000 )
(   0.000054  0.000000   0.329804  0.000000  -0.000000  0.000000 )
(  -0.000055  0.000000  -0.335063  0.000000  -0.000000  0.000000 )
(   0.000055  0.000000   0.335063  0.000000   0.000000  0.000000 )
(  -0.229136  0.000000   0.201164  0.000000   0.095526  0.000000 )
(   0.000054  0.000000  -0.195655  0.000000  -0.190999  0.000000 )
(   0.229115  0.000000   0.201239  0.000000   0.095472  0.000000 )
(  -0.000054  0.000000   0.195655  0.000000   0.190999  0.000000 )
(  -0.229115  0.000000  -0.201239  0.000000  -0.095472  0.000000 )
(   0.229136  0.000000  -0.201164  0.000000  -0.095526  0.000000 )
   freq (   31) =    47.39674213 [THz] =  1580.98491408 [cm-1]
(  -0.000000  0.000000   0.000000  0.000000   0.000000  0.000000 )
(  -0.000000  0.000000   0.000000  0.000000   0.357378  0.000000 )
(   0.000000  0.000000  -0.000000  0.000000  -0.357378  0.000000 )
(  -0.000000  0.000000   0.000000  0.000000  -0.254801  0.000000 )
(   0.000000  0.000000  -0.000000  0.000000   0.254801  0.000000 )
(  -0.164678  0.000000  -0.095077  0.000000  -0.257476  0.000000 )
(   0.000000  0.000000   0.190154  0.000000  -0.257476  0.000000 )
(   0.164678  0.000000  -0.095077  0.000000  -0.257476  0.000000 )
(  -0.000000  0.000000  -0.190154  0.000000   0.257476  0.000000 )
(  -0.164678  0.000000   0.095077  0.000000   0.257476  0.000000 )
(   0.164678  0.000000   0.095077  0.000000   0.257476  0.000000 )
   freq (   32) =    49.02244012 [THz] =  1635.21235448 [cm-1]
(  -0.000000  0.000000  -0.000000  0.000000  -0.000150  0.000000 )
(  -0.000000  0.000000   0.000000  0.000000  -0.004170  0.000000 )
(   0.000000  0.000000   0.000000  0.000000  -0.004170  0.000000 )
(  -0.000000  0.000000   0.000000  0.000000   0.345264  0.000000 )
(   0.000000  0.000000   0.000000  0.000000   0.345264  0.000000 )
(   0.293387  0.000000   0.169387  0.000000  -0.110260  0.000000 )
(   0.000000  0.000000  -0.338774  0.000000  -0.110260  0.000000 )
(  -0.293387  0.000000   0.169387  0.000000  -0.110260  0.000000 )
(  -0.000000  0.000000  -0.338774  0.000000  -0.110260  0.000000 )
(  -0.293387  0.000000   0.169387  0.000000  -0.110260  0.000000 )
(   0.293387  0.000000   0.169387  0.000000  -0.110260  0.000000 )
   freq (   33) =    60.02217748 [THz] =  2002.12404587 [cm-1]
(   0.000000  0.000000   0.000000  0.000000   0.000000  0.000000 )
(   0.000000  0.000000   0.000000  0.000000  -0.007922  0.000000 )
(  -0.000000  0.000000  -0.000000  0.000000   0.007922  0.000000 )
(   0.000000  0.000000   0.000000  0.000000   0.361350  0.000000 )
(  -0.000000  0.000000  -0.000000  0.000000  -0.361350  0.000000 )
(  -0.285392  0.000000  -0.164771  0.000000   0.120513  0.000000 )
(  -0.000000  0.000000   0.329542  0.000000   0.120513  0.000000 )
(   0.285392  0.000000  -0.164771  0.000000   0.120513  0.000000 )
(   0.000000  0.000000  -0.329542  0.000000  -0.120513  0.000000 )
(  -0.285392  0.000000   0.164771  0.000000  -0.120513  0.000000 )
(   0.285392  0.000000   0.164771  0.000000  -0.120513  0.000000 )
***************************************************************************
