Dynamical matrix file
File generated with the CellConstructor by Lorenzo Monacelli
2 11 0     1.8897259890000000     0.0000000000000000     0.0000000000000000     0.0000000000000000     0.0000000000000000     0.0000000000000000
Basis vectors
    1.7976929139086453    -1.0378984877645452     2.9317755640625731
   -0.0000000000000035     2.0757969755290842     2.9317755640625696
   -1.7976929139086524    -1.0378984877645443     2.9317755640625665
	1  'La '  126604.5951757480361266
	2  'H '    918.7358275894680446
    1     1    -0.0000000000000046    -0.0000000000000036     4.3976633900532134
    2     2    -0.0000000000000024    -0.0000000000000012     2.2021671336827717
    3     2     0.0000000000000024     0.0000000000000012    -2.2021671336827717
    4     2    -0.0000000000000008    -0.0000000000000005     1.0591204622407806
    5     2     0.0000000000000009     0.0000000000000005    -1.0591204622407808
    6     2     0.9322688670980593     0.5382456808084072     6.2189379433271146
    7     2    -0.0000000000000042    -1.0764913616168266     6.2189379433271084
    8     2    -0.9322688670980699     0.5382456808084074     6.2189379433271057
    9     2    -0.0000000000000028     1.0764913616168204     2.5763888331160336
   10     2     0.9322688670980612    -0.5382456808084133     2.5763888331160367
   11     2    -0.9322688670980650    -0.5382456808084115     2.5763888331160310

     Dynamical Matrix in cartesian axes

     q = (     0.000000000000     0.000000000000     0.000000000000 )

    1    1
     0.6238144182404992     0.0000000000000000        0.0000000000000001     0.0000000000000000       -0.0000000000000002     0.0000000000000000
     0.0000000000000001     0.0000000000000000        0.6238144182415788     0.0000000000000000        0.0000000000000006     0.0000000000000000
    -0.0000000000000003     0.0000000000000000        0.0000000000000004     0.0000000000000000        0.6256128099201881     0.0000000000000000
    1    2
    -0.0339406885173642     0.0000000000000000       -0.0000000000000000     0.0000000000000000        0.0000000000000000     0.0000000000000000
     0.0000000000000000     0.0000000000000000       -0.0339406885174229     0.0000000000000000       -0.0000000000000000     0.0000000000000000
     0.0000000000000000     0.0000000000000000       -0.0000000000000000     0.0000000000000000       -0.0373106973600540     0.0000000000000000
    1    3
    -0.0339406885173642     0.0000000000000000       -0.0000000000000000     0.0000000000000000        0.0000000000000000     0.0000000000000000
     0.0000000000000000     0.0000000000000000       -0.0339406885174229     0.0000000000000000       -0.0000000000000000     0.0000000000000000
     0.0000000000000000     0.0000000000000000       -0.0000000000000000     0.0000000000000000       -0.0373106973600540     0.0000000000000000
    1    4
    -0.0894546187354997     0.0000000000000000       -0.0000000000000000     0.0000000000000000       -0.0000000000000001     0.0000000000000000
    -0.0000000000000000     0.0000000000000000       -0.0894546187356545     0.0000000000000000       -0.0000000000000001     0.0000000000000000
    -0.0000000000000001     0.0000000000000000       -0.0000000000000001     0.0000000000000000       -0.0258784308568999     0.0000000000000000
    1    5
    -0.0894546187354997     0.0000000000000000       -0.0000000000000000     0.0000000000000000       -0.0000000000000001     0.0000000000000000
    -0.0000000000000000     0.0000000000000000       -0.0894546187356545     0.0000000000000000       -0.0000000000000001     0.0000000000000000
    -0.0000000000000001     0.0000000000000000       -0.0000000000000001     0.0000000000000000       -0.0258784308568999     0.0000000000000000
    1    6
    -0.0484552878854866     0.0000000000000000        0.0249103767755654     0.0000000000000000       -0.0179117190348155     0.0000000000000000
     0.0249103767755654     0.0000000000000000       -0.0772193133595708     0.0000000000000000       -0.0103413358064087     0.0000000000000000
    -0.0180024356461403     0.0000000000000000       -0.0103937110663770     0.0000000000000000       -0.0832057589143800     0.0000000000000000
    1    7
    -0.0916013260964124     0.0000000000000000       -0.0000000000000001     0.0000000000000000        0.0000000000000000     0.0000000000000000
    -0.0000000000000000     0.0000000000000000       -0.0340732751485704     0.0000000000000000        0.0206826716128174     0.0000000000000000
     0.0000000000000000     0.0000000000000000        0.0207874221327540     0.0000000000000000       -0.0832057589143800     0.0000000000000000
    1    8
    -0.0484552878854867     0.0000000000000000       -0.0249103767755654     0.0000000000000000        0.0179117190348157     0.0000000000000000
    -0.0249103767755654     0.0000000000000000       -0.0772193133595708     0.0000000000000000       -0.0103413358064088     0.0000000000000000
     0.0180024356461404     0.0000000000000000       -0.0103937110663771     0.0000000000000000       -0.0832057589143800     0.0000000000000000
    1    9
    -0.0916013260964124     0.0000000000000000       -0.0000000000000000     0.0000000000000000        0.0000000000000001     0.0000000000000000
    -0.0000000000000000     0.0000000000000000       -0.0340732751485704     0.0000000000000000        0.0206826716128174     0.0000000000000000
     0.0000000000000000     0.0000000000000000        0.0207874221327540     0.0000000000000000       -0.0832057589143800     0.0000000000000000
    1   10
    -0.0484552878854868     0.0000000000000000       -0.0249103767755654     0.0000000000000000        0.0179117190348157     0.0000000000000000
    -0.0249103767755654     0.0000000000000000       -0.0772193133595708     0.0000000000000000       -0.0103413358064088     0.0000000000000000
     0.0180024356461404     0.0000000000000000       -0.0103937110663771     0.0000000000000000       -0.0832057589143799     0.0000000000000000
    1   11
    -0.0484552878854866     0.0000000000000000        0.0249103767755654     0.0000000000000000       -0.0179117190348155     0.0000000000000000
     0.0249103767755654     0.0000000000000000       -0.0772193133595708     0.0000000000000000       -0.0103413358064087     0.0000000000000000
    -0.0180024356461402     0.0000000000000000       -0.0103937110663771     0.0000000000000000       -0.0832057589143800     0.0000000000000000
    2    1
    -0.0339406885173642     0.0000000000000000       -0.0000000000000000     0.0000000000000000        0.0000000000000000     0.0000000000000000
     0.0000000000000000     0.0000000000000000       -0.0339406885174229     0.0000000000000000       -0.0000000000000000     0.0000000000000000
     0.0000000000000000     0.0000000000000000       -0.0000000000000000     0.0000000000000000       -0.0373106973600540     0.0000000000000000
    2    2
     0.0901767405686604     0.0000000000000000        0.0000000000000000     0.0000000000000000       -0.0000000000000000     0.0000000000000000
     0.0000000000000000     0.0000000000000000        0.0901767405688164     0.0000000000000000        0.0000000000000000     0.0000000000000000
    -0.0000000000000000     0.0000000000000000        0.0000000000000001     0.0000000000000000        0.0892926012427742     0.0000000000000000
    2    3
    -0.0084229873033136     0.0000000000000000       -0.0000000000000000     0.0000000000000000        0.0000000000000000     0.0000000000000000
    -0.0000000000000000     0.0000000000000000       -0.0084229873033282     0.0000000000000000       -0.0000000000000000     0.0000000000000000
     0.0000000000000000     0.0000000000000000       -0.0000000000000000     0.0000000000000000       -0.0065864692024894     0.0000000000000000
    2    4
     0.0089679635612208     0.0000000000000000        0.0000000000000000     0.0000000000000000        0.0000000000000000     0.0000000000000000
     0.0000000000000000     0.0000000000000000        0.0089679635612364     0.0000000000000000       -0.0000000000000000     0.0000000000000000
     0.0000000000000000     0.0000000000000000        0.0000000000000000     0.0000000000000000       -0.0200740304362307     0.0000000000000000
    2    5
    -0.0193884397165041     0.0000000000000000       -0.0000000000000000     0.0000000000000000       -0.0000000000000000     0.0000000000000000
    -0.0000000000000000     0.0000000000000000       -0.0193884397165377     0.0000000000000000       -0.0000000000000000     0.0000000000000000
    -0.0000000000000000     0.0000000000000000       -0.0000000000000000     0.0000000000000000        0.0031777785471801     0.0000000000000000
    2    6
    -0.0031641114517759     0.0000000000000000        0.0088564102302041     0.0000000000000000       -0.0056728277205685     0.0000000000000000
     0.0088564102302041     0.0000000000000000       -0.0133906131127144     0.0000000000000000       -0.0032752086115394     0.0000000000000000
    -0.0058020994086616     0.0000000000000000       -0.0033498436554586     0.0000000000000000       -0.0158132926057556     0.0000000000000000
    2    7
    -0.0185038639431488     0.0000000000000000       -0.0000000000000000     0.0000000000000000        0.0000000000000000     0.0000000000000000
    -0.0000000000000000     0.0000000000000000        0.0019491393786851     0.0000000000000000        0.0065504172230788     0.0000000000000000
     0.0000000000000000     0.0000000000000000        0.0066996873109173     0.0000000000000000       -0.0158132926057555     0.0000000000000000
    2    8
    -0.0031641114517759     0.0000000000000000       -0.0088564102302041     0.0000000000000000        0.0056728277205685     0.0000000000000000
    -0.0088564102302041     0.0000000000000000       -0.0133906131127144     0.0000000000000000       -0.0032752086115394     0.0000000000000000
     0.0058020994086616     0.0000000000000000       -0.0033498436554587     0.0000000000000000       -0.0158132926057555     0.0000000000000000
    2    9
     0.0093768394810012     0.0000000000000000        0.0000000000000000     0.0000000000000000        0.0000000000000000     0.0000000000000000
     0.0000000000000000     0.0000000000000000       -0.0177505073116977     0.0000000000000000       -0.0101474403405230     0.0000000000000000
    -0.0000000000000000     0.0000000000000000       -0.0085138313247843     0.0000000000000000        0.0063135650086955     0.0000000000000000
    2   10
    -0.0109686706134999     0.0000000000000000        0.0117464857298706     0.0000000000000000       -0.0087879411182723     0.0000000000000000
     0.0117464857298706     0.0000000000000000        0.0025950027828386     0.0000000000000000        0.0050737201702615     0.0000000000000000
    -0.0073731942107925     0.0000000000000000        0.0042569156623921     0.0000000000000000        0.0063135650086955     0.0000000000000000
    2   11
    -0.0109686706135000     0.0000000000000000       -0.0117464857298706     0.0000000000000000        0.0087879411182723     0.0000000000000000
    -0.0117464857298706     0.0000000000000000        0.0025950027828386     0.0000000000000000        0.0050737201702615     0.0000000000000000
     0.0073731942107925     0.0000000000000000        0.0042569156623921     0.0000000000000000        0.0063135650086955     0.0000000000000000
    3    1
    -0.0339406885173642     0.0000000000000000       -0.0000000000000000     0.0000000000000000        0.0000000000000000     0.0000000000000000
     0.0000000000000000     0.0000000000000000       -0.0339406885174229     0.0000000000000000       -0.0000000000000000     0.0000000000000000
     0.0000000000000000     0.0000000000000000       -0.0000000000000000     0.0000000000000000       -0.0373106973600540     0.0000000000000000
    3    2
    -0.0084229873033136     0.0000000000000000       -0.0000000000000000     0.0000000000000000        0.0000000000000000     0.0000000000000000
    -0.0000000000000000     0.0000000000000000       -0.0084229873033282     0.0000000000000000       -0.0000000000000000     0.0000000000000000
     0.0000000000000000     0.0000000000000000       -0.0000000000000000     0.0000000000000000       -0.0065864692024894     0.0000000000000000
    3    3
     0.0901767405686604     0.0000000000000000        0.0000000000000000     0.0000000000000000       -0.0000000000000000     0.0000000000000000
     0.0000000000000000     0.0000000000000000        0.0901767405688164     0.0000000000000000        0.0000000000000000     0.0000000000000000
    -0.0000000000000000     0.0000000000000000        0.0000000000000001     0.0000000000000000        0.0892926012427742     0.0000000000000000
    3    4
    -0.0193884397165041     0.0000000000000000       -0.0000000000000000     0.0000000000000000       -0.0000000000000000     0.0000000000000000
    -0.0000000000000000     0.0000000000000000       -0.0193884397165377     0.0000000000000000       -0.0000000000000000     0.0000000000000000
    -0.0000000000000000     0.0000000000000000       -0.0000000000000000     0.0000000000000000        0.0031777785471801     0.0000000000000000
    3    5
     0.0089679635612208     0.0000000000000000        0.0000000000000000     0.0000000000000000        0.0000000000000000     0.0000000000000000
     0.0000000000000000     0.0000000000000000        0.0089679635612364     0.0000000000000000        0.0000000000000000     0.0000000000000000
     0.0000000000000000     0.0000000000000000        0.0000000000000000     0.0000000000000000       -0.0200740304362307     0.0000000000000000
    3    6
    -0.0109686706135000     0.0000000000000000       -0.0117464857298706     0.0000000000000000        0.0087879411182723     0.0000000000000000
    -0.0117464857298706     0.0000000000000000        0.0025950027828386     0.0000000000000000        0.0050737201702615     0.0000000000000000
     0.0073731942107925     0.0000000000000000        0.0042569156623921     0.0000000000000000        0.0063135650086955     0.0000000000000000
    3    7
     0.0093768394810012     0.0000000000000000        0.0000000000000000     0.0000000000000000       -0.0000000000000000     0.0000000000000000
     0.0000000000000000     0.0000000000000000       -0.0177505073116977     0.0000000000000000       -0.0101474403405230     0.0000000000000000
    -0.0000000000000000     0.0000000000000000       -0.0085138313247843     0.0000000000000000        0.0063135650086955     0.0000000000000000
    3    8
    -0.0109686706134999     0.0000000000000000        0.0117464857298706     0.0000000000000000       -0.0087879411182723     0.0000000000000000
     0.0117464857298706     0.0000000000000000        0.0025950027828386     0.0000000000000000        0.0050737201702615     0.0000000000000000
    -0.0073731942107925     0.0000000000000000        0.0042569156623921     0.0000000000000000        0.0063135650086955     0.0000000000000000
    3    9
    -0.0185038639431489     0.0000000000000000       -0.0000000000000000     0.0000000000000000        0.0000000000000000     0.0000000000000000
    -0.0000000000000000     0.0000000000000000        0.0019491393786851     0.0000000000000000        0.0065504172230788     0.0000000000000000
     0.0000000000000000     0.0000000000000000        0.0066996873109173     0.0000000000000000       -0.0158132926057555     0.0000000000000000
    3   10
    -0.0031641114517759     0.0000000000000000       -0.0088564102302041     0.0000000000000000        0.0056728277205685     0.0000000000000000
    -0.0088564102302041     0.0000000000000000       -0.0133906131127144     0.0000000000000000       -0.0032752086115394     0.0000000000000000
     0.0058020994086616     0.0000000000000000       -0.0033498436554587     0.0000000000000000       -0.0158132926057555     0.0000000000000000
    3   11
    -0.0031641114517759     0.0000000000000000        0.0088564102302041     0.0000000000000000       -0.0056728277205684     0.0000000000000000
     0.0088564102302041     0.0000000000000000       -0.0133906131127144     0.0000000000000000       -0.0032752086115394     0.0000000000000000
    -0.0058020994086616     0.0000000000000000       -0.0033498436554586     0.0000000000000000       -0.0158132926057556     0.0000000000000000
    4    1
    -0.0894546187354997     0.0000000000000000       -0.0000000000000000     0.0000000000000000       -0.0000000000000001     0.0000000000000000
    -0.0000000000000000     0.0000000000000000       -0.0894546187356545     0.0000000000000000       -0.0000000000000001     0.0000000000000000
    -0.0000000000000001     0.0000000000000000       -0.0000000000000001     0.0000000000000000       -0.0258784308568999     0.0000000000000000
    4    2
     0.0089679635612208     0.0000000000000000        0.0000000000000000     0.0000000000000000        0.0000000000000000     0.0000000000000000
     0.0000000000000000     0.0000000000000000        0.0089679635612364     0.0000000000000000       -0.0000000000000000     0.0000000000000000
     0.0000000000000000     0.0000000000000000        0.0000000000000000     0.0000000000000000       -0.0200740304362307     0.0000000000000000
    4    3
    -0.0193884397165041     0.0000000000000000       -0.0000000000000000     0.0000000000000000       -0.0000000000000000     0.0000000000000000
    -0.0000000000000000     0.0000000000000000       -0.0193884397165377     0.0000000000000000       -0.0000000000000000     0.0000000000000000
    -0.0000000000000000     0.0000000000000000       -0.0000000000000000     0.0000000000000000        0.0031777785471801     0.0000000000000000
    4    4
     0.1227875856215945     0.0000000000000000        0.0000000000000000     0.0000000000000000       -0.0000000000000001     0.0000000000000000
     0.0000000000000000     0.0000000000000000        0.1227875856218069     0.0000000000000000        0.0000000000000001     0.0000000000000000
    -0.0000000000000001     0.0000000000000000        0.0000000000000001     0.0000000000000000        0.1395313390361609     0.0000000000000000
    4    5
    -0.0073112880713950     0.0000000000000000       -0.0000000000000000     0.0000000000000000       -0.0000000000000000     0.0000000000000000
    -0.0000000000000000     0.0000000000000000       -0.0073112880714076     0.0000000000000000       -0.0000000000000000     0.0000000000000000
    -0.0000000000000000     0.0000000000000000       -0.0000000000000000     0.0000000000000000       -0.0053694935790827     0.0000000000000000
    4    6
    -0.0021525771141766     0.0000000000000000       -0.0039054880177750     0.0000000000000000       -0.0047488008832949     0.0000000000000000
    -0.0039054880177750     0.0000000000000000        0.0023570920025821     0.0000000000000000       -0.0027417214683006     0.0000000000000000
    -0.0141981287170246     0.0000000000000000       -0.0081972934367702     0.0000000000000000        0.0029138766730891     0.0000000000000000
    4    7
     0.0046119265609553     0.0000000000000000       -0.0000000000000000     0.0000000000000000        0.0000000000000000     0.0000000000000000
    -0.0000000000000000     0.0000000000000000       -0.0044074116725615     0.0000000000000000        0.0054834429366013     0.0000000000000000
     0.0000000000000000     0.0000000000000000        0.0163945868735404     0.0000000000000000        0.0029138766730892     0.0000000000000000
    4    8
    -0.0021525771141767     0.0000000000000000        0.0039054880177750     0.0000000000000000        0.0047488008832949     0.0000000000000000
     0.0039054880177750     0.0000000000000000        0.0023570920025820     0.0000000000000000       -0.0027417214683006     0.0000000000000000
     0.0141981287170246     0.0000000000000000       -0.0081972934367702     0.0000000000000000        0.0029138766730892     0.0000000000000000
    4    9
     0.0060882823618847     0.0000000000000000        0.0000000000000000     0.0000000000000000        0.0000000000000001     0.0000000000000000
     0.0000000000000000     0.0000000000000000       -0.0166935990232593     0.0000000000000000       -0.0203101995020957     0.0000000000000000
     0.0000000000000001     0.0000000000000000       -0.0298846989873981     0.0000000000000000       -0.0333762642434651     0.0000000000000000
    4   10
    -0.0109981286769516     0.0000000000000000        0.0098648440127653     0.0000000000000000       -0.0175891487247297     0.0000000000000000
     0.0098648440127653     0.0000000000000000        0.0003928120156066     0.0000000000000000        0.0101550997510479     0.0000000000000000
    -0.0258809085075154     0.0000000000000000        0.0149423494936991     0.0000000000000000       -0.0333762642434651     0.0000000000000000
    4   11
    -0.0109981286769517     0.0000000000000000       -0.0098648440127653     0.0000000000000000        0.0175891487247298     0.0000000000000000
    -0.0098648440127653     0.0000000000000000        0.0003928120156066     0.0000000000000000        0.0101550997510478     0.0000000000000000
     0.0258809085075155     0.0000000000000000        0.0149423494936990     0.0000000000000000       -0.0333762642434650     0.0000000000000000
    5    1
    -0.0894546187354997     0.0000000000000000       -0.0000000000000000     0.0000000000000000       -0.0000000000000001     0.0000000000000000
    -0.0000000000000000     0.0000000000000000       -0.0894546187356545     0.0000000000000000       -0.0000000000000001     0.0000000000000000
    -0.0000000000000001     0.0000000000000000       -0.0000000000000001     0.0000000000000000       -0.0258784308568999     0.0000000000000000
    5    2
    -0.0193884397165041     0.0000000000000000       -0.0000000000000000     0.0000000000000000       -0.0000000000000000     0.0000000000000000
    -0.0000000000000000     0.0000000000000000       -0.0193884397165377     0.0000000000000000       -0.0000000000000000     0.0000000000000000
    -0.0000000000000000     0.0000000000000000       -0.0000000000000000     0.0000000000000000        0.0031777785471801     0.0000000000000000
    5    3
     0.0089679635612208     0.0000000000000000        0.0000000000000000     0.0000000000000000        0.0000000000000000     0.0000000000000000
     0.0000000000000000     0.0000000000000000        0.0089679635612364     0.0000000000000000        0.0000000000000000     0.0000000000000000
     0.0000000000000000     0.0000000000000000        0.0000000000000000     0.0000000000000000       -0.0200740304362307     0.0000000000000000
    5    4
    -0.0073112880713950     0.0000000000000000       -0.0000000000000000     0.0000000000000000       -0.0000000000000000     0.0000000000000000
    -0.0000000000000000     0.0000000000000000       -0.0073112880714076     0.0000000000000000       -0.0000000000000000     0.0000000000000000
    -0.0000000000000000     0.0000000000000000       -0.0000000000000000     0.0000000000000000       -0.0053694935790827     0.0000000000000000
    5    5
     0.1227875856215945     0.0000000000000000        0.0000000000000000     0.0000000000000000       -0.0000000000000001     0.0000000000000000
     0.0000000000000000     0.0000000000000000        0.1227875856218069     0.0000000000000000        0.0000000000000001     0.0000000000000000
    -0.0000000000000001     0.0000000000000000        0.0000000000000001     0.0000000000000000        0.1395313390361609     0.0000000000000000
    5    6
    -0.0109981286769517     0.0000000000000000       -0.0098648440127653     0.0000000000000000        0.0175891487247298     0.0000000000000000
    -0.0098648440127653     0.0000000000000000        0.0003928120156066     0.0000000000000000        0.0101550997510478     0.0000000000000000
     0.0258809085075155     0.0000000000000000        0.0149423494936990     0.0000000000000000       -0.0333762642434650     0.0000000000000000
    5    7
     0.0060882823618847     0.0000000000000000        0.0000000000000000     0.0000000000000000        0.0000000000000001     0.0000000000000000
     0.0000000000000000     0.0000000000000000       -0.0166935990232593     0.0000000000000000       -0.0203101995020957     0.0000000000000000
     0.0000000000000001     0.0000000000000000       -0.0298846989873981     0.0000000000000000       -0.0333762642434651     0.0000000000000000
    5    8
    -0.0109981286769516     0.0000000000000000        0.0098648440127653     0.0000000000000000       -0.0175891487247297     0.0000000000000000
     0.0098648440127652     0.0000000000000000        0.0003928120156066     0.0000000000000000        0.0101550997510479     0.0000000000000000
    -0.0258809085075154     0.0000000000000000        0.0149423494936991     0.0000000000000000       -0.0333762642434651     0.0000000000000000
    5    9
     0.0046119265609553     0.0000000000000000       -0.0000000000000000     0.0000000000000000        0.0000000000000000     0.0000000000000000
    -0.0000000000000000     0.0000000000000000       -0.0044074116725615     0.0000000000000000        0.0054834429366013     0.0000000000000000
     0.0000000000000000     0.0000000000000000        0.0163945868735404     0.0000000000000000        0.0029138766730892     0.0000000000000000
    5   10
    -0.0021525771141767     0.0000000000000000        0.0039054880177750     0.0000000000000000        0.0047488008832949     0.0000000000000000
     0.0039054880177750     0.0000000000000000        0.0023570920025820     0.0000000000000000       -0.0027417214683006     0.0000000000000000
     0.0141981287170246     0.0000000000000000       -0.0081972934367702     0.0000000000000000        0.0029138766730892     0.0000000000000000
    5   11
    -0.0021525771141766     0.0000000000000000       -0.0039054880177750     0.0000000000000000       -0.0047488008832949     0.0000000000000000
    -0.0039054880177750     0.0000000000000000        0.0023570920025820     0.0000000000000000       -0.0027417214683006     0.0000000000000000
    -0.0141981287170246     0.0000000000000000       -0.0081972934367702     0.0000000000000000        0.0029138766730891     0.0000000000000000
    6    1
    -0.0484552878854866     0.0000000000000000        0.0249103767755654     0.0000000000000000       -0.0180024356461402     0.0000000000000000
     0.0249103767755654     0.0000000000000000       -0.0772193133595708     0.0000000000000000       -0.0103937110663771     0.0000000000000000
    -0.0179117190348155     0.0000000000000000       -0.0103413358064087     0.0000000000000000       -0.0832057589143800     0.0000000000000000
    6    2
    -0.0031641114517759     0.0000000000000000        0.0088564102302041     0.0000000000000000       -0.0058020994086616     0.0000000000000000
     0.0088564102302041     0.0000000000000000       -0.0133906131127144     0.0000000000000000       -0.0033498436554586     0.0000000000000000
    -0.0056728277205685     0.0000000000000000       -0.0032752086115394     0.0000000000000000       -0.0158132926057556     0.0000000000000000
    6    3
    -0.0109686706135000     0.0000000000000000       -0.0117464857298706     0.0000000000000000        0.0073731942107925     0.0000000000000000
    -0.0117464857298706     0.0000000000000000        0.0025950027828386     0.0000000000000000        0.0042569156623921     0.0000000000000000
     0.0087879411182723     0.0000000000000000        0.0050737201702615     0.0000000000000000        0.0063135650086955     0.0000000000000000
    6    4
    -0.0021525771141766     0.0000000000000000       -0.0039054880177750     0.0000000000000000       -0.0141981287170246     0.0000000000000000
    -0.0039054880177750     0.0000000000000000        0.0023570920025820     0.0000000000000000       -0.0081972934367702     0.0000000000000000
    -0.0047488008832949     0.0000000000000000       -0.0027417214683006     0.0000000000000000        0.0029138766730891     0.0000000000000000
    6    5
    -0.0109981286769517     0.0000000000000000       -0.0098648440127653     0.0000000000000000        0.0258809085075155     0.0000000000000000
    -0.0098648440127653     0.0000000000000000        0.0003928120156066     0.0000000000000000        0.0149423494936990     0.0000000000000000
     0.0175891487247298     0.0000000000000000        0.0101550997510478     0.0000000000000000       -0.0333762642434650     0.0000000000000000
    6    6
     0.1351820205039663     0.0000000000000000        0.0066313393161736     0.0000000000000000       -0.0049943885086403     0.0000000000000000
     0.0066313393161736     0.0000000000000000        0.1275248094256325     0.0000000000000000       -0.0028835115499034     0.0000000000000000
    -0.0049943885086403     0.0000000000000000       -0.0028835115499034     0.0000000000000000        0.1247899553487921     0.0000000000000000
    6    7
    -0.0109513908562291     0.0000000000000000       -0.0264064685877895     0.0000000000000000        0.0007173934256383     0.0000000000000000
    -0.0192175247083345     0.0000000000000000       -0.0372924156672936     0.0000000000000000       -0.0031658913545770     0.0000000000000000
     0.0031004390515020     0.0000000000000000        0.0009616647461771     0.0000000000000000        0.0043864301685882     0.0000000000000000
    6    8
    -0.0504629280727291     0.0000000000000000        0.0035944719397275     0.0000000000000000       -0.0023830456258637     0.0000000000000000
    -0.0035944719397275     0.0000000000000000        0.0022191215492748     0.0000000000000000        0.0022042266083998     0.0000000000000000
     0.0023830456258636     0.0000000000000000        0.0022042266083998     0.0000000000000000        0.0043864301685882     0.0000000000000000
    6    9
    -0.0023369228309502     0.0000000000000000        0.0118106925711653     0.0000000000000000        0.0082828420511777     0.0000000000000000
     0.0030983474889139     0.0000000000000000        0.0062708154610988     0.0000000000000000       -0.0009556389956871     0.0000000000000000
     0.0049690286727002     0.0000000000000000       -0.0066953321340166     0.0000000000000000       -0.0010860495538218     0.0000000000000000
    6   10
     0.0105746846071071     0.0000000000000000       -0.0043561725411257     0.0000000000000000        0.0033138133784775     0.0000000000000000
     0.0043561725411257     0.0000000000000000       -0.0066407919769808     0.0000000000000000        0.0076509711297036     0.0000000000000000
    -0.0033138133784775     0.0000000000000000        0.0076509711297036     0.0000000000000000       -0.0010860495538218     0.0000000000000000
    6   11
    -0.0062666876092741     0.0000000000000000        0.0004761680564902     0.0000000000000000       -0.0001880536672711     0.0000000000000000
     0.0004761680564902     0.0000000000000000       -0.0068165191204737     0.0000000000000000       -0.0001085728354212     0.0000000000000000
    -0.0001880536672711     0.0000000000000000       -0.0001085728354212     0.0000000000000000       -0.0082228424965087     0.0000000000000000
    7    1
    -0.0916013260964124     0.0000000000000000       -0.0000000000000000     0.0000000000000000        0.0000000000000000     0.0000000000000000
    -0.0000000000000000     0.0000000000000000       -0.0340732751485704     0.0000000000000000        0.0207874221327541     0.0000000000000000
     0.0000000000000000     0.0000000000000000        0.0206826716128174     0.0000000000000000       -0.0832057589143800     0.0000000000000000
    7    2
    -0.0185038639431488     0.0000000000000000       -0.0000000000000000     0.0000000000000000        0.0000000000000000     0.0000000000000000
    -0.0000000000000000     0.0000000000000000        0.0019491393786851     0.0000000000000000        0.0066996873109173     0.0000000000000000
     0.0000000000000000     0.0000000000000000        0.0065504172230788     0.0000000000000000       -0.0158132926057555     0.0000000000000000
    7    3
     0.0093768394810012     0.0000000000000000        0.0000000000000000     0.0000000000000000       -0.0000000000000000     0.0000000000000000
     0.0000000000000000     0.0000000000000000       -0.0177505073116977     0.0000000000000000       -0.0085138313247843     0.0000000000000000
    -0.0000000000000000     0.0000000000000000       -0.0101474403405230     0.0000000000000000        0.0063135650086955     0.0000000000000000
    7    4
     0.0046119265609553     0.0000000000000000       -0.0000000000000000     0.0000000000000000        0.0000000000000000     0.0000000000000000
    -0.0000000000000000     0.0000000000000000       -0.0044074116725615     0.0000000000000000        0.0163945868735404     0.0000000000000000
     0.0000000000000000     0.0000000000000000        0.0054834429366013     0.0000000000000000        0.0029138766730892     0.0000000000000000
    7    5
     0.0060882823618847     0.0000000000000000        0.0000000000000000     0.0000000000000000        0.0000000000000001     0.0000000000000000
     0.0000000000000001     0.0000000000000000       -0.0166935990232593     0.0000000000000000       -0.0298846989873981     0.0000000000000000
     0.0000000000000001     0.0000000000000000       -0.0203101995020957     0.0000000000000000       -0.0333762642434651     0.0000000000000000
    7    6
    -0.0109513908562291     0.0000000000000000       -0.0192175247083345     0.0000000000000000        0.0031004390515020     0.0000000000000000
    -0.0264064685877894     0.0000000000000000       -0.0372924156672936     0.0000000000000000        0.0009616647461771     0.0000000000000000
     0.0007173934256383     0.0000000000000000       -0.0031658913545770     0.0000000000000000        0.0043864301685882     0.0000000000000000
    7    7
     0.1236962038861346     0.0000000000000000        0.0000000000000000     0.0000000000000000       -0.0000000000000001     0.0000000000000000
     0.0000000000000000     0.0000000000000000        0.1390106260434841     0.0000000000000000        0.0057670230998071     0.0000000000000000
    -0.0000000000000001     0.0000000000000000        0.0057670230998071     0.0000000000000000        0.1247899553487921     0.0000000000000000
    7    8
    -0.0109513908562291     0.0000000000000000        0.0192175247083345     0.0000000000000000       -0.0031004390515020     0.0000000000000000
     0.0264064685877894     0.0000000000000000       -0.0372924156672936     0.0000000000000000        0.0009616647461772     0.0000000000000000
    -0.0007173934256384     0.0000000000000000       -0.0031658913545770     0.0000000000000000        0.0043864301685881     0.0000000000000000
    7    9
    -0.0070914348760558     0.0000000000000000       -0.0000000000000000     0.0000000000000000        0.0000000000000000     0.0000000000000000
    -0.0000000000000000     0.0000000000000000       -0.0059917718536906     0.0000000000000000        0.0002171456708423     0.0000000000000000
     0.0000000000000000     0.0000000000000000        0.0002171456708423     0.0000000000000000       -0.0082228424965087     0.0000000000000000
    7   10
    -0.0023369228309502     0.0000000000000000       -0.0030983474889139     0.0000000000000000       -0.0049690286727002     0.0000000000000000
    -0.0118106925711653     0.0000000000000000        0.0062708154610988     0.0000000000000000       -0.0066953321340166     0.0000000000000000
    -0.0082828420511777     0.0000000000000000       -0.0009556389956871     0.0000000000000000       -0.0010860495538219     0.0000000000000000
    7   11
    -0.0023369228309502     0.0000000000000000        0.0030983474889139     0.0000000000000000        0.0049690286727002     0.0000000000000000
     0.0118106925711653     0.0000000000000000        0.0062708154610988     0.0000000000000000       -0.0066953321340166     0.0000000000000000
     0.0082828420511777     0.0000000000000000       -0.0009556389956871     0.0000000000000000       -0.0010860495538218     0.0000000000000000
    8    1
    -0.0484552878854868     0.0000000000000000       -0.0249103767755654     0.0000000000000000        0.0180024356461404     0.0000000000000000
    -0.0249103767755654     0.0000000000000000       -0.0772193133595708     0.0000000000000000       -0.0103937110663771     0.0000000000000000
     0.0179117190348157     0.0000000000000000       -0.0103413358064088     0.0000000000000000       -0.0832057589143799     0.0000000000000000
    8    2
    -0.0031641114517759     0.0000000000000000       -0.0088564102302041     0.0000000000000000        0.0058020994086616     0.0000000000000000
    -0.0088564102302041     0.0000000000000000       -0.0133906131127144     0.0000000000000000       -0.0033498436554587     0.0000000000000000
     0.0056728277205685     0.0000000000000000       -0.0032752086115394     0.0000000000000000       -0.0158132926057555     0.0000000000000000
    8    3
    -0.0109686706134999     0.0000000000000000        0.0117464857298706     0.0000000000000000       -0.0073731942107925     0.0000000000000000
     0.0117464857298706     0.0000000000000000        0.0025950027828386     0.0000000000000000        0.0042569156623921     0.0000000000000000
    -0.0087879411182723     0.0000000000000000        0.0050737201702615     0.0000000000000000        0.0063135650086955     0.0000000000000000
    8    4
    -0.0021525771141767     0.0000000000000000        0.0039054880177750     0.0000000000000000        0.0141981287170246     0.0000000000000000
     0.0039054880177750     0.0000000000000000        0.0023570920025820     0.0000000000000000       -0.0081972934367702     0.0000000000000000
     0.0047488008832949     0.0000000000000000       -0.0027417214683006     0.0000000000000000        0.0029138766730892     0.0000000000000000
    8    5
    -0.0109981286769516     0.0000000000000000        0.0098648440127652     0.0000000000000000       -0.0258809085075154     0.0000000000000000
     0.0098648440127652     0.0000000000000000        0.0003928120156066     0.0000000000000000        0.0149423494936991     0.0000000000000000
    -0.0175891487247297     0.0000000000000000        0.0101550997510479     0.0000000000000000       -0.0333762642434651     0.0000000000000000
    8    6
    -0.0504629280727291     0.0000000000000000       -0.0035944719397275     0.0000000000000000        0.0023830456258636     0.0000000000000000
     0.0035944719397275     0.0000000000000000        0.0022191215492748     0.0000000000000000        0.0022042266083998     0.0000000000000000
    -0.0023830456258637     0.0000000000000000        0.0022042266083998     0.0000000000000000        0.0043864301685882     0.0000000000000000
    8    7
    -0.0109513908562291     0.0000000000000000        0.0264064685877894     0.0000000000000000       -0.0007173934256384     0.0000000000000000
     0.0192175247083345     0.0000000000000000       -0.0372924156672936     0.0000000000000000       -0.0031658913545770     0.0000000000000000
    -0.0031004390515020     0.0000000000000000        0.0009616647461772     0.0000000000000000        0.0043864301685881     0.0000000000000000
    8    8
     0.1351820205039663     0.0000000000000000       -0.0066313393161735     0.0000000000000000        0.0049943885086402     0.0000000000000000
    -0.0066313393161735     0.0000000000000000        0.1275248094256324     0.0000000000000000       -0.0028835115499035     0.0000000000000000
     0.0049943885086402     0.0000000000000000       -0.0028835115499035     0.0000000000000000        0.1247899553487921     0.0000000000000000
    8    9
    -0.0023369228309502     0.0000000000000000       -0.0118106925711653     0.0000000000000000       -0.0082828420511777     0.0000000000000000
    -0.0030983474889139     0.0000000000000000        0.0062708154610988     0.0000000000000000       -0.0009556389956871     0.0000000000000000
    -0.0049690286727002     0.0000000000000000       -0.0066953321340166     0.0000000000000000       -0.0010860495538219     0.0000000000000000
    8   10
    -0.0062666876092741     0.0000000000000000       -0.0004761680564902     0.0000000000000000        0.0001880536672711     0.0000000000000000
    -0.0004761680564902     0.0000000000000000       -0.0068165191204737     0.0000000000000000       -0.0001085728354212     0.0000000000000000
     0.0001880536672711     0.0000000000000000       -0.0001085728354212     0.0000000000000000       -0.0082228424965087     0.0000000000000000
    8   11
     0.0105746846071071     0.0000000000000000        0.0043561725411257     0.0000000000000000       -0.0033138133784775     0.0000000000000000
    -0.0043561725411257     0.0000000000000000       -0.0066407919769808     0.0000000000000000        0.0076509711297036     0.0000000000000000
     0.0033138133784775     0.0000000000000000        0.0076509711297036     0.0000000000000000       -0.0010860495538218     0.0000000000000000
    9    1
    -0.0916013260964124     0.0000000000000000       -0.0000000000000000     0.0000000000000000        0.0000000000000001     0.0000000000000000
    -0.0000000000000000     0.0000000000000000       -0.0340732751485704     0.0000000000000000        0.0207874221327540     0.0000000000000000
     0.0000000000000000     0.0000000000000000        0.0206826716128174     0.0000000000000000       -0.0832057589143800     0.0000000000000000
    9    2
     0.0093768394810012     0.0000000000000000        0.0000000000000000     0.0000000000000000       -0.0000000000000000     0.0000000000000000
     0.0000000000000000     0.0000000000000000       -0.0177505073116977     0.0000000000000000       -0.0085138313247843     0.0000000000000000
    -0.0000000000000000     0.0000000000000000       -0.0101474403405230     0.0000000000000000        0.0063135650086955     0.0000000000000000
    9    3
    -0.0185038639431489     0.0000000000000000       -0.0000000000000000     0.0000000000000000        0.0000000000000000     0.0000000000000000
    -0.0000000000000000     0.0000000000000000        0.0019491393786851     0.0000000000000000        0.0066996873109173     0.0000000000000000
     0.0000000000000000     0.0000000000000000        0.0065504172230788     0.0000000000000000       -0.0158132926057555     0.0000000000000000
    9    4
     0.0060882823618847     0.0000000000000000        0.0000000000000000     0.0000000000000000        0.0000000000000001     0.0000000000000000
     0.0000000000000000     0.0000000000000000       -0.0166935990232593     0.0000000000000000       -0.0298846989873981     0.0000000000000000
     0.0000000000000001     0.0000000000000000       -0.0203101995020957     0.0000000000000000       -0.0333762642434651     0.0000000000000000
    9    5
     0.0046119265609553     0.0000000000000000       -0.0000000000000000     0.0000000000000000        0.0000000000000000     0.0000000000000000
    -0.0000000000000000     0.0000000000000000       -0.0044074116725615     0.0000000000000000        0.0163945868735404     0.0000000000000000
     0.0000000000000000     0.0000000000000000        0.0054834429366013     0.0000000000000000        0.0029138766730892     0.0000000000000000
    9    6
    -0.0023369228309502     0.0000000000000000        0.0030983474889139     0.0000000000000000        0.0049690286727002     0.0000000000000000
     0.0118106925711653     0.0000000000000000        0.0062708154610988     0.0000000000000000       -0.0066953321340166     0.0000000000000000
     0.0082828420511777     0.0000000000000000       -0.0009556389956871     0.0000000000000000       -0.0010860495538218     0.0000000000000000
    9    7
    -0.0070914348760558     0.0000000000000000       -0.0000000000000000     0.0000000000000000        0.0000000000000000     0.0000000000000000
    -0.0000000000000000     0.0000000000000000       -0.0059917718536906     0.0000000000000000        0.0002171456708423     0.0000000000000000
     0.0000000000000000     0.0000000000000000        0.0002171456708423     0.0000000000000000       -0.0082228424965087     0.0000000000000000
    9    8
    -0.0023369228309502     0.0000000000000000       -0.0030983474889139     0.0000000000000000       -0.0049690286727002     0.0000000000000000
    -0.0118106925711653     0.0000000000000000        0.0062708154610988     0.0000000000000000       -0.0066953321340166     0.0000000000000000
    -0.0082828420511777     0.0000000000000000       -0.0009556389956871     0.0000000000000000       -0.0010860495538219     0.0000000000000000
    9    9
     0.1236962038861346     0.0000000000000000        0.0000000000000000     0.0000000000000000       -0.0000000000000001     0.0000000000000000
     0.0000000000000000     0.0000000000000000        0.1390106260434841     0.0000000000000000        0.0057670230998071     0.0000000000000000
    -0.0000000000000001     0.0000000000000000        0.0057670230998071     0.0000000000000000        0.1247899553487921     0.0000000000000000
    9   10
    -0.0109513908562291     0.0000000000000000        0.0192175247083345     0.0000000000000000       -0.0031004390515020     0.0000000000000000
     0.0264064685877894     0.0000000000000000       -0.0372924156672936     0.0000000000000000        0.0009616647461772     0.0000000000000000
    -0.0007173934256384     0.0000000000000000       -0.0031658913545770     0.0000000000000000        0.0043864301685881     0.0000000000000000
    9   11
    -0.0109513908562291     0.0000000000000000       -0.0192175247083345     0.0000000000000000        0.0031004390515020     0.0000000000000000
    -0.0264064685877894     0.0000000000000000       -0.0372924156672936     0.0000000000000000        0.0009616647461771     0.0000000000000000
     0.0007173934256383     0.0000000000000000       -0.0031658913545770     0.0000000000000000        0.0043864301685882     0.0000000000000000
   10    1
    -0.0484552878854868     0.0000000000000000       -0.0249103767755654     0.0000000000000000        0.0180024356461404     0.0000000000000000
    -0.0249103767755654     0.0000000000000000       -0.0772193133595708     0.0000000000000000       -0.0103937110663771     0.0000000000000000
     0.0179117190348157     0.0000000000000000       -0.0103413358064088     0.0000000000000000       -0.0832057589143799     0.0000000000000000
   10    2
    -0.0109686706134999     0.0000000000000000        0.0117464857298706     0.0000000000000000       -0.0073731942107925     0.0000000000000000
     0.0117464857298706     0.0000000000000000        0.0025950027828386     0.0000000000000000        0.0042569156623921     0.0000000000000000
    -0.0087879411182723     0.0000000000000000        0.0050737201702615     0.0000000000000000        0.0063135650086955     0.0000000000000000
   10    3
    -0.0031641114517759     0.0000000000000000       -0.0088564102302041     0.0000000000000000        0.0058020994086616     0.0000000000000000
    -0.0088564102302041     0.0000000000000000       -0.0133906131127144     0.0000000000000000       -0.0033498436554587     0.0000000000000000
     0.0056728277205685     0.0000000000000000       -0.0032752086115394     0.0000000000000000       -0.0158132926057555     0.0000000000000000
   10    4
    -0.0109981286769516     0.0000000000000000        0.0098648440127653     0.0000000000000000       -0.0258809085075154     0.0000000000000000
     0.0098648440127652     0.0000000000000000        0.0003928120156066     0.0000000000000000        0.0149423494936991     0.0000000000000000
    -0.0175891487247297     0.0000000000000000        0.0101550997510479     0.0000000000000000       -0.0333762642434651     0.0000000000000000
   10    5
    -0.0021525771141767     0.0000000000000000        0.0039054880177750     0.0000000000000000        0.0141981287170246     0.0000000000000000
     0.0039054880177750     0.0000000000000000        0.0023570920025821     0.0000000000000000       -0.0081972934367702     0.0000000000000000
     0.0047488008832949     0.0000000000000000       -0.0027417214683006     0.0000000000000000        0.0029138766730892     0.0000000000000000
   10    6
     0.0105746846071071     0.0000000000000000        0.0043561725411257     0.0000000000000000       -0.0033138133784775     0.0000000000000000
    -0.0043561725411257     0.0000000000000000       -0.0066407919769808     0.0000000000000000        0.0076509711297036     0.0000000000000000
     0.0033138133784775     0.0000000000000000        0.0076509711297036     0.0000000000000000       -0.0010860495538218     0.0000000000000000
   10    7
    -0.0023369228309502     0.0000000000000000       -0.0118106925711653     0.0000000000000000       -0.0082828420511777     0.0000000000000000
    -0.0030983474889139     0.0000000000000000        0.0062708154610988     0.0000000000000000       -0.0009556389956871     0.0000000000000000
    -0.0049690286727002     0.0000000000000000       -0.0066953321340166     0.0000000000000000       -0.0010860495538219     0.0000000000000000
   10    8
    -0.0062666876092741     0.0000000000000000       -0.0004761680564902     0.0000000000000000        0.0001880536672711     0.0000000000000000
    -0.0004761680564902     0.0000000000000000       -0.0068165191204737     0.0000000000000000       -0.0001085728354212     0.0000000000000000
     0.0001880536672711     0.0000000000000000       -0.0001085728354212     0.0000000000000000       -0.0082228424965087     0.0000000000000000
   10    9
    -0.0109513908562291     0.0000000000000000        0.0264064685877894     0.0000000000000000       -0.0007173934256384     0.0000000000000000
     0.0192175247083345     0.0000000000000000       -0.0372924156672936     0.0000000000000000       -0.0031658913545770     0.0000000000000000
    -0.0031004390515020     0.0000000000000000        0.0009616647461772     0.0000000000000000        0.0043864301685881     0.0000000000000000
   10   10
     0.1351820205039663     0.0000000000000000       -0.0066313393161735     0.0000000000000000        0.0049943885086402     0.0000000000000000
    -0.0066313393161735     0.0000000000000000        0.1275248094256324     0.0000000000000000       -0.0028835115499035     0.0000000000000000
     0.0049943885086402     0.0000000000000000       -0.0028835115499035     0.0000000000000000        0.1247899553487921     0.0000000000000000
   10   11
    -0.0504629280727291     0.0000000000000000       -0.0035944719397275     0.0000000000000000        0.0023830456258636     0.0000000000000000
     0.0035944719397275     0.0000000000000000        0.0022191215492748     0.0000000000000000        0.0022042266083998     0.0000000000000000
    -0.0023830456258637     0.0000000000000000        0.0022042266083998     0.0000000000000000        0.0043864301685882     0.0000000000000000
   11    1
    -0.0484552878854866     0.0000000000000000        0.0249103767755654     0.0000000000000000       -0.0180024356461402     0.0000000000000000
     0.0249103767755654     0.0000000000000000       -0.0772193133595708     0.0000000000000000       -0.0103937110663771     0.0000000000000000
    -0.0179117190348155     0.0000000000000000       -0.0103413358064087     0.0000000000000000       -0.0832057589143800     0.0000000000000000
   11    2
    -0.0109686706135000     0.0000000000000000       -0.0117464857298706     0.0000000000000000        0.0073731942107925     0.0000000000000000
    -0.0117464857298706     0.0000000000000000        0.0025950027828386     0.0000000000000000        0.0042569156623921     0.0000000000000000
     0.0087879411182723     0.0000000000000000        0.0050737201702615     0.0000000000000000        0.0063135650086955     0.0000000000000000
   11    3
    -0.0031641114517759     0.0000000000000000        0.0088564102302041     0.0000000000000000       -0.0058020994086616     0.0000000000000000
     0.0088564102302041     0.0000000000000000       -0.0133906131127144     0.0000000000000000       -0.0033498436554586     0.0000000000000000
    -0.0056728277205685     0.0000000000000000       -0.0032752086115394     0.0000000000000000       -0.0158132926057556     0.0000000000000000
   11    4
    -0.0109981286769517     0.0000000000000000       -0.0098648440127653     0.0000000000000000        0.0258809085075155     0.0000000000000000
    -0.0098648440127653     0.0000000000000000        0.0003928120156066     0.0000000000000000        0.0149423494936990     0.0000000000000000
     0.0175891487247298     0.0000000000000000        0.0101550997510478     0.0000000000000000       -0.0333762642434650     0.0000000000000000
   11    5
    -0.0021525771141766     0.0000000000000000       -0.0039054880177750     0.0000000000000000       -0.0141981287170246     0.0000000000000000
    -0.0039054880177750     0.0000000000000000        0.0023570920025820     0.0000000000000000       -0.0081972934367702     0.0000000000000000
    -0.0047488008832949     0.0000000000000000       -0.0027417214683006     0.0000000000000000        0.0029138766730891     0.0000000000000000
   11    6
    -0.0062666876092741     0.0000000000000000        0.0004761680564902     0.0000000000000000       -0.0001880536672711     0.0000000000000000
     0.0004761680564902     0.0000000000000000       -0.0068165191204737     0.0000000000000000       -0.0001085728354212     0.0000000000000000
    -0.0001880536672711     0.0000000000000000       -0.0001085728354212     0.0000000000000000       -0.0082228424965087     0.0000000000000000
   11    7
    -0.0023369228309502     0.0000000000000000        0.0118106925711653     0.0000000000000000        0.0082828420511777     0.0000000000000000
     0.0030983474889139     0.0000000000000000        0.0062708154610988     0.0000000000000000       -0.0009556389956871     0.0000000000000000
     0.0049690286727002     0.0000000000000000       -0.0066953321340166     0.0000000000000000       -0.0010860495538218     0.0000000000000000
   11    8
     0.0105746846071071     0.0000000000000000       -0.0043561725411257     0.0000000000000000        0.0033138133784775     0.0000000000000000
     0.0043561725411257     0.0000000000000000       -0.0066407919769808     0.0000000000000000        0.0076509711297036     0.0000000000000000
    -0.0033138133784775     0.0000000000000000        0.0076509711297036     0.0000000000000000       -0.0010860495538218     0.0000000000000000
   11    9
    -0.0109513908562291     0.0000000000000000       -0.0264064685877895     0.0000000000000000        0.0007173934256383     0.0000000000000000
    -0.0192175247083345     0.0000000000000000       -0.0372924156672936     0.0000000000000000       -0.0031658913545770     0.0000000000000000
     0.0031004390515020     0.0000000000000000        0.0009616647461771     0.0000000000000000        0.0043864301685882     0.0000000000000000
   11   10
    -0.0504629280727291     0.0000000000000000        0.0035944719397275     0.0000000000000000       -0.0023830456258637     0.0000000000000000
    -0.0035944719397275     0.0000000000000000        0.0022191215492748     0.0000000000000000        0.0022042266083998     0.0000000000000000
     0.0023830456258636     0.0000000000000000        0.0022042266083998     0.0000000000000000        0.0043864301685882     0.0000000000000000
   11   11
     0.1351820205039663     0.0000000000000000        0.0066313393161736     0.0000000000000000       -0.0049943885086403     0.0000000000000000
     0.0066313393161736     0.0000000000000000        0.1275248094256325     0.0000000000000000       -0.0028835115499034     0.0000000000000000
    -0.0049943885086403     0.0000000000000000       -0.0028835115499034     0.0000000000000000        0.1247899553487921     0.0000000000000000

     Diagonalizing the dynamical matrix

     q = (     0.000000000000     0.000000000000     0.000000000000 )

***************************************************************************
   freq (    1) =    -0.00000117 [THz] =    -0.00003895 [cm-1]
(  -0.000000  0.000000   0.150994  0.000000  -0.260979  0.000000 )
(   0.000000  0.000000   0.150994  0.000000  -0.260979  0.000000 )
(   0.000000  0.000000   0.150994  0.000000  -0.260979  0.000000 )
(  -0.000000  0.000000   0.150994  0.000000  -0.260979  0.000000 )
(  -0.000000  0.000000   0.150994  0.000000  -0.260979  0.000000 )
(  -0.000000  0.000000   0.150994  0.000000  -0.260979  0.000000 )
(   0.000000  0.000000   0.150994  0.000000  -0.260979  0.000000 )
(   0.000000  0.000000   0.150994  0.000000  -0.260979  0.000000 )
(   0.000000  0.000000   0.150994  0.000000  -0.260979  0.000000 )
(  -0.000000  0.000000   0.150994  0.000000  -0.260979  0.000000 )
(  -0.000000  0.000000   0.150994  0.000000  -0.260979  0.000000 )
   freq (    2) =    -0.00000021 [THz] =    -0.00000694 [cm-1]
(  -0.301511  0.000000  -0.000000  0.000000   0.000000  0.000000 )
(  -0.301511  0.000000   0.000000  0.000000   0.000000  0.000000 )
(  -0.301511  0.000000   0.000000  0.000000   0.000000  0.000000 )
(  -0.301511  0.000000  -0.000000  0.000000   0.000000  0.000000 )
(  -0.301511  0.000000  -0.000000  0.000000   0.000000  0.000000 )
(  -0.301511  0.000000  -0.000000  0.000000   0.000000  0.000000 )
(  -0.301511  0.000000   0.000000  0.000000   0.000000  0.000000 )
(  -0.301511  0.000000   0.000000  0.000000  -0.000000  0.000000 )
(  -0.301511  0.000000   0.000000  0.000000   0.000000  0.000000 )
(  -0.301511  0.000000   0.000000  0.000000  -0.000000  0.000000 )
(  -0.301511  0.000000  -0.000000  0.000000   0.000000  0.000000 )
   freq (    3) =     0.00000003 [THz] =     0.00000085 [cm-1]
(   0.000000  0.000000   0.260979  0.000000   0.150994  0.000000 )
(   0.000000  0.000000   0.260979  0.000000   0.150994  0.000000 )
(  -0.000000  0.000000   0.260979  0.000000   0.150994  0.000000 )
(   0.000000  0.000000   0.260979  0.000000   0.150994  0.000000 )
(  -0.000000  0.000000   0.260979  0.000000   0.150994  0.000000 )
(  -0.000000  0.000000   0.260979  0.000000   0.150994  0.000000 )
(  -0.000000  0.000000   0.260979  0.000000   0.150994  0.000000 )
(  -0.000000  0.000000   0.260979  0.000000   0.150994  0.000000 )
(  -0.000000  0.000000   0.260979  0.000000   0.150994  0.000000 )
(  -0.000000  0.000000   0.260979  0.000000   0.150994  0.000000 )
(   0.000000  0.000000   0.260979  0.000000   0.150994  0.000000 )
   freq (    4) =    25.63911596 [THz] =   855.22872946 [cm-1]
(   0.021316  0.000000  -0.000000  0.000000   0.000000  0.000000 )
(  -0.476128  0.000000   0.000000  0.000000  -0.000000  0.000000 )
(  -0.476128  0.000000   0.000000  0.000000  -0.000000  0.000000 )
(  -0.206071  0.000000   0.000000  0.000000  -0.000000  0.000000 )
(  -0.206071  0.000000   0.000000  0.000000  -0.000000  0.000000 )
(  -0.300662  0.000000  -0.066686  0.000000   0.057607  0.000000 )
(  -0.185158  0.000000   0.000000  0.000000  -0.000000  0.000000 )
(  -0.300662  0.000000   0.066686  0.000000  -0.057607  0.000000 )
(  -0.185158  0.000000   0.000000  0.000000  -0.000000  0.000000 )
(  -0.300662  0.000000   0.066686  0.000000  -0.057607  0.000000 )
(  -0.300662  0.000000  -0.066686  0.000000   0.057607  0.000000 )
   freq (    5) =    25.63911596 [THz] =   855.22872946 [cm-1]
(  -0.000000  0.000000  -0.021316  0.000000   0.000000  0.000000 )
(   0.000000  0.000000   0.476128  0.000000  -0.000000  0.000000 )
(   0.000000  0.000000   0.476128  0.000000  -0.000000  0.000000 )
(   0.000000  0.000000   0.206071  0.000000  -0.000000  0.000000 )
(   0.000000  0.000000   0.206071  0.000000  -0.000000  0.000000 )
(   0.066686  0.000000   0.223659  0.000000  -0.033260  0.000000 )
(   0.000000  0.000000   0.339163  0.000000   0.066519  0.000000 )
(  -0.066686  0.000000   0.223659  0.000000  -0.033260  0.000000 )
(   0.000000  0.000000   0.339163  0.000000   0.066519  0.000000 )
(  -0.066686  0.000000   0.223659  0.000000  -0.033260  0.000000 )
(   0.066686  0.000000   0.223659  0.000000  -0.033260  0.000000 )
   freq (    6) =    25.81624905 [THz] =   861.13725223 [cm-1]
(   0.000000  0.000000  -0.000000  0.000000  -0.021471  0.000000 )
(  -0.000000  0.000000   0.000000  0.000000   0.458574  0.000000 )
(  -0.000000  0.000000   0.000000  0.000000   0.458574  0.000000 )
(  -0.000000  0.000000   0.000000  0.000000   0.375597  0.000000 )
(  -0.000000  0.000000   0.000000  0.000000   0.375597  0.000000 )
(  -0.049088  0.000000  -0.028341  0.000000   0.215072  0.000000 )
(  -0.000000  0.000000   0.056683  0.000000   0.215072  0.000000 )
(   0.049088  0.000000  -0.028341  0.000000   0.215072  0.000000 )
(  -0.000000  0.000000   0.056683  0.000000   0.215072  0.000000 )
(   0.049088  0.000000  -0.028341  0.000000   0.215072  0.000000 )
(  -0.049088  0.000000  -0.028341  0.000000   0.215072  0.000000 )
   freq (    7) =    27.85540787 [THz] =   929.15625923 [cm-1]
(  -0.000000  0.000000   0.000000  0.000000   0.000000  0.000000 )
(   0.000000  0.000000  -0.000000  0.000000   0.524960  0.000000 )
(  -0.000000  0.000000   0.000000  0.000000  -0.524960  0.000000 )
(  -0.000000  0.000000   0.000000  0.000000   0.405479  0.000000 )
(   0.000000  0.000000  -0.000000  0.000000  -0.405479  0.000000 )
(   0.122467  0.000000   0.070706  0.000000  -0.001905  0.000000 )
(   0.000000  0.000000  -0.141413  0.000000  -0.001905  0.000000 )
(  -0.122467  0.000000   0.070706  0.000000  -0.001905  0.000000 )
(  -0.000000  0.000000   0.141413  0.000000   0.001905  0.000000 )
(   0.122467  0.000000  -0.070706  0.000000   0.001905  0.000000 )
(  -0.122467  0.000000  -0.070706  0.000000   0.001905  0.000000 )
   freq (    8) =    27.87078588 [THz] =   929.66921439 [cm-1]
(  -0.000000  0.000000  -0.000000  0.000000   0.000000  0.000000 )
(   0.521939  0.000000  -0.000377  0.000000  -0.000000  0.000000 )
(  -0.521939  0.000000   0.000377  0.000000   0.000000  0.000000 )
(  -0.042460  0.000000   0.000031  0.000000  -0.000000  0.000000 )
(   0.042460  0.000000  -0.000031  0.000000   0.000000  0.000000 )
(  -0.259561  0.000000  -0.173913  0.000000   0.119637  0.000000 )
(   0.041613  0.000000   0.000260  0.000000   0.000100  0.000000 )
(  -0.259812  0.000000   0.173998  0.000000  -0.119737  0.000000 )
(  -0.041613  0.000000  -0.000260  0.000000  -0.000100  0.000000 )
(   0.259812  0.000000  -0.173998  0.000000   0.119737  0.000000 )
(   0.259561  0.000000   0.173913  0.000000  -0.119637  0.000000 )
   freq (    9) =    27.87078588 [THz] =   929.66921439 [cm-1]
(  -0.000000  0.000000  -0.000000  0.000000  -0.000000  0.000000 )
(  -0.000377  0.000000  -0.521939  0.000000  -0.000000  0.000000 )
(   0.000377  0.000000   0.521939  0.000000   0.000000  0.000000 )
(   0.000031  0.000000   0.042460  0.000000  -0.000000  0.000000 )
(  -0.000031  0.000000  -0.042460  0.000000   0.000000  0.000000 )
(   0.174143  0.000000   0.058946  0.000000  -0.069188  0.000000 )
(  -0.000030  0.000000   0.360120  0.000000   0.138203  0.000000 )
(  -0.173768  0.000000   0.058694  0.000000  -0.069015  0.000000 )
(   0.000030  0.000000  -0.360120  0.000000  -0.138203  0.000000 )
(   0.173768  0.000000  -0.058694  0.000000   0.069015  0.000000 )
(  -0.174143  0.000000  -0.058946  0.000000   0.069188  0.000000 )
   freq (   10) =    29.00291087 [THz] =   967.43283388 [cm-1]
(   0.000000  0.000000   0.000000  0.000000  -0.000000  0.000000 )
(  -0.000000  0.000000   0.000000  0.000000  -0.330288  0.000000 )
(   0.000000  0.000000  -0.000000  0.000000   0.330288  0.000000 )
(   0.000000  0.000000  -0.000000  0.000000   0.384395  0.000000 )
(  -0.000000  0.000000   0.000000  0.000000  -0.384395  0.000000 )
(   0.032480  0.000000   0.018752  0.000000  -0.282212  0.000000 )
(  -0.000000  0.000000  -0.037504  0.000000  -0.282212  0.000000 )
(  -0.032480  0.000000   0.018752  0.000000  -0.282212  0.000000 )
(   0.000000  0.000000   0.037504  0.000000   0.282212  0.000000 )
(   0.032480  0.000000  -0.018752  0.000000   0.282212  0.000000 )
(  -0.032480  0.000000  -0.018752  0.000000   0.282212  0.000000 )
   freq (   11) =    29.33064854 [THz] =   978.36498414 [cm-1]
(   0.000000  0.000000  -0.000000  0.000000  -0.000000  0.000000 )
(   0.327246  0.000000  -0.000032  0.000000  -0.000000  0.000000 )
(  -0.327246  0.000000   0.000032  0.000000   0.000000  0.000000 )
(  -0.290984  0.000000   0.000028  0.000000  -0.000000  0.000000 )
(   0.290984  0.000000  -0.000028  0.000000   0.000000  0.000000 )
(   0.337309  0.000000   0.035156  0.000000  -0.030188  0.000000 )
(   0.276370  0.000000  -0.000035  0.000000  -0.000003  0.000000 )
(   0.337315  0.000000  -0.035214  0.000000   0.030191  0.000000 )
(  -0.276370  0.000000   0.000035  0.000000   0.000003  0.000000 )
(  -0.337315  0.000000   0.035214  0.000000  -0.030191  0.000000 )
(  -0.337309  0.000000  -0.035156  0.000000   0.030188  0.000000 )
   freq (   12) =    29.33064854 [THz] =   978.36498414 [cm-1]
(   0.000000  0.000000  -0.000000  0.000000   0.000000  0.000000 )
(   0.000032  0.000000   0.327246  0.000000  -0.000000  0.000000 )
(  -0.000032  0.000000  -0.327246  0.000000   0.000000  0.000000 )
(  -0.000028  0.000000  -0.290984  0.000000  -0.000000  0.000000 )
(   0.000028  0.000000   0.290984  0.000000   0.000000  0.000000 )
(   0.035218  0.000000   0.296688  0.000000  -0.017433  0.000000 )
(   0.000027  0.000000   0.357626  0.000000   0.034860  0.000000 )
(  -0.035152  0.000000   0.296681  0.000000  -0.017427  0.000000 )
(  -0.000027  0.000000  -0.357626  0.000000  -0.034860  0.000000 )
(   0.035152  0.000000  -0.296681  0.000000   0.017427  0.000000 )
(  -0.035218  0.000000  -0.296688  0.000000   0.017433  0.000000 )
   freq (   13) =    34.09053193 [THz] =  1137.13758113 [cm-1]
(  -0.002097  0.000000   0.000000  0.000000  -0.000000  0.000000 )
(  -0.124156  0.000000   0.000000  0.000000  -0.000000  0.000000 )
(  -0.124156  0.000000   0.000000  0.000000  -0.000000  0.000000 )
(  -0.354044  0.000000   0.000000  0.000000   0.000000  0.000000 )
(  -0.354044  0.000000   0.000000  0.000000  -0.000000  0.000000 )
(   0.217753  0.000000   0.017635  0.000000   0.338182  0.000000 )
(   0.187208  0.000000  -0.000000  0.000000   0.000000  0.000000 )
(   0.217753  0.000000  -0.017635  0.000000  -0.338182  0.000000 )
(   0.187208  0.000000  -0.000000  0.000000   0.000000  0.000000 )
(   0.217753  0.000000  -0.017635  0.000000  -0.338182  0.000000 )
(   0.217753  0.000000   0.017635  0.000000   0.338182  0.000000 )
   freq (   14) =    34.09053193 [THz] =  1137.13758113 [cm-1]
(   0.000000  0.000000   0.002097  0.000000  -0.000000  0.000000 )
(   0.000000  0.000000   0.124156  0.000000  -0.000000  0.000000 )
(   0.000000  0.000000   0.124156  0.000000  -0.000000  0.000000 )
(   0.000000  0.000000   0.354044  0.000000   0.000000  0.000000 )
(   0.000000  0.000000   0.354044  0.000000   0.000000  0.000000 )
(  -0.017635  0.000000  -0.197390  0.000000  -0.195250  0.000000 )
(  -0.000000  0.000000  -0.227935  0.000000   0.390499  0.000000 )
(   0.017635  0.000000  -0.197390  0.000000  -0.195250  0.000000 )
(  -0.000000  0.000000  -0.227935  0.000000   0.390499  0.000000 )
(   0.017635  0.000000  -0.197390  0.000000  -0.195250  0.000000 )
(  -0.017635  0.000000  -0.197390  0.000000  -0.195250  0.000000 )
   freq (   15) =    34.25021235 [THz] =  1142.46394596 [cm-1]
(   0.000000  0.000000   0.000000  0.000000   0.000000  0.000000 )
(  -0.009305  0.000000   0.000005  0.000000   0.000000  0.000000 )
(   0.009305  0.000000  -0.000005  0.000000   0.000000  0.000000 )
(  -0.428366  0.000000   0.000227  0.000000  -0.000000  0.000000 )
(   0.428366  0.000000  -0.000227  0.000000  -0.000000  0.000000 )
(  -0.149747  0.000000   0.001254  0.000000  -0.352403  0.000000 )
(  -0.151779  0.000000   0.000079  0.000000  -0.000216  0.000000 )
(  -0.149746  0.000000  -0.001093  0.000000   0.352619  0.000000 )
(   0.151779  0.000000  -0.000079  0.000000   0.000216  0.000000 )
(   0.149746  0.000000   0.001093  0.000000  -0.352619  0.000000 )
(   0.149747  0.000000  -0.001254  0.000000   0.352403  0.000000 )
   freq (   16) =    34.25021235 [THz] =  1142.46394596 [cm-1]
(   0.000000  0.000000  -0.000000  0.000000  -0.000000  0.000000 )
(  -0.000005  0.000000  -0.009305  0.000000  -0.000000  0.000000 )
(   0.000005  0.000000   0.009305  0.000000  -0.000000  0.000000 )
(  -0.000227  0.000000  -0.428366  0.000000  -0.000000  0.000000 )
(   0.000227  0.000000   0.428366  0.000000   0.000000  0.000000 )
(   0.001094  0.000000  -0.151101  0.000000  -0.203710  0.000000 )
(  -0.000081  0.000000  -0.149069  0.000000   0.407045  0.000000 )
(  -0.001253  0.000000  -0.151102  0.000000  -0.203335  0.000000 )
(   0.000081  0.000000   0.149069  0.000000  -0.407045  0.000000 )
(   0.001253  0.000000   0.151102  0.000000   0.203335  0.000000 )
(  -0.001094  0.000000   0.151101  0.000000   0.203710  0.000000 )
   freq (   17) =    34.45103088 [THz] =  1149.16252995 [cm-1]
(   0.000000  0.000000  -0.000000  0.000000  -0.000000  0.000000 )
(   0.000000  0.000000  -0.000000  0.000000  -0.000000  0.000000 )
(  -0.000000  0.000000  -0.000000  0.000000  -0.000000  0.000000 )
(   0.000000  0.000000  -0.000000  0.000000   0.000000  0.000000 )
(  -0.000000  0.000000   0.000000  0.000000   0.000000  0.000000 )
(   0.204124  0.000000  -0.353553  0.000000   0.000000  0.000000 )
(  -0.408248  0.000000   0.000000  0.000000   0.000000  0.000000 )
(   0.204124  0.000000   0.353553  0.000000  -0.000000  0.000000 )
(   0.408248  0.000000   0.000000  0.000000   0.000000  0.000000 )
(  -0.204124  0.000000  -0.353553  0.000000   0.000000  0.000000 )
(  -0.204124  0.000000   0.353553  0.000000  -0.000000  0.000000 )
   freq (   18) =    34.65966443 [THz] =  1156.12179508 [cm-1]
(  -0.000000  0.000000   0.000000  0.000000  -0.000000  0.000000 )
(  -0.000000  0.000000  -0.000000  0.000000  -0.000000  0.000000 )
(  -0.000000  0.000000  -0.000000  0.000000  -0.000000  0.000000 )
(   0.000000  0.000000   0.000000  0.000000   0.000000  0.000000 )
(   0.000000  0.000000   0.000000  0.000000   0.000000  0.000000 )
(   0.204124  0.000000  -0.353553  0.000000   0.000000  0.000000 )
(  -0.408248  0.000000   0.000000  0.000000   0.000000  0.000000 )
(   0.204124  0.000000   0.353553  0.000000  -0.000000  0.000000 )
(  -0.408248  0.000000  -0.000000  0.000000   0.000000  0.000000 )
(   0.204124  0.000000   0.353553  0.000000  -0.000000  0.000000 )
(   0.204124  0.000000  -0.353553  0.000000   0.000000  0.000000 )
   freq (   19) =    34.67644079 [THz] =  1156.68139428 [cm-1]
(  -0.000000  0.000000   0.000000  0.000000  -0.004641  0.000000 )
(  -0.000000  0.000000   0.000000  0.000000  -0.544253  0.000000 )
(  -0.000000  0.000000   0.000000  0.000000  -0.544253  0.000000 )
(   0.000000  0.000000  -0.000000  0.000000   0.303149  0.000000 )
(   0.000000  0.000000  -0.000000  0.000000   0.303149  0.000000 )
(  -0.041924  0.000000  -0.024205  0.000000   0.186947  0.000000 )
(   0.000000  0.000000   0.048410  0.000000   0.186947  0.000000 )
(   0.041924  0.000000  -0.024205  0.000000   0.186947  0.000000 )
(   0.000000  0.000000   0.048410  0.000000   0.186947  0.000000 )
(   0.041924  0.000000  -0.024205  0.000000   0.186947  0.000000 )
(  -0.041924  0.000000  -0.024205  0.000000   0.186947  0.000000 )
   freq (   20) =    34.96587822 [THz] =  1166.33598636 [cm-1]
(   0.004952  0.000000  -0.000000  0.000000  -0.000000  0.000000 )
(   0.514113  0.000000  -0.000000  0.000000  -0.000000  0.000000 )
(   0.514113  0.000000  -0.000000  0.000000  -0.000000  0.000000 )
(  -0.302312  0.000000   0.000000  0.000000   0.000000  0.000000 )
(  -0.302312  0.000000   0.000000  0.000000   0.000000  0.000000 )
(  -0.221456  0.000000  -0.064305  0.000000   0.113600  0.000000 )
(  -0.110076  0.000000   0.000000  0.000000   0.000000  0.000000 )
(  -0.221456  0.000000   0.064305  0.000000  -0.113600  0.000000 )
(  -0.110076  0.000000   0.000000  0.000000   0.000000  0.000000 )
(  -0.221456  0.000000   0.064305  0.000000  -0.113600  0.000000 )
(  -0.221456  0.000000  -0.064305  0.000000   0.113600  0.000000 )
   freq (   21) =    34.96587822 [THz] =  1166.33598636 [cm-1]
(   0.000000  0.000000   0.004952  0.000000   0.000000  0.000000 )
(   0.000000  0.000000   0.514113  0.000000   0.000000  0.000000 )
(   0.000000  0.000000   0.514113  0.000000   0.000000  0.000000 )
(  -0.000000  0.000000  -0.302312  0.000000  -0.000000  0.000000 )
(  -0.000000  0.000000  -0.302312  0.000000  -0.000000  0.000000 )
(  -0.064305  0.000000  -0.147203  0.000000   0.065587  0.000000 )
(  -0.000000  0.000000  -0.258582  0.000000  -0.131174  0.000000 )
(   0.064305  0.000000  -0.147203  0.000000   0.065587  0.000000 )
(  -0.000000  0.000000  -0.258582  0.000000  -0.131174  0.000000 )
(   0.064305  0.000000  -0.147203  0.000000   0.065587  0.000000 )
(  -0.064305  0.000000  -0.147203  0.000000   0.065587  0.000000 )
   freq (   22) =    36.07951704 [THz] =  1203.48297359 [cm-1]
(   0.000336  0.000000   0.000000  0.000000  -0.000000  0.000000 )
(   0.030960  0.000000   0.000000  0.000000  -0.000000  0.000000 )
(   0.030960  0.000000   0.000000  0.000000  -0.000000  0.000000 )
(   0.347079  0.000000   0.000000  0.000000   0.000000  0.000000 )
(   0.347079  0.000000   0.000000  0.000000   0.000000  0.000000 )
(  -0.019423  0.000000   0.198002  0.000000   0.289914  0.000000 )
(  -0.362372  0.000000   0.000000  0.000000  -0.000000  0.000000 )
(  -0.019423  0.000000  -0.198002  0.000000  -0.289914  0.000000 )
(  -0.362372  0.000000   0.000000  0.000000  -0.000000  0.000000 )
(  -0.019423  0.000000  -0.198002  0.000000  -0.289914  0.000000 )
(  -0.019423  0.000000   0.198002  0.000000   0.289914  0.000000 )
   freq (   23) =    36.07951704 [THz] =  1203.48297359 [cm-1]
(  -0.000000  0.000000   0.000336  0.000000  -0.000000  0.000000 )
(  -0.000000  0.000000   0.030960  0.000000  -0.000000  0.000000 )
(  -0.000000  0.000000   0.030960  0.000000  -0.000000  0.000000 )
(  -0.000000  0.000000   0.347079  0.000000   0.000000  0.000000 )
(  -0.000000  0.000000   0.347079  0.000000   0.000000  0.000000 )
(   0.198002  0.000000  -0.248055  0.000000   0.167382  0.000000 )
(   0.000000  0.000000   0.094894  0.000000  -0.334764  0.000000 )
(  -0.198002  0.000000  -0.248055  0.000000   0.167382  0.000000 )
(   0.000000  0.000000   0.094894  0.000000  -0.334764  0.000000 )
(  -0.198002  0.000000  -0.248055  0.000000   0.167382  0.000000 )
(   0.198002  0.000000  -0.248055  0.000000   0.167382  0.000000 )
   freq (   24) =    43.19419889 [THz] =  1440.80318104 [cm-1]
(   0.000000  0.000000   0.000000  0.000000   0.000000  0.000000 )
(  -0.004333  0.000000  -0.000002  0.000000  -0.000000  0.000000 )
(   0.004333  0.000000   0.000002  0.000000   0.000000  0.000000 )
(   0.346925  0.000000   0.000121  0.000000   0.000000  0.000000 )
(  -0.346925  0.000000  -0.000121  0.000000   0.000000  0.000000 )
(   0.000779  0.000000  -0.205938  0.000000  -0.288841  0.000000 )
(   0.357690  0.000000  -0.000041  0.000000   0.000116  0.000000 )
(   0.000923  0.000000   0.206104  0.000000   0.288725  0.000000 )
(  -0.357690  0.000000   0.000041  0.000000  -0.000116  0.000000 )
(  -0.000923  0.000000  -0.206104  0.000000  -0.288725  0.000000 )
(  -0.000779  0.000000   0.205938  0.000000   0.288841  0.000000 )
   freq (   25) =    43.19419889 [THz] =  1440.80318104 [cm-1]
(   0.000000  0.000000  -0.000000  0.000000   0.000000  0.000000 )
(  -0.000002  0.000000   0.004333  0.000000  -0.000000  0.000000 )
(   0.000002  0.000000  -0.004333  0.000000   0.000000  0.000000 )
(   0.000121  0.000000  -0.346925  0.000000  -0.000000  0.000000 )
(  -0.000121  0.000000   0.346925  0.000000   0.000000  0.000000 )
(   0.206021  0.000000  -0.238815  0.000000   0.166628  0.000000 )
(   0.000125  0.000000   0.118095  0.000000  -0.333458  0.000000 )
(  -0.206021  0.000000  -0.238672  0.000000   0.166830  0.000000 )
(  -0.000125  0.000000  -0.118095  0.000000   0.333458  0.000000 )
(   0.206021  0.000000   0.238672  0.000000  -0.166830  0.000000 )
(  -0.206021  0.000000   0.238815  0.000000  -0.166628  0.000000 )
   freq (   26) =    45.20734122 [THz] =  1507.95437134 [cm-1]
(   0.000000  0.000000  -0.000000  0.000000   0.006001  0.000000 )
(  -0.000000  0.000000   0.000000  0.000000  -0.003831  0.000000 )
(  -0.000000  0.000000   0.000000  0.000000  -0.003831  0.000000 )
(  -0.000000  0.000000   0.000000  0.000000   0.378628  0.000000 )
(  -0.000000  0.000000   0.000000  0.000000   0.378628  0.000000 )
(  -0.193315  0.000000  -0.111611  0.000000  -0.262758  0.000000 )
(  -0.000000  0.000000   0.223221  0.000000  -0.262758  0.000000 )
(   0.193315  0.000000  -0.111611  0.000000  -0.262758  0.000000 )
(  -0.000000  0.000000   0.223221  0.000000  -0.262758  0.000000 )
(   0.193315  0.000000  -0.111611  0.000000  -0.262758  0.000000 )
(  -0.193315  0.000000  -0.111611  0.000000  -0.262758  0.000000 )
   freq (   27) =    45.41413183 [THz] =  1514.85216242 [cm-1]
(   0.005867  0.000000   0.000000  0.000000  -0.000000  0.000000 )
(  -0.003194  0.000000  -0.000000  0.000000  -0.000000  0.000000 )
(  -0.003194  0.000000  -0.000000  0.000000   0.000000  0.000000 )
(  -0.342026  0.000000  -0.000000  0.000000  -0.000000  0.000000 )
(  -0.342026  0.000000  -0.000000  0.000000  -0.000000  0.000000 )
(   0.141101  0.000000   0.278461  0.000000  -0.189300  0.000000 )
(  -0.341207  0.000000   0.000000  0.000000   0.000000  0.000000 )
(   0.141101  0.000000  -0.278461  0.000000   0.189300  0.000000 )
(  -0.341207  0.000000   0.000000  0.000000   0.000000  0.000000 )
(   0.141101  0.000000  -0.278461  0.000000   0.189300  0.000000 )
(   0.141101  0.000000   0.278461  0.000000  -0.189300  0.000000 )
   freq (   28) =    45.41413183 [THz] =  1514.85216242 [cm-1]
(  -0.000000  0.000000   0.005867  0.000000   0.000000  0.000000 )
(   0.000000  0.000000  -0.003194  0.000000  -0.000000  0.000000 )
(   0.000000  0.000000  -0.003194  0.000000  -0.000000  0.000000 )
(   0.000000  0.000000  -0.342026  0.000000   0.000000  0.000000 )
(   0.000000  0.000000  -0.342026  0.000000   0.000000  0.000000 )
(   0.278461  0.000000  -0.180438  0.000000  -0.109293  0.000000 )
(   0.000000  0.000000   0.301870  0.000000   0.218585  0.000000 )
(  -0.278461  0.000000  -0.180438  0.000000  -0.109293  0.000000 )
(   0.000000  0.000000   0.301870  0.000000   0.218585  0.000000 )
(  -0.278461  0.000000  -0.180438  0.000000  -0.109293  0.000000 )
(   0.278461  0.000000  -0.180438  0.000000  -0.109293  0.000000 )
   freq (   29) =    47.40092611 [THz] =  1581.12447684 [cm-1]
(  -0.000000  0.000000  -0.000000  0.000000  -0.000000  0.000000 )
(  -0.000000  0.000000   0.000000  0.000000  -0.339567  0.000000 )
(   0.000000  0.000000  -0.000000  0.000000   0.339567  0.000000 )
(  -0.000000  0.000000   0.000000  0.000000   0.248159  0.000000 )
(   0.000000  0.000000  -0.000000  0.000000  -0.248159  0.000000 )
(   0.161632  0.000000   0.093318  0.000000   0.269945  0.000000 )
(   0.000000  0.000000  -0.186637  0.000000   0.269945  0.000000 )
(  -0.161632  0.000000   0.093318  0.000000   0.269945  0.000000 )
(  -0.000000  0.000000   0.186637  0.000000  -0.269945  0.000000 )
(   0.161632  0.000000  -0.093318  0.000000  -0.269945  0.000000 )
(  -0.161632  0.000000  -0.093318  0.000000  -0.269945  0.000000 )
   freq (   30) =    47.95940062 [THz] =  1599.75317863 [cm-1]
(  -0.000000  0.000000  -0.000000  0.000000  -0.000000  0.000000 )
(  -0.346964  0.000000   0.000150  0.000000   0.000000  0.000000 )
(   0.346964  0.000000  -0.000150  0.000000  -0.000000  0.000000 )
(  -0.331166  0.000000   0.000144  0.000000  -0.000000  0.000000 )
(   0.331166  0.000000  -0.000144  0.000000   0.000000  0.000000 )
(  -0.068401  0.000000  -0.226038  0.000000   0.164591  0.000000 )
(   0.322866  0.000000   0.000086  0.000000   0.000082  0.000000 )
(  -0.068597  0.000000   0.225871  0.000000  -0.164673  0.000000 )
(  -0.322866  0.000000  -0.000086  0.000000  -0.000082  0.000000 )
(   0.068597  0.000000  -0.225871  0.000000   0.164673  0.000000 )
(   0.068401  0.000000   0.226038  0.000000  -0.164591  0.000000 )
   freq (   31) =    47.95940062 [THz] =  1599.75317863 [cm-1]
(  -0.000000  0.000000   0.000000  0.000000   0.000000  0.000000 )
(  -0.000150  0.000000  -0.346964  0.000000  -0.000000  0.000000 )
(   0.000150  0.000000   0.346964  0.000000   0.000000  0.000000 )
(  -0.000144  0.000000  -0.331166  0.000000   0.000000  0.000000 )
(   0.000144  0.000000   0.331166  0.000000  -0.000000  0.000000 )
(  -0.225984  0.000000   0.192313  0.000000   0.095122  0.000000 )
(   0.000140  0.000000  -0.198954  0.000000  -0.190101  0.000000 )
(   0.225925  0.000000   0.192509  0.000000   0.094979  0.000000 )
(  -0.000140  0.000000   0.198954  0.000000   0.190101  0.000000 )
(  -0.225925  0.000000  -0.192509  0.000000  -0.094979  0.000000 )
(   0.225984  0.000000  -0.192313  0.000000  -0.095122  0.000000 )
   freq (   32) =    48.75323885 [THz] =  1626.23276773 [cm-1]
(   0.000000  0.000000  -0.000000  0.000000  -0.000107  0.000000 )
(   0.000000  0.000000   0.000000  0.000000  -0.007987  0.000000 )
(  -0.000000  0.000000   0.000000  0.000000  -0.007987  0.000000 )
(  -0.000000  0.000000   0.000000  0.000000   0.355309  0.000000 )
(  -0.000000  0.000000   0.000000  0.000000   0.355309  0.000000 )
(   0.289471  0.000000   0.167126  0.000000  -0.113311  0.000000 )
(  -0.000000  0.000000  -0.334252  0.000000  -0.113311  0.000000 )
(  -0.289471  0.000000   0.167126  0.000000  -0.113311  0.000000 )
(   0.000000  0.000000  -0.334252  0.000000  -0.113311  0.000000 )
(  -0.289471  0.000000   0.167126  0.000000  -0.113311  0.000000 )
(   0.289471  0.000000   0.167126  0.000000  -0.113311  0.000000 )
   freq (   33) =    60.57715579 [THz] =  2020.63612708 [cm-1]
(  -0.000000  0.000000  -0.000000  0.000000   0.000000  0.000000 )
(   0.000000  0.000000  -0.000000  0.000000   0.004595  0.000000 )
(  -0.000000  0.000000   0.000000  0.000000  -0.004595  0.000000 )
(   0.000000  0.000000  -0.000000  0.000000  -0.355308  0.000000 )
(  -0.000000  0.000000   0.000000  0.000000   0.355308  0.000000 )
(   0.287788  0.000000   0.166154  0.000000  -0.118950  0.000000 )
(  -0.000000  0.000000  -0.332309  0.000000  -0.118950  0.000000 )
(  -0.287788  0.000000   0.166154  0.000000  -0.118950  0.000000 )
(   0.000000  0.000000   0.332309  0.000000   0.118950  0.000000 )
(   0.287788  0.000000  -0.166154  0.000000   0.118950  0.000000 )
(  -0.287788  0.000000  -0.166154  0.000000   0.118950  0.000000 )
***************************************************************************
