Dynamical matrix file
File generated with the CellConstructor by Lorenzo Monacelli
2 11 0     1.8897259890000000     0.0000000000000000     0.0000000000000000     0.0000000000000000     0.0000000000000000     0.0000000000000000
Basis vectors
    1.8216054416065011    -1.0517043920322153     2.8381869915015971
    0.0000000000000000     2.1034087840644307     2.8381869915015971
   -1.8216054416065011    -1.0517043920322153     2.8381869915015971
	1  'La '  126604.5951757480361266
	2  'H '    918.7358275894680446
    1     1     0.0000000000000002    -0.0000000000000001     4.2572805298084759
    2     2     0.0000000000000000     0.0000000000000002     2.1928765074752214
    3     2    -0.0000000000000000    -0.0000000000000002    -2.1928765074752214
    4     2     0.0000000000000002     0.0000000000000001     0.8909186668605773
    5     2    -0.0000000000000002    -0.0000000000000001    -0.8909186668605773
    6     2     0.9307402996566315     0.5373631619584786     6.1269086787593086
    7     2    -0.0000000000000001    -1.0747263239169569     6.1269086787593086
    8     2    -0.9307402996566306     0.5373631619584786     6.1269086787593086
    9     2     0.0000000000000000     1.0747263239169575     2.3876523773113032
   10     2     0.9307402996566315    -0.5373631619584787     2.3876523773113036
   11     2    -0.9307402996566311    -0.5373631619584786     2.3876523773113036

     Dynamical Matrix in cartesian axes

     q = (     0.000000000000     0.000000000000     0.000000000000 )

    1    1
     0.6353735100830996     0.0000000000000000        0.0000000000000000     0.0000000000000000        0.0000000000000002     0.0000000000000000
    -0.0000000000000001     0.0000000000000000        0.6353735101273047     0.0000000000000000        0.0000000000000001     0.0000000000000000
     0.0000000000000002     0.0000000000000000        0.0000000000000001     0.0000000000000000        0.6112720960896417     0.0000000000000000
    1    2
    -0.0037209938806384     0.0000000000000000        0.0000000000000000     0.0000000000000000       -0.0000000000000000     0.0000000000000000
    -0.0000000000000000     0.0000000000000000       -0.0037209938808972     0.0000000000000000       -0.0000000000000000     0.0000000000000000
    -0.0000000000000000     0.0000000000000000       -0.0000000000000000     0.0000000000000000       -0.0772132482367671     0.0000000000000000
    1    3
    -0.0037209938806384     0.0000000000000000        0.0000000000000000     0.0000000000000000       -0.0000000000000000     0.0000000000000000
     0.0000000000000000     0.0000000000000000       -0.0037209938808973     0.0000000000000000       -0.0000000000000000     0.0000000000000000
    -0.0000000000000000     0.0000000000000000       -0.0000000000000000     0.0000000000000000       -0.0772132482367671     0.0000000000000000
    1    4
    -0.0679220355857667     0.0000000000000000        0.0000000000000000     0.0000000000000000       -0.0000000000000000     0.0000000000000000
     0.0000000000000000     0.0000000000000000       -0.0679220355904922     0.0000000000000000       -0.0000000000000000     0.0000000000000000
    -0.0000000000000000     0.0000000000000000       -0.0000000000000000     0.0000000000000000       -0.0271998031217160     0.0000000000000000
    1    5
    -0.0679220355857667     0.0000000000000000        0.0000000000000000     0.0000000000000000       -0.0000000000000000     0.0000000000000000
     0.0000000000000000     0.0000000000000000       -0.0679220355904922     0.0000000000000000       -0.0000000000000000     0.0000000000000000
    -0.0000000000000000     0.0000000000000000       -0.0000000000000000     0.0000000000000000       -0.0271998031217160     0.0000000000000000
    1    6
    -0.0614240189107875     0.0000000000000000        0.0356638896359135     0.0000000000000000       -0.0111941297145225     0.0000000000000000
     0.0356638896359135     0.0000000000000000       -0.1026051314797810     0.0000000000000000       -0.0064629338042480     0.0000000000000000
    -0.0116847840519996     0.0000000000000000       -0.0067462132180793     0.0000000000000000       -0.0670743322287793     0.0000000000000000
    1    7
    -0.1231956877535699     0.0000000000000000        0.0000000000000000     0.0000000000000000       -0.0000000000000000     0.0000000000000000
    -0.0000000000000000     0.0000000000000000       -0.0408334626327009     0.0000000000000000        0.0129258676084959     0.0000000000000000
    -0.0000000000000000     0.0000000000000000        0.0134924264361586     0.0000000000000000       -0.0670743322287793     0.0000000000000000
    1    8
    -0.0614240189107874     0.0000000000000000       -0.0356638896359135     0.0000000000000000        0.0111941297145224     0.0000000000000000
    -0.0356638896359135     0.0000000000000000       -0.1026051314797810     0.0000000000000000       -0.0064629338042480     0.0000000000000000
     0.0116847840519996     0.0000000000000000       -0.0067462132180793     0.0000000000000000       -0.0670743322287793     0.0000000000000000
    1    9
    -0.1231956877535699     0.0000000000000000        0.0000000000000000     0.0000000000000000       -0.0000000000000000     0.0000000000000000
    -0.0000000000000000     0.0000000000000000       -0.0408334626327009     0.0000000000000000        0.0129258676084959     0.0000000000000000
    -0.0000000000000000     0.0000000000000000        0.0134924264361586     0.0000000000000000       -0.0670743322287793     0.0000000000000000
    1   10
    -0.0614240189107875     0.0000000000000000       -0.0356638896359135     0.0000000000000000        0.0111941297145224     0.0000000000000000
    -0.0356638896359135     0.0000000000000000       -0.1026051314797810     0.0000000000000000       -0.0064629338042480     0.0000000000000000
     0.0116847840519996     0.0000000000000000       -0.0067462132180793     0.0000000000000000       -0.0670743322287793     0.0000000000000000
    1   11
    -0.0614240189107875     0.0000000000000000        0.0356638896359135     0.0000000000000000       -0.0111941297145225     0.0000000000000000
     0.0356638896359135     0.0000000000000000       -0.1026051314797810     0.0000000000000000       -0.0064629338042480     0.0000000000000000
    -0.0116847840519996     0.0000000000000000       -0.0067462132180793     0.0000000000000000       -0.0670743322287793     0.0000000000000000
    2    1
    -0.0037209938806383     0.0000000000000000        0.0000000000000000     0.0000000000000000       -0.0000000000000000     0.0000000000000000
     0.0000000000000000     0.0000000000000000       -0.0037209938808972     0.0000000000000000       -0.0000000000000000     0.0000000000000000
    -0.0000000000000000     0.0000000000000000       -0.0000000000000000     0.0000000000000000       -0.0772132482367671     0.0000000000000000
    2    2
     0.0519953214374191     0.0000000000000000        0.0000000000000000     0.0000000000000000        0.0000000000000000     0.0000000000000000
     0.0000000000000000     0.0000000000000000        0.0519953214410366     0.0000000000000000        0.0000000000000000     0.0000000000000000
     0.0000000000000000     0.0000000000000000        0.0000000000000000     0.0000000000000000        0.1283326910595351     0.0000000000000000
    2    3
    -0.0194738439171578     0.0000000000000000        0.0000000000000000     0.0000000000000000       -0.0000000000000000     0.0000000000000000
     0.0000000000000000     0.0000000000000000       -0.0194738439185127     0.0000000000000000       -0.0000000000000000     0.0000000000000000
    -0.0000000000000000     0.0000000000000000       -0.0000000000000000     0.0000000000000000       -0.0135874984112709     0.0000000000000000
    2    4
     0.0074995426970059     0.0000000000000000        0.0000000000000000     0.0000000000000000        0.0000000000000000     0.0000000000000000
     0.0000000000000000     0.0000000000000000        0.0074995426975277     0.0000000000000000        0.0000000000000000     0.0000000000000000
     0.0000000000000000     0.0000000000000000        0.0000000000000000     0.0000000000000000        0.0063111239981208     0.0000000000000000
    2    5
    -0.0299415944216815     0.0000000000000000        0.0000000000000000     0.0000000000000000       -0.0000000000000000     0.0000000000000000
     0.0000000000000000     0.0000000000000000       -0.0299415944237646     0.0000000000000000       -0.0000000000000000     0.0000000000000000
    -0.0000000000000000     0.0000000000000000       -0.0000000000000000     0.0000000000000000       -0.0042506186667887     0.0000000000000000
    2    6
     0.0018778367083091     0.0000000000000000        0.0092308212695394     0.0000000000000000       -0.0028956253035872     0.0000000000000000
     0.0092308212695394     0.0000000000000000       -0.0087809975815508     0.0000000000000000       -0.0016717900485565     0.0000000000000000
    -0.0079213231583067     0.0000000000000000       -0.0045733780579455     0.0000000000000000       -0.0220122274458914     0.0000000000000000
    2    7
    -0.0141104147255644     0.0000000000000000        0.0000000000000000     0.0000000000000000       -0.0000000000000000     0.0000000000000000
    -0.0000000000000000     0.0000000000000000        0.0072072538534351     0.0000000000000000        0.0033435800971130     0.0000000000000000
    -0.0000000000000000     0.0000000000000000        0.0091467561158910     0.0000000000000000       -0.0220122274458914     0.0000000000000000
    2    8
     0.0018778367083092     0.0000000000000000       -0.0092308212695394     0.0000000000000000        0.0028956253035872     0.0000000000000000
    -0.0092308212695394     0.0000000000000000       -0.0087809975815508     0.0000000000000000       -0.0016717900485565     0.0000000000000000
     0.0079213231583067     0.0000000000000000       -0.0045733780579455     0.0000000000000000       -0.0220122274458914     0.0000000000000000
    2    9
     0.0094036715435613     0.0000000000000000       -0.0000000000000000     0.0000000000000000        0.0000000000000000     0.0000000000000000
     0.0000000000000000     0.0000000000000000       -0.0067394652813644     0.0000000000000000       -0.0020375323149536     0.0000000000000000
     0.0000000000000000     0.0000000000000000       -0.0063257021002570     0.0000000000000000        0.0088147441982817     0.0000000000000000
    2   10
    -0.0027036810747813     0.0000000000000000        0.0069901832936170     0.0000000000000000       -0.0017645547457202     0.0000000000000000
     0.0069901832936170     0.0000000000000000        0.0053678873378206     0.0000000000000000        0.0010187661574768     0.0000000000000000
    -0.0054782187154046     0.0000000000000000        0.0031628510501285     0.0000000000000000        0.0088147441982817     0.0000000000000000
    2   11
    -0.0027036810747813     0.0000000000000000       -0.0069901832936170     0.0000000000000000        0.0017645547457202     0.0000000000000000
    -0.0069901832936170     0.0000000000000000        0.0053678873378206     0.0000000000000000        0.0010187661574768     0.0000000000000000
     0.0054782187154046     0.0000000000000000        0.0031628510501285     0.0000000000000000        0.0088147441982817     0.0000000000000000
    3    1
    -0.0037209938806383     0.0000000000000000        0.0000000000000000     0.0000000000000000       -0.0000000000000000     0.0000000000000000
    -0.0000000000000000     0.0000000000000000       -0.0037209938808973     0.0000000000000000       -0.0000000000000000     0.0000000000000000
    -0.0000000000000000     0.0000000000000000       -0.0000000000000000     0.0000000000000000       -0.0772132482367671     0.0000000000000000
    3    2
    -0.0194738439171578     0.0000000000000000        0.0000000000000000     0.0000000000000000       -0.0000000000000000     0.0000000000000000
     0.0000000000000000     0.0000000000000000       -0.0194738439185127     0.0000000000000000       -0.0000000000000000     0.0000000000000000
    -0.0000000000000000     0.0000000000000000       -0.0000000000000000     0.0000000000000000       -0.0135874984112709     0.0000000000000000
    3    3
     0.0519953214374191     0.0000000000000000        0.0000000000000000     0.0000000000000000        0.0000000000000000     0.0000000000000000
     0.0000000000000000     0.0000000000000000        0.0519953214410366     0.0000000000000000        0.0000000000000000     0.0000000000000000
     0.0000000000000000     0.0000000000000000        0.0000000000000000     0.0000000000000000        0.1283326910595351     0.0000000000000000
    3    4
    -0.0299415944216815     0.0000000000000000        0.0000000000000000     0.0000000000000000       -0.0000000000000000     0.0000000000000000
     0.0000000000000000     0.0000000000000000       -0.0299415944237646     0.0000000000000000       -0.0000000000000000     0.0000000000000000
    -0.0000000000000000     0.0000000000000000       -0.0000000000000000     0.0000000000000000       -0.0042506186667887     0.0000000000000000
    3    5
     0.0074995426970059     0.0000000000000000        0.0000000000000000     0.0000000000000000        0.0000000000000000     0.0000000000000000
     0.0000000000000000     0.0000000000000000        0.0074995426975277     0.0000000000000000        0.0000000000000000     0.0000000000000000
     0.0000000000000000     0.0000000000000000        0.0000000000000000     0.0000000000000000        0.0063111239981208     0.0000000000000000
    3    6
    -0.0027036810747813     0.0000000000000000       -0.0069901832936170     0.0000000000000000        0.0017645547457202     0.0000000000000000
    -0.0069901832936170     0.0000000000000000        0.0053678873378206     0.0000000000000000        0.0010187661574768     0.0000000000000000
     0.0054782187154046     0.0000000000000000        0.0031628510501285     0.0000000000000000        0.0088147441982817     0.0000000000000000
    3    7
     0.0094036715435613     0.0000000000000000       -0.0000000000000000     0.0000000000000000        0.0000000000000000     0.0000000000000000
     0.0000000000000000     0.0000000000000000       -0.0067394652813644     0.0000000000000000       -0.0020375323149536     0.0000000000000000
     0.0000000000000000     0.0000000000000000       -0.0063257021002570     0.0000000000000000        0.0088147441982817     0.0000000000000000
    3    8
    -0.0027036810747813     0.0000000000000000        0.0069901832936170     0.0000000000000000       -0.0017645547457202     0.0000000000000000
     0.0069901832936170     0.0000000000000000        0.0053678873378206     0.0000000000000000        0.0010187661574768     0.0000000000000000
    -0.0054782187154046     0.0000000000000000        0.0031628510501285     0.0000000000000000        0.0088147441982817     0.0000000000000000
    3    9
    -0.0141104147255644     0.0000000000000000        0.0000000000000000     0.0000000000000000       -0.0000000000000000     0.0000000000000000
     0.0000000000000000     0.0000000000000000        0.0072072538534351     0.0000000000000000        0.0033435800971130     0.0000000000000000
    -0.0000000000000000     0.0000000000000000        0.0091467561158910     0.0000000000000000       -0.0220122274458914     0.0000000000000000
    3   10
     0.0018778367083092     0.0000000000000000       -0.0092308212695394     0.0000000000000000        0.0028956253035872     0.0000000000000000
    -0.0092308212695394     0.0000000000000000       -0.0087809975815508     0.0000000000000000       -0.0016717900485565     0.0000000000000000
     0.0079213231583067     0.0000000000000000       -0.0045733780579455     0.0000000000000000       -0.0220122274458914     0.0000000000000000
    3   11
     0.0018778367083091     0.0000000000000000        0.0092308212695394     0.0000000000000000       -0.0028956253035872     0.0000000000000000
     0.0092308212695394     0.0000000000000000       -0.0087809975815508     0.0000000000000000       -0.0016717900485565     0.0000000000000000
    -0.0079213231583067     0.0000000000000000       -0.0045733780579455     0.0000000000000000       -0.0220122274458914     0.0000000000000000
    4    1
    -0.0679220355857667     0.0000000000000000        0.0000000000000000     0.0000000000000000       -0.0000000000000000     0.0000000000000000
     0.0000000000000000     0.0000000000000000       -0.0679220355904922     0.0000000000000000       -0.0000000000000000     0.0000000000000000
    -0.0000000000000000     0.0000000000000000       -0.0000000000000000     0.0000000000000000       -0.0271998031217160     0.0000000000000000
    4    2
     0.0074995426970059     0.0000000000000000        0.0000000000000000     0.0000000000000000        0.0000000000000000     0.0000000000000000
     0.0000000000000000     0.0000000000000000        0.0074995426975277     0.0000000000000000        0.0000000000000000     0.0000000000000000
     0.0000000000000000     0.0000000000000000        0.0000000000000000     0.0000000000000000        0.0063111239981208     0.0000000000000000
    4    3
    -0.0299415944216815     0.0000000000000000        0.0000000000000000     0.0000000000000000       -0.0000000000000000     0.0000000000000000
     0.0000000000000000     0.0000000000000000       -0.0299415944237646     0.0000000000000000       -0.0000000000000000     0.0000000000000000
    -0.0000000000000000     0.0000000000000000       -0.0000000000000000     0.0000000000000000       -0.0042506186667887     0.0000000000000000
    4    4
     0.0974082796567803     0.0000000000000000        0.0000000000000000     0.0000000000000000        0.0000000000000000     0.0000000000000000
    -0.0000000000000000     0.0000000000000000        0.0974082796635573     0.0000000000000000        0.0000000000000000     0.0000000000000000
     0.0000000000000000     0.0000000000000000        0.0000000000000000     0.0000000000000000        0.1185919931733962     0.0000000000000000
    4    5
    -0.0067819427043361     0.0000000000000000        0.0000000000000000     0.0000000000000000       -0.0000000000000000     0.0000000000000000
     0.0000000000000000     0.0000000000000000       -0.0067819427048079     0.0000000000000000       -0.0000000000000000     0.0000000000000000
    -0.0000000000000000     0.0000000000000000       -0.0000000000000000     0.0000000000000000       -0.0135730274824757     0.0000000000000000
    4    6
    -0.0006595372901543     0.0000000000000000       -0.0032128027285552     0.0000000000000000        0.0018306541678734     0.0000000000000000
    -0.0032128027285552     0.0000000000000000        0.0030502877502978     0.0000000000000000        0.0010569286766516     0.0000000000000000
    -0.0079579606775281     0.0000000000000000       -0.0045945307395311     0.0000000000000000        0.0081991841255352     0.0000000000000000
    4    7
     0.0049052002702055     0.0000000000000000        0.0000000000000000     0.0000000000000000        0.0000000000000000     0.0000000000000000
     0.0000000000000000     0.0000000000000000       -0.0025144498104492     0.0000000000000000       -0.0021138573533032     0.0000000000000000
     0.0000000000000000     0.0000000000000000        0.0091890614790623     0.0000000000000000        0.0081991841255352     0.0000000000000000
    4    8
    -0.0006595372901543     0.0000000000000000        0.0032128027285551     0.0000000000000000       -0.0018306541678734     0.0000000000000000
     0.0032128027285552     0.0000000000000000        0.0030502877502978     0.0000000000000000        0.0010569286766516     0.0000000000000000
     0.0079579606775281     0.0000000000000000       -0.0045945307395311     0.0000000000000000        0.0081991841255352     0.0000000000000000
    4    9
     0.0085358127357000     0.0000000000000000       -0.0000000000000000     0.0000000000000000       -0.0000000000000000     0.0000000000000000
    -0.0000000000000000     0.0000000000000000       -0.0111013962910716     0.0000000000000000       -0.0249451553751813     0.0000000000000000
    -0.0000000000000000     0.0000000000000000       -0.0324946986693391     0.0000000000000000       -0.0348257400923807     0.0000000000000000
    4   10
    -0.0061920940337995     0.0000000000000000        0.0085031609382660     0.0000000000000000       -0.0216031382555055     0.0000000000000000
     0.0085031609382660     0.0000000000000000        0.0036265104794525     0.0000000000000000        0.0124725776875907     0.0000000000000000
    -0.0281412345349891     0.0000000000000000        0.0162473493346695     0.0000000000000000       -0.0348257400923807     0.0000000000000000
    4   11
    -0.0061920940337994     0.0000000000000000       -0.0085031609382660     0.0000000000000000        0.0216031382555054     0.0000000000000000
    -0.0085031609382660     0.0000000000000000        0.0036265104794525     0.0000000000000000        0.0124725776875907     0.0000000000000000
     0.0281412345349891     0.0000000000000000        0.0162473493346695     0.0000000000000000       -0.0348257400923807     0.0000000000000000
    5    1
    -0.0679220355857667     0.0000000000000000        0.0000000000000000     0.0000000000000000       -0.0000000000000000     0.0000000000000000
     0.0000000000000000     0.0000000000000000       -0.0679220355904922     0.0000000000000000       -0.0000000000000000     0.0000000000000000
    -0.0000000000000000     0.0000000000000000       -0.0000000000000000     0.0000000000000000       -0.0271998031217160     0.0000000000000000
    5    2
    -0.0299415944216815     0.0000000000000000        0.0000000000000000     0.0000000000000000       -0.0000000000000000     0.0000000000000000
     0.0000000000000000     0.0000000000000000       -0.0299415944237646     0.0000000000000000       -0.0000000000000000     0.0000000000000000
    -0.0000000000000000     0.0000000000000000       -0.0000000000000000     0.0000000000000000       -0.0042506186667887     0.0000000000000000
    5    3
     0.0074995426970059     0.0000000000000000        0.0000000000000000     0.0000000000000000        0.0000000000000000     0.0000000000000000
     0.0000000000000000     0.0000000000000000        0.0074995426975277     0.0000000000000000        0.0000000000000000     0.0000000000000000
     0.0000000000000000     0.0000000000000000        0.0000000000000000     0.0000000000000000        0.0063111239981208     0.0000000000000000
    5    4
    -0.0067819427043361     0.0000000000000000        0.0000000000000000     0.0000000000000000       -0.0000000000000000     0.0000000000000000
     0.0000000000000000     0.0000000000000000       -0.0067819427048079     0.0000000000000000       -0.0000000000000000     0.0000000000000000
    -0.0000000000000000     0.0000000000000000       -0.0000000000000000     0.0000000000000000       -0.0135730274824757     0.0000000000000000
    5    5
     0.0974082796567803     0.0000000000000000       -0.0000000000000000     0.0000000000000000        0.0000000000000000     0.0000000000000000
    -0.0000000000000000     0.0000000000000000        0.0974082796635573     0.0000000000000000        0.0000000000000000     0.0000000000000000
     0.0000000000000000     0.0000000000000000        0.0000000000000000     0.0000000000000000        0.1185919931733962     0.0000000000000000
    5    6
    -0.0061920940337994     0.0000000000000000       -0.0085031609382660     0.0000000000000000        0.0216031382555055     0.0000000000000000
    -0.0085031609382660     0.0000000000000000        0.0036265104794525     0.0000000000000000        0.0124725776875907     0.0000000000000000
     0.0281412345349891     0.0000000000000000        0.0162473493346695     0.0000000000000000       -0.0348257400923807     0.0000000000000000
    5    7
     0.0085358127357000     0.0000000000000000       -0.0000000000000000     0.0000000000000000       -0.0000000000000000     0.0000000000000000
    -0.0000000000000000     0.0000000000000000       -0.0111013962910716     0.0000000000000000       -0.0249451553751813     0.0000000000000000
    -0.0000000000000000     0.0000000000000000       -0.0324946986693391     0.0000000000000000       -0.0348257400923807     0.0000000000000000
    5    8
    -0.0061920940337995     0.0000000000000000        0.0085031609382660     0.0000000000000000       -0.0216031382555055     0.0000000000000000
     0.0085031609382660     0.0000000000000000        0.0036265104794525     0.0000000000000000        0.0124725776875907     0.0000000000000000
    -0.0281412345349891     0.0000000000000000        0.0162473493346695     0.0000000000000000       -0.0348257400923807     0.0000000000000000
    5    9
     0.0049052002702055     0.0000000000000000        0.0000000000000000     0.0000000000000000        0.0000000000000000     0.0000000000000000
    -0.0000000000000000     0.0000000000000000       -0.0025144498104492     0.0000000000000000       -0.0021138573533032     0.0000000000000000
     0.0000000000000000     0.0000000000000000        0.0091890614790623     0.0000000000000000        0.0081991841255352     0.0000000000000000
    5   10
    -0.0006595372901543     0.0000000000000000        0.0032128027285551     0.0000000000000000       -0.0018306541678734     0.0000000000000000
     0.0032128027285552     0.0000000000000000        0.0030502877502978     0.0000000000000000        0.0010569286766516     0.0000000000000000
     0.0079579606775281     0.0000000000000000       -0.0045945307395311     0.0000000000000000        0.0081991841255352     0.0000000000000000
    5   11
    -0.0006595372901543     0.0000000000000000       -0.0032128027285552     0.0000000000000000        0.0018306541678734     0.0000000000000000
    -0.0032128027285552     0.0000000000000000        0.0030502877502978     0.0000000000000000        0.0010569286766516     0.0000000000000000
    -0.0079579606775281     0.0000000000000000       -0.0045945307395311     0.0000000000000000        0.0081991841255352     0.0000000000000000
    6    1
    -0.0614240189107875     0.0000000000000000        0.0356638896359135     0.0000000000000000       -0.0116847840519996     0.0000000000000000
     0.0356638896359135     0.0000000000000000       -0.1026051314797810     0.0000000000000000       -0.0067462132180793     0.0000000000000000
    -0.0111941297145225     0.0000000000000000       -0.0064629338042480     0.0000000000000000       -0.0670743322287793     0.0000000000000000
    6    2
     0.0018778367083091     0.0000000000000000        0.0092308212695394     0.0000000000000000       -0.0079213231583067     0.0000000000000000
     0.0092308212695394     0.0000000000000000       -0.0087809975815508     0.0000000000000000       -0.0045733780579455     0.0000000000000000
    -0.0028956253035872     0.0000000000000000       -0.0016717900485565     0.0000000000000000       -0.0220122274458914     0.0000000000000000
    6    3
    -0.0027036810747813     0.0000000000000000       -0.0069901832936170     0.0000000000000000        0.0054782187154046     0.0000000000000000
    -0.0069901832936170     0.0000000000000000        0.0053678873378206     0.0000000000000000        0.0031628510501285     0.0000000000000000
     0.0017645547457202     0.0000000000000000        0.0010187661574768     0.0000000000000000        0.0088147441982817     0.0000000000000000
    6    4
    -0.0006595372901543     0.0000000000000000       -0.0032128027285552     0.0000000000000000       -0.0079579606775281     0.0000000000000000
    -0.0032128027285552     0.0000000000000000        0.0030502877502978     0.0000000000000000       -0.0045945307395311     0.0000000000000000
     0.0018306541678734     0.0000000000000000        0.0010569286766516     0.0000000000000000        0.0081991841255352     0.0000000000000000
    6    5
    -0.0061920940337994     0.0000000000000000       -0.0085031609382660     0.0000000000000000        0.0281412345349891     0.0000000000000000
    -0.0085031609382660     0.0000000000000000        0.0036265104794525     0.0000000000000000        0.0162473493346695     0.0000000000000000
     0.0216031382555054     0.0000000000000000        0.0124725776875907     0.0000000000000000       -0.0348257400923807     0.0000000000000000
    6    6
     0.1509258439741179     0.0000000000000000        0.0027606918775294     0.0000000000000000       -0.0127595904373774     0.0000000000000000
     0.0027606918775294     0.0000000000000000        0.1477380715872250     0.0000000000000000       -0.0073667529740255     0.0000000000000000
    -0.0127595904373774     0.0000000000000000       -0.0073667529740255     0.0000000000000000        0.1017899161711962     0.0000000000000000
    6    7
    -0.0126351840898871     0.0000000000000000       -0.0383832817524760     0.0000000000000000        0.0017597524232526     0.0000000000000000
    -0.0218759387547890     0.0000000000000000       -0.0474258612730029     0.0000000000000000       -0.0023255117476804     0.0000000000000000
     0.0028938284618466     0.0000000000000000       -0.0003612344291208     0.0000000000000000        0.0071896605649575     0.0000000000000000
    6    8
    -0.0648211998596114     0.0000000000000000        0.0082536714988435     0.0000000000000000       -0.0011340760385940     0.0000000000000000
    -0.0082536714988435     0.0000000000000000        0.0047601545003522     0.0000000000000000        0.0026867461768012     0.0000000000000000
     0.0011340760385940     0.0000000000000000        0.0026867461768012     0.0000000000000000        0.0071896605649575     0.0000000000000000
    6    9
    -0.0012358018010194     0.0000000000000000        0.0037376818086395     0.0000000000000000        0.0048342774703769     0.0000000000000000
     0.0052873043534069     0.0000000000000000        0.0039747763891660     0.0000000000000000        0.0004634270131981     0.0000000000000000
     0.0020157991689729     0.0000000000000000       -0.0044183206050339     0.0000000000000000        0.0013088881439374     0.0000000000000000
    6   10
     0.0065800654838439     0.0000000000000000        0.0007748112723837     0.0000000000000000        0.0028184783014041     0.0000000000000000
    -0.0007748112723837     0.0000000000000000       -0.0038410908962410     0.0000000000000000        0.0039548935918358     0.0000000000000000
    -0.0028184783014041     0.0000000000000000        0.0039548935918358     0.0000000000000000        0.0013088881439374     0.0000000000000000
    6   11
    -0.0097122291062304     0.0000000000000000       -0.0033321386499347     0.0000000000000000       -0.0015742270816214     0.0000000000000000
    -0.0033321386499347     0.0000000000000000       -0.0058646068137384     0.0000000000000000       -0.0009088804293714     0.0000000000000000
    -0.0015742270816214     0.0000000000000000       -0.0009088804293714     0.0000000000000000       -0.0118886421457514     0.0000000000000000
    7    1
    -0.1231956877535699     0.0000000000000000        0.0000000000000000     0.0000000000000000       -0.0000000000000000     0.0000000000000000
    -0.0000000000000000     0.0000000000000000       -0.0408334626327009     0.0000000000000000        0.0134924264361586     0.0000000000000000
    -0.0000000000000000     0.0000000000000000        0.0129258676084959     0.0000000000000000       -0.0670743322287793     0.0000000000000000
    7    2
    -0.0141104147255644     0.0000000000000000       -0.0000000000000000     0.0000000000000000       -0.0000000000000000     0.0000000000000000
     0.0000000000000000     0.0000000000000000        0.0072072538534351     0.0000000000000000        0.0091467561158910     0.0000000000000000
    -0.0000000000000000     0.0000000000000000        0.0033435800971130     0.0000000000000000       -0.0220122274458914     0.0000000000000000
    7    3
     0.0094036715435613     0.0000000000000000        0.0000000000000000     0.0000000000000000        0.0000000000000000     0.0000000000000000
    -0.0000000000000000     0.0000000000000000       -0.0067394652813644     0.0000000000000000       -0.0063257021002570     0.0000000000000000
     0.0000000000000000     0.0000000000000000       -0.0020375323149536     0.0000000000000000        0.0088147441982817     0.0000000000000000
    7    4
     0.0049052002702055     0.0000000000000000        0.0000000000000000     0.0000000000000000        0.0000000000000000     0.0000000000000000
     0.0000000000000000     0.0000000000000000       -0.0025144498104492     0.0000000000000000        0.0091890614790623     0.0000000000000000
     0.0000000000000000     0.0000000000000000       -0.0021138573533032     0.0000000000000000        0.0081991841255352     0.0000000000000000
    7    5
     0.0085358127357000     0.0000000000000000       -0.0000000000000000     0.0000000000000000       -0.0000000000000000     0.0000000000000000
    -0.0000000000000000     0.0000000000000000       -0.0111013962910716     0.0000000000000000       -0.0324946986693391     0.0000000000000000
    -0.0000000000000000     0.0000000000000000       -0.0249451553751813     0.0000000000000000       -0.0348257400923807     0.0000000000000000
    7    6
    -0.0126351840898871     0.0000000000000000       -0.0218759387547890     0.0000000000000000        0.0028938284618466     0.0000000000000000
    -0.0383832817524760     0.0000000000000000       -0.0474258612730029     0.0000000000000000       -0.0003612344291208     0.0000000000000000
     0.0017597524232526     0.0000000000000000       -0.0023255117476804     0.0000000000000000        0.0071896605649575     0.0000000000000000
    7    7
     0.1461441853783606     0.0000000000000000       -0.0000000000000000     0.0000000000000000        0.0000000000000000     0.0000000000000000
    -0.0000000000000000     0.0000000000000000        0.1525197301833149     0.0000000000000000        0.0147335059480510     0.0000000000000000
     0.0000000000000000     0.0000000000000000        0.0147335059480510     0.0000000000000000        0.1017899161711962     0.0000000000000000
    7    8
    -0.0126351840898871     0.0000000000000000        0.0218759387547890     0.0000000000000000       -0.0028938284618466     0.0000000000000000
     0.0383832817524760     0.0000000000000000       -0.0474258612730029     0.0000000000000000       -0.0003612344291208     0.0000000000000000
    -0.0017597524232526     0.0000000000000000       -0.0023255117476804     0.0000000000000000        0.0071896605649575     0.0000000000000000
    7    9
    -0.0039407956668803     0.0000000000000000       -0.0000000000000000     0.0000000000000000       -0.0000000000000000     0.0000000000000000
     0.0000000000000000     0.0000000000000000       -0.0116360402534900     0.0000000000000000        0.0018177608587427     0.0000000000000000
    -0.0000000000000000     0.0000000000000000        0.0018177608587427     0.0000000000000000       -0.0118886421457514     0.0000000000000000
    7   10
    -0.0012358018010194     0.0000000000000000       -0.0052873043534069     0.0000000000000000       -0.0020157991689729     0.0000000000000000
    -0.0037376818086395     0.0000000000000000        0.0039747763891660     0.0000000000000000       -0.0044183206050339     0.0000000000000000
    -0.0048342774703769     0.0000000000000000        0.0004634270131981     0.0000000000000000        0.0013088881439374     0.0000000000000000
    7   11
    -0.0012358018010194     0.0000000000000000        0.0052873043534069     0.0000000000000000        0.0020157991689729     0.0000000000000000
     0.0037376818086395     0.0000000000000000        0.0039747763891660     0.0000000000000000       -0.0044183206050339     0.0000000000000000
     0.0048342774703769     0.0000000000000000        0.0004634270131981     0.0000000000000000        0.0013088881439374     0.0000000000000000
    8    1
    -0.0614240189107874     0.0000000000000000       -0.0356638896359135     0.0000000000000000        0.0116847840519996     0.0000000000000000
    -0.0356638896359135     0.0000000000000000       -0.1026051314797810     0.0000000000000000       -0.0067462132180793     0.0000000000000000
     0.0111941297145224     0.0000000000000000       -0.0064629338042480     0.0000000000000000       -0.0670743322287793     0.0000000000000000
    8    2
     0.0018778367083092     0.0000000000000000       -0.0092308212695394     0.0000000000000000        0.0079213231583067     0.0000000000000000
    -0.0092308212695394     0.0000000000000000       -0.0087809975815508     0.0000000000000000       -0.0045733780579455     0.0000000000000000
     0.0028956253035872     0.0000000000000000       -0.0016717900485565     0.0000000000000000       -0.0220122274458914     0.0000000000000000
    8    3
    -0.0027036810747813     0.0000000000000000        0.0069901832936170     0.0000000000000000       -0.0054782187154046     0.0000000000000000
     0.0069901832936170     0.0000000000000000        0.0053678873378206     0.0000000000000000        0.0031628510501285     0.0000000000000000
    -0.0017645547457202     0.0000000000000000        0.0010187661574768     0.0000000000000000        0.0088147441982817     0.0000000000000000
    8    4
    -0.0006595372901543     0.0000000000000000        0.0032128027285552     0.0000000000000000        0.0079579606775281     0.0000000000000000
     0.0032128027285551     0.0000000000000000        0.0030502877502978     0.0000000000000000       -0.0045945307395311     0.0000000000000000
    -0.0018306541678734     0.0000000000000000        0.0010569286766516     0.0000000000000000        0.0081991841255352     0.0000000000000000
    8    5
    -0.0061920940337995     0.0000000000000000        0.0085031609382660     0.0000000000000000       -0.0281412345349891     0.0000000000000000
     0.0085031609382660     0.0000000000000000        0.0036265104794525     0.0000000000000000        0.0162473493346695     0.0000000000000000
    -0.0216031382555055     0.0000000000000000        0.0124725776875907     0.0000000000000000       -0.0348257400923807     0.0000000000000000
    8    6
    -0.0648211998596114     0.0000000000000000       -0.0082536714988435     0.0000000000000000        0.0011340760385940     0.0000000000000000
     0.0082536714988435     0.0000000000000000        0.0047601545003522     0.0000000000000000        0.0026867461768012     0.0000000000000000
    -0.0011340760385940     0.0000000000000000        0.0026867461768012     0.0000000000000000        0.0071896605649575     0.0000000000000000
    8    7
    -0.0126351840898871     0.0000000000000000        0.0383832817524760     0.0000000000000000       -0.0017597524232526     0.0000000000000000
     0.0218759387547890     0.0000000000000000       -0.0474258612730029     0.0000000000000000       -0.0023255117476804     0.0000000000000000
    -0.0028938284618466     0.0000000000000000       -0.0003612344291208     0.0000000000000000        0.0071896605649575     0.0000000000000000
    8    8
     0.1509258439741179     0.0000000000000000       -0.0027606918775294     0.0000000000000000        0.0127595904373774     0.0000000000000000
    -0.0027606918775294     0.0000000000000000        0.1477380715872250     0.0000000000000000       -0.0073667529740255     0.0000000000000000
     0.0127595904373774     0.0000000000000000       -0.0073667529740255     0.0000000000000000        0.1017899161711962     0.0000000000000000
    8    9
    -0.0012358018010194     0.0000000000000000       -0.0037376818086395     0.0000000000000000       -0.0048342774703769     0.0000000000000000
    -0.0052873043534069     0.0000000000000000        0.0039747763891660     0.0000000000000000        0.0004634270131981     0.0000000000000000
    -0.0020157991689729     0.0000000000000000       -0.0044183206050339     0.0000000000000000        0.0013088881439374     0.0000000000000000
    8   10
    -0.0097122291062304     0.0000000000000000        0.0033321386499347     0.0000000000000000        0.0015742270816214     0.0000000000000000
     0.0033321386499347     0.0000000000000000       -0.0058646068137384     0.0000000000000000       -0.0009088804293713     0.0000000000000000
     0.0015742270816214     0.0000000000000000       -0.0009088804293713     0.0000000000000000       -0.0118886421457514     0.0000000000000000
    8   11
     0.0065800654838439     0.0000000000000000       -0.0007748112723837     0.0000000000000000       -0.0028184783014041     0.0000000000000000
     0.0007748112723837     0.0000000000000000       -0.0038410908962410     0.0000000000000000        0.0039548935918358     0.0000000000000000
     0.0028184783014041     0.0000000000000000        0.0039548935918358     0.0000000000000000        0.0013088881439374     0.0000000000000000
    9    1
    -0.1231956877535699     0.0000000000000000        0.0000000000000000     0.0000000000000000       -0.0000000000000000     0.0000000000000000
    -0.0000000000000000     0.0000000000000000       -0.0408334626327009     0.0000000000000000        0.0134924264361586     0.0000000000000000
    -0.0000000000000000     0.0000000000000000        0.0129258676084959     0.0000000000000000       -0.0670743322287793     0.0000000000000000
    9    2
     0.0094036715435613     0.0000000000000000       -0.0000000000000000     0.0000000000000000        0.0000000000000000     0.0000000000000000
    -0.0000000000000000     0.0000000000000000       -0.0067394652813644     0.0000000000000000       -0.0063257021002570     0.0000000000000000
     0.0000000000000000     0.0000000000000000       -0.0020375323149536     0.0000000000000000        0.0088147441982817     0.0000000000000000
    9    3
    -0.0141104147255644     0.0000000000000000        0.0000000000000000     0.0000000000000000       -0.0000000000000000     0.0000000000000000
     0.0000000000000000     0.0000000000000000        0.0072072538534351     0.0000000000000000        0.0091467561158910     0.0000000000000000
    -0.0000000000000000     0.0000000000000000        0.0033435800971130     0.0000000000000000       -0.0220122274458914     0.0000000000000000
    9    4
     0.0085358127357000     0.0000000000000000       -0.0000000000000000     0.0000000000000000       -0.0000000000000000     0.0000000000000000
     0.0000000000000000     0.0000000000000000       -0.0111013962910716     0.0000000000000000       -0.0324946986693391     0.0000000000000000
    -0.0000000000000000     0.0000000000000000       -0.0249451553751813     0.0000000000000000       -0.0348257400923807     0.0000000000000000
    9    5
     0.0049052002702055     0.0000000000000000       -0.0000000000000000     0.0000000000000000        0.0000000000000000     0.0000000000000000
     0.0000000000000000     0.0000000000000000       -0.0025144498104492     0.0000000000000000        0.0091890614790623     0.0000000000000000
     0.0000000000000000     0.0000000000000000       -0.0021138573533032     0.0000000000000000        0.0081991841255352     0.0000000000000000
    9    6
    -0.0012358018010194     0.0000000000000000        0.0052873043534069     0.0000000000000000        0.0020157991689729     0.0000000000000000
     0.0037376818086395     0.0000000000000000        0.0039747763891660     0.0000000000000000       -0.0044183206050339     0.0000000000000000
     0.0048342774703769     0.0000000000000000        0.0004634270131981     0.0000000000000000        0.0013088881439374     0.0000000000000000
    9    7
    -0.0039407956668803     0.0000000000000000        0.0000000000000000     0.0000000000000000       -0.0000000000000000     0.0000000000000000
     0.0000000000000000     0.0000000000000000       -0.0116360402534900     0.0000000000000000        0.0018177608587427     0.0000000000000000
    -0.0000000000000000     0.0000000000000000        0.0018177608587427     0.0000000000000000       -0.0118886421457514     0.0000000000000000
    9    8
    -0.0012358018010194     0.0000000000000000       -0.0052873043534069     0.0000000000000000       -0.0020157991689729     0.0000000000000000
    -0.0037376818086395     0.0000000000000000        0.0039747763891660     0.0000000000000000       -0.0044183206050339     0.0000000000000000
    -0.0048342774703769     0.0000000000000000        0.0004634270131981     0.0000000000000000        0.0013088881439374     0.0000000000000000
    9    9
     0.1461441853783606     0.0000000000000000       -0.0000000000000000     0.0000000000000000        0.0000000000000000     0.0000000000000000
    -0.0000000000000000     0.0000000000000000        0.1525197301833149     0.0000000000000000        0.0147335059480510     0.0000000000000000
     0.0000000000000000     0.0000000000000000        0.0147335059480510     0.0000000000000000        0.1017899161711962     0.0000000000000000
    9   10
    -0.0126351840898871     0.0000000000000000        0.0218759387547890     0.0000000000000000       -0.0028938284618466     0.0000000000000000
     0.0383832817524760     0.0000000000000000       -0.0474258612730029     0.0000000000000000       -0.0003612344291208     0.0000000000000000
    -0.0017597524232526     0.0000000000000000       -0.0023255117476804     0.0000000000000000        0.0071896605649575     0.0000000000000000
    9   11
    -0.0126351840898871     0.0000000000000000       -0.0218759387547890     0.0000000000000000        0.0028938284618466     0.0000000000000000
    -0.0383832817524760     0.0000000000000000       -0.0474258612730029     0.0000000000000000       -0.0003612344291208     0.0000000000000000
     0.0017597524232526     0.0000000000000000       -0.0023255117476804     0.0000000000000000        0.0071896605649575     0.0000000000000000
   10    1
    -0.0614240189107874     0.0000000000000000       -0.0356638896359135     0.0000000000000000        0.0116847840519996     0.0000000000000000
    -0.0356638896359135     0.0000000000000000       -0.1026051314797810     0.0000000000000000       -0.0067462132180793     0.0000000000000000
     0.0111941297145224     0.0000000000000000       -0.0064629338042480     0.0000000000000000       -0.0670743322287793     0.0000000000000000
   10    2
    -0.0027036810747813     0.0000000000000000        0.0069901832936170     0.0000000000000000       -0.0054782187154046     0.0000000000000000
     0.0069901832936170     0.0000000000000000        0.0053678873378206     0.0000000000000000        0.0031628510501285     0.0000000000000000
    -0.0017645547457202     0.0000000000000000        0.0010187661574768     0.0000000000000000        0.0088147441982817     0.0000000000000000
   10    3
     0.0018778367083092     0.0000000000000000       -0.0092308212695394     0.0000000000000000        0.0079213231583067     0.0000000000000000
    -0.0092308212695394     0.0000000000000000       -0.0087809975815508     0.0000000000000000       -0.0045733780579455     0.0000000000000000
     0.0028956253035872     0.0000000000000000       -0.0016717900485565     0.0000000000000000       -0.0220122274458914     0.0000000000000000
   10    4
    -0.0061920940337995     0.0000000000000000        0.0085031609382660     0.0000000000000000       -0.0281412345349891     0.0000000000000000
     0.0085031609382660     0.0000000000000000        0.0036265104794525     0.0000000000000000        0.0162473493346695     0.0000000000000000
    -0.0216031382555055     0.0000000000000000        0.0124725776875907     0.0000000000000000       -0.0348257400923807     0.0000000000000000
   10    5
    -0.0006595372901543     0.0000000000000000        0.0032128027285552     0.0000000000000000        0.0079579606775281     0.0000000000000000
     0.0032128027285551     0.0000000000000000        0.0030502877502978     0.0000000000000000       -0.0045945307395311     0.0000000000000000
    -0.0018306541678734     0.0000000000000000        0.0010569286766516     0.0000000000000000        0.0081991841255352     0.0000000000000000
   10    6
     0.0065800654838439     0.0000000000000000       -0.0007748112723837     0.0000000000000000       -0.0028184783014041     0.0000000000000000
     0.0007748112723837     0.0000000000000000       -0.0038410908962410     0.0000000000000000        0.0039548935918358     0.0000000000000000
     0.0028184783014041     0.0000000000000000        0.0039548935918358     0.0000000000000000        0.0013088881439374     0.0000000000000000
   10    7
    -0.0012358018010194     0.0000000000000000       -0.0037376818086395     0.0000000000000000       -0.0048342774703769     0.0000000000000000
    -0.0052873043534069     0.0000000000000000        0.0039747763891660     0.0000000000000000        0.0004634270131981     0.0000000000000000
    -0.0020157991689729     0.0000000000000000       -0.0044183206050339     0.0000000000000000        0.0013088881439374     0.0000000000000000
   10    8
    -0.0097122291062304     0.0000000000000000        0.0033321386499347     0.0000000000000000        0.0015742270816214     0.0000000000000000
     0.0033321386499347     0.0000000000000000       -0.0058646068137384     0.0000000000000000       -0.0009088804293714     0.0000000000000000
     0.0015742270816214     0.0000000000000000       -0.0009088804293713     0.0000000000000000       -0.0118886421457514     0.0000000000000000
   10    9
    -0.0126351840898871     0.0000000000000000        0.0383832817524760     0.0000000000000000       -0.0017597524232526     0.0000000000000000
     0.0218759387547890     0.0000000000000000       -0.0474258612730029     0.0000000000000000       -0.0023255117476804     0.0000000000000000
    -0.0028938284618466     0.0000000000000000       -0.0003612344291208     0.0000000000000000        0.0071896605649575     0.0000000000000000
   10   10
     0.1509258439741179     0.0000000000000000       -0.0027606918775294     0.0000000000000000        0.0127595904373774     0.0000000000000000
    -0.0027606918775294     0.0000000000000000        0.1477380715872250     0.0000000000000000       -0.0073667529740255     0.0000000000000000
     0.0127595904373774     0.0000000000000000       -0.0073667529740255     0.0000000000000000        0.1017899161711962     0.0000000000000000
   10   11
    -0.0648211998596114     0.0000000000000000       -0.0082536714988435     0.0000000000000000        0.0011340760385940     0.0000000000000000
     0.0082536714988435     0.0000000000000000        0.0047601545003522     0.0000000000000000        0.0026867461768012     0.0000000000000000
    -0.0011340760385940     0.0000000000000000        0.0026867461768012     0.0000000000000000        0.0071896605649575     0.0000000000000000
   11    1
    -0.0614240189107875     0.0000000000000000        0.0356638896359135     0.0000000000000000       -0.0116847840519996     0.0000000000000000
     0.0356638896359135     0.0000000000000000       -0.1026051314797810     0.0000000000000000       -0.0067462132180793     0.0000000000000000
    -0.0111941297145225     0.0000000000000000       -0.0064629338042480     0.0000000000000000       -0.0670743322287793     0.0000000000000000
   11    2
    -0.0027036810747813     0.0000000000000000       -0.0069901832936170     0.0000000000000000        0.0054782187154046     0.0000000000000000
    -0.0069901832936170     0.0000000000000000        0.0053678873378206     0.0000000000000000        0.0031628510501285     0.0000000000000000
     0.0017645547457202     0.0000000000000000        0.0010187661574768     0.0000000000000000        0.0088147441982817     0.0000000000000000
   11    3
     0.0018778367083091     0.0000000000000000        0.0092308212695394     0.0000000000000000       -0.0079213231583067     0.0000000000000000
     0.0092308212695394     0.0000000000000000       -0.0087809975815508     0.0000000000000000       -0.0045733780579455     0.0000000000000000
    -0.0028956253035872     0.0000000000000000       -0.0016717900485565     0.0000000000000000       -0.0220122274458914     0.0000000000000000
   11    4
    -0.0061920940337994     0.0000000000000000       -0.0085031609382660     0.0000000000000000        0.0281412345349891     0.0000000000000000
    -0.0085031609382660     0.0000000000000000        0.0036265104794525     0.0000000000000000        0.0162473493346695     0.0000000000000000
     0.0216031382555054     0.0000000000000000        0.0124725776875907     0.0000000000000000       -0.0348257400923807     0.0000000000000000
   11    5
    -0.0006595372901543     0.0000000000000000       -0.0032128027285552     0.0000000000000000       -0.0079579606775281     0.0000000000000000
    -0.0032128027285552     0.0000000000000000        0.0030502877502978     0.0000000000000000       -0.0045945307395311     0.0000000000000000
     0.0018306541678734     0.0000000000000000        0.0010569286766516     0.0000000000000000        0.0081991841255352     0.0000000000000000
   11    6
    -0.0097122291062304     0.0000000000000000       -0.0033321386499347     0.0000000000000000       -0.0015742270816214     0.0000000000000000
    -0.0033321386499347     0.0000000000000000       -0.0058646068137384     0.0000000000000000       -0.0009088804293713     0.0000000000000000
    -0.0015742270816214     0.0000000000000000       -0.0009088804293713     0.0000000000000000       -0.0118886421457514     0.0000000000000000
   11    7
    -0.0012358018010194     0.0000000000000000        0.0037376818086395     0.0000000000000000        0.0048342774703769     0.0000000000000000
     0.0052873043534069     0.0000000000000000        0.0039747763891660     0.0000000000000000        0.0004634270131981     0.0000000000000000
     0.0020157991689729     0.0000000000000000       -0.0044183206050339     0.0000000000000000        0.0013088881439374     0.0000000000000000
   11    8
     0.0065800654838439     0.0000000000000000        0.0007748112723837     0.0000000000000000        0.0028184783014041     0.0000000000000000
    -0.0007748112723837     0.0000000000000000       -0.0038410908962410     0.0000000000000000        0.0039548935918358     0.0000000000000000
    -0.0028184783014041     0.0000000000000000        0.0039548935918358     0.0000000000000000        0.0013088881439374     0.0000000000000000
   11    9
    -0.0126351840898871     0.0000000000000000       -0.0383832817524760     0.0000000000000000        0.0017597524232526     0.0000000000000000
    -0.0218759387547890     0.0000000000000000       -0.0474258612730029     0.0000000000000000       -0.0023255117476804     0.0000000000000000
     0.0028938284618466     0.0000000000000000       -0.0003612344291208     0.0000000000000000        0.0071896605649575     0.0000000000000000
   11   10
    -0.0648211998596114     0.0000000000000000        0.0082536714988435     0.0000000000000000       -0.0011340760385940     0.0000000000000000
    -0.0082536714988435     0.0000000000000000        0.0047601545003522     0.0000000000000000        0.0026867461768012     0.0000000000000000
     0.0011340760385940     0.0000000000000000        0.0026867461768012     0.0000000000000000        0.0071896605649575     0.0000000000000000
   11   11
     0.1509258439741179     0.0000000000000000        0.0027606918775294     0.0000000000000000       -0.0127595904373774     0.0000000000000000
     0.0027606918775294     0.0000000000000000        0.1477380715872250     0.0000000000000000       -0.0073667529740255     0.0000000000000000
    -0.0127595904373774     0.0000000000000000       -0.0073667529740255     0.0000000000000000        0.1017899161711962     0.0000000000000000

     Diagonalizing the dynamical matrix

     q = (     0.000000000000     0.000000000000     0.000000000000 )

***************************************************************************
   freq (    1) =    -0.00000075 [THz] =    -0.00002498 [cm-1]
(  -0.000000  0.000000   0.215368  0.000000   0.211011  0.000000 )
(   0.000000  0.000000   0.215368  0.000000   0.211011  0.000000 )
(  -0.000000  0.000000   0.215368  0.000000   0.211011  0.000000 )
(  -0.000000  0.000000   0.215368  0.000000   0.211011  0.000000 )
(   0.000000  0.000000   0.215368  0.000000   0.211011  0.000000 )
(  -0.000000  0.000000   0.215368  0.000000   0.211011  0.000000 )
(  -0.000000  0.000000   0.215368  0.000000   0.211011  0.000000 )
(   0.000000  0.000000   0.215368  0.000000   0.211011  0.000000 )
(   0.000000  0.000000   0.215368  0.000000   0.211011  0.000000 )
(   0.000000  0.000000   0.215368  0.000000   0.211011  0.000000 )
(  -0.000000  0.000000   0.215368  0.000000   0.211011  0.000000 )
   freq (    2) =    -0.00000060 [THz] =    -0.00002006 [cm-1]
(   0.000000  0.000000   0.211011  0.000000  -0.215368  0.000000 )
(  -0.000000  0.000000   0.211011  0.000000  -0.215368  0.000000 )
(   0.000000  0.000000   0.211011  0.000000  -0.215368  0.000000 )
(   0.000000  0.000000   0.211011  0.000000  -0.215368  0.000000 )
(  -0.000000  0.000000   0.211011  0.000000  -0.215368  0.000000 )
(  -0.000000  0.000000   0.211011  0.000000  -0.215368  0.000000 )
(  -0.000000  0.000000   0.211011  0.000000  -0.215368  0.000000 )
(   0.000000  0.000000   0.211011  0.000000  -0.215368  0.000000 )
(  -0.000000  0.000000   0.211011  0.000000  -0.215368  0.000000 )
(   0.000000  0.000000   0.211011  0.000000  -0.215368  0.000000 )
(  -0.000000  0.000000   0.211011  0.000000  -0.215368  0.000000 )
   freq (    3) =     0.00000002 [THz] =     0.00000068 [cm-1]
(  -0.301511  0.000000  -0.000000  0.000000  -0.000000  0.000000 )
(  -0.301511  0.000000  -0.000000  0.000000  -0.000000  0.000000 )
(  -0.301511  0.000000  -0.000000  0.000000  -0.000000  0.000000 )
(  -0.301511  0.000000  -0.000000  0.000000  -0.000000  0.000000 )
(  -0.301511  0.000000  -0.000000  0.000000  -0.000000  0.000000 )
(  -0.301511  0.000000   0.000000  0.000000  -0.000000  0.000000 )
(  -0.301511  0.000000  -0.000000  0.000000  -0.000000  0.000000 )
(  -0.301511  0.000000  -0.000000  0.000000  -0.000000  0.000000 )
(  -0.301511  0.000000  -0.000000  0.000000  -0.000000  0.000000 )
(  -0.301511  0.000000  -0.000000  0.000000  -0.000000  0.000000 )
(  -0.301511  0.000000  -0.000000  0.000000  -0.000000  0.000000 )
   freq (    4) =    16.63212751 [THz] =   554.78797712 [cm-1]
(   0.013022  0.000000  -0.000000  0.000000   0.000000  0.000000 )
(  -0.637526  0.000000   0.000000  0.000000   0.000000  0.000000 )
(  -0.637526  0.000000   0.000000  0.000000   0.000000  0.000000 )
(  -0.271997  0.000000   0.000000  0.000000  -0.000000  0.000000 )
(  -0.271997  0.000000   0.000000  0.000000   0.000000  0.000000 )
(   0.001238  0.000000  -0.004946  0.000000   0.098350  0.000000 )
(   0.009805  0.000000  -0.000000  0.000000   0.000000  0.000000 )
(   0.001238  0.000000   0.004946  0.000000  -0.098350  0.000000 )
(   0.009805  0.000000  -0.000000  0.000000   0.000000  0.000000 )
(   0.001238  0.000000   0.004946  0.000000  -0.098350  0.000000 )
(   0.001238  0.000000  -0.004946  0.000000   0.098350  0.000000 )
   freq (    5) =    16.63212751 [THz] =   554.78797714 [cm-1]
(   0.000000  0.000000   0.013022  0.000000  -0.000000  0.000000 )
(  -0.000000  0.000000  -0.637526  0.000000  -0.000000  0.000000 )
(  -0.000000  0.000000  -0.637526  0.000000  -0.000000  0.000000 )
(  -0.000000  0.000000  -0.271997  0.000000   0.000000  0.000000 )
(  -0.000000  0.000000  -0.271997  0.000000   0.000000  0.000000 )
(  -0.004946  0.000000   0.006949  0.000000   0.056783  0.000000 )
(   0.000000  0.000000  -0.001617  0.000000  -0.113565  0.000000 )
(   0.004946  0.000000   0.006949  0.000000   0.056783  0.000000 )
(   0.000000  0.000000  -0.001617  0.000000  -0.113565  0.000000 )
(   0.004946  0.000000   0.006949  0.000000   0.056783  0.000000 )
(  -0.004946  0.000000   0.006949  0.000000   0.056783  0.000000 )
   freq (    6) =    19.57987682 [THz] =   653.11429615 [cm-1]
(   0.000000  0.000000  -0.000000  0.000000  -0.000000  0.000000 )
(   0.000000  0.000000  -0.000000  0.000000  -0.266974  0.000000 )
(  -0.000000  0.000000   0.000000  0.000000   0.266974  0.000000 )
(  -0.000000  0.000000   0.000000  0.000000   0.432767  0.000000 )
(   0.000000  0.000000  -0.000000  0.000000  -0.432767  0.000000 )
(   0.026995  0.000000   0.015585  0.000000  -0.281971  0.000000 )
(   0.000000  0.000000  -0.031171  0.000000  -0.281971  0.000000 )
(  -0.026995  0.000000   0.015585  0.000000  -0.281971  0.000000 )
(  -0.000000  0.000000   0.031171  0.000000   0.281971  0.000000 )
(   0.026995  0.000000  -0.015585  0.000000   0.281971  0.000000 )
(  -0.026995  0.000000  -0.015585  0.000000   0.281971  0.000000 )
   freq (    7) =    22.12513852 [THz] =   738.01507568 [cm-1]
(   0.000000  0.000000   0.000000  0.000000  -0.000000  0.000000 )
(   0.575532  0.000000   0.000006  0.000000   0.000000  0.000000 )
(  -0.575532  0.000000  -0.000006  0.000000   0.000000  0.000000 )
(  -0.378913  0.000000  -0.000004  0.000000   0.000000  0.000000 )
(   0.378913  0.000000   0.000004  0.000000   0.000000  0.000000 )
(  -0.004096  0.000000  -0.052189  0.000000  -0.078290  0.000000 )
(   0.086300  0.000000  -0.000000  0.000000   0.000001  0.000000 )
(  -0.004095  0.000000   0.052190  0.000000   0.078289  0.000000 )
(  -0.086300  0.000000   0.000000  0.000000  -0.000001  0.000000 )
(   0.004095  0.000000  -0.052190  0.000000  -0.078289  0.000000 )
(   0.004096  0.000000   0.052189  0.000000   0.078290  0.000000 )
   freq (    8) =    22.12513852 [THz] =   738.01507570 [cm-1]
(   0.000000  0.000000  -0.000000  0.000000   0.000000  0.000000 )
(  -0.000006  0.000000   0.575532  0.000000  -0.000000  0.000000 )
(   0.000006  0.000000  -0.575532  0.000000   0.000000  0.000000 )
(   0.000004  0.000000  -0.378913  0.000000   0.000000  0.000000 )
(  -0.000004  0.000000   0.378913  0.000000  -0.000000  0.000000 )
(  -0.052190  0.000000   0.056169  0.000000  -0.045200  0.000000 )
(  -0.000001  0.000000  -0.034227  0.000000   0.090401  0.000000 )
(   0.052190  0.000000   0.056168  0.000000  -0.045201  0.000000 )
(   0.000001  0.000000   0.034227  0.000000  -0.090401  0.000000 )
(  -0.052190  0.000000  -0.056168  0.000000   0.045201  0.000000 )
(   0.052190  0.000000  -0.056169  0.000000   0.045200  0.000000 )
   freq (    9) =    25.22636376 [THz] =   841.46080001 [cm-1]
(   0.006396  0.000000  -0.000000  0.000000  -0.000000  0.000000 )
(  -0.223567  0.000000  -0.000000  0.000000   0.000000  0.000000 )
(  -0.223567  0.000000   0.000000  0.000000   0.000000  0.000000 )
(   0.271592  0.000000  -0.000000  0.000000   0.000000  0.000000 )
(   0.271592  0.000000  -0.000000  0.000000   0.000000  0.000000 )
(  -0.199645  0.000000  -0.063625  0.000000  -0.374448  0.000000 )
(  -0.089443  0.000000   0.000000  0.000000  -0.000000  0.000000 )
(  -0.199645  0.000000   0.063625  0.000000   0.374448  0.000000 )
(  -0.089443  0.000000   0.000000  0.000000  -0.000000  0.000000 )
(  -0.199645  0.000000   0.063625  0.000000   0.374448  0.000000 )
(  -0.199645  0.000000  -0.063625  0.000000  -0.374448  0.000000 )
   freq (   10) =    25.22636376 [THz] =   841.46080002 [cm-1]
(   0.000000  0.000000  -0.006396  0.000000   0.000000  0.000000 )
(  -0.000000  0.000000   0.223567  0.000000  -0.000000  0.000000 )
(  -0.000000  0.000000   0.223567  0.000000  -0.000000  0.000000 )
(  -0.000000  0.000000  -0.271592  0.000000  -0.000000  0.000000 )
(  -0.000000  0.000000  -0.271592  0.000000  -0.000000  0.000000 )
(   0.063625  0.000000   0.126177  0.000000   0.216188  0.000000 )
(   0.000000  0.000000   0.236379  0.000000  -0.432375  0.000000 )
(  -0.063625  0.000000   0.126177  0.000000   0.216188  0.000000 )
(   0.000000  0.000000   0.236379  0.000000  -0.432375  0.000000 )
(  -0.063625  0.000000   0.126177  0.000000   0.216188  0.000000 )
(   0.063625  0.000000   0.126177  0.000000   0.216188  0.000000 )
   freq (   11) =    25.90785106 [THz] =   864.19276613 [cm-1]
(   0.000000  0.000000  -0.000000  0.000000  -0.020979  0.000000 )
(  -0.000000  0.000000   0.000000  0.000000   0.130773  0.000000 )
(   0.000000  0.000000   0.000000  0.000000   0.130773  0.000000 )
(   0.000000  0.000000  -0.000000  0.000000   0.506758  0.000000 )
(  -0.000000  0.000000  -0.000000  0.000000   0.506758  0.000000 )
(  -0.045488  0.000000  -0.026262  0.000000   0.269319  0.000000 )
(   0.000000  0.000000   0.052525  0.000000   0.269319  0.000000 )
(   0.045488  0.000000  -0.026262  0.000000   0.269319  0.000000 )
(  -0.000000  0.000000   0.052525  0.000000   0.269319  0.000000 )
(   0.045488  0.000000  -0.026262  0.000000   0.269319  0.000000 )
(  -0.045488  0.000000  -0.026262  0.000000   0.269319  0.000000 )
   freq (   12) =    29.66188101 [THz] =   989.41370851 [cm-1]
(   0.015026  0.000000   0.000000  0.000000   0.000000  0.000000 )
(   0.183905  0.000000  -0.000000  0.000000  -0.000000  0.000000 )
(   0.183905  0.000000  -0.000000  0.000000  -0.000000  0.000000 )
(  -0.328798  0.000000   0.000000  0.000000  -0.000000  0.000000 )
(  -0.328798  0.000000  -0.000000  0.000000  -0.000000  0.000000 )
(  -0.379378  0.000000  -0.143018  0.000000   0.077001  0.000000 )
(  -0.131664  0.000000  -0.000000  0.000000  -0.000000  0.000000 )
(  -0.379378  0.000000   0.143018  0.000000  -0.077001  0.000000 )
(  -0.131664  0.000000  -0.000000  0.000000   0.000000  0.000000 )
(  -0.379378  0.000000   0.143018  0.000000  -0.077001  0.000000 )
(  -0.379378  0.000000  -0.143018  0.000000   0.077001  0.000000 )
   freq (   13) =    29.66188101 [THz] =   989.41370854 [cm-1]
(   0.000000  0.000000  -0.015026  0.000000  -0.000000  0.000000 )
(  -0.000000  0.000000  -0.183905  0.000000   0.000000  0.000000 )
(   0.000000  0.000000  -0.183905  0.000000   0.000000  0.000000 )
(  -0.000000  0.000000   0.328798  0.000000   0.000000  0.000000 )
(   0.000000  0.000000   0.328798  0.000000   0.000000  0.000000 )
(   0.143018  0.000000   0.214235  0.000000  -0.044456  0.000000 )
(  -0.000000  0.000000   0.461950  0.000000   0.088913  0.000000 )
(  -0.143018  0.000000   0.214235  0.000000  -0.044456  0.000000 )
(   0.000000  0.000000   0.461950  0.000000   0.088913  0.000000 )
(  -0.143018  0.000000   0.214235  0.000000  -0.044456  0.000000 )
(   0.143018  0.000000   0.214235  0.000000  -0.044456  0.000000 )
   freq (   14) =    30.81338414 [THz] =  1027.82371295 [cm-1]
(  -0.000000  0.000000  -0.000000  0.000000   0.000000  0.000000 )
(  -0.009893  0.000000   0.000000  0.000000  -0.000000  0.000000 )
(   0.009893  0.000000  -0.000000  0.000000  -0.000000  0.000000 )
(  -0.045989  0.000000   0.000000  0.000000  -0.000000  0.000000 )
(   0.045989  0.000000  -0.000000  0.000000   0.000000  0.000000 )
(   0.444047  0.000000   0.121963  0.000000   0.098705  0.000000 )
(   0.232799  0.000000  -0.000002  0.000000   0.000000  0.000000 )
(   0.444048  0.000000  -0.121966  0.000000  -0.098705  0.000000 )
(  -0.232799  0.000000   0.000002  0.000000  -0.000000  0.000000 )
(  -0.444048  0.000000   0.121966  0.000000   0.098705  0.000000 )
(  -0.444047  0.000000  -0.121963  0.000000  -0.098705  0.000000 )
   freq (   15) =    30.81338414 [THz] =  1027.82371298 [cm-1]
(  -0.000000  0.000000   0.000000  0.000000  -0.000000  0.000000 )
(   0.000000  0.000000   0.009893  0.000000  -0.000000  0.000000 )
(  -0.000000  0.000000  -0.009893  0.000000   0.000000  0.000000 )
(   0.000000  0.000000   0.045989  0.000000  -0.000000  0.000000 )
(  -0.000000  0.000000  -0.045989  0.000000   0.000000  0.000000 )
(  -0.121966  0.000000  -0.303215  0.000000  -0.056988  0.000000 )
(  -0.000001  0.000000  -0.514463  0.000000   0.113975  0.000000 )
(   0.121963  0.000000  -0.303214  0.000000  -0.056987  0.000000 )
(   0.000001  0.000000   0.514463  0.000000  -0.113975  0.000000 )
(  -0.121963  0.000000   0.303214  0.000000   0.056987  0.000000 )
(   0.121966  0.000000   0.303215  0.000000   0.056988  0.000000 )
   freq (   16) =    32.34175964 [THz] =  1078.80482495 [cm-1]
(  -0.000000  0.000000  -0.000000  0.000000  -0.000000  0.000000 )
(   0.300930  0.000000  -0.000003  0.000000   0.000000  0.000000 )
(  -0.300930  0.000000   0.000003  0.000000   0.000000  0.000000 )
(   0.330672  0.000000  -0.000003  0.000000  -0.000000  0.000000 )
(  -0.330672  0.000000   0.000003  0.000000  -0.000000  0.000000 )
(  -0.058811  0.000000  -0.061559  0.000000   0.376372  0.000000 )
(   0.047812  0.000000   0.000001  0.000000   0.000004  0.000000 )
(  -0.058812  0.000000   0.061559  0.000000  -0.376376  0.000000 )
(  -0.047812  0.000000  -0.000001  0.000000  -0.000004  0.000000 )
(   0.058812  0.000000  -0.061559  0.000000   0.376376  0.000000 )
(   0.058811  0.000000   0.061559  0.000000  -0.376372  0.000000 )
   freq (   17) =    32.34175965 [THz] =  1078.80482497 [cm-1]
(  -0.000000  0.000000  -0.000000  0.000000   0.000000  0.000000 )
(   0.000003  0.000000   0.300930  0.000000  -0.000000  0.000000 )
(  -0.000003  0.000000  -0.300930  0.000000   0.000000  0.000000 )
(   0.000003  0.000000   0.330672  0.000000  -0.000000  0.000000 )
(  -0.000003  0.000000  -0.330672  0.000000   0.000000  0.000000 )
(  -0.061559  0.000000   0.012270  0.000000   0.217303  0.000000 )
(   0.000000  0.000000  -0.094353  0.000000  -0.434599  0.000000 )
(   0.061558  0.000000   0.012271  0.000000   0.217296  0.000000 )
(  -0.000000  0.000000   0.094353  0.000000   0.434599  0.000000 )
(  -0.061558  0.000000  -0.012271  0.000000  -0.217296  0.000000 )
(   0.061559  0.000000  -0.012270  0.000000  -0.217303  0.000000 )
   freq (   18) =    35.67177307 [THz] =  1189.88210072 [cm-1]
(   0.000000  0.000000  -0.000000  0.000000   0.008342  0.000000 )
(   0.000000  0.000000   0.000000  0.000000  -0.608803  0.000000 )
(  -0.000000  0.000000   0.000000  0.000000  -0.608803  0.000000 )
(  -0.000000  0.000000  -0.000000  0.000000   0.302365  0.000000 )
(  -0.000000  0.000000  -0.000000  0.000000   0.302365  0.000000 )
(  -0.058934  0.000000  -0.034026  0.000000  -0.089455  0.000000 )
(  -0.000000  0.000000   0.068051  0.000000  -0.089455  0.000000 )
(   0.058934  0.000000  -0.034026  0.000000  -0.089455  0.000000 )
(   0.000000  0.000000   0.068051  0.000000  -0.089455  0.000000 )
(   0.058934  0.000000  -0.034026  0.000000  -0.089455  0.000000 )
(  -0.058934  0.000000  -0.034026  0.000000  -0.089455  0.000000 )
   freq (   19) =    36.70085025 [THz] =  1224.20841538 [cm-1]
(   0.003623  0.000000  -0.000000  0.000000   0.000000  0.000000 )
(  -0.098603  0.000000   0.000000  0.000000  -0.000000  0.000000 )
(  -0.098603  0.000000   0.000000  0.000000  -0.000000  0.000000 )
(   0.427048  0.000000  -0.000000  0.000000  -0.000000  0.000000 )
(   0.427048  0.000000   0.000000  0.000000   0.000000  0.000000 )
(  -0.132721  0.000000   0.103882  0.000000   0.276892  0.000000 )
(  -0.312650  0.000000  -0.000000  0.000000  -0.000000  0.000000 )
(  -0.132721  0.000000  -0.103882  0.000000  -0.276892  0.000000 )
(  -0.312650  0.000000   0.000000  0.000000   0.000000  0.000000 )
(  -0.132721  0.000000  -0.103882  0.000000  -0.276892  0.000000 )
(  -0.132721  0.000000   0.103882  0.000000   0.276892  0.000000 )
   freq (   20) =    36.70085025 [THz] =  1224.20841540 [cm-1]
(   0.000000  0.000000  -0.003623  0.000000  -0.000000  0.000000 )
(  -0.000000  0.000000   0.098603  0.000000   0.000000  0.000000 )
(   0.000000  0.000000   0.098603  0.000000   0.000000  0.000000 )
(  -0.000000  0.000000  -0.427048  0.000000  -0.000000  0.000000 )
(   0.000000  0.000000  -0.427048  0.000000  -0.000000  0.000000 )
(  -0.103882  0.000000   0.252674  0.000000  -0.159864  0.000000 )
(  -0.000000  0.000000   0.072744  0.000000   0.319727  0.000000 )
(   0.103882  0.000000   0.252674  0.000000  -0.159864  0.000000 )
(   0.000000  0.000000   0.072744  0.000000   0.319727  0.000000 )
(   0.103882  0.000000   0.252674  0.000000  -0.159864  0.000000 )
(  -0.103882  0.000000   0.252674  0.000000  -0.159864  0.000000 )
   freq (   21) =    36.71654010 [THz] =  1224.73177253 [cm-1]
(   0.000000  0.000000   0.000000  0.000000  -0.000000  0.000000 )
(   0.000000  0.000000  -0.000000  0.000000   0.000000  0.000000 )
(  -0.000000  0.000000  -0.000000  0.000000   0.000000  0.000000 )
(  -0.000000  0.000000   0.000000  0.000000  -0.000000  0.000000 )
(   0.000000  0.000000   0.000000  0.000000  -0.000000  0.000000 )
(   0.204124  0.000000  -0.353553  0.000000   0.000000  0.000000 )
(  -0.408248  0.000000  -0.000000  0.000000  -0.000000  0.000000 )
(   0.204124  0.000000   0.353553  0.000000  -0.000000  0.000000 )
(   0.408248  0.000000  -0.000000  0.000000  -0.000000  0.000000 )
(  -0.204124  0.000000  -0.353553  0.000000   0.000000  0.000000 )
(  -0.204124  0.000000   0.353553  0.000000  -0.000000  0.000000 )
   freq (   22) =    37.75889821 [THz] =  1259.50109157 [cm-1]
(   0.000000  0.000000   0.000000  0.000000   0.000000  0.000000 )
(   0.000000  0.000000   0.000000  0.000000   0.483858  0.000000 )
(  -0.000000  0.000000  -0.000000  0.000000  -0.483858  0.000000 )
(   0.000000  0.000000  -0.000000  0.000000   0.415929  0.000000 )
(  -0.000000  0.000000   0.000000  0.000000  -0.415929  0.000000 )
(   0.136790  0.000000   0.078976  0.000000   0.077541  0.000000 )
(   0.000000  0.000000  -0.157951  0.000000   0.077541  0.000000 )
(  -0.136790  0.000000   0.078976  0.000000   0.077541  0.000000 )
(  -0.000000  0.000000   0.157951  0.000000  -0.077541  0.000000 )
(   0.136790  0.000000  -0.078976  0.000000  -0.077541  0.000000 )
(  -0.136790  0.000000  -0.078976  0.000000  -0.077541  0.000000 )
   freq (   23) =    38.73163335 [THz] =  1291.94803856 [cm-1]
(  -0.000000  0.000000   0.000000  0.000000  -0.000000  0.000000 )
(  -0.000000  0.000000  -0.000000  0.000000   0.000000  0.000000 )
(  -0.000000  0.000000   0.000000  0.000000  -0.000000  0.000000 )
(   0.000000  0.000000  -0.000000  0.000000   0.000000  0.000000 )
(   0.000000  0.000000  -0.000000  0.000000  -0.000000  0.000000 )
(  -0.204124  0.000000   0.353553  0.000000   0.000000  0.000000 )
(   0.408248  0.000000   0.000000  0.000000   0.000000  0.000000 )
(  -0.204124  0.000000  -0.353553  0.000000  -0.000000  0.000000 )
(   0.408248  0.000000   0.000000  0.000000   0.000000  0.000000 )
(  -0.204124  0.000000  -0.353553  0.000000  -0.000000  0.000000 )
(  -0.204124  0.000000   0.353553  0.000000   0.000000  0.000000 )
   freq (   24) =    40.70126220 [THz] =  1357.64777558 [cm-1]
(  -0.000000  0.000000   0.000000  0.000000  -0.000000  0.000000 )
(  -0.173382  0.000000   0.000001  0.000000   0.000000  0.000000 )
(   0.173382  0.000000  -0.000001  0.000000  -0.000000  0.000000 )
(  -0.464220  0.000000   0.000003  0.000000   0.000000  0.000000 )
(   0.464220  0.000000  -0.000003  0.000000   0.000000  0.000000 )
(  -0.058370  0.000000   0.099825  0.000000   0.295134  0.000000 )
(  -0.231269  0.000000   0.000000  0.000000   0.000002  0.000000 )
(  -0.058369  0.000000  -0.099822  0.000000  -0.295137  0.000000 )
(   0.231269  0.000000  -0.000000  0.000000  -0.000002  0.000000 )
(   0.058369  0.000000   0.099822  0.000000   0.295137  0.000000 )
(   0.058370  0.000000  -0.099825  0.000000  -0.295134  0.000000 )
   freq (   25) =    40.70126220 [THz] =  1357.64777561 [cm-1]
(  -0.000000  0.000000  -0.000000  0.000000  -0.000000  0.000000 )
(  -0.000001  0.000000  -0.173382  0.000000  -0.000000  0.000000 )
(   0.000001  0.000000   0.173382  0.000000   0.000000  0.000000 )
(  -0.000003  0.000000  -0.464220  0.000000  -0.000000  0.000000 )
(   0.000003  0.000000   0.464220  0.000000   0.000000  0.000000 )
(   0.099823  0.000000  -0.173635  0.000000   0.170398  0.000000 )
(  -0.000002  0.000000  -0.000736  0.000000  -0.340793  0.000000 )
(  -0.099824  0.000000  -0.173636  0.000000   0.170395  0.000000 )
(   0.000002  0.000000   0.000736  0.000000   0.340793  0.000000 )
(   0.099824  0.000000   0.173636  0.000000  -0.170395  0.000000 )
(  -0.099823  0.000000   0.173635  0.000000  -0.170398  0.000000 )
   freq (   26) =    42.41648426 [THz] =  1414.86141699 [cm-1]
(   0.000000  0.000000  -0.000000  0.000000   0.002565  0.000000 )
(   0.000000  0.000000  -0.000000  0.000000   0.331714  0.000000 )
(  -0.000000  0.000000  -0.000000  0.000000   0.331714  0.000000 )
(   0.000000  0.000000   0.000000  0.000000   0.344168  0.000000 )
(  -0.000000  0.000000   0.000000  0.000000   0.344168  0.000000 )
(  -0.085431  0.000000  -0.049324  0.000000  -0.284205  0.000000 )
(   0.000000  0.000000   0.098647  0.000000  -0.284205  0.000000 )
(   0.085431  0.000000  -0.049324  0.000000  -0.284205  0.000000 )
(  -0.000000  0.000000   0.098647  0.000000  -0.284205  0.000000 )
(   0.085431  0.000000  -0.049324  0.000000  -0.284205  0.000000 )
(  -0.085431  0.000000  -0.049324  0.000000  -0.284205  0.000000 )
   freq (   27) =    46.23036055 [THz] =  1542.07861818 [cm-1]
(   0.007268  0.000000  -0.000000  0.000000  -0.000000  0.000000 )
(   0.061812  0.000000  -0.000000  0.000000   0.000000  0.000000 )
(   0.061812  0.000000  -0.000000  0.000000   0.000000  0.000000 )
(  -0.247191  0.000000   0.000000  0.000000   0.000000  0.000000 )
(  -0.247191  0.000000   0.000000  0.000000   0.000000  0.000000 )
(   0.069030  0.000000   0.301645  0.000000  -0.137726  0.000000 )
(  -0.453434  0.000000  -0.000000  0.000000  -0.000000  0.000000 )
(   0.069030  0.000000  -0.301645  0.000000   0.137726  0.000000 )
(  -0.453434  0.000000  -0.000000  0.000000  -0.000000  0.000000 )
(   0.069030  0.000000  -0.301645  0.000000   0.137726  0.000000 )
(   0.069030  0.000000   0.301645  0.000000  -0.137726  0.000000 )
   freq (   28) =    46.23036055 [THz] =  1542.07861819 [cm-1]
(  -0.000000  0.000000  -0.007268  0.000000  -0.000000  0.000000 )
(  -0.000000  0.000000  -0.061812  0.000000  -0.000000  0.000000 )
(  -0.000000  0.000000  -0.061812  0.000000  -0.000000  0.000000 )
(   0.000000  0.000000   0.247191  0.000000  -0.000000  0.000000 )
(   0.000000  0.000000   0.247191  0.000000  -0.000000  0.000000 )
(  -0.301645  0.000000   0.279279  0.000000   0.079516  0.000000 )
(   0.000000  0.000000  -0.243185  0.000000  -0.159033  0.000000 )
(   0.301645  0.000000   0.279279  0.000000   0.079516  0.000000 )
(   0.000000  0.000000  -0.243185  0.000000  -0.159033  0.000000 )
(   0.301645  0.000000   0.279279  0.000000   0.079516  0.000000 )
(  -0.301645  0.000000   0.279279  0.000000   0.079516  0.000000 )
   freq (   29) =    48.75494582 [THz] =  1626.28970621 [cm-1]
(   0.000000  0.000000  -0.000000  0.000000  -0.000000  0.000000 )
(   0.219190  0.000000   0.000001  0.000000  -0.000000  0.000000 )
(  -0.219190  0.000000  -0.000001  0.000000   0.000000  0.000000 )
(   0.171655  0.000000   0.000001  0.000000   0.000000  0.000000 )
(  -0.171655  0.000000  -0.000001  0.000000  -0.000000  0.000000 )
(   0.065368  0.000000   0.306016  0.000000  -0.073253  0.000000 )
(  -0.464671  0.000000   0.000001  0.000000   0.000000  0.000000 )
(   0.065365  0.000000  -0.306019  0.000000   0.073253  0.000000 )
(   0.464671  0.000000  -0.000001  0.000000  -0.000000  0.000000 )
(  -0.065365  0.000000   0.306019  0.000000  -0.073253  0.000000 )
(  -0.065368  0.000000  -0.306016  0.000000   0.073253  0.000000 )
   freq (   30) =    48.75494582 [THz] =  1626.28970623 [cm-1]
(   0.000000  0.000000  -0.000000  0.000000   0.000000  0.000000 )
(  -0.000001  0.000000   0.219190  0.000000  -0.000000  0.000000 )
(   0.000001  0.000000  -0.219190  0.000000   0.000000  0.000000 )
(  -0.000001  0.000000   0.171655  0.000000   0.000000  0.000000 )
(   0.000001  0.000000  -0.171655  0.000000  -0.000000  0.000000 )
(   0.306017  0.000000  -0.287993  0.000000  -0.042292  0.000000 )
(   0.000002  0.000000   0.242046  0.000000   0.084585  0.000000 )
(  -0.306018  0.000000  -0.287990  0.000000  -0.042293  0.000000 )
(  -0.000002  0.000000  -0.242046  0.000000  -0.084585  0.000000 )
(   0.306018  0.000000   0.287990  0.000000   0.042293  0.000000 )
(  -0.306017  0.000000   0.287993  0.000000   0.042292  0.000000 )
   freq (   31) =    49.10372750 [THz] =  1637.92380902 [cm-1]
(   0.000000  0.000000   0.000000  0.000000   0.000000  0.000000 )
(  -0.000000  0.000000  -0.000000  0.000000  -0.436819  0.000000 )
(   0.000000  0.000000   0.000000  0.000000   0.436819  0.000000 )
(  -0.000000  0.000000  -0.000000  0.000000   0.236985  0.000000 )
(   0.000000  0.000000   0.000000  0.000000  -0.236985  0.000000 )
(   0.091040  0.000000   0.052562  0.000000   0.270724  0.000000 )
(   0.000000  0.000000  -0.105124  0.000000   0.270724  0.000000 )
(  -0.091040  0.000000   0.052562  0.000000   0.270724  0.000000 )
(  -0.000000  0.000000   0.105124  0.000000  -0.270724  0.000000 )
(   0.091040  0.000000  -0.052562  0.000000  -0.270724  0.000000 )
(  -0.091040  0.000000  -0.052562  0.000000  -0.270724  0.000000 )
   freq (   32) =    55.10057761 [THz] =  1837.95716867 [cm-1]
(   0.000000  0.000000   0.000000  0.000000   0.000579  0.000000 )
(  -0.000000  0.000000   0.000000  0.000000   0.004825  0.000000 )
(   0.000000  0.000000   0.000000  0.000000   0.004825  0.000000 )
(  -0.000000  0.000000  -0.000000  0.000000  -0.205205  0.000000 )
(  -0.000000  0.000000  -0.000000  0.000000  -0.205205  0.000000 )
(  -0.335143  0.000000  -0.193495  0.000000   0.053488  0.000000 )
(  -0.000000  0.000000   0.386990  0.000000   0.053488  0.000000 )
(   0.335143  0.000000  -0.193495  0.000000   0.053488  0.000000 )
(  -0.000000  0.000000   0.386990  0.000000   0.053488  0.000000 )
(   0.335143  0.000000  -0.193495  0.000000   0.053488  0.000000 )
(  -0.335143  0.000000  -0.193495  0.000000   0.053488  0.000000 )
   freq (   33) =    62.33033597 [THz] =  2079.11591472 [cm-1]
(  -0.000000  0.000000   0.000000  0.000000   0.000000  0.000000 )
(  -0.000000  0.000000  -0.000000  0.000000  -0.061600  0.000000 )
(   0.000000  0.000000   0.000000  0.000000   0.061600  0.000000 )
(  -0.000000  0.000000  -0.000000  0.000000  -0.289057  0.000000 )
(   0.000000  0.000000   0.000000  0.000000   0.289057  0.000000 )
(   0.311884  0.000000   0.180066  0.000000  -0.088628  0.000000 )
(   0.000000  0.000000  -0.360133  0.000000  -0.088628  0.000000 )
(  -0.311884  0.000000   0.180066  0.000000  -0.088628  0.000000 )
(  -0.000000  0.000000   0.360133  0.000000   0.088628  0.000000 )
(   0.311884  0.000000  -0.180066  0.000000   0.088628  0.000000 )
(  -0.311884  0.000000  -0.180066  0.000000   0.088628  0.000000 )
***************************************************************************
