Dynamical matrix file
File generated with the CellConstructor by Lorenzo Monacelli
2 11 0     1.8897259890000000     0.0000000000000000     0.0000000000000000     0.0000000000000000     0.0000000000000000     0.0000000000000000
Basis vectors
    1.7900866225962071    -1.0335069934246872     2.9390132292081539
   -0.0000000000000027     2.0670139868493678     2.9390132292081530
   -1.7900866225962115    -1.0335069934246868     2.9390132292081521
	1  'La '  126604.5951757480361266
	2  'H '    918.7358275894680446
    1     1    -0.0000000000000030    -0.0000000000000028     4.4085198878801100
    2     2    -0.0000000000000020    -0.0000000000000012     2.2015055099816059
    3     2     0.0000000000000020     0.0000000000000012    -2.2015055099816059
    4     2    -0.0000000000000006    -0.0000000000000005     1.0537663971369833
    5     2     0.0000000000000006     0.0000000000000005    -1.0537663971369835
    6     2     0.9279154199945131     0.5357322169520751     6.2436336334430802
    7     2    -0.0000000000000031    -1.0714644339041610     6.2436336334430784
    8     2    -0.9279154199945213     0.5357322169520748     6.2436336334430784
    9     2    -0.0000000000000019     1.0714644339041566     2.5734061386448128
   10     2     0.9279154199945161    -0.5357322169520804     2.5734061386448142
   11     2    -0.9279154199945188    -0.5357322169520795     2.5734061386448124

     Dynamical Matrix in cartesian axes

     q = (     0.000000000000     0.000000000000     0.000000000000 )

    1    1
     0.6529801463492236     0.0000000000000000        0.0000000000000002     0.0000000000000000        0.0000000000000002     0.0000000000000000
     0.0000000000000003     0.0000000000000000        0.6529801463542584     0.0000000000000000        0.0000000000000004     0.0000000000000000
     0.0000000000000002     0.0000000000000000        0.0000000000000003     0.0000000000000000        0.6394465816265220     0.0000000000000000
    1    2
    -0.0333805326954986     0.0000000000000000       -0.0000000000000000     0.0000000000000000       -0.0000000000000000     0.0000000000000000
    -0.0000000000000000     0.0000000000000000       -0.0333805326957559     0.0000000000000000       -0.0000000000000000     0.0000000000000000
    -0.0000000000000000     0.0000000000000000       -0.0000000000000000     0.0000000000000000       -0.0354405621361874     0.0000000000000000
    1    3
    -0.0333805326954986     0.0000000000000000       -0.0000000000000000     0.0000000000000000       -0.0000000000000000     0.0000000000000000
     0.0000000000000000     0.0000000000000000       -0.0333805326957559     0.0000000000000000       -0.0000000000000000     0.0000000000000000
    -0.0000000000000000     0.0000000000000000       -0.0000000000000000     0.0000000000000000       -0.0354405621361874     0.0000000000000000
    1    4
    -0.0909433725672483     0.0000000000000000       -0.0000000000000000     0.0000000000000000       -0.0000000000000001     0.0000000000000000
    -0.0000000000000000     0.0000000000000000       -0.0909433725679495     0.0000000000000000       -0.0000000000000001     0.0000000000000000
    -0.0000000000000001     0.0000000000000000       -0.0000000000000001     0.0000000000000000       -0.0246652723643204     0.0000000000000000
    1    5
    -0.0909433725672484     0.0000000000000000       -0.0000000000000000     0.0000000000000000       -0.0000000000000001     0.0000000000000000
    -0.0000000000000000     0.0000000000000000       -0.0909433725679495     0.0000000000000000       -0.0000000000000001     0.0000000000000000
    -0.0000000000000001     0.0000000000000000       -0.0000000000000001     0.0000000000000000       -0.0246652723643204     0.0000000000000000
    1    6
    -0.0518910880007736     0.0000000000000000        0.0268426905876863     0.0000000000000000       -0.0176272715123902     0.0000000000000000
     0.0268426905876863     0.0000000000000000       -0.0828863572744422     0.0000000000000000       -0.0101771099527964     0.0000000000000000
    -0.0167202616404180     0.0000000000000000       -0.0096534475590535     0.0000000000000000       -0.0865391521042511     0.0000000000000000
    1    7
    -0.0983839919103179     0.0000000000000000       -0.0000000000000000     0.0000000000000000       -0.0000000000000000     0.0000000000000000
    -0.0000000000000000     0.0000000000000000       -0.0363934533645394     0.0000000000000000        0.0203542199055927     0.0000000000000000
    -0.0000000000000001     0.0000000000000000        0.0193068951181071     0.0000000000000000       -0.0865391521042510     0.0000000000000000
    1    8
    -0.0518910880007736     0.0000000000000000       -0.0268426905876863     0.0000000000000000        0.0176272715123902     0.0000000000000000
    -0.0268426905876863     0.0000000000000000       -0.0828863572744422     0.0000000000000000       -0.0101771099527964     0.0000000000000000
     0.0167202616404180     0.0000000000000000       -0.0096534475590536     0.0000000000000000       -0.0865391521042511     0.0000000000000000
    1    9
    -0.0983839919103179     0.0000000000000000        0.0000000000000000     0.0000000000000000       -0.0000000000000001     0.0000000000000000
     0.0000000000000000     0.0000000000000000       -0.0363934533645394     0.0000000000000000        0.0203542199055927     0.0000000000000000
    -0.0000000000000001     0.0000000000000000        0.0193068951181071     0.0000000000000000       -0.0865391521042510     0.0000000000000000
    1   10
    -0.0518910880007736     0.0000000000000000       -0.0268426905876863     0.0000000000000000        0.0176272715123902     0.0000000000000000
    -0.0268426905876863     0.0000000000000000       -0.0828863572744422     0.0000000000000000       -0.0101771099527964     0.0000000000000000
     0.0167202616404180     0.0000000000000000       -0.0096534475590536     0.0000000000000000       -0.0865391521042511     0.0000000000000000
    1   11
    -0.0518910880007736     0.0000000000000000        0.0268426905876863     0.0000000000000000       -0.0176272715123902     0.0000000000000000
     0.0268426905876863     0.0000000000000000       -0.0828863572744422     0.0000000000000000       -0.0101771099527964     0.0000000000000000
    -0.0167202616404180     0.0000000000000000       -0.0096534475590536     0.0000000000000000       -0.0865391521042511     0.0000000000000000
    2    1
    -0.0333805326954986     0.0000000000000000       -0.0000000000000000     0.0000000000000000       -0.0000000000000000     0.0000000000000000
    -0.0000000000000000     0.0000000000000000       -0.0333805326957559     0.0000000000000000       -0.0000000000000000     0.0000000000000000
    -0.0000000000000000     0.0000000000000000       -0.0000000000000000     0.0000000000000000       -0.0354405621361874     0.0000000000000000
    2    2
     0.0877161091631982     0.0000000000000000        0.0000000000000000     0.0000000000000000        0.0000000000000000     0.0000000000000000
     0.0000000000000000     0.0000000000000000        0.0877161091638745     0.0000000000000000        0.0000000000000000     0.0000000000000000
     0.0000000000000000     0.0000000000000000        0.0000000000000000     0.0000000000000000        0.0902803648325236     0.0000000000000000
    2    3
    -0.0043760450563856     0.0000000000000000       -0.0000000000000000     0.0000000000000000       -0.0000000000000000     0.0000000000000000
    -0.0000000000000000     0.0000000000000000       -0.0043760450564193     0.0000000000000000       -0.0000000000000000     0.0000000000000000
    -0.0000000000000000     0.0000000000000000       -0.0000000000000000     0.0000000000000000       -0.0051857228683314     0.0000000000000000
    2    4
     0.0090549502432214     0.0000000000000000        0.0000000000000000     0.0000000000000000        0.0000000000000000     0.0000000000000000
     0.0000000000000000     0.0000000000000000        0.0090549502432913     0.0000000000000000        0.0000000000000000     0.0000000000000000
     0.0000000000000000     0.0000000000000000        0.0000000000000000     0.0000000000000000       -0.0214616765425406     0.0000000000000000
    2    5
    -0.0177412687821910     0.0000000000000000       -0.0000000000000000     0.0000000000000000       -0.0000000000000000     0.0000000000000000
    -0.0000000000000000     0.0000000000000000       -0.0177412687823278     0.0000000000000000       -0.0000000000000000     0.0000000000000000
    -0.0000000000000000     0.0000000000000000       -0.0000000000000000     0.0000000000000000        0.0040829818869251     0.0000000000000000
    2    6
    -0.0026953814729070     0.0000000000000000        0.0079736749471342     0.0000000000000000       -0.0065576422185305     0.0000000000000000
     0.0079736749471342     0.0000000000000000       -0.0119025882272802     0.0000000000000000       -0.0037860565001325     0.0000000000000000
    -0.0073383550389869     0.0000000000000000       -0.0042368012571845     0.0000000000000000       -0.0161060455313147     0.0000000000000000
    2    7
    -0.0165061916043292     0.0000000000000000       -0.0000000000000000     0.0000000000000000       -0.0000000000000000     0.0000000000000000
    -0.0000000000000000     0.0000000000000000        0.0019082219042485     0.0000000000000000        0.0075721130002649     0.0000000000000000
    -0.0000000000000000     0.0000000000000000        0.0084736025143689     0.0000000000000000       -0.0161060455313147     0.0000000000000000
    2    8
    -0.0026953814729070     0.0000000000000000       -0.0079736749471342     0.0000000000000000        0.0065576422185306     0.0000000000000000
    -0.0079736749471342     0.0000000000000000       -0.0119025882272802     0.0000000000000000       -0.0037860565001325     0.0000000000000000
     0.0073383550389869     0.0000000000000000       -0.0042368012571845     0.0000000000000000       -0.0161060455313147     0.0000000000000000
    2    9
     0.0062834089649162     0.0000000000000000        0.0000000000000000     0.0000000000000000        0.0000000000000000     0.0000000000000000
     0.0000000000000000     0.0000000000000000       -0.0192009145131984     0.0000000000000000       -0.0094503968763468     0.0000000000000000
     0.0000000000000000     0.0000000000000000       -0.0084241861799383     0.0000000000000000        0.0053475838071849     0.0000000000000000
    2   10
    -0.0128298336435587     0.0000000000000000        0.0110350357651322     0.0000000000000000       -0.0081842837707299     0.0000000000000000
     0.0110350357651322     0.0000000000000000       -0.0000876719045761     0.0000000000000000        0.0047251984381734     0.0000000000000000
    -0.0072955592380082     0.0000000000000000        0.0042120930899691     0.0000000000000000        0.0053475838071849     0.0000000000000000
    2   11
    -0.0128298336435588     0.0000000000000000       -0.0110350357651322     0.0000000000000000        0.0081842837707298     0.0000000000000000
    -0.0110350357651322     0.0000000000000000       -0.0000876719045762     0.0000000000000000        0.0047251984381734     0.0000000000000000
     0.0072955592380082     0.0000000000000000        0.0042120930899691     0.0000000000000000        0.0053475838071849     0.0000000000000000
    3    1
    -0.0333805326954986     0.0000000000000000       -0.0000000000000000     0.0000000000000000       -0.0000000000000000     0.0000000000000000
    -0.0000000000000000     0.0000000000000000       -0.0333805326957559     0.0000000000000000       -0.0000000000000000     0.0000000000000000
    -0.0000000000000000     0.0000000000000000       -0.0000000000000000     0.0000000000000000       -0.0354405621361874     0.0000000000000000
    3    2
    -0.0043760450563856     0.0000000000000000       -0.0000000000000000     0.0000000000000000       -0.0000000000000000     0.0000000000000000
    -0.0000000000000000     0.0000000000000000       -0.0043760450564193     0.0000000000000000       -0.0000000000000000     0.0000000000000000
    -0.0000000000000000     0.0000000000000000       -0.0000000000000000     0.0000000000000000       -0.0051857228683314     0.0000000000000000
    3    3
     0.0877161091631982     0.0000000000000000        0.0000000000000000     0.0000000000000000        0.0000000000000000     0.0000000000000000
     0.0000000000000000     0.0000000000000000        0.0877161091638745     0.0000000000000000        0.0000000000000000     0.0000000000000000
     0.0000000000000000     0.0000000000000000        0.0000000000000000     0.0000000000000000        0.0902803648325236     0.0000000000000000
    3    4
    -0.0177412687821910     0.0000000000000000       -0.0000000000000000     0.0000000000000000       -0.0000000000000000     0.0000000000000000
    -0.0000000000000000     0.0000000000000000       -0.0177412687823278     0.0000000000000000       -0.0000000000000000     0.0000000000000000
    -0.0000000000000000     0.0000000000000000       -0.0000000000000000     0.0000000000000000        0.0040829818869251     0.0000000000000000
    3    5
     0.0090549502432214     0.0000000000000000       -0.0000000000000000     0.0000000000000000        0.0000000000000000     0.0000000000000000
    -0.0000000000000000     0.0000000000000000        0.0090549502432913     0.0000000000000000        0.0000000000000000     0.0000000000000000
     0.0000000000000000     0.0000000000000000        0.0000000000000000     0.0000000000000000       -0.0214616765425406     0.0000000000000000
    3    6
    -0.0128298336435588     0.0000000000000000       -0.0110350357651322     0.0000000000000000        0.0081842837707298     0.0000000000000000
    -0.0110350357651322     0.0000000000000000       -0.0000876719045762     0.0000000000000000        0.0047251984381734     0.0000000000000000
     0.0072955592380082     0.0000000000000000        0.0042120930899691     0.0000000000000000        0.0053475838071849     0.0000000000000000
    3    7
     0.0062834089649162     0.0000000000000000        0.0000000000000000     0.0000000000000000        0.0000000000000000     0.0000000000000000
     0.0000000000000000     0.0000000000000000       -0.0192009145131984     0.0000000000000000       -0.0094503968763468     0.0000000000000000
     0.0000000000000000     0.0000000000000000       -0.0084241861799383     0.0000000000000000        0.0053475838071849     0.0000000000000000
    3    8
    -0.0128298336435587     0.0000000000000000        0.0110350357651322     0.0000000000000000       -0.0081842837707299     0.0000000000000000
     0.0110350357651322     0.0000000000000000       -0.0000876719045761     0.0000000000000000        0.0047251984381734     0.0000000000000000
    -0.0072955592380082     0.0000000000000000        0.0042120930899691     0.0000000000000000        0.0053475838071849     0.0000000000000000
    3    9
    -0.0165061916043292     0.0000000000000000       -0.0000000000000000     0.0000000000000000       -0.0000000000000000     0.0000000000000000
     0.0000000000000000     0.0000000000000000        0.0019082219042485     0.0000000000000000        0.0075721130002649     0.0000000000000000
    -0.0000000000000000     0.0000000000000000        0.0084736025143689     0.0000000000000000       -0.0161060455313147     0.0000000000000000
    3   10
    -0.0026953814729070     0.0000000000000000       -0.0079736749471342     0.0000000000000000        0.0065576422185305     0.0000000000000000
    -0.0079736749471342     0.0000000000000000       -0.0119025882272802     0.0000000000000000       -0.0037860565001325     0.0000000000000000
     0.0073383550389869     0.0000000000000000       -0.0042368012571845     0.0000000000000000       -0.0161060455313147     0.0000000000000000
    3   11
    -0.0026953814729070     0.0000000000000000        0.0079736749471342     0.0000000000000000       -0.0065576422185305     0.0000000000000000
     0.0079736749471342     0.0000000000000000       -0.0119025882272802     0.0000000000000000       -0.0037860565001325     0.0000000000000000
    -0.0073383550389869     0.0000000000000000       -0.0042368012571845     0.0000000000000000       -0.0161060455313147     0.0000000000000000
    4    1
    -0.0909433725672483     0.0000000000000000       -0.0000000000000000     0.0000000000000000       -0.0000000000000001     0.0000000000000000
    -0.0000000000000000     0.0000000000000000       -0.0909433725679495     0.0000000000000000       -0.0000000000000001     0.0000000000000000
    -0.0000000000000001     0.0000000000000000       -0.0000000000000001     0.0000000000000000       -0.0246652723643204     0.0000000000000000
    4    2
     0.0090549502432214     0.0000000000000000        0.0000000000000000     0.0000000000000000        0.0000000000000000     0.0000000000000000
     0.0000000000000000     0.0000000000000000        0.0090549502432913     0.0000000000000000        0.0000000000000000     0.0000000000000000
     0.0000000000000000     0.0000000000000000        0.0000000000000000     0.0000000000000000       -0.0214616765425406     0.0000000000000000
    4    3
    -0.0177412687821910     0.0000000000000000       -0.0000000000000000     0.0000000000000000       -0.0000000000000000     0.0000000000000000
    -0.0000000000000000     0.0000000000000000       -0.0177412687823278     0.0000000000000000       -0.0000000000000000     0.0000000000000000
    -0.0000000000000000     0.0000000000000000       -0.0000000000000000     0.0000000000000000        0.0040829818869251     0.0000000000000000
    4    4
     0.1187883859756387     0.0000000000000000        0.0000000000000001     0.0000000000000000        0.0000000000000000     0.0000000000000000
     0.0000000000000000     0.0000000000000000        0.1187883859765546     0.0000000000000000        0.0000000000000000     0.0000000000000000
     0.0000000000000000     0.0000000000000000        0.0000000000000000     0.0000000000000000        0.1377435902027354     0.0000000000000000
    4    5
    -0.0050305530670920     0.0000000000000000       -0.0000000000000000     0.0000000000000000       -0.0000000000000000     0.0000000000000000
     0.0000000000000000     0.0000000000000000       -0.0050305530671307     0.0000000000000000       -0.0000000000000000     0.0000000000000000
    -0.0000000000000000     0.0000000000000000       -0.0000000000000000     0.0000000000000000       -0.0048103253187911     0.0000000000000000
    4    6
    -0.0035997633014209     0.0000000000000000       -0.0055774140983430     0.0000000000000000       -0.0072765609486795     0.0000000000000000
    -0.0055774140983430     0.0000000000000000        0.0028404797606968     0.0000000000000000       -0.0042011244225110     0.0000000000000000
    -0.0170715321820171     0.0000000000000000       -0.0098562537008049     0.0000000000000000        0.0042711496992712     0.0000000000000000
    4    7
     0.0060606012917228     0.0000000000000000       -0.0000000000000000     0.0000000000000000        0.0000000000000000     0.0000000000000000
    -0.0000000000000000     0.0000000000000000       -0.0068198848325214     0.0000000000000000        0.0084022488450220     0.0000000000000000
     0.0000000000000000     0.0000000000000000        0.0197125074016098     0.0000000000000000        0.0042711496992713     0.0000000000000000
    4    8
    -0.0035997633014209     0.0000000000000000        0.0055774140983430     0.0000000000000000        0.0072765609486795     0.0000000000000000
     0.0055774140983430     0.0000000000000000        0.0028404797606968     0.0000000000000000       -0.0042011244225110     0.0000000000000000
     0.0170715321820171     0.0000000000000000       -0.0098562537008049     0.0000000000000000        0.0042711496992713     0.0000000000000000
    4    9
     0.0067667026947059     0.0000000000000000        0.0000000000000000     0.0000000000000000        0.0000000000000000     0.0000000000000000
     0.0000000000000000     0.0000000000000000       -0.0154261803556314     0.0000000000000000       -0.0218744403656298     0.0000000000000000
     0.0000000000000000     0.0000000000000000       -0.0318275959696533     0.0000000000000000       -0.0345675823206074     0.0000000000000000
    4   10
    -0.0098779595929579     0.0000000000000000        0.0096098002523901     0.0000000000000000       -0.0189438210501301     0.0000000000000000
     0.0096098002523901     0.0000000000000000        0.0012184819321607     0.0000000000000000        0.0109372201828149     0.0000000000000000
    -0.0275635066510007     0.0000000000000000        0.0159137979848267     0.0000000000000000       -0.0345675823206074     0.0000000000000000
    4   11
    -0.0098779595929579     0.0000000000000000       -0.0096098002523902     0.0000000000000000        0.0189438210501301     0.0000000000000000
    -0.0096098002523902     0.0000000000000000        0.0012184819321607     0.0000000000000000        0.0109372201828149     0.0000000000000000
     0.0275635066510007     0.0000000000000000        0.0159137979848266     0.0000000000000000       -0.0345675823206073     0.0000000000000000
    5    1
    -0.0909433725672484     0.0000000000000000       -0.0000000000000000     0.0000000000000000       -0.0000000000000001     0.0000000000000000
    -0.0000000000000000     0.0000000000000000       -0.0909433725679495     0.0000000000000000       -0.0000000000000001     0.0000000000000000
    -0.0000000000000001     0.0000000000000000       -0.0000000000000001     0.0000000000000000       -0.0246652723643204     0.0000000000000000
    5    2
    -0.0177412687821910     0.0000000000000000       -0.0000000000000000     0.0000000000000000       -0.0000000000000000     0.0000000000000000
    -0.0000000000000000     0.0000000000000000       -0.0177412687823278     0.0000000000000000       -0.0000000000000000     0.0000000000000000
    -0.0000000000000000     0.0000000000000000       -0.0000000000000000     0.0000000000000000        0.0040829818869251     0.0000000000000000
    5    3
     0.0090549502432214     0.0000000000000000       -0.0000000000000000     0.0000000000000000        0.0000000000000000     0.0000000000000000
     0.0000000000000000     0.0000000000000000        0.0090549502432913     0.0000000000000000        0.0000000000000000     0.0000000000000000
     0.0000000000000000     0.0000000000000000        0.0000000000000000     0.0000000000000000       -0.0214616765425406     0.0000000000000000
    5    4
    -0.0050305530670920     0.0000000000000000       -0.0000000000000000     0.0000000000000000       -0.0000000000000000     0.0000000000000000
    -0.0000000000000000     0.0000000000000000       -0.0050305530671307     0.0000000000000000       -0.0000000000000000     0.0000000000000000
    -0.0000000000000000     0.0000000000000000       -0.0000000000000000     0.0000000000000000       -0.0048103253187911     0.0000000000000000
    5    5
     0.1187883859756386     0.0000000000000000        0.0000000000000000     0.0000000000000000        0.0000000000000001     0.0000000000000000
     0.0000000000000000     0.0000000000000000        0.1187883859765546     0.0000000000000000        0.0000000000000000     0.0000000000000000
     0.0000000000000001     0.0000000000000000        0.0000000000000001     0.0000000000000000        0.1377435902027354     0.0000000000000000
    5    6
    -0.0098779595929579     0.0000000000000000       -0.0096098002523902     0.0000000000000000        0.0189438210501301     0.0000000000000000
    -0.0096098002523902     0.0000000000000000        0.0012184819321607     0.0000000000000000        0.0109372201828149     0.0000000000000000
     0.0275635066510007     0.0000000000000000        0.0159137979848266     0.0000000000000000       -0.0345675823206073     0.0000000000000000
    5    7
     0.0067667026947059     0.0000000000000000        0.0000000000000000     0.0000000000000000        0.0000000000000000     0.0000000000000000
     0.0000000000000000     0.0000000000000000       -0.0154261803556314     0.0000000000000000       -0.0218744403656298     0.0000000000000000
     0.0000000000000000     0.0000000000000000       -0.0318275959696533     0.0000000000000000       -0.0345675823206074     0.0000000000000000
    5    8
    -0.0098779595929579     0.0000000000000000        0.0096098002523901     0.0000000000000000       -0.0189438210501301     0.0000000000000000
     0.0096098002523901     0.0000000000000000        0.0012184819321607     0.0000000000000000        0.0109372201828149     0.0000000000000000
    -0.0275635066510007     0.0000000000000000        0.0159137979848267     0.0000000000000000       -0.0345675823206074     0.0000000000000000
    5    9
     0.0060606012917228     0.0000000000000000       -0.0000000000000000     0.0000000000000000        0.0000000000000000     0.0000000000000000
    -0.0000000000000000     0.0000000000000000       -0.0068198848325214     0.0000000000000000        0.0084022488450220     0.0000000000000000
     0.0000000000000000     0.0000000000000000        0.0197125074016098     0.0000000000000000        0.0042711496992713     0.0000000000000000
    5   10
    -0.0035997633014209     0.0000000000000000        0.0055774140983430     0.0000000000000000        0.0072765609486795     0.0000000000000000
     0.0055774140983430     0.0000000000000000        0.0028404797606968     0.0000000000000000       -0.0042011244225110     0.0000000000000000
     0.0170715321820171     0.0000000000000000       -0.0098562537008049     0.0000000000000000        0.0042711496992713     0.0000000000000000
    5   11
    -0.0035997633014209     0.0000000000000000       -0.0055774140983430     0.0000000000000000       -0.0072765609486795     0.0000000000000000
    -0.0055774140983430     0.0000000000000000        0.0028404797606968     0.0000000000000000       -0.0042011244225110     0.0000000000000000
    -0.0170715321820171     0.0000000000000000       -0.0098562537008049     0.0000000000000000        0.0042711496992712     0.0000000000000000
    6    1
    -0.0518910880007736     0.0000000000000000        0.0268426905876863     0.0000000000000000       -0.0167202616404180     0.0000000000000000
     0.0268426905876863     0.0000000000000000       -0.0828863572744422     0.0000000000000000       -0.0096534475590536     0.0000000000000000
    -0.0176272715123902     0.0000000000000000       -0.0101771099527964     0.0000000000000000       -0.0865391521042511     0.0000000000000000
    6    2
    -0.0026953814729070     0.0000000000000000        0.0079736749471342     0.0000000000000000       -0.0073383550389869     0.0000000000000000
     0.0079736749471342     0.0000000000000000       -0.0119025882272802     0.0000000000000000       -0.0042368012571845     0.0000000000000000
    -0.0065576422185305     0.0000000000000000       -0.0037860565001325     0.0000000000000000       -0.0161060455313147     0.0000000000000000
    6    3
    -0.0128298336435588     0.0000000000000000       -0.0110350357651322     0.0000000000000000        0.0072955592380082     0.0000000000000000
    -0.0110350357651322     0.0000000000000000       -0.0000876719045761     0.0000000000000000        0.0042120930899691     0.0000000000000000
     0.0081842837707298     0.0000000000000000        0.0047251984381734     0.0000000000000000        0.0053475838071849     0.0000000000000000
    6    4
    -0.0035997633014209     0.0000000000000000       -0.0055774140983430     0.0000000000000000       -0.0170715321820171     0.0000000000000000
    -0.0055774140983430     0.0000000000000000        0.0028404797606968     0.0000000000000000       -0.0098562537008049     0.0000000000000000
    -0.0072765609486795     0.0000000000000000       -0.0042011244225110     0.0000000000000000        0.0042711496992712     0.0000000000000000
    6    5
    -0.0098779595929579     0.0000000000000000       -0.0096098002523902     0.0000000000000000        0.0275635066510007     0.0000000000000000
    -0.0096098002523902     0.0000000000000000        0.0012184819321607     0.0000000000000000        0.0159137979848266     0.0000000000000000
     0.0189438210501301     0.0000000000000000        0.0109372201828149     0.0000000000000000       -0.0345675823206073     0.0000000000000000
    6    6
     0.1349220523581848     0.0000000000000000        0.0072251630195072     0.0000000000000000       -0.0034563377861858     0.0000000000000000
     0.0072251630195072     0.0000000000000000        0.1265791527306901     0.0000000000000000       -0.0019955175512723     0.0000000000000000
    -0.0034563377861858     0.0000000000000000       -0.0019955175512723     0.0000000000000000        0.1222388578683098     0.0000000000000000
    6    7
    -0.0092281054250349     0.0000000000000000       -0.0289238714123089     0.0000000000000000        0.0006864378108751     0.0000000000000000
    -0.0196765726205121     0.0000000000000000       -0.0372875848702987     0.0000000000000000       -0.0029672828308584     0.0000000000000000
     0.0029129612171643     0.0000000000000000        0.0008891688330908     0.0000000000000000        0.0060022937809255     0.0000000000000000
    6    8
    -0.0513173245924994     0.0000000000000000        0.0046236493958984     0.0000000000000000       -0.0022265234062893     0.0000000000000000
    -0.0046236493958984     0.0000000000000000        0.0048016342974903     0.0000000000000000        0.0020781139977675     0.0000000000000000
     0.0022265234062892     0.0000000000000000        0.0020781139977675     0.0000000000000000        0.0060022937809255     0.0000000000000000
    6    9
    -0.0020343779599697     0.0000000000000000        0.0139434333165565     0.0000000000000000        0.0093149986958377     0.0000000000000000
     0.0040902941128881     0.0000000000000000        0.0083773994259369     0.0000000000000000       -0.0020612231034004     0.0000000000000000
     0.0064425709183241     0.0000000000000000       -0.0070364139551452     0.0000000000000000       -0.0002962142505995     0.0000000000000000
    6   10
     0.0135832881187933     0.0000000000000000       -0.0049265696018342     0.0000000000000000        0.0028724277775136     0.0000000000000000
     0.0049265696018342     0.0000000000000000       -0.0072402666529465     0.0000000000000000        0.0090976370585456     0.0000000000000000
    -0.0028724277775135     0.0000000000000000        0.0090976370585456     0.0000000000000000       -0.0002962142505995     0.0000000000000000
    6   11
    -0.0050315064878560     0.0000000000000000       -0.0005359201367742     0.0000000000000000       -0.0009199201193381     0.0000000000000000
    -0.0005359201367742     0.0000000000000000       -0.0044126792174310     0.0000000000000000       -0.0005311161285348     0.0000000000000000
    -0.0009199201193381     0.0000000000000000       -0.0005311161285348     0.0000000000000000       -0.0060569704792449     0.0000000000000000
    7    1
    -0.0983839919103179     0.0000000000000000       -0.0000000000000000     0.0000000000000000       -0.0000000000000000     0.0000000000000000
    -0.0000000000000000     0.0000000000000000       -0.0363934533645394     0.0000000000000000        0.0193068951181071     0.0000000000000000
    -0.0000000000000001     0.0000000000000000        0.0203542199055927     0.0000000000000000       -0.0865391521042510     0.0000000000000000
    7    2
    -0.0165061916043292     0.0000000000000000        0.0000000000000000     0.0000000000000000       -0.0000000000000000     0.0000000000000000
    -0.0000000000000000     0.0000000000000000        0.0019082219042485     0.0000000000000000        0.0084736025143689     0.0000000000000000
    -0.0000000000000000     0.0000000000000000        0.0075721130002649     0.0000000000000000       -0.0161060455313147     0.0000000000000000
    7    3
     0.0062834089649162     0.0000000000000000        0.0000000000000000     0.0000000000000000        0.0000000000000000     0.0000000000000000
     0.0000000000000000     0.0000000000000000       -0.0192009145131984     0.0000000000000000       -0.0084241861799383     0.0000000000000000
     0.0000000000000000     0.0000000000000000       -0.0094503968763468     0.0000000000000000        0.0053475838071849     0.0000000000000000
    7    4
     0.0060606012917228     0.0000000000000000       -0.0000000000000000     0.0000000000000000        0.0000000000000000     0.0000000000000000
    -0.0000000000000000     0.0000000000000000       -0.0068198848325214     0.0000000000000000        0.0197125074016098     0.0000000000000000
     0.0000000000000000     0.0000000000000000        0.0084022488450220     0.0000000000000000        0.0042711496992713     0.0000000000000000
    7    5
     0.0067667026947059     0.0000000000000000        0.0000000000000000     0.0000000000000000        0.0000000000000000     0.0000000000000000
     0.0000000000000000     0.0000000000000000       -0.0154261803556314     0.0000000000000000       -0.0318275959696533     0.0000000000000000
     0.0000000000000000     0.0000000000000000       -0.0218744403656298     0.0000000000000000       -0.0345675823206074     0.0000000000000000
    7    6
    -0.0092281054250349     0.0000000000000000       -0.0196765726205121     0.0000000000000000        0.0029129612171643     0.0000000000000000
    -0.0289238714123089     0.0000000000000000       -0.0372875848702987     0.0000000000000000        0.0008891688330908     0.0000000000000000
     0.0006864378108751     0.0000000000000000       -0.0029672828308584     0.0000000000000000        0.0060022937809255     0.0000000000000000
    7    7
     0.1224077029154789     0.0000000000000000        0.0000000000000000     0.0000000000000000        0.0000000000000000     0.0000000000000000
     0.0000000000000000     0.0000000000000000        0.1390935021734926     0.0000000000000000        0.0039910351025448     0.0000000000000000
     0.0000000000000000     0.0000000000000000        0.0039910351025448     0.0000000000000000        0.1222388578683098     0.0000000000000000
    7    8
    -0.0092281054250349     0.0000000000000000        0.0196765726205120     0.0000000000000000       -0.0029129612171644     0.0000000000000000
     0.0289238714123089     0.0000000000000000       -0.0372875848702987     0.0000000000000000        0.0008891688330909     0.0000000000000000
    -0.0006864378108751     0.0000000000000000       -0.0029672828308583     0.0000000000000000        0.0060022937809255     0.0000000000000000
    7    9
    -0.0041032655821674     0.0000000000000000       -0.0000000000000000     0.0000000000000000       -0.0000000000000000     0.0000000000000000
    -0.0000000000000000     0.0000000000000000       -0.0053409201231267     0.0000000000000000        0.0010622322570697     0.0000000000000000
    -0.0000000000000000     0.0000000000000000        0.0010622322570697     0.0000000000000000       -0.0060569704792449     0.0000000000000000
    7   10
    -0.0020343779599697     0.0000000000000000       -0.0040902941128880     0.0000000000000000       -0.0064425709183241     0.0000000000000000
    -0.0139434333165565     0.0000000000000000        0.0083773994259369     0.0000000000000000       -0.0070364139551452     0.0000000000000000
    -0.0093149986958377     0.0000000000000000       -0.0020612231034004     0.0000000000000000       -0.0002962142505995     0.0000000000000000
    7   11
    -0.0020343779599697     0.0000000000000000        0.0040902941128881     0.0000000000000000        0.0064425709183241     0.0000000000000000
     0.0139434333165565     0.0000000000000000        0.0083773994259369     0.0000000000000000       -0.0070364139551452     0.0000000000000000
     0.0093149986958377     0.0000000000000000       -0.0020612231034004     0.0000000000000000       -0.0002962142505995     0.0000000000000000
    8    1
    -0.0518910880007736     0.0000000000000000       -0.0268426905876863     0.0000000000000000        0.0167202616404180     0.0000000000000000
    -0.0268426905876863     0.0000000000000000       -0.0828863572744422     0.0000000000000000       -0.0096534475590536     0.0000000000000000
     0.0176272715123902     0.0000000000000000       -0.0101771099527964     0.0000000000000000       -0.0865391521042511     0.0000000000000000
    8    2
    -0.0026953814729070     0.0000000000000000       -0.0079736749471342     0.0000000000000000        0.0073383550389869     0.0000000000000000
    -0.0079736749471342     0.0000000000000000       -0.0119025882272802     0.0000000000000000       -0.0042368012571845     0.0000000000000000
     0.0065576422185306     0.0000000000000000       -0.0037860565001325     0.0000000000000000       -0.0161060455313147     0.0000000000000000
    8    3
    -0.0128298336435587     0.0000000000000000        0.0110350357651322     0.0000000000000000       -0.0072955592380082     0.0000000000000000
     0.0110350357651322     0.0000000000000000       -0.0000876719045761     0.0000000000000000        0.0042120930899691     0.0000000000000000
    -0.0081842837707299     0.0000000000000000        0.0047251984381734     0.0000000000000000        0.0053475838071849     0.0000000000000000
    8    4
    -0.0035997633014209     0.0000000000000000        0.0055774140983430     0.0000000000000000        0.0170715321820171     0.0000000000000000
     0.0055774140983430     0.0000000000000000        0.0028404797606968     0.0000000000000000       -0.0098562537008049     0.0000000000000000
     0.0072765609486795     0.0000000000000000       -0.0042011244225110     0.0000000000000000        0.0042711496992713     0.0000000000000000
    8    5
    -0.0098779595929579     0.0000000000000000        0.0096098002523902     0.0000000000000000       -0.0275635066510007     0.0000000000000000
     0.0096098002523902     0.0000000000000000        0.0012184819321607     0.0000000000000000        0.0159137979848267     0.0000000000000000
    -0.0189438210501301     0.0000000000000000        0.0109372201828149     0.0000000000000000       -0.0345675823206074     0.0000000000000000
    8    6
    -0.0513173245924994     0.0000000000000000       -0.0046236493958984     0.0000000000000000        0.0022265234062892     0.0000000000000000
     0.0046236493958984     0.0000000000000000        0.0048016342974903     0.0000000000000000        0.0020781139977675     0.0000000000000000
    -0.0022265234062893     0.0000000000000000        0.0020781139977675     0.0000000000000000        0.0060022937809255     0.0000000000000000
    8    7
    -0.0092281054250349     0.0000000000000000        0.0289238714123089     0.0000000000000000       -0.0006864378108751     0.0000000000000000
     0.0196765726205120     0.0000000000000000       -0.0372875848702987     0.0000000000000000       -0.0029672828308583     0.0000000000000000
    -0.0029129612171644     0.0000000000000000        0.0008891688330909     0.0000000000000000        0.0060022937809255     0.0000000000000000
    8    8
     0.1349220523581848     0.0000000000000000       -0.0072251630195072     0.0000000000000000        0.0034563377861859     0.0000000000000000
    -0.0072251630195072     0.0000000000000000        0.1265791527306901     0.0000000000000000       -0.0019955175512723     0.0000000000000000
     0.0034563377861859     0.0000000000000000       -0.0019955175512723     0.0000000000000000        0.1222388578683098     0.0000000000000000
    8    9
    -0.0020343779599697     0.0000000000000000       -0.0139434333165565     0.0000000000000000       -0.0093149986958377     0.0000000000000000
    -0.0040902941128880     0.0000000000000000        0.0083773994259369     0.0000000000000000       -0.0020612231034004     0.0000000000000000
    -0.0064425709183241     0.0000000000000000       -0.0070364139551452     0.0000000000000000       -0.0002962142505995     0.0000000000000000
    8   10
    -0.0050315064878560     0.0000000000000000        0.0005359201367742     0.0000000000000000        0.0009199201193381     0.0000000000000000
     0.0005359201367742     0.0000000000000000       -0.0044126792174310     0.0000000000000000       -0.0005311161285348     0.0000000000000000
     0.0009199201193381     0.0000000000000000       -0.0005311161285348     0.0000000000000000       -0.0060569704792449     0.0000000000000000
    8   11
     0.0135832881187933     0.0000000000000000        0.0049265696018342     0.0000000000000000       -0.0028724277775135     0.0000000000000000
    -0.0049265696018342     0.0000000000000000       -0.0072402666529465     0.0000000000000000        0.0090976370585456     0.0000000000000000
     0.0028724277775136     0.0000000000000000        0.0090976370585456     0.0000000000000000       -0.0002962142505995     0.0000000000000000
    9    1
    -0.0983839919103179     0.0000000000000000       -0.0000000000000000     0.0000000000000000       -0.0000000000000000     0.0000000000000000
    -0.0000000000000000     0.0000000000000000       -0.0363934533645394     0.0000000000000000        0.0193068951181071     0.0000000000000000
    -0.0000000000000001     0.0000000000000000        0.0203542199055927     0.0000000000000000       -0.0865391521042510     0.0000000000000000
    9    2
     0.0062834089649162     0.0000000000000000        0.0000000000000000     0.0000000000000000        0.0000000000000000     0.0000000000000000
     0.0000000000000000     0.0000000000000000       -0.0192009145131984     0.0000000000000000       -0.0084241861799383     0.0000000000000000
     0.0000000000000000     0.0000000000000000       -0.0094503968763468     0.0000000000000000        0.0053475838071849     0.0000000000000000
    9    3
    -0.0165061916043292     0.0000000000000000       -0.0000000000000000     0.0000000000000000        0.0000000000000000     0.0000000000000000
    -0.0000000000000000     0.0000000000000000        0.0019082219042485     0.0000000000000000        0.0084736025143689     0.0000000000000000
    -0.0000000000000000     0.0000000000000000        0.0075721130002649     0.0000000000000000       -0.0161060455313147     0.0000000000000000
    9    4
     0.0067667026947059     0.0000000000000000        0.0000000000000000     0.0000000000000000        0.0000000000000000     0.0000000000000000
     0.0000000000000000     0.0000000000000000       -0.0154261803556314     0.0000000000000000       -0.0318275959696533     0.0000000000000000
     0.0000000000000000     0.0000000000000000       -0.0218744403656298     0.0000000000000000       -0.0345675823206074     0.0000000000000000
    9    5
     0.0060606012917228     0.0000000000000000       -0.0000000000000000     0.0000000000000000        0.0000000000000000     0.0000000000000000
    -0.0000000000000000     0.0000000000000000       -0.0068198848325214     0.0000000000000000        0.0197125074016098     0.0000000000000000
     0.0000000000000000     0.0000000000000000        0.0084022488450220     0.0000000000000000        0.0042711496992713     0.0000000000000000
    9    6
    -0.0020343779599697     0.0000000000000000        0.0040902941128881     0.0000000000000000        0.0064425709183241     0.0000000000000000
     0.0139434333165565     0.0000000000000000        0.0083773994259369     0.0000000000000000       -0.0070364139551452     0.0000000000000000
     0.0093149986958377     0.0000000000000000       -0.0020612231034004     0.0000000000000000       -0.0002962142505995     0.0000000000000000
    9    7
    -0.0041032655821674     0.0000000000000000       -0.0000000000000000     0.0000000000000000        0.0000000000000000     0.0000000000000000
    -0.0000000000000000     0.0000000000000000       -0.0053409201231267     0.0000000000000000        0.0010622322570697     0.0000000000000000
    -0.0000000000000000     0.0000000000000000        0.0010622322570697     0.0000000000000000       -0.0060569704792449     0.0000000000000000
    9    8
    -0.0020343779599697     0.0000000000000000       -0.0040902941128880     0.0000000000000000       -0.0064425709183241     0.0000000000000000
    -0.0139434333165565     0.0000000000000000        0.0083773994259369     0.0000000000000000       -0.0070364139551452     0.0000000000000000
    -0.0093149986958377     0.0000000000000000       -0.0020612231034004     0.0000000000000000       -0.0002962142505995     0.0000000000000000
    9    9
     0.1224077029154789     0.0000000000000000        0.0000000000000000     0.0000000000000000        0.0000000000000000     0.0000000000000000
     0.0000000000000000     0.0000000000000000        0.1390935021734926     0.0000000000000000        0.0039910351025448     0.0000000000000000
     0.0000000000000000     0.0000000000000000        0.0039910351025448     0.0000000000000000        0.1222388578683098     0.0000000000000000
    9   10
    -0.0092281054250349     0.0000000000000000        0.0196765726205120     0.0000000000000000       -0.0029129612171644     0.0000000000000000
     0.0289238714123089     0.0000000000000000       -0.0372875848702987     0.0000000000000000        0.0008891688330909     0.0000000000000000
    -0.0006864378108751     0.0000000000000000       -0.0029672828308583     0.0000000000000000        0.0060022937809255     0.0000000000000000
    9   11
    -0.0092281054250349     0.0000000000000000       -0.0196765726205121     0.0000000000000000        0.0029129612171643     0.0000000000000000
    -0.0289238714123089     0.0000000000000000       -0.0372875848702987     0.0000000000000000        0.0008891688330908     0.0000000000000000
     0.0006864378108751     0.0000000000000000       -0.0029672828308584     0.0000000000000000        0.0060022937809255     0.0000000000000000
   10    1
    -0.0518910880007736     0.0000000000000000       -0.0268426905876863     0.0000000000000000        0.0167202616404180     0.0000000000000000
    -0.0268426905876863     0.0000000000000000       -0.0828863572744422     0.0000000000000000       -0.0096534475590536     0.0000000000000000
     0.0176272715123902     0.0000000000000000       -0.0101771099527964     0.0000000000000000       -0.0865391521042511     0.0000000000000000
   10    2
    -0.0128298336435587     0.0000000000000000        0.0110350357651322     0.0000000000000000       -0.0072955592380082     0.0000000000000000
     0.0110350357651322     0.0000000000000000       -0.0000876719045761     0.0000000000000000        0.0042120930899691     0.0000000000000000
    -0.0081842837707299     0.0000000000000000        0.0047251984381734     0.0000000000000000        0.0053475838071849     0.0000000000000000
   10    3
    -0.0026953814729070     0.0000000000000000       -0.0079736749471342     0.0000000000000000        0.0073383550389869     0.0000000000000000
    -0.0079736749471342     0.0000000000000000       -0.0119025882272802     0.0000000000000000       -0.0042368012571845     0.0000000000000000
     0.0065576422185306     0.0000000000000000       -0.0037860565001325     0.0000000000000000       -0.0161060455313147     0.0000000000000000
   10    4
    -0.0098779595929579     0.0000000000000000        0.0096098002523902     0.0000000000000000       -0.0275635066510007     0.0000000000000000
     0.0096098002523901     0.0000000000000000        0.0012184819321607     0.0000000000000000        0.0159137979848267     0.0000000000000000
    -0.0189438210501301     0.0000000000000000        0.0109372201828149     0.0000000000000000       -0.0345675823206074     0.0000000000000000
   10    5
    -0.0035997633014209     0.0000000000000000        0.0055774140983430     0.0000000000000000        0.0170715321820171     0.0000000000000000
     0.0055774140983430     0.0000000000000000        0.0028404797606968     0.0000000000000000       -0.0098562537008049     0.0000000000000000
     0.0072765609486795     0.0000000000000000       -0.0042011244225110     0.0000000000000000        0.0042711496992713     0.0000000000000000
   10    6
     0.0135832881187933     0.0000000000000000        0.0049265696018342     0.0000000000000000       -0.0028724277775135     0.0000000000000000
    -0.0049265696018342     0.0000000000000000       -0.0072402666529465     0.0000000000000000        0.0090976370585456     0.0000000000000000
     0.0028724277775136     0.0000000000000000        0.0090976370585456     0.0000000000000000       -0.0002962142505995     0.0000000000000000
   10    7
    -0.0020343779599697     0.0000000000000000       -0.0139434333165565     0.0000000000000000       -0.0093149986958377     0.0000000000000000
    -0.0040902941128880     0.0000000000000000        0.0083773994259369     0.0000000000000000       -0.0020612231034004     0.0000000000000000
    -0.0064425709183241     0.0000000000000000       -0.0070364139551452     0.0000000000000000       -0.0002962142505995     0.0000000000000000
   10    8
    -0.0050315064878560     0.0000000000000000        0.0005359201367742     0.0000000000000000        0.0009199201193381     0.0000000000000000
     0.0005359201367742     0.0000000000000000       -0.0044126792174310     0.0000000000000000       -0.0005311161285348     0.0000000000000000
     0.0009199201193381     0.0000000000000000       -0.0005311161285348     0.0000000000000000       -0.0060569704792449     0.0000000000000000
   10    9
    -0.0092281054250349     0.0000000000000000        0.0289238714123089     0.0000000000000000       -0.0006864378108751     0.0000000000000000
     0.0196765726205120     0.0000000000000000       -0.0372875848702987     0.0000000000000000       -0.0029672828308583     0.0000000000000000
    -0.0029129612171644     0.0000000000000000        0.0008891688330909     0.0000000000000000        0.0060022937809255     0.0000000000000000
   10   10
     0.1349220523581848     0.0000000000000000       -0.0072251630195072     0.0000000000000000        0.0034563377861859     0.0000000000000000
    -0.0072251630195072     0.0000000000000000        0.1265791527306901     0.0000000000000000       -0.0019955175512723     0.0000000000000000
     0.0034563377861859     0.0000000000000000       -0.0019955175512723     0.0000000000000000        0.1222388578683098     0.0000000000000000
   10   11
    -0.0513173245924994     0.0000000000000000       -0.0046236493958984     0.0000000000000000        0.0022265234062892     0.0000000000000000
     0.0046236493958984     0.0000000000000000        0.0048016342974903     0.0000000000000000        0.0020781139977675     0.0000000000000000
    -0.0022265234062893     0.0000000000000000        0.0020781139977675     0.0000000000000000        0.0060022937809255     0.0000000000000000
   11    1
    -0.0518910880007736     0.0000000000000000        0.0268426905876863     0.0000000000000000       -0.0167202616404180     0.0000000000000000
     0.0268426905876863     0.0000000000000000       -0.0828863572744422     0.0000000000000000       -0.0096534475590536     0.0000000000000000
    -0.0176272715123902     0.0000000000000000       -0.0101771099527964     0.0000000000000000       -0.0865391521042511     0.0000000000000000
   11    2
    -0.0128298336435588     0.0000000000000000       -0.0110350357651322     0.0000000000000000        0.0072955592380082     0.0000000000000000
    -0.0110350357651322     0.0000000000000000       -0.0000876719045761     0.0000000000000000        0.0042120930899691     0.0000000000000000
     0.0081842837707298     0.0000000000000000        0.0047251984381734     0.0000000000000000        0.0053475838071849     0.0000000000000000
   11    3
    -0.0026953814729070     0.0000000000000000        0.0079736749471342     0.0000000000000000       -0.0073383550389869     0.0000000000000000
     0.0079736749471342     0.0000000000000000       -0.0119025882272802     0.0000000000000000       -0.0042368012571845     0.0000000000000000
    -0.0065576422185305     0.0000000000000000       -0.0037860565001325     0.0000000000000000       -0.0161060455313147     0.0000000000000000
   11    4
    -0.0098779595929579     0.0000000000000000       -0.0096098002523902     0.0000000000000000        0.0275635066510007     0.0000000000000000
    -0.0096098002523902     0.0000000000000000        0.0012184819321607     0.0000000000000000        0.0159137979848266     0.0000000000000000
     0.0189438210501301     0.0000000000000000        0.0109372201828149     0.0000000000000000       -0.0345675823206073     0.0000000000000000
   11    5
    -0.0035997633014209     0.0000000000000000       -0.0055774140983430     0.0000000000000000       -0.0170715321820171     0.0000000000000000
    -0.0055774140983430     0.0000000000000000        0.0028404797606968     0.0000000000000000       -0.0098562537008049     0.0000000000000000
    -0.0072765609486795     0.0000000000000000       -0.0042011244225110     0.0000000000000000        0.0042711496992712     0.0000000000000000
   11    6
    -0.0050315064878560     0.0000000000000000       -0.0005359201367742     0.0000000000000000       -0.0009199201193381     0.0000000000000000
    -0.0005359201367742     0.0000000000000000       -0.0044126792174310     0.0000000000000000       -0.0005311161285348     0.0000000000000000
    -0.0009199201193381     0.0000000000000000       -0.0005311161285348     0.0000000000000000       -0.0060569704792449     0.0000000000000000
   11    7
    -0.0020343779599697     0.0000000000000000        0.0139434333165565     0.0000000000000000        0.0093149986958377     0.0000000000000000
     0.0040902941128881     0.0000000000000000        0.0083773994259369     0.0000000000000000       -0.0020612231034004     0.0000000000000000
     0.0064425709183241     0.0000000000000000       -0.0070364139551452     0.0000000000000000       -0.0002962142505995     0.0000000000000000
   11    8
     0.0135832881187933     0.0000000000000000       -0.0049265696018342     0.0000000000000000        0.0028724277775136     0.0000000000000000
     0.0049265696018342     0.0000000000000000       -0.0072402666529465     0.0000000000000000        0.0090976370585456     0.0000000000000000
    -0.0028724277775135     0.0000000000000000        0.0090976370585456     0.0000000000000000       -0.0002962142505995     0.0000000000000000
   11    9
    -0.0092281054250349     0.0000000000000000       -0.0289238714123089     0.0000000000000000        0.0006864378108751     0.0000000000000000
    -0.0196765726205121     0.0000000000000000       -0.0372875848702987     0.0000000000000000       -0.0029672828308584     0.0000000000000000
     0.0029129612171643     0.0000000000000000        0.0008891688330908     0.0000000000000000        0.0060022937809255     0.0000000000000000
   11   10
    -0.0513173245924994     0.0000000000000000        0.0046236493958984     0.0000000000000000       -0.0022265234062893     0.0000000000000000
    -0.0046236493958984     0.0000000000000000        0.0048016342974903     0.0000000000000000        0.0020781139977675     0.0000000000000000
     0.0022265234062892     0.0000000000000000        0.0020781139977675     0.0000000000000000        0.0060022937809255     0.0000000000000000
   11   11
     0.1349220523581848     0.0000000000000000        0.0072251630195072     0.0000000000000000       -0.0034563377861858     0.0000000000000000
     0.0072251630195072     0.0000000000000000        0.1265791527306902     0.0000000000000000       -0.0019955175512723     0.0000000000000000
    -0.0034563377861858     0.0000000000000000       -0.0019955175512723     0.0000000000000000        0.1222388578683098     0.0000000000000000

     Diagonalizing the dynamical matrix

     q = (     0.000000000000     0.000000000000     0.000000000000 )

***************************************************************************
   freq (    1) =    -0.00000018 [THz] =    -0.00000604 [cm-1]
(   0.301511  0.000000   0.000000  0.000000  -0.000000  0.000000 )
(   0.301511  0.000000   0.000000  0.000000  -0.000000  0.000000 )
(   0.301511  0.000000   0.000000  0.000000  -0.000000  0.000000 )
(   0.301511  0.000000  -0.000000  0.000000  -0.000000  0.000000 )
(   0.301511  0.000000   0.000000  0.000000  -0.000000  0.000000 )
(   0.301511  0.000000   0.000000  0.000000  -0.000000  0.000000 )
(   0.301511  0.000000   0.000000  0.000000  -0.000000  0.000000 )
(   0.301511  0.000000   0.000000  0.000000  -0.000000  0.000000 )
(   0.301511  0.000000   0.000000  0.000000  -0.000000  0.000000 )
(   0.301511  0.000000   0.000000  0.000000  -0.000000  0.000000 )
(   0.301511  0.000000   0.000000  0.000000  -0.000000  0.000000 )
   freq (    2) =     0.00000023 [THz] =     0.00000772 [cm-1]
(   0.000000  0.000000  -0.215961  0.000000   0.210404  0.000000 )
(  -0.000000  0.000000  -0.215961  0.000000   0.210404  0.000000 )
(   0.000000  0.000000  -0.215961  0.000000   0.210404  0.000000 )
(  -0.000000  0.000000  -0.215961  0.000000   0.210404  0.000000 )
(  -0.000000  0.000000  -0.215961  0.000000   0.210404  0.000000 )
(  -0.000000  0.000000  -0.215961  0.000000   0.210404  0.000000 )
(   0.000000  0.000000  -0.215961  0.000000   0.210404  0.000000 )
(  -0.000000  0.000000  -0.215961  0.000000   0.210404  0.000000 )
(   0.000000  0.000000  -0.215961  0.000000   0.210404  0.000000 )
(   0.000000  0.000000  -0.215961  0.000000   0.210404  0.000000 )
(   0.000000  0.000000  -0.215961  0.000000   0.210404  0.000000 )
   freq (    3) =     0.00000036 [THz] =     0.00001206 [cm-1]
(  -0.000000  0.000000   0.210404  0.000000   0.215961  0.000000 )
(   0.000000  0.000000   0.210404  0.000000   0.215961  0.000000 )
(  -0.000000  0.000000   0.210404  0.000000   0.215961  0.000000 )
(   0.000000  0.000000   0.210404  0.000000   0.215961  0.000000 )
(  -0.000000  0.000000   0.210404  0.000000   0.215961  0.000000 )
(   0.000000  0.000000   0.210404  0.000000   0.215961  0.000000 )
(  -0.000000  0.000000   0.210404  0.000000   0.215961  0.000000 )
(   0.000000  0.000000   0.210404  0.000000   0.215961  0.000000 )
(   0.000000  0.000000   0.210404  0.000000   0.215961  0.000000 )
(  -0.000000  0.000000   0.210404  0.000000   0.215961  0.000000 )
(  -0.000000  0.000000   0.210404  0.000000   0.215961  0.000000 )
   freq (    4) =    25.72543643 [THz] =   858.10806983 [cm-1]
(   0.000000  0.000000  -0.000000  0.000000  -0.000000  0.000000 )
(  -0.000000  0.000000  -0.000000  0.000000   0.320616  0.000000 )
(   0.000000  0.000000   0.000000  0.000000  -0.320616  0.000000 )
(  -0.000000  0.000000   0.000000  0.000000   0.531540  0.000000 )
(   0.000000  0.000000  -0.000000  0.000000  -0.531540  0.000000 )
(   0.126341  0.000000   0.072943  0.000000  -0.130157  0.000000 )
(   0.000000  0.000000  -0.145886  0.000000  -0.130157  0.000000 )
(  -0.126341  0.000000   0.072943  0.000000  -0.130157  0.000000 )
(  -0.000000  0.000000   0.145886  0.000000   0.130157  0.000000 )
(   0.126341  0.000000  -0.072943  0.000000   0.130157  0.000000 )
(  -0.126341  0.000000  -0.072943  0.000000   0.130157  0.000000 )
   freq (    5) =    25.96533864 [THz] =   866.11034504 [cm-1]
(   0.000000  0.000000   0.000000  0.000000   0.000000  0.000000 )
(  -0.472004  0.000000   0.000019  0.000000  -0.000000  0.000000 )
(   0.472004  0.000000  -0.000019  0.000000  -0.000000  0.000000 )
(   0.010182  0.000000  -0.000000  0.000000  -0.000000  0.000000 )
(  -0.010182  0.000000   0.000000  0.000000   0.000000  0.000000 )
(   0.304991  0.000000   0.169544  0.000000  -0.129303  0.000000 )
(   0.011331  0.000000  -0.000016  0.000000  -0.000006  0.000000 )
(   0.305005  0.000000  -0.169553  0.000000   0.129309  0.000000 )
(  -0.011331  0.000000   0.000016  0.000000   0.000006  0.000000 )
(  -0.305005  0.000000   0.169553  0.000000  -0.129309  0.000000 )
(  -0.304991  0.000000  -0.169544  0.000000   0.129303  0.000000 )
   freq (    6) =    25.96533864 [THz] =   866.11034504 [cm-1]
(   0.000000  0.000000  -0.000000  0.000000  -0.000000  0.000000 )
(  -0.000019  0.000000  -0.472004  0.000000  -0.000000  0.000000 )
(   0.000019  0.000000   0.472004  0.000000   0.000000  0.000000 )
(   0.000000  0.000000   0.010182  0.000000  -0.000000  0.000000 )
(  -0.000000  0.000000  -0.010182  0.000000   0.000000  0.000000 )
(   0.169561  0.000000   0.109227  0.000000  -0.074660  0.000000 )
(   0.000000  0.000000   0.402887  0.000000   0.149309  0.000000 )
(  -0.169536  0.000000   0.109213  0.000000  -0.074649  0.000000 )
(  -0.000000  0.000000  -0.402887  0.000000  -0.149309  0.000000 )
(   0.169536  0.000000  -0.109213  0.000000   0.074649  0.000000 )
(  -0.169561  0.000000  -0.109227  0.000000   0.074660  0.000000 )
   freq (    7) =    25.99381474 [THz] =   867.06020528 [cm-1]
(   0.021104  0.000000  -0.000000  0.000000  -0.000000  0.000000 )
(  -0.486522  0.000000   0.000000  0.000000   0.000000  0.000000 )
(  -0.486522  0.000000   0.000000  0.000000   0.000000  0.000000 )
(  -0.205523  0.000000   0.000000  0.000000   0.000000  0.000000 )
(  -0.205523  0.000000   0.000000  0.000000   0.000000  0.000000 )
(  -0.297256  0.000000  -0.074898  0.000000   0.049124  0.000000 )
(  -0.167530  0.000000   0.000000  0.000000   0.000000  0.000000 )
(  -0.297256  0.000000   0.074898  0.000000  -0.049124  0.000000 )
(  -0.167530  0.000000   0.000000  0.000000   0.000000  0.000000 )
(  -0.297256  0.000000   0.074898  0.000000  -0.049124  0.000000 )
(  -0.297256  0.000000  -0.074898  0.000000   0.049124  0.000000 )
   freq (    8) =    25.99381474 [THz] =   867.06020529 [cm-1]
(  -0.000000  0.000000  -0.021104  0.000000   0.000000  0.000000 )
(  -0.000000  0.000000   0.486522  0.000000  -0.000000  0.000000 )
(   0.000000  0.000000   0.486522  0.000000  -0.000000  0.000000 )
(   0.000000  0.000000   0.205523  0.000000  -0.000000  0.000000 )
(  -0.000000  0.000000   0.205523  0.000000  -0.000000  0.000000 )
(   0.074898  0.000000   0.210772  0.000000  -0.028362  0.000000 )
(   0.000000  0.000000   0.340499  0.000000   0.056724  0.000000 )
(  -0.074898  0.000000   0.210772  0.000000  -0.028362  0.000000 )
(  -0.000000  0.000000   0.340499  0.000000   0.056724  0.000000 )
(  -0.074898  0.000000   0.210772  0.000000  -0.028362  0.000000 )
(   0.074898  0.000000   0.210772  0.000000  -0.028362  0.000000 )
   freq (    9) =    26.01723009 [THz] =   867.84125726 [cm-1]
(  -0.000000  0.000000  -0.000000  0.000000  -0.021474  0.000000 )
(  -0.000000  0.000000   0.000000  0.000000   0.460073  0.000000 )
(   0.000000  0.000000   0.000000  0.000000   0.460073  0.000000 )
(  -0.000000  0.000000   0.000000  0.000000   0.379744  0.000000 )
(   0.000000  0.000000   0.000000  0.000000   0.379744  0.000000 )
(  -0.043164  0.000000  -0.024921  0.000000   0.213263  0.000000 )
(   0.000000  0.000000   0.049842  0.000000   0.213263  0.000000 )
(   0.043164  0.000000  -0.024921  0.000000   0.213263  0.000000 )
(  -0.000000  0.000000   0.049842  0.000000   0.213263  0.000000 )
(   0.043164  0.000000  -0.024921  0.000000   0.213263  0.000000 )
(  -0.043164  0.000000  -0.024921  0.000000   0.213263  0.000000 )
   freq (   10) =    28.63538991 [THz] =   955.17365592 [cm-1]
(  -0.000000  0.000000   0.000000  0.000000  -0.000000  0.000000 )
(   0.000000  0.000000  -0.000000  0.000000  -0.529979  0.000000 )
(  -0.000000  0.000000   0.000000  0.000000   0.529979  0.000000 )
(  -0.000000  0.000000   0.000000  0.000000   0.157527  0.000000 )
(   0.000000  0.000000  -0.000000  0.000000  -0.157527  0.000000 )
(  -0.024839  0.000000  -0.014341  0.000000  -0.252876  0.000000 )
(   0.000000  0.000000   0.028682  0.000000  -0.252876  0.000000 )
(   0.024839  0.000000  -0.014341  0.000000  -0.252876  0.000000 )
(  -0.000000  0.000000  -0.028682  0.000000   0.252876  0.000000 )
(  -0.024839  0.000000   0.014341  0.000000   0.252876  0.000000 )
(   0.024839  0.000000   0.014341  0.000000   0.252876  0.000000 )
   freq (   11) =    29.58230158 [THz] =   986.75922482 [cm-1]
(   0.000000  0.000000  -0.000000  0.000000  -0.000000  0.000000 )
(  -0.395629  0.000000   0.000007  0.000000  -0.000000  0.000000 )
(   0.395629  0.000000  -0.000007  0.000000   0.000000  0.000000 )
(   0.357438  0.000000  -0.000006  0.000000   0.000000  0.000000 )
(  -0.357438  0.000000   0.000006  0.000000  -0.000000  0.000000 )
(  -0.269177  0.000000  -0.013987  0.000000   0.072157  0.000000 )
(  -0.244944  0.000000   0.000005  0.000000   0.000001  0.000000 )
(  -0.269178  0.000000   0.013996  0.000000  -0.072158  0.000000 )
(   0.244944  0.000000  -0.000005  0.000000  -0.000001  0.000000 )
(   0.269178  0.000000  -0.013996  0.000000   0.072158  0.000000 )
(   0.269177  0.000000   0.013987  0.000000  -0.072157  0.000000 )
   freq (   12) =    29.58230158 [THz] =   986.75922482 [cm-1]
(   0.000000  0.000000   0.000000  0.000000   0.000000  0.000000 )
(   0.000007  0.000000   0.395629  0.000000  -0.000000  0.000000 )
(  -0.000007  0.000000  -0.395629  0.000000   0.000000  0.000000 )
(  -0.000006  0.000000  -0.357438  0.000000  -0.000000  0.000000 )
(   0.000006  0.000000   0.357438  0.000000   0.000000  0.000000 )
(   0.013996  0.000000   0.253022  0.000000  -0.041662  0.000000 )
(   0.000004  0.000000   0.277255  0.000000   0.083321  0.000000 )
(  -0.013987  0.000000   0.253021  0.000000  -0.041659  0.000000 )
(  -0.000004  0.000000  -0.277255  0.000000  -0.083321  0.000000 )
(   0.013987  0.000000  -0.253021  0.000000   0.041659  0.000000 )
(  -0.013996  0.000000  -0.253022  0.000000   0.041662  0.000000 )
   freq (   13) =    32.32249975 [THz] =  1078.16238395 [cm-1]
(   0.000000  0.000000  -0.000000  0.000000   0.000000  0.000000 )
(   0.080584  0.000000  -0.000008  0.000000   0.000000  0.000000 )
(  -0.080584  0.000000   0.000008  0.000000  -0.000000  0.000000 )
(   0.381264  0.000000  -0.000036  0.000000   0.000000  0.000000 )
(  -0.381264  0.000000   0.000036  0.000000  -0.000000  0.000000 )
(   0.196552  0.000000   0.000802  0.000000   0.341157  0.000000 )
(   0.195131  0.000000  -0.000019  0.000000   0.000037  0.000000 )
(   0.196553  0.000000  -0.000839  0.000000  -0.341194  0.000000 )
(  -0.195131  0.000000   0.000019  0.000000  -0.000037  0.000000 )
(  -0.196553  0.000000   0.000839  0.000000   0.341194  0.000000 )
(  -0.196552  0.000000  -0.000802  0.000000  -0.341157  0.000000 )
   freq (   14) =    32.32249975 [THz] =  1078.16238395 [cm-1]
(   0.000000  0.000000  -0.000000  0.000000  -0.000000  0.000000 )
(   0.000008  0.000000   0.080584  0.000000  -0.000000  0.000000 )
(  -0.000008  0.000000  -0.080584  0.000000   0.000000  0.000000 )
(   0.000036  0.000000   0.381264  0.000000  -0.000000  0.000000 )
(  -0.000036  0.000000  -0.381264  0.000000   0.000000  0.000000 )
(   0.000839  0.000000   0.195605  0.000000   0.197010  0.000000 )
(   0.000018  0.000000   0.197026  0.000000  -0.393955  0.000000 )
(  -0.000802  0.000000   0.195605  0.000000   0.196946  0.000000 )
(  -0.000018  0.000000  -0.197026  0.000000   0.393955  0.000000 )
(   0.000802  0.000000  -0.195605  0.000000  -0.196946  0.000000 )
(  -0.000839  0.000000  -0.195605  0.000000  -0.197010  0.000000 )
   freq (   15) =    33.01740941 [THz] =  1101.34207207 [cm-1]
(   0.000000  0.000000   0.000000  0.000000   0.000000  0.000000 )
(  -0.000000  0.000000   0.000000  0.000000   0.000000  0.000000 )
(   0.000000  0.000000   0.000000  0.000000  -0.000000  0.000000 )
(   0.000000  0.000000  -0.000000  0.000000  -0.000000  0.000000 )
(  -0.000000  0.000000   0.000000  0.000000  -0.000000  0.000000 )
(  -0.204124  0.000000   0.353553  0.000000  -0.000000  0.000000 )
(   0.408248  0.000000  -0.000000  0.000000   0.000000  0.000000 )
(  -0.204124  0.000000  -0.353553  0.000000   0.000000  0.000000 )
(  -0.408248  0.000000   0.000000  0.000000  -0.000000  0.000000 )
(   0.204124  0.000000   0.353553  0.000000  -0.000000  0.000000 )
(   0.204124  0.000000  -0.353553  0.000000   0.000000  0.000000 )
   freq (   16) =    34.07475646 [THz] =  1136.61136816 [cm-1]
(  -0.001283  0.000000  -0.000000  0.000000   0.000000  0.000000 )
(  -0.186200  0.000000  -0.000000  0.000000   0.000000  0.000000 )
(  -0.186200  0.000000  -0.000000  0.000000   0.000000  0.000000 )
(   0.456426  0.000000   0.000000  0.000000  -0.000000  0.000000 )
(   0.456426  0.000000   0.000000  0.000000  -0.000000  0.000000 )
(  -0.047517  0.000000   0.022672  0.000000  -0.349234  0.000000 )
(  -0.086787  0.000000  -0.000000  0.000000   0.000000  0.000000 )
(  -0.047517  0.000000  -0.022672  0.000000   0.349234  0.000000 )
(  -0.086787  0.000000  -0.000000  0.000000   0.000000  0.000000 )
(  -0.047517  0.000000  -0.022672  0.000000   0.349234  0.000000 )
(  -0.047517  0.000000   0.022672  0.000000  -0.349234  0.000000 )
   freq (   17) =    34.07475646 [THz] =  1136.61136817 [cm-1]
(   0.000000  0.000000  -0.001283  0.000000  -0.000000  0.000000 )
(   0.000000  0.000000  -0.186200  0.000000   0.000000  0.000000 )
(   0.000000  0.000000  -0.186200  0.000000   0.000000  0.000000 )
(  -0.000000  0.000000   0.456426  0.000000  -0.000000  0.000000 )
(  -0.000000  0.000000   0.456426  0.000000  -0.000000  0.000000 )
(   0.022672  0.000000  -0.073697  0.000000  -0.201630  0.000000 )
(   0.000000  0.000000  -0.034427  0.000000   0.403260  0.000000 )
(  -0.022672  0.000000  -0.073697  0.000000  -0.201630  0.000000 )
(   0.000000  0.000000  -0.034427  0.000000   0.403260  0.000000 )
(  -0.022672  0.000000  -0.073697  0.000000  -0.201630  0.000000 )
(   0.022672  0.000000  -0.073697  0.000000  -0.201630  0.000000 )
   freq (   18) =    34.76094672 [THz] =  1159.50020810 [cm-1]
(  -0.000000  0.000000  -0.000000  0.000000   0.000000  0.000000 )
(  -0.000000  0.000000   0.000000  0.000000  -0.000000  0.000000 )
(  -0.000000  0.000000   0.000000  0.000000  -0.000000  0.000000 )
(   0.000000  0.000000  -0.000000  0.000000   0.000000  0.000000 )
(   0.000000  0.000000  -0.000000  0.000000   0.000000  0.000000 )
(   0.204124  0.000000  -0.353553  0.000000   0.000000  0.000000 )
(  -0.408248  0.000000  -0.000000  0.000000  -0.000000  0.000000 )
(   0.204124  0.000000   0.353553  0.000000  -0.000000  0.000000 )
(  -0.408248  0.000000  -0.000000  0.000000  -0.000000  0.000000 )
(   0.204124  0.000000   0.353553  0.000000  -0.000000  0.000000 )
(   0.204124  0.000000  -0.353553  0.000000   0.000000  0.000000 )
   freq (   19) =    35.00501270 [THz] =  1167.64137165 [cm-1]
(  -0.001821  0.000000  -0.000000  0.000000   0.000000  0.000000 )
(  -0.211774  0.000000  -0.000000  0.000000   0.000000  0.000000 )
(  -0.211774  0.000000  -0.000000  0.000000   0.000000  0.000000 )
(   0.333804  0.000000   0.000000  0.000000  -0.000000  0.000000 )
(   0.333804  0.000000   0.000000  0.000000  -0.000000  0.000000 )
(   0.117645  0.000000   0.201779  0.000000   0.300717  0.000000 )
(  -0.231847  0.000000   0.000000  0.000000  -0.000000  0.000000 )
(   0.117645  0.000000  -0.201779  0.000000  -0.300717  0.000000 )
(  -0.231847  0.000000   0.000000  0.000000  -0.000000  0.000000 )
(   0.117645  0.000000  -0.201779  0.000000  -0.300717  0.000000 )
(   0.117645  0.000000   0.201779  0.000000   0.300717  0.000000 )
   freq (   20) =    35.00501270 [THz] =  1167.64137165 [cm-1]
(   0.000000  0.000000  -0.001821  0.000000   0.000000  0.000000 )
(   0.000000  0.000000  -0.211774  0.000000   0.000000  0.000000 )
(   0.000000  0.000000  -0.211774  0.000000   0.000000  0.000000 )
(  -0.000000  0.000000   0.333804  0.000000  -0.000000  0.000000 )
(  -0.000000  0.000000   0.333804  0.000000  -0.000000  0.000000 )
(   0.201779  0.000000  -0.115350  0.000000   0.173619  0.000000 )
(   0.000000  0.000000   0.234142  0.000000  -0.347238  0.000000 )
(  -0.201779  0.000000  -0.115350  0.000000   0.173619  0.000000 )
(   0.000000  0.000000   0.234142  0.000000  -0.347238  0.000000 )
(  -0.201779  0.000000  -0.115350  0.000000   0.173619  0.000000 )
(   0.201779  0.000000  -0.115350  0.000000   0.173619  0.000000 )
   freq (   21) =    35.24858201 [THz] =  1175.76596843 [cm-1]
(  -0.000000  0.000000   0.000000  0.000000   0.004411  0.000000 )
(   0.000000  0.000000   0.000000  0.000000   0.542092  0.000000 )
(   0.000000  0.000000   0.000000  0.000000   0.542092  0.000000 )
(  -0.000000  0.000000  -0.000000  0.000000  -0.318456  0.000000 )
(  -0.000000  0.000000  -0.000000  0.000000  -0.318456  0.000000 )
(   0.054618  0.000000   0.031534  0.000000  -0.175859  0.000000 )
(   0.000000  0.000000  -0.063068  0.000000  -0.175859  0.000000 )
(  -0.054618  0.000000   0.031534  0.000000  -0.175859  0.000000 )
(   0.000000  0.000000  -0.063068  0.000000  -0.175859  0.000000 )
(  -0.054618  0.000000   0.031534  0.000000  -0.175859  0.000000 )
(   0.054618  0.000000   0.031534  0.000000  -0.175859  0.000000 )
   freq (   22) =    35.84671468 [THz] =  1195.71752364 [cm-1]
(   0.005261  0.000000   0.000000  0.000000   0.000000  0.000000 )
(   0.437442  0.000000   0.000000  0.000000   0.000000  0.000000 )
(   0.437442  0.000000   0.000000  0.000000   0.000000  0.000000 )
(   0.124688  0.000000   0.000000  0.000000  -0.000000  0.000000 )
(   0.124688  0.000000   0.000000  0.000000  -0.000000  0.000000 )
(  -0.291238  0.000000   0.029391  0.000000   0.048246  0.000000 )
(  -0.342144  0.000000  -0.000000  0.000000  -0.000000  0.000000 )
(  -0.291238  0.000000  -0.029391  0.000000  -0.048246  0.000000 )
(  -0.342144  0.000000  -0.000000  0.000000  -0.000000  0.000000 )
(  -0.291238  0.000000  -0.029391  0.000000  -0.048246  0.000000 )
(  -0.291238  0.000000   0.029391  0.000000   0.048246  0.000000 )
   freq (   23) =    35.84671468 [THz] =  1195.71752365 [cm-1]
(  -0.000000  0.000000   0.005261  0.000000  -0.000000  0.000000 )
(  -0.000000  0.000000   0.437442  0.000000  -0.000000  0.000000 )
(  -0.000000  0.000000   0.437442  0.000000  -0.000000  0.000000 )
(  -0.000000  0.000000   0.124688  0.000000   0.000000  0.000000 )
(  -0.000000  0.000000   0.124688  0.000000   0.000000  0.000000 )
(   0.029391  0.000000  -0.325175  0.000000   0.027855  0.000000 )
(   0.000000  0.000000  -0.274269  0.000000  -0.055710  0.000000 )
(  -0.029391  0.000000  -0.325175  0.000000   0.027855  0.000000 )
(   0.000000  0.000000  -0.274269  0.000000  -0.055710  0.000000 )
(  -0.029391  0.000000  -0.325175  0.000000   0.027855  0.000000 )
(   0.029391  0.000000  -0.325175  0.000000   0.027855  0.000000 )
   freq (   24) =    43.54081700 [THz] =  1452.36511485 [cm-1]
(   0.000000  0.000000  -0.000000  0.000000   0.000000  0.000000 )
(  -0.015317  0.000000   0.000006  0.000000  -0.000000  0.000000 )
(   0.015317  0.000000  -0.000006  0.000000   0.000000  0.000000 )
(   0.315775  0.000000  -0.000127  0.000000   0.000000  0.000000 )
(  -0.315775  0.000000   0.000127  0.000000  -0.000000  0.000000 )
(  -0.013962  0.000000  -0.227920  0.000000  -0.274745  0.000000 )
(   0.380542  0.000000   0.000059  0.000000  -0.000128  0.000000 )
(  -0.014145  0.000000   0.227719  0.000000   0.274873  0.000000 )
(  -0.380542  0.000000  -0.000059  0.000000   0.000128  0.000000 )
(   0.014145  0.000000  -0.227719  0.000000  -0.274873  0.000000 )
(   0.013962  0.000000   0.227920  0.000000   0.274745  0.000000 )
   freq (   25) =    43.54081700 [THz] =  1452.36511486 [cm-1]
(   0.000000  0.000000  -0.000000  0.000000   0.000000  0.000000 )
(  -0.000006  0.000000  -0.015317  0.000000   0.000000  0.000000 )
(   0.000006  0.000000   0.015317  0.000000  -0.000000  0.000000 )
(   0.000127  0.000000   0.315775  0.000000  -0.000000  0.000000 )
(  -0.000127  0.000000  -0.315775  0.000000   0.000000  0.000000 )
(  -0.227826  0.000000   0.248918  0.000000  -0.158772  0.000000 )
(   0.000154  0.000000  -0.145585  0.000000   0.317323  0.000000 )
(   0.227814  0.000000   0.249102  0.000000  -0.158550  0.000000 )
(  -0.000154  0.000000   0.145585  0.000000  -0.317323  0.000000 )
(  -0.227814  0.000000  -0.249102  0.000000   0.158550  0.000000 )
(   0.227826  0.000000  -0.248918  0.000000   0.158772  0.000000 )
   freq (   26) =    45.50762210 [THz] =  1517.97066171 [cm-1]
(  -0.006233  0.000000  -0.000000  0.000000  -0.000000  0.000000 )
(   0.000798  0.000000  -0.000000  0.000000  -0.000000  0.000000 )
(   0.000798  0.000000   0.000000  0.000000   0.000000  0.000000 )
(   0.344831  0.000000   0.000000  0.000000  -0.000000  0.000000 )
(   0.344831  0.000000   0.000000  0.000000  -0.000000  0.000000 )
(  -0.133357  0.000000  -0.279382  0.000000   0.182362  0.000000 )
(   0.350547  0.000000  -0.000000  0.000000   0.000000  0.000000 )
(  -0.133357  0.000000   0.279382  0.000000  -0.182362  0.000000 )
(   0.350547  0.000000  -0.000000  0.000000   0.000000  0.000000 )
(  -0.133357  0.000000   0.279382  0.000000  -0.182362  0.000000 )
(  -0.133357  0.000000  -0.279382  0.000000   0.182362  0.000000 )
   freq (   27) =    45.50762210 [THz] =  1517.97066171 [cm-1]
(   0.000000  0.000000  -0.006233  0.000000   0.000000  0.000000 )
(   0.000000  0.000000   0.000798  0.000000   0.000000  0.000000 )
(  -0.000000  0.000000   0.000798  0.000000   0.000000  0.000000 )
(  -0.000000  0.000000   0.344831  0.000000   0.000000  0.000000 )
(  -0.000000  0.000000   0.344831  0.000000   0.000000  0.000000 )
(  -0.279382  0.000000   0.189246  0.000000   0.105287  0.000000 )
(  -0.000000  0.000000  -0.294658  0.000000  -0.210574  0.000000 )
(   0.279382  0.000000   0.189246  0.000000   0.105287  0.000000 )
(  -0.000000  0.000000  -0.294658  0.000000  -0.210574  0.000000 )
(   0.279382  0.000000   0.189246  0.000000   0.105287  0.000000 )
(  -0.279382  0.000000   0.189246  0.000000   0.105287  0.000000 )
   freq (   28) =    45.70827780 [THz] =  1524.66381469 [cm-1]
(  -0.000000  0.000000   0.000000  0.000000   0.006163  0.000000 )
(   0.000000  0.000000  -0.000000  0.000000   0.023553  0.000000 )
(  -0.000000  0.000000  -0.000000  0.000000   0.023553  0.000000 )
(   0.000000  0.000000  -0.000000  0.000000   0.371889  0.000000 )
(   0.000000  0.000000  -0.000000  0.000000   0.371889  0.000000 )
(  -0.185039  0.000000  -0.106832  0.000000  -0.273354  0.000000 )
(   0.000000  0.000000   0.213665  0.000000  -0.273354  0.000000 )
(   0.185039  0.000000  -0.106832  0.000000  -0.273354  0.000000 )
(   0.000000  0.000000   0.213665  0.000000  -0.273354  0.000000 )
(   0.185039  0.000000  -0.106832  0.000000  -0.273354  0.000000 )
(  -0.185039  0.000000  -0.106832  0.000000  -0.273354  0.000000 )
   freq (   29) =    46.65262725 [THz] =  1556.16391691 [cm-1]
(  -0.000000  0.000000  -0.000000  0.000000  -0.000000  0.000000 )
(   0.337582  0.000000   0.000002  0.000000  -0.000000  0.000000 )
(  -0.337582  0.000000  -0.000002  0.000000   0.000000  0.000000 )
(   0.356452  0.000000   0.000002  0.000000   0.000000  0.000000 )
(  -0.356452  0.000000  -0.000002  0.000000  -0.000000  0.000000 )
(   0.063427  0.000000   0.210130  0.000000  -0.190139  0.000000 )
(  -0.300532  0.000000   0.000001  0.000000   0.000001  0.000000 )
(   0.063425  0.000000  -0.210132  0.000000   0.190138  0.000000 )
(   0.300532  0.000000  -0.000001  0.000000  -0.000001  0.000000 )
(  -0.063425  0.000000   0.210132  0.000000  -0.190138  0.000000 )
(  -0.063427  0.000000  -0.210130  0.000000   0.190139  0.000000 )
   freq (   30) =    46.65262725 [THz] =  1556.16391692 [cm-1]
(  -0.000000  0.000000   0.000000  0.000000  -0.000000  0.000000 )
(  -0.000002  0.000000   0.337582  0.000000  -0.000000  0.000000 )
(   0.000002  0.000000  -0.337582  0.000000   0.000000  0.000000 )
(  -0.000002  0.000000   0.356452  0.000000   0.000000  0.000000 )
(   0.000002  0.000000  -0.356452  0.000000  -0.000000  0.000000 )
(   0.210131  0.000000  -0.179213  0.000000  -0.109776  0.000000 )
(   0.000001  0.000000   0.184745  0.000000   0.219553  0.000000 )
(  -0.210131  0.000000  -0.179211  0.000000  -0.109777  0.000000 )
(  -0.000001  0.000000  -0.184745  0.000000  -0.219553  0.000000 )
(   0.210131  0.000000   0.179211  0.000000   0.109777  0.000000 )
(  -0.210131  0.000000   0.179213  0.000000   0.109776  0.000000 )
   freq (   31) =    47.63325735 [THz] =  1588.87421150 [cm-1]
(  -0.000000  0.000000   0.000000  0.000000   0.000000  0.000000 )
(   0.000000  0.000000   0.000000  0.000000   0.341039  0.000000 )
(  -0.000000  0.000000  -0.000000  0.000000  -0.341039  0.000000 )
(   0.000000  0.000000   0.000000  0.000000  -0.259536  0.000000 )
(  -0.000000  0.000000  -0.000000  0.000000   0.259536  0.000000 )
(  -0.153569  0.000000  -0.088663  0.000000  -0.272029  0.000000 )
(   0.000000  0.000000   0.177326  0.000000  -0.272029  0.000000 )
(   0.153569  0.000000  -0.088663  0.000000  -0.272029  0.000000 )
(   0.000000  0.000000  -0.177326  0.000000   0.272029  0.000000 )
(  -0.153569  0.000000   0.088663  0.000000   0.272029  0.000000 )
(   0.153569  0.000000   0.088663  0.000000   0.272029  0.000000 )
   freq (   32) =    48.36857397 [THz] =  1613.40173025 [cm-1]
(  -0.000000  0.000000  -0.000000  0.000000   0.000076  0.000000 )
(  -0.000000  0.000000   0.000000  0.000000  -0.022184  0.000000 )
(   0.000000  0.000000   0.000000  0.000000  -0.022184  0.000000 )
(   0.000000  0.000000   0.000000  0.000000   0.344753  0.000000 )
(   0.000000  0.000000   0.000000  0.000000   0.344753  0.000000 )
(   0.293615  0.000000   0.169519  0.000000  -0.109262  0.000000 )
(   0.000000  0.000000  -0.339037  0.000000  -0.109262  0.000000 )
(  -0.293615  0.000000   0.169519  0.000000  -0.109262  0.000000 )
(  -0.000000  0.000000  -0.339037  0.000000  -0.109262  0.000000 )
(  -0.293615  0.000000   0.169519  0.000000  -0.109262  0.000000 )
(   0.293615  0.000000   0.169519  0.000000  -0.109262  0.000000 )
   freq (   33) =    61.86399534 [THz] =  2063.56046799 [cm-1]
(   0.000000  0.000000   0.000000  0.000000  -0.000000  0.000000 )
(  -0.000000  0.000000   0.000000  0.000000   0.004457  0.000000 )
(   0.000000  0.000000  -0.000000  0.000000  -0.004457  0.000000 )
(  -0.000000  0.000000   0.000000  0.000000   0.353965  0.000000 )
(   0.000000  0.000000  -0.000000  0.000000  -0.353965  0.000000 )
(  -0.291269  0.000000  -0.168164  0.000000   0.108533  0.000000 )
(   0.000000  0.000000   0.336328  0.000000   0.108533  0.000000 )
(   0.291269  0.000000  -0.168164  0.000000   0.108533  0.000000 )
(  -0.000000  0.000000  -0.336328  0.000000  -0.108533  0.000000 )
(  -0.291269  0.000000   0.168164  0.000000  -0.108533  0.000000 )
(   0.291269  0.000000   0.168164  0.000000  -0.108533  0.000000 )
***************************************************************************
