Dynamical matrix file
File generated with the CellConstructor by Lorenzo Monacelli
2 11 0     1.8897259890000000     0.0000000000000000     0.0000000000000000     0.0000000000000000     0.0000000000000000     0.0000000000000000
Basis vectors
    1.8096824450266691    -1.0448206467737977     2.8757086786155668
    0.0000000000000002     2.0896412935475954     2.8757086786155663
   -1.8096824450266686    -1.0448206467737975     2.8757086786155646
	1  'La '  126604.5951757480361266
	2  'H '    918.7358275894680446
    1     1     0.0000000000000003     0.0000000000000001     4.3135630610420339
    2     2    -0.0000000000000001     0.0000000000000002     2.1448726037196875
    3     2     0.0000000000000001    -0.0000000000000002    -2.1448726037196875
    4     2     0.0000000000000002     0.0000000000000001     0.9870822561014913
    5     2    -0.0000000000000003    -0.0000000000000002    -0.9870822561014914
    6     2     0.9335467488693018     0.5389834661844919     6.1414562672039263
    7     2     0.0000000000000004    -1.0779669323689824     6.1414562672039263
    8     2    -0.9335467488693001     0.5389834661844924     6.1414562672039263
    9     2     0.0000000000000002     1.0779669323689833     2.4856698512869131
   10     2     0.9335467488693019    -0.5389834661844914     2.4856698512869144
   11     2    -0.9335467488693010    -0.5389834661844910     2.4856698512869131

     Dynamical Matrix in cartesian axes

     q = (     0.000000000000     0.000000000000     0.000000000000 )

    1    1
     0.6659705782494717     0.0000000000000000        0.0000000000000002     0.0000000000000000       -0.0000000000000003     0.0000000000000000
     0.0000000000000001     0.0000000000000000        0.6659705782623344     0.0000000000000000       -0.0000000000000000     0.0000000000000000
    -0.0000000000000004     0.0000000000000000       -0.0000000000000000     0.0000000000000000        0.6537423418417800     0.0000000000000000
    1    2
    -0.0344637623284705     0.0000000000000000        0.0000000000000000     0.0000000000000000        0.0000000000000000     0.0000000000000000
    -0.0000000000000000     0.0000000000000000       -0.0344637623291361     0.0000000000000000        0.0000000000000000     0.0000000000000000
     0.0000000000000000     0.0000000000000000       -0.0000000000000000     0.0000000000000000       -0.0493611406871145     0.0000000000000000
    1    3
    -0.0344637623284705     0.0000000000000000        0.0000000000000000     0.0000000000000000        0.0000000000000000     0.0000000000000000
    -0.0000000000000000     0.0000000000000000       -0.0344637623291361     0.0000000000000000        0.0000000000000000     0.0000000000000000
     0.0000000000000000     0.0000000000000000       -0.0000000000000000     0.0000000000000000       -0.0493611406871145     0.0000000000000000
    1    4
    -0.0791205583888838     0.0000000000000000       -0.0000000000000000     0.0000000000000000        0.0000000000000000     0.0000000000000000
    -0.0000000000000000     0.0000000000000000       -0.0791205583904120     0.0000000000000000        0.0000000000000000     0.0000000000000000
     0.0000000000000000     0.0000000000000000       -0.0000000000000000     0.0000000000000000       -0.0169603176173804     0.0000000000000000
    1    5
    -0.0791205583888838     0.0000000000000000       -0.0000000000000000     0.0000000000000000        0.0000000000000000     0.0000000000000000
    -0.0000000000000000     0.0000000000000000       -0.0791205583904120     0.0000000000000000        0.0000000000000000     0.0000000000000000
     0.0000000000000000     0.0000000000000000        0.0000000000000000     0.0000000000000000       -0.0169603176173804     0.0000000000000000
    1    6
    -0.0546248971656546     0.0000000000000000        0.0320581109216370     0.0000000000000000       -0.0202569402322353     0.0000000000000000
     0.0320581109216370     0.0000000000000000       -0.0916424151077032     0.0000000000000000       -0.0116953498961522     0.0000000000000000
    -0.0209694509561399     0.0000000000000000       -0.0121067181544030     0.0000000000000000       -0.0868499042054651     0.0000000000000000
    1    7
    -0.1101511740760724     0.0000000000000000       -0.0000000000000000     0.0000000000000000        0.0000000000000001     0.0000000000000000
    -0.0000000000000000     0.0000000000000000       -0.0361161381962129     0.0000000000000000        0.0233906997923044     0.0000000000000000
     0.0000000000000001     0.0000000000000000        0.0242134363088060     0.0000000000000000       -0.0868499042054651     0.0000000000000000
    1    8
    -0.0546248971656546     0.0000000000000000       -0.0320581109216370     0.0000000000000000        0.0202569402322354     0.0000000000000000
    -0.0320581109216370     0.0000000000000000       -0.0916424151077032     0.0000000000000000       -0.0116953498961522     0.0000000000000000
     0.0209694509561400     0.0000000000000000       -0.0121067181544030     0.0000000000000000       -0.0868499042054651     0.0000000000000000
    1    9
    -0.1101511740760724     0.0000000000000000       -0.0000000000000000     0.0000000000000000        0.0000000000000001     0.0000000000000000
    -0.0000000000000000     0.0000000000000000       -0.0361161381962129     0.0000000000000000        0.0233906997923044     0.0000000000000000
     0.0000000000000001     0.0000000000000000        0.0242134363088060     0.0000000000000000       -0.0868499042054651     0.0000000000000000
    1   10
    -0.0546248971656546     0.0000000000000000       -0.0320581109216370     0.0000000000000000        0.0202569402322354     0.0000000000000000
    -0.0320581109216370     0.0000000000000000       -0.0916424151077032     0.0000000000000000       -0.0116953498961522     0.0000000000000000
     0.0209694509561400     0.0000000000000000       -0.0121067181544030     0.0000000000000000       -0.0868499042054651     0.0000000000000000
    1   11
    -0.0546248971656546     0.0000000000000000        0.0320581109216370     0.0000000000000000       -0.0202569402322353     0.0000000000000000
     0.0320581109216370     0.0000000000000000       -0.0916424151077032     0.0000000000000000       -0.0116953498961522     0.0000000000000000
    -0.0209694509561399     0.0000000000000000       -0.0121067181544030     0.0000000000000000       -0.0868499042054651     0.0000000000000000
    2    1
    -0.0344637623284705     0.0000000000000000        0.0000000000000000     0.0000000000000000        0.0000000000000000     0.0000000000000000
    -0.0000000000000000     0.0000000000000000       -0.0344637623291361     0.0000000000000000        0.0000000000000000     0.0000000000000000
     0.0000000000000000     0.0000000000000000       -0.0000000000000000     0.0000000000000000       -0.0493611406871145     0.0000000000000000
    2    2
     0.0841637011818666     0.0000000000000000        0.0000000000000000     0.0000000000000000       -0.0000000000000001     0.0000000000000000
     0.0000000000000000     0.0000000000000000        0.0841637011834921     0.0000000000000000       -0.0000000000000000     0.0000000000000000
    -0.0000000000000001     0.0000000000000000       -0.0000000000000000     0.0000000000000000        0.1050058277435570     0.0000000000000000
    2    3
    -0.0028015973918246     0.0000000000000000       -0.0000000000000000     0.0000000000000000        0.0000000000000000     0.0000000000000000
     0.0000000000000000     0.0000000000000000       -0.0028015973918787     0.0000000000000000        0.0000000000000000     0.0000000000000000
     0.0000000000000000     0.0000000000000000        0.0000000000000000     0.0000000000000000       -0.0017659052204287     0.0000000000000000
    2    4
     0.0094617645484797     0.0000000000000000       -0.0000000000000000     0.0000000000000000        0.0000000000000000     0.0000000000000000
    -0.0000000000000000     0.0000000000000000        0.0094617645486624     0.0000000000000000        0.0000000000000000     0.0000000000000000
     0.0000000000000000     0.0000000000000000        0.0000000000000000     0.0000000000000000       -0.0237407643975001     0.0000000000000000
    2    5
    -0.0191480757912205     0.0000000000000000       -0.0000000000000000     0.0000000000000000        0.0000000000000000     0.0000000000000000
    -0.0000000000000000     0.0000000000000000       -0.0191480757915903     0.0000000000000000       -0.0000000000000000     0.0000000000000000
     0.0000000000000000     0.0000000000000000       -0.0000000000000000     0.0000000000000000        0.0008890670384977     0.0000000000000000
    2    6
    -0.0026417728024409     0.0000000000000000        0.0063200695794204     0.0000000000000000       -0.0061325311765186     0.0000000000000000
     0.0063200695794204     0.0000000000000000       -0.0099395605485135     0.0000000000000000       -0.0035406185256110     0.0000000000000000
    -0.0089176180359730     0.0000000000000000       -0.0051485891736490     0.0000000000000000       -0.0155503702758016     0.0000000000000000
    2    7
    -0.0135884544212618     0.0000000000000000       -0.0000000000000000     0.0000000000000000        0.0000000000000000     0.0000000000000000
     0.0000000000000000     0.0000000000000000        0.0010071210705189     0.0000000000000000        0.0070812370512220     0.0000000000000000
     0.0000000000000000     0.0000000000000000        0.0102971783472980     0.0000000000000000       -0.0155503702758016     0.0000000000000000
    2    8
    -0.0026417728024409     0.0000000000000000       -0.0063200695794204     0.0000000000000000        0.0061325311765186     0.0000000000000000
    -0.0063200695794204     0.0000000000000000       -0.0099395605485135     0.0000000000000000       -0.0035406185256110     0.0000000000000000
     0.0089176180359730     0.0000000000000000       -0.0051485891736490     0.0000000000000000       -0.0155503702758016     0.0000000000000000
    2    9
     0.0064036155742982     0.0000000000000000        0.0000000000000000     0.0000000000000000       -0.0000000000000000     0.0000000000000000
     0.0000000000000000     0.0000000000000000       -0.0186303023697828     0.0000000000000000       -0.0093379005873722     0.0000000000000000
    -0.0000000000000000     0.0000000000000000       -0.0069929884204768     0.0000000000000000        0.0052080087834645     0.0000000000000000
    2   10
    -0.0123718228834926     0.0000000000000000        0.0108400044478635     0.0000000000000000       -0.0080868591265999     0.0000000000000000
     0.0108400044478635     0.0000000000000000        0.0001451360883707     0.0000000000000000        0.0046689502936861     0.0000000000000000
    -0.0060561056204448     0.0000000000000000        0.0034964942102384     0.0000000000000000        0.0052080087834645     0.0000000000000000
    2   11
    -0.0123718228834927     0.0000000000000000       -0.0108400044478635     0.0000000000000000        0.0080868591265999     0.0000000000000000
    -0.0108400044478635     0.0000000000000000        0.0001451360883707     0.0000000000000000        0.0046689502936861     0.0000000000000000
     0.0060561056204448     0.0000000000000000        0.0034964942102384     0.0000000000000000        0.0052080087834645     0.0000000000000000
    3    1
    -0.0344637623284705     0.0000000000000000        0.0000000000000000     0.0000000000000000        0.0000000000000000     0.0000000000000000
    -0.0000000000000000     0.0000000000000000       -0.0344637623291361     0.0000000000000000        0.0000000000000000     0.0000000000000000
     0.0000000000000000     0.0000000000000000       -0.0000000000000000     0.0000000000000000       -0.0493611406871145     0.0000000000000000
    3    2
    -0.0028015973918246     0.0000000000000000        0.0000000000000000     0.0000000000000000        0.0000000000000000     0.0000000000000000
     0.0000000000000000     0.0000000000000000       -0.0028015973918787     0.0000000000000000        0.0000000000000000     0.0000000000000000
     0.0000000000000000     0.0000000000000000        0.0000000000000000     0.0000000000000000       -0.0017659052204287     0.0000000000000000
    3    3
     0.0841637011818665     0.0000000000000000        0.0000000000000000     0.0000000000000000       -0.0000000000000001     0.0000000000000000
     0.0000000000000000     0.0000000000000000        0.0841637011834921     0.0000000000000000        0.0000000000000000     0.0000000000000000
    -0.0000000000000001     0.0000000000000000       -0.0000000000000000     0.0000000000000000        0.1050058277435570     0.0000000000000000
    3    4
    -0.0191480757912205     0.0000000000000000       -0.0000000000000000     0.0000000000000000        0.0000000000000000     0.0000000000000000
    -0.0000000000000000     0.0000000000000000       -0.0191480757915903     0.0000000000000000       -0.0000000000000000     0.0000000000000000
     0.0000000000000000     0.0000000000000000       -0.0000000000000000     0.0000000000000000        0.0008890670384977     0.0000000000000000
    3    5
     0.0094617645484797     0.0000000000000000        0.0000000000000000     0.0000000000000000        0.0000000000000000     0.0000000000000000
     0.0000000000000000     0.0000000000000000        0.0094617645486624     0.0000000000000000        0.0000000000000000     0.0000000000000000
     0.0000000000000000     0.0000000000000000        0.0000000000000000     0.0000000000000000       -0.0237407643975001     0.0000000000000000
    3    6
    -0.0123718228834927     0.0000000000000000       -0.0108400044478635     0.0000000000000000        0.0080868591265999     0.0000000000000000
    -0.0108400044478635     0.0000000000000000        0.0001451360883707     0.0000000000000000        0.0046689502936861     0.0000000000000000
     0.0060561056204448     0.0000000000000000        0.0034964942102384     0.0000000000000000        0.0052080087834645     0.0000000000000000
    3    7
     0.0064036155742982     0.0000000000000000        0.0000000000000000     0.0000000000000000       -0.0000000000000000     0.0000000000000000
     0.0000000000000000     0.0000000000000000       -0.0186303023697828     0.0000000000000000       -0.0093379005873722     0.0000000000000000
    -0.0000000000000000     0.0000000000000000       -0.0069929884204768     0.0000000000000000        0.0052080087834645     0.0000000000000000
    3    8
    -0.0123718228834926     0.0000000000000000        0.0108400044478635     0.0000000000000000       -0.0080868591265999     0.0000000000000000
     0.0108400044478635     0.0000000000000000        0.0001451360883707     0.0000000000000000        0.0046689502936861     0.0000000000000000
    -0.0060561056204448     0.0000000000000000        0.0034964942102384     0.0000000000000000        0.0052080087834645     0.0000000000000000
    3    9
    -0.0135884544212618     0.0000000000000000       -0.0000000000000000     0.0000000000000000        0.0000000000000000     0.0000000000000000
     0.0000000000000000     0.0000000000000000        0.0010071210705189     0.0000000000000000        0.0070812370512220     0.0000000000000000
     0.0000000000000000     0.0000000000000000        0.0102971783472980     0.0000000000000000       -0.0155503702758016     0.0000000000000000
    3   10
    -0.0026417728024409     0.0000000000000000       -0.0063200695794204     0.0000000000000000        0.0061325311765186     0.0000000000000000
    -0.0063200695794204     0.0000000000000000       -0.0099395605485135     0.0000000000000000       -0.0035406185256110     0.0000000000000000
     0.0089176180359730     0.0000000000000000       -0.0051485891736490     0.0000000000000000       -0.0155503702758016     0.0000000000000000
    3   11
    -0.0026417728024409     0.0000000000000000        0.0063200695794204     0.0000000000000000       -0.0061325311765186     0.0000000000000000
     0.0063200695794204     0.0000000000000000       -0.0099395605485135     0.0000000000000000       -0.0035406185256110     0.0000000000000000
    -0.0089176180359730     0.0000000000000000       -0.0051485891736490     0.0000000000000000       -0.0155503702758016     0.0000000000000000
    4    1
    -0.0791205583888838     0.0000000000000000       -0.0000000000000000     0.0000000000000000        0.0000000000000000     0.0000000000000000
    -0.0000000000000000     0.0000000000000000       -0.0791205583904120     0.0000000000000000        0.0000000000000000     0.0000000000000000
     0.0000000000000000     0.0000000000000000       -0.0000000000000000     0.0000000000000000       -0.0169603176173804     0.0000000000000000
    4    2
     0.0094617645484797     0.0000000000000000        0.0000000000000000     0.0000000000000000        0.0000000000000000     0.0000000000000000
     0.0000000000000000     0.0000000000000000        0.0094617645486624     0.0000000000000000        0.0000000000000000     0.0000000000000000
     0.0000000000000000     0.0000000000000000        0.0000000000000000     0.0000000000000000       -0.0237407643975001     0.0000000000000000
    4    3
    -0.0191480757912205     0.0000000000000000       -0.0000000000000000     0.0000000000000000        0.0000000000000000     0.0000000000000000
    -0.0000000000000000     0.0000000000000000       -0.0191480757915903     0.0000000000000000       -0.0000000000000000     0.0000000000000000
     0.0000000000000000     0.0000000000000000       -0.0000000000000000     0.0000000000000000        0.0008890670384977     0.0000000000000000
    4    4
     0.1111435190332805     0.0000000000000000       -0.0000000000000000     0.0000000000000000       -0.0000000000000001     0.0000000000000000
     0.0000000000000000     0.0000000000000000        0.1111435190354272     0.0000000000000000        0.0000000000000000     0.0000000000000000
    -0.0000000000000001     0.0000000000000000       -0.0000000000000000     0.0000000000000000        0.1431985951622757     0.0000000000000000
    4    5
    -0.0035989474134868     0.0000000000000000       -0.0000000000000000     0.0000000000000000        0.0000000000000000     0.0000000000000000
     0.0000000000000000     0.0000000000000000       -0.0035989474135563     0.0000000000000000        0.0000000000000000     0.0000000000000000
     0.0000000000000000     0.0000000000000000       -0.0000000000000000     0.0000000000000000       -0.0133122042191095     0.0000000000000000
    4    6
    -0.0066145623173400     0.0000000000000000       -0.0086253842657331     0.0000000000000000       -0.0065729907371984     0.0000000000000000
    -0.0086253842657331     0.0000000000000000        0.0033451735379984     0.0000000000000000       -0.0037949179715390     0.0000000000000000
    -0.0199946194135874     0.0000000000000000       -0.0115438989008903     0.0000000000000000        0.0058181151267518     0.0000000000000000
    4    7
     0.0083250414655707     0.0000000000000000       -0.0000000000000000     0.0000000000000000       -0.0000000000000000     0.0000000000000000
    -0.0000000000000000     0.0000000000000000       -0.0115944302452009     0.0000000000000000        0.0075898359430781     0.0000000000000000
     0.0000000000000000     0.0000000000000000        0.0230877978017805     0.0000000000000000        0.0058181151267518     0.0000000000000000
    4    8
    -0.0066145623173400     0.0000000000000000        0.0086253842657331     0.0000000000000000        0.0065729907371984     0.0000000000000000
     0.0086253842657331     0.0000000000000000        0.0033451735379984     0.0000000000000000       -0.0037949179715390     0.0000000000000000
     0.0199946194135874     0.0000000000000000       -0.0115438989008903     0.0000000000000000        0.0058181151267518     0.0000000000000000
    4    9
     0.0072054033494591     0.0000000000000000        0.0000000000000000     0.0000000000000000        0.0000000000000000     0.0000000000000000
     0.0000000000000000     0.0000000000000000       -0.0164278158958163     0.0000000000000000       -0.0235426526410613     0.0000000000000000
     0.0000000000000000     0.0000000000000000       -0.0336896737112576     0.0000000000000000       -0.0358429071156796     0.0000000000000000
    4   10
    -0.0105195110842595     0.0000000000000000        0.0102334841197693     0.0000000000000000       -0.0203885352594350     0.0000000000000000
     0.0102334841197693     0.0000000000000000        0.0012970985382446     0.0000000000000000        0.0117713263205307     0.0000000000000000
    -0.0291761132788761     0.0000000000000000        0.0168448368556288     0.0000000000000000       -0.0358429071156796     0.0000000000000000
    4   11
    -0.0105195110842595     0.0000000000000000       -0.0102334841197693     0.0000000000000000        0.0203885352594350     0.0000000000000000
    -0.0102334841197693     0.0000000000000000        0.0012970985382446     0.0000000000000000        0.0117713263205307     0.0000000000000000
     0.0291761132788761     0.0000000000000000        0.0168448368556288     0.0000000000000000       -0.0358429071156796     0.0000000000000000
    5    1
    -0.0791205583888838     0.0000000000000000       -0.0000000000000000     0.0000000000000000        0.0000000000000000     0.0000000000000000
    -0.0000000000000000     0.0000000000000000       -0.0791205583904120     0.0000000000000000        0.0000000000000000     0.0000000000000000
     0.0000000000000000     0.0000000000000000        0.0000000000000000     0.0000000000000000       -0.0169603176173804     0.0000000000000000
    5    2
    -0.0191480757912205     0.0000000000000000       -0.0000000000000000     0.0000000000000000        0.0000000000000000     0.0000000000000000
    -0.0000000000000000     0.0000000000000000       -0.0191480757915903     0.0000000000000000       -0.0000000000000000     0.0000000000000000
     0.0000000000000000     0.0000000000000000        0.0000000000000000     0.0000000000000000        0.0008890670384977     0.0000000000000000
    5    3
     0.0094617645484797     0.0000000000000000       -0.0000000000000000     0.0000000000000000        0.0000000000000000     0.0000000000000000
    -0.0000000000000000     0.0000000000000000        0.0094617645486624     0.0000000000000000        0.0000000000000000     0.0000000000000000
     0.0000000000000000     0.0000000000000000        0.0000000000000000     0.0000000000000000       -0.0237407643975001     0.0000000000000000
    5    4
    -0.0035989474134868     0.0000000000000000        0.0000000000000000     0.0000000000000000        0.0000000000000000     0.0000000000000000
     0.0000000000000000     0.0000000000000000       -0.0035989474135563     0.0000000000000000        0.0000000000000000     0.0000000000000000
     0.0000000000000000     0.0000000000000000        0.0000000000000000     0.0000000000000000       -0.0133122042191095     0.0000000000000000
    5    5
     0.1111435190332805     0.0000000000000000        0.0000000000000000     0.0000000000000000       -0.0000000000000001     0.0000000000000000
     0.0000000000000001     0.0000000000000000        0.1111435190354272     0.0000000000000000       -0.0000000000000000     0.0000000000000000
    -0.0000000000000001     0.0000000000000000        0.0000000000000000     0.0000000000000000        0.1431985951622757     0.0000000000000000
    5    6
    -0.0105195110842595     0.0000000000000000       -0.0102334841197693     0.0000000000000000        0.0203885352594350     0.0000000000000000
    -0.0102334841197693     0.0000000000000000        0.0012970985382446     0.0000000000000000        0.0117713263205307     0.0000000000000000
     0.0291761132788761     0.0000000000000000        0.0168448368556288     0.0000000000000000       -0.0358429071156796     0.0000000000000000
    5    7
     0.0072054033494591     0.0000000000000000        0.0000000000000000     0.0000000000000000        0.0000000000000000     0.0000000000000000
     0.0000000000000000     0.0000000000000000       -0.0164278158958163     0.0000000000000000       -0.0235426526410613     0.0000000000000000
     0.0000000000000000     0.0000000000000000       -0.0336896737112576     0.0000000000000000       -0.0358429071156796     0.0000000000000000
    5    8
    -0.0105195110842595     0.0000000000000000        0.0102334841197693     0.0000000000000000       -0.0203885352594350     0.0000000000000000
     0.0102334841197693     0.0000000000000000        0.0012970985382446     0.0000000000000000        0.0117713263205307     0.0000000000000000
    -0.0291761132788761     0.0000000000000000        0.0168448368556288     0.0000000000000000       -0.0358429071156796     0.0000000000000000
    5    9
     0.0083250414655707     0.0000000000000000       -0.0000000000000000     0.0000000000000000       -0.0000000000000000     0.0000000000000000
    -0.0000000000000000     0.0000000000000000       -0.0115944302452009     0.0000000000000000        0.0075898359430781     0.0000000000000000
     0.0000000000000000     0.0000000000000000        0.0230877978017805     0.0000000000000000        0.0058181151267518     0.0000000000000000
    5   10
    -0.0066145623173400     0.0000000000000000        0.0086253842657331     0.0000000000000000        0.0065729907371984     0.0000000000000000
     0.0086253842657331     0.0000000000000000        0.0033451735379984     0.0000000000000000       -0.0037949179715390     0.0000000000000000
     0.0199946194135874     0.0000000000000000       -0.0115438989008903     0.0000000000000000        0.0058181151267518     0.0000000000000000
    5   11
    -0.0066145623173400     0.0000000000000000       -0.0086253842657331     0.0000000000000000       -0.0065729907371984     0.0000000000000000
    -0.0086253842657331     0.0000000000000000        0.0033451735379984     0.0000000000000000       -0.0037949179715390     0.0000000000000000
    -0.0199946194135874     0.0000000000000000       -0.0115438989008903     0.0000000000000000        0.0058181151267518     0.0000000000000000
    6    1
    -0.0546248971656546     0.0000000000000000        0.0320581109216370     0.0000000000000000       -0.0209694509561399     0.0000000000000000
     0.0320581109216370     0.0000000000000000       -0.0916424151077032     0.0000000000000000       -0.0121067181544030     0.0000000000000000
    -0.0202569402322353     0.0000000000000000       -0.0116953498961522     0.0000000000000000       -0.0868499042054651     0.0000000000000000
    6    2
    -0.0026417728024409     0.0000000000000000        0.0063200695794204     0.0000000000000000       -0.0089176180359730     0.0000000000000000
     0.0063200695794204     0.0000000000000000       -0.0099395605485135     0.0000000000000000       -0.0051485891736490     0.0000000000000000
    -0.0061325311765186     0.0000000000000000       -0.0035406185256110     0.0000000000000000       -0.0155503702758016     0.0000000000000000
    6    3
    -0.0123718228834927     0.0000000000000000       -0.0108400044478635     0.0000000000000000        0.0060561056204448     0.0000000000000000
    -0.0108400044478635     0.0000000000000000        0.0001451360883707     0.0000000000000000        0.0034964942102384     0.0000000000000000
     0.0080868591265999     0.0000000000000000        0.0046689502936861     0.0000000000000000        0.0052080087834645     0.0000000000000000
    6    4
    -0.0066145623173400     0.0000000000000000       -0.0086253842657331     0.0000000000000000       -0.0199946194135874     0.0000000000000000
    -0.0086253842657331     0.0000000000000000        0.0033451735379984     0.0000000000000000       -0.0115438989008903     0.0000000000000000
    -0.0065729907371984     0.0000000000000000       -0.0037949179715390     0.0000000000000000        0.0058181151267518     0.0000000000000000
    6    5
    -0.0105195110842595     0.0000000000000000       -0.0102334841197693     0.0000000000000000        0.0291761132788761     0.0000000000000000
    -0.0102334841197694     0.0000000000000000        0.0012970985382446     0.0000000000000000        0.0168448368556288     0.0000000000000000
     0.0203885352594350     0.0000000000000000        0.0117713263205307     0.0000000000000000       -0.0358429071156796     0.0000000000000000
    6    6
     0.1401839879609862     0.0000000000000000        0.0072964272329431     0.0000000000000000       -0.0002424219097495     0.0000000000000000
     0.0072964272329431     0.0000000000000000        0.1317587995094881     0.0000000000000000       -0.0001399623548527     0.0000000000000000
    -0.0002424219097495     0.0000000000000000       -0.0001399623548527     0.0000000000000000        0.1209216521222408     0.0000000000000000
    6    7
    -0.0100146918976750     0.0000000000000000       -0.0306603973468623     0.0000000000000000        0.0013735076331264     0.0000000000000000
    -0.0179583652715057     0.0000000000000000       -0.0380847475835208     0.0000000000000000       -0.0015332874248483     0.0000000000000000
     0.0020146196777723     0.0000000000000000       -0.0004228487901666     0.0000000000000000        0.0054078746562280     0.0000000000000000
    6    8
    -0.0521197754253403     0.0000000000000000        0.0063510160376783     0.0000000000000000       -0.0006411120446458     0.0000000000000000
    -0.0063510160376783     0.0000000000000000        0.0040203359449577     0.0000000000000000        0.0019561362150150     0.0000000000000000
     0.0006411120446458     0.0000000000000000        0.0019561362150150     0.0000000000000000        0.0054078746562280     0.0000000000000000
    6    9
    -0.0009568500742914     0.0000000000000000        0.0129742627113504     0.0000000000000000        0.0093388708496580     0.0000000000000000
     0.0030269286746968     0.0000000000000000        0.0082814420798684     0.0000000000000000       -0.0007399969199150     0.0000000000000000
     0.0053102915561914     0.0000000000000000       -0.0077177009385863     0.0000000000000000        0.0007675380373607     0.0000000000000000
    6   10
     0.0129005881567084     0.0000000000000000       -0.0049736670183268     0.0000000000000000        0.0040285792934665     0.0000000000000000
     0.0049736670183268     0.0000000000000000       -0.0055759961513990     0.0000000000000000        0.0084576978585014     0.0000000000000000
    -0.0040285792934665     0.0000000000000000        0.0084576978585014     0.0000000000000000        0.0007675380373607     0.0000000000000000
    6   11
    -0.0032206924672003     0.0000000000000000        0.0003330507155259     0.0000000000000000        0.0007920456845238     0.0000000000000000
     0.0003330507155259     0.0000000000000000       -0.0036052663077915     0.0000000000000000        0.0004572877891747     0.0000000000000000
     0.0007920456845238     0.0000000000000000        0.0004572877891747     0.0000000000000000       -0.0060554198226882     0.0000000000000000
    7    1
    -0.1101511740760724     0.0000000000000000       -0.0000000000000000     0.0000000000000000        0.0000000000000001     0.0000000000000000
    -0.0000000000000000     0.0000000000000000       -0.0361161381962129     0.0000000000000000        0.0242134363088060     0.0000000000000000
     0.0000000000000001     0.0000000000000000        0.0233906997923044     0.0000000000000000       -0.0868499042054651     0.0000000000000000
    7    2
    -0.0135884544212618     0.0000000000000000       -0.0000000000000000     0.0000000000000000        0.0000000000000000     0.0000000000000000
    -0.0000000000000000     0.0000000000000000        0.0010071210705189     0.0000000000000000        0.0102971783472980     0.0000000000000000
     0.0000000000000000     0.0000000000000000        0.0070812370512220     0.0000000000000000       -0.0155503702758016     0.0000000000000000
    7    3
     0.0064036155742982     0.0000000000000000        0.0000000000000000     0.0000000000000000       -0.0000000000000000     0.0000000000000000
     0.0000000000000000     0.0000000000000000       -0.0186303023697828     0.0000000000000000       -0.0069929884204768     0.0000000000000000
    -0.0000000000000000     0.0000000000000000       -0.0093379005873722     0.0000000000000000        0.0052080087834645     0.0000000000000000
    7    4
     0.0083250414655707     0.0000000000000000       -0.0000000000000000     0.0000000000000000       -0.0000000000000000     0.0000000000000000
    -0.0000000000000000     0.0000000000000000       -0.0115944302452009     0.0000000000000000        0.0230877978017805     0.0000000000000000
    -0.0000000000000000     0.0000000000000000        0.0075898359430781     0.0000000000000000        0.0058181151267518     0.0000000000000000
    7    5
     0.0072054033494591     0.0000000000000000        0.0000000000000000     0.0000000000000000        0.0000000000000000     0.0000000000000000
     0.0000000000000000     0.0000000000000000       -0.0164278158958163     0.0000000000000000       -0.0336896737112576     0.0000000000000000
     0.0000000000000000     0.0000000000000000       -0.0235426526410613     0.0000000000000000       -0.0358429071156796     0.0000000000000000
    7    6
    -0.0100146918976750     0.0000000000000000       -0.0179583652715057     0.0000000000000000        0.0020146196777723     0.0000000000000000
    -0.0306603973468623     0.0000000000000000       -0.0380847475835208     0.0000000000000000       -0.0004228487901667     0.0000000000000000
     0.0013735076331264     0.0000000000000000       -0.0015332874248483     0.0000000000000000        0.0054078746562280     0.0000000000000000
    7    7
     0.1275462052799217     0.0000000000000000        0.0000000000000000     0.0000000000000000       -0.0000000000000001     0.0000000000000000
     0.0000000000000000     0.0000000000000000        0.1443965821907967     0.0000000000000000        0.0002799247097053     0.0000000000000000
    -0.0000000000000000     0.0000000000000000        0.0002799247097053     0.0000000000000000        0.1209216521222408     0.0000000000000000
    7    8
    -0.0100146918976750     0.0000000000000000        0.0179583652715057     0.0000000000000000       -0.0020146196777723     0.0000000000000000
     0.0306603973468622     0.0000000000000000       -0.0380847475835208     0.0000000000000000       -0.0004228487901667     0.0000000000000000
    -0.0013735076331264     0.0000000000000000       -0.0015332874248483     0.0000000000000000        0.0054078746562280     0.0000000000000000
    7    9
    -0.0037975532279827     0.0000000000000000        0.0000000000000000     0.0000000000000000        0.0000000000000000     0.0000000000000000
     0.0000000000000000     0.0000000000000000       -0.0030284055469980     0.0000000000000000       -0.0009145755783495     0.0000000000000000
     0.0000000000000000     0.0000000000000000       -0.0009145755783495     0.0000000000000000       -0.0060554198226882     0.0000000000000000
    7   10
    -0.0009568500742914     0.0000000000000000       -0.0030269286746968     0.0000000000000000       -0.0053102915561915     0.0000000000000000
    -0.0129742627113504     0.0000000000000000        0.0082814420798684     0.0000000000000000       -0.0077177009385863     0.0000000000000000
    -0.0093388708496580     0.0000000000000000       -0.0007399969199150     0.0000000000000000        0.0007675380373607     0.0000000000000000
    7   11
    -0.0009568500742914     0.0000000000000000        0.0030269286746968     0.0000000000000000        0.0053102915561914     0.0000000000000000
     0.0129742627113504     0.0000000000000000        0.0082814420798684     0.0000000000000000       -0.0077177009385863     0.0000000000000000
     0.0093388708496580     0.0000000000000000       -0.0007399969199150     0.0000000000000000        0.0007675380373607     0.0000000000000000
    8    1
    -0.0546248971656546     0.0000000000000000       -0.0320581109216370     0.0000000000000000        0.0209694509561400     0.0000000000000000
    -0.0320581109216370     0.0000000000000000       -0.0916424151077032     0.0000000000000000       -0.0121067181544030     0.0000000000000000
     0.0202569402322354     0.0000000000000000       -0.0116953498961522     0.0000000000000000       -0.0868499042054651     0.0000000000000000
    8    2
    -0.0026417728024409     0.0000000000000000       -0.0063200695794204     0.0000000000000000        0.0089176180359730     0.0000000000000000
    -0.0063200695794204     0.0000000000000000       -0.0099395605485135     0.0000000000000000       -0.0051485891736490     0.0000000000000000
     0.0061325311765186     0.0000000000000000       -0.0035406185256110     0.0000000000000000       -0.0155503702758016     0.0000000000000000
    8    3
    -0.0123718228834926     0.0000000000000000        0.0108400044478635     0.0000000000000000       -0.0060561056204448     0.0000000000000000
     0.0108400044478635     0.0000000000000000        0.0001451360883707     0.0000000000000000        0.0034964942102384     0.0000000000000000
    -0.0080868591265999     0.0000000000000000        0.0046689502936861     0.0000000000000000        0.0052080087834645     0.0000000000000000
    8    4
    -0.0066145623173400     0.0000000000000000        0.0086253842657331     0.0000000000000000        0.0199946194135874     0.0000000000000000
     0.0086253842657331     0.0000000000000000        0.0033451735379984     0.0000000000000000       -0.0115438989008903     0.0000000000000000
     0.0065729907371984     0.0000000000000000       -0.0037949179715390     0.0000000000000000        0.0058181151267518     0.0000000000000000
    8    5
    -0.0105195110842595     0.0000000000000000        0.0102334841197693     0.0000000000000000       -0.0291761132788761     0.0000000000000000
     0.0102334841197693     0.0000000000000000        0.0012970985382446     0.0000000000000000        0.0168448368556288     0.0000000000000000
    -0.0203885352594350     0.0000000000000000        0.0117713263205307     0.0000000000000000       -0.0358429071156796     0.0000000000000000
    8    6
    -0.0521197754253403     0.0000000000000000       -0.0063510160376783     0.0000000000000000        0.0006411120446458     0.0000000000000000
     0.0063510160376783     0.0000000000000000        0.0040203359449577     0.0000000000000000        0.0019561362150150     0.0000000000000000
    -0.0006411120446458     0.0000000000000000        0.0019561362150150     0.0000000000000000        0.0054078746562280     0.0000000000000000
    8    7
    -0.0100146918976750     0.0000000000000000        0.0306603973468622     0.0000000000000000       -0.0013735076331264     0.0000000000000000
     0.0179583652715057     0.0000000000000000       -0.0380847475835208     0.0000000000000000       -0.0015332874248483     0.0000000000000000
    -0.0020146196777723     0.0000000000000000       -0.0004228487901667     0.0000000000000000        0.0054078746562280     0.0000000000000000
    8    8
     0.1401839879609862     0.0000000000000000       -0.0072964272329430     0.0000000000000000        0.0002424219097494     0.0000000000000000
    -0.0072964272329430     0.0000000000000000        0.1317587995094881     0.0000000000000000       -0.0001399623548527     0.0000000000000000
     0.0002424219097494     0.0000000000000000       -0.0001399623548527     0.0000000000000000        0.1209216521222408     0.0000000000000000
    8    9
    -0.0009568500742914     0.0000000000000000       -0.0129742627113504     0.0000000000000000       -0.0093388708496580     0.0000000000000000
    -0.0030269286746968     0.0000000000000000        0.0082814420798684     0.0000000000000000       -0.0007399969199150     0.0000000000000000
    -0.0053102915561915     0.0000000000000000       -0.0077177009385863     0.0000000000000000        0.0007675380373607     0.0000000000000000
    8   10
    -0.0032206924672003     0.0000000000000000       -0.0003330507155259     0.0000000000000000       -0.0007920456845238     0.0000000000000000
    -0.0003330507155259     0.0000000000000000       -0.0036052663077915     0.0000000000000000        0.0004572877891747     0.0000000000000000
    -0.0007920456845238     0.0000000000000000        0.0004572877891747     0.0000000000000000       -0.0060554198226882     0.0000000000000000
    8   11
     0.0129005881567084     0.0000000000000000        0.0049736670183268     0.0000000000000000       -0.0040285792934665     0.0000000000000000
    -0.0049736670183268     0.0000000000000000       -0.0055759961513990     0.0000000000000000        0.0084576978585014     0.0000000000000000
     0.0040285792934665     0.0000000000000000        0.0084576978585014     0.0000000000000000        0.0007675380373607     0.0000000000000000
    9    1
    -0.1101511740760724     0.0000000000000000       -0.0000000000000000     0.0000000000000000        0.0000000000000001     0.0000000000000000
    -0.0000000000000000     0.0000000000000000       -0.0361161381962129     0.0000000000000000        0.0242134363088060     0.0000000000000000
     0.0000000000000001     0.0000000000000000        0.0233906997923044     0.0000000000000000       -0.0868499042054651     0.0000000000000000
    9    2
     0.0064036155742982     0.0000000000000000        0.0000000000000000     0.0000000000000000       -0.0000000000000000     0.0000000000000000
     0.0000000000000000     0.0000000000000000       -0.0186303023697828     0.0000000000000000       -0.0069929884204768     0.0000000000000000
    -0.0000000000000000     0.0000000000000000       -0.0093379005873722     0.0000000000000000        0.0052080087834645     0.0000000000000000
    9    3
    -0.0135884544212618     0.0000000000000000       -0.0000000000000000     0.0000000000000000        0.0000000000000000     0.0000000000000000
    -0.0000000000000000     0.0000000000000000        0.0010071210705189     0.0000000000000000        0.0102971783472980     0.0000000000000000
     0.0000000000000000     0.0000000000000000        0.0070812370512220     0.0000000000000000       -0.0155503702758016     0.0000000000000000
    9    4
     0.0072054033494591     0.0000000000000000        0.0000000000000000     0.0000000000000000        0.0000000000000000     0.0000000000000000
     0.0000000000000000     0.0000000000000000       -0.0164278158958163     0.0000000000000000       -0.0336896737112576     0.0000000000000000
     0.0000000000000000     0.0000000000000000       -0.0235426526410613     0.0000000000000000       -0.0358429071156796     0.0000000000000000
    9    5
     0.0083250414655707     0.0000000000000000       -0.0000000000000000     0.0000000000000000       -0.0000000000000000     0.0000000000000000
    -0.0000000000000000     0.0000000000000000       -0.0115944302452009     0.0000000000000000        0.0230877978017805     0.0000000000000000
    -0.0000000000000000     0.0000000000000000        0.0075898359430781     0.0000000000000000        0.0058181151267518     0.0000000000000000
    9    6
    -0.0009568500742914     0.0000000000000000        0.0030269286746968     0.0000000000000000        0.0053102915561914     0.0000000000000000
     0.0129742627113504     0.0000000000000000        0.0082814420798684     0.0000000000000000       -0.0077177009385863     0.0000000000000000
     0.0093388708496580     0.0000000000000000       -0.0007399969199150     0.0000000000000000        0.0007675380373607     0.0000000000000000
    9    7
    -0.0037975532279827     0.0000000000000000        0.0000000000000000     0.0000000000000000        0.0000000000000000     0.0000000000000000
     0.0000000000000000     0.0000000000000000       -0.0030284055469980     0.0000000000000000       -0.0009145755783495     0.0000000000000000
     0.0000000000000000     0.0000000000000000       -0.0009145755783495     0.0000000000000000       -0.0060554198226882     0.0000000000000000
    9    8
    -0.0009568500742914     0.0000000000000000       -0.0030269286746968     0.0000000000000000       -0.0053102915561915     0.0000000000000000
    -0.0129742627113504     0.0000000000000000        0.0082814420798684     0.0000000000000000       -0.0077177009385863     0.0000000000000000
    -0.0093388708496580     0.0000000000000000       -0.0007399969199150     0.0000000000000000        0.0007675380373607     0.0000000000000000
    9    9
     0.1275462052799217     0.0000000000000000        0.0000000000000000     0.0000000000000000       -0.0000000000000001     0.0000000000000000
     0.0000000000000000     0.0000000000000000        0.1443965821907967     0.0000000000000000        0.0002799247097053     0.0000000000000000
    -0.0000000000000000     0.0000000000000000        0.0002799247097053     0.0000000000000000        0.1209216521222408     0.0000000000000000
    9   10
    -0.0100146918976750     0.0000000000000000        0.0179583652715057     0.0000000000000000       -0.0020146196777723     0.0000000000000000
     0.0306603973468622     0.0000000000000000       -0.0380847475835208     0.0000000000000000       -0.0004228487901667     0.0000000000000000
    -0.0013735076331264     0.0000000000000000       -0.0015332874248483     0.0000000000000000        0.0054078746562280     0.0000000000000000
    9   11
    -0.0100146918976750     0.0000000000000000       -0.0179583652715057     0.0000000000000000        0.0020146196777723     0.0000000000000000
    -0.0306603973468623     0.0000000000000000       -0.0380847475835208     0.0000000000000000       -0.0004228487901667     0.0000000000000000
     0.0013735076331264     0.0000000000000000       -0.0015332874248483     0.0000000000000000        0.0054078746562280     0.0000000000000000
   10    1
    -0.0546248971656547     0.0000000000000000       -0.0320581109216370     0.0000000000000000        0.0209694509561400     0.0000000000000000
    -0.0320581109216370     0.0000000000000000       -0.0916424151077032     0.0000000000000000       -0.0121067181544030     0.0000000000000000
     0.0202569402322354     0.0000000000000000       -0.0116953498961522     0.0000000000000000       -0.0868499042054651     0.0000000000000000
   10    2
    -0.0123718228834926     0.0000000000000000        0.0108400044478635     0.0000000000000000       -0.0060561056204448     0.0000000000000000
     0.0108400044478635     0.0000000000000000        0.0001451360883707     0.0000000000000000        0.0034964942102384     0.0000000000000000
    -0.0080868591265999     0.0000000000000000        0.0046689502936861     0.0000000000000000        0.0052080087834645     0.0000000000000000
   10    3
    -0.0026417728024409     0.0000000000000000       -0.0063200695794204     0.0000000000000000        0.0089176180359730     0.0000000000000000
    -0.0063200695794204     0.0000000000000000       -0.0099395605485135     0.0000000000000000       -0.0051485891736490     0.0000000000000000
     0.0061325311765186     0.0000000000000000       -0.0035406185256110     0.0000000000000000       -0.0155503702758016     0.0000000000000000
   10    4
    -0.0105195110842595     0.0000000000000000        0.0102334841197693     0.0000000000000000       -0.0291761132788761     0.0000000000000000
     0.0102334841197693     0.0000000000000000        0.0012970985382446     0.0000000000000000        0.0168448368556288     0.0000000000000000
    -0.0203885352594350     0.0000000000000000        0.0117713263205307     0.0000000000000000       -0.0358429071156796     0.0000000000000000
   10    5
    -0.0066145623173400     0.0000000000000000        0.0086253842657331     0.0000000000000000        0.0199946194135874     0.0000000000000000
     0.0086253842657331     0.0000000000000000        0.0033451735379984     0.0000000000000000       -0.0115438989008903     0.0000000000000000
     0.0065729907371984     0.0000000000000000       -0.0037949179715390     0.0000000000000000        0.0058181151267518     0.0000000000000000
   10    6
     0.0129005881567084     0.0000000000000000        0.0049736670183268     0.0000000000000000       -0.0040285792934665     0.0000000000000000
    -0.0049736670183268     0.0000000000000000       -0.0055759961513990     0.0000000000000000        0.0084576978585014     0.0000000000000000
     0.0040285792934665     0.0000000000000000        0.0084576978585014     0.0000000000000000        0.0007675380373607     0.0000000000000000
   10    7
    -0.0009568500742914     0.0000000000000000       -0.0129742627113504     0.0000000000000000       -0.0093388708496580     0.0000000000000000
    -0.0030269286746968     0.0000000000000000        0.0082814420798684     0.0000000000000000       -0.0007399969199150     0.0000000000000000
    -0.0053102915561915     0.0000000000000000       -0.0077177009385863     0.0000000000000000        0.0007675380373607     0.0000000000000000
   10    8
    -0.0032206924672003     0.0000000000000000       -0.0003330507155259     0.0000000000000000       -0.0007920456845238     0.0000000000000000
    -0.0003330507155259     0.0000000000000000       -0.0036052663077915     0.0000000000000000        0.0004572877891747     0.0000000000000000
    -0.0007920456845238     0.0000000000000000        0.0004572877891747     0.0000000000000000       -0.0060554198226882     0.0000000000000000
   10    9
    -0.0100146918976750     0.0000000000000000        0.0306603973468622     0.0000000000000000       -0.0013735076331264     0.0000000000000000
     0.0179583652715057     0.0000000000000000       -0.0380847475835208     0.0000000000000000       -0.0015332874248483     0.0000000000000000
    -0.0020146196777723     0.0000000000000000       -0.0004228487901667     0.0000000000000000        0.0054078746562280     0.0000000000000000
   10   10
     0.1401839879609862     0.0000000000000000       -0.0072964272329430     0.0000000000000000        0.0002424219097494     0.0000000000000000
    -0.0072964272329430     0.0000000000000000        0.1317587995094881     0.0000000000000000       -0.0001399623548527     0.0000000000000000
     0.0002424219097494     0.0000000000000000       -0.0001399623548527     0.0000000000000000        0.1209216521222408     0.0000000000000000
   10   11
    -0.0521197754253403     0.0000000000000000       -0.0063510160376783     0.0000000000000000        0.0006411120446458     0.0000000000000000
     0.0063510160376783     0.0000000000000000        0.0040203359449577     0.0000000000000000        0.0019561362150150     0.0000000000000000
    -0.0006411120446458     0.0000000000000000        0.0019561362150150     0.0000000000000000        0.0054078746562280     0.0000000000000000
   11    1
    -0.0546248971656546     0.0000000000000000        0.0320581109216370     0.0000000000000000       -0.0209694509561399     0.0000000000000000
     0.0320581109216370     0.0000000000000000       -0.0916424151077032     0.0000000000000000       -0.0121067181544030     0.0000000000000000
    -0.0202569402322353     0.0000000000000000       -0.0116953498961522     0.0000000000000000       -0.0868499042054651     0.0000000000000000
   11    2
    -0.0123718228834927     0.0000000000000000       -0.0108400044478635     0.0000000000000000        0.0060561056204448     0.0000000000000000
    -0.0108400044478635     0.0000000000000000        0.0001451360883707     0.0000000000000000        0.0034964942102384     0.0000000000000000
     0.0080868591265999     0.0000000000000000        0.0046689502936861     0.0000000000000000        0.0052080087834645     0.0000000000000000
   11    3
    -0.0026417728024409     0.0000000000000000        0.0063200695794204     0.0000000000000000       -0.0089176180359730     0.0000000000000000
     0.0063200695794204     0.0000000000000000       -0.0099395605485135     0.0000000000000000       -0.0051485891736490     0.0000000000000000
    -0.0061325311765186     0.0000000000000000       -0.0035406185256110     0.0000000000000000       -0.0155503702758016     0.0000000000000000
   11    4
    -0.0105195110842595     0.0000000000000000       -0.0102334841197693     0.0000000000000000        0.0291761132788761     0.0000000000000000
    -0.0102334841197693     0.0000000000000000        0.0012970985382446     0.0000000000000000        0.0168448368556288     0.0000000000000000
     0.0203885352594350     0.0000000000000000        0.0117713263205307     0.0000000000000000       -0.0358429071156796     0.0000000000000000
   11    5
    -0.0066145623173400     0.0000000000000000       -0.0086253842657331     0.0000000000000000       -0.0199946194135874     0.0000000000000000
    -0.0086253842657331     0.0000000000000000        0.0033451735379984     0.0000000000000000       -0.0115438989008903     0.0000000000000000
    -0.0065729907371984     0.0000000000000000       -0.0037949179715390     0.0000000000000000        0.0058181151267518     0.0000000000000000
   11    6
    -0.0032206924672003     0.0000000000000000        0.0003330507155259     0.0000000000000000        0.0007920456845238     0.0000000000000000
     0.0003330507155259     0.0000000000000000       -0.0036052663077915     0.0000000000000000        0.0004572877891747     0.0000000000000000
     0.0007920456845238     0.0000000000000000        0.0004572877891747     0.0000000000000000       -0.0060554198226882     0.0000000000000000
   11    7
    -0.0009568500742914     0.0000000000000000        0.0129742627113504     0.0000000000000000        0.0093388708496580     0.0000000000000000
     0.0030269286746968     0.0000000000000000        0.0082814420798684     0.0000000000000000       -0.0007399969199150     0.0000000000000000
     0.0053102915561914     0.0000000000000000       -0.0077177009385863     0.0000000000000000        0.0007675380373607     0.0000000000000000
   11    8
     0.0129005881567084     0.0000000000000000       -0.0049736670183268     0.0000000000000000        0.0040285792934665     0.0000000000000000
     0.0049736670183268     0.0000000000000000       -0.0055759961513990     0.0000000000000000        0.0084576978585014     0.0000000000000000
    -0.0040285792934665     0.0000000000000000        0.0084576978585014     0.0000000000000000        0.0007675380373607     0.0000000000000000
   11    9
    -0.0100146918976750     0.0000000000000000       -0.0306603973468623     0.0000000000000000        0.0013735076331264     0.0000000000000000
    -0.0179583652715057     0.0000000000000000       -0.0380847475835208     0.0000000000000000       -0.0015332874248483     0.0000000000000000
     0.0020146196777723     0.0000000000000000       -0.0004228487901666     0.0000000000000000        0.0054078746562280     0.0000000000000000
   11   10
    -0.0521197754253403     0.0000000000000000        0.0063510160376783     0.0000000000000000       -0.0006411120446458     0.0000000000000000
    -0.0063510160376783     0.0000000000000000        0.0040203359449577     0.0000000000000000        0.0019561362150150     0.0000000000000000
     0.0006411120446458     0.0000000000000000        0.0019561362150150     0.0000000000000000        0.0054078746562280     0.0000000000000000
   11   11
     0.1401839879609862     0.0000000000000000        0.0072964272329431     0.0000000000000000       -0.0002424219097495     0.0000000000000000
     0.0072964272329431     0.0000000000000000        0.1317587995094881     0.0000000000000000       -0.0001399623548527     0.0000000000000000
    -0.0002424219097495     0.0000000000000000       -0.0001399623548527     0.0000000000000000        0.1209216521222408     0.0000000000000000

     Diagonalizing the dynamical matrix

     q = (     0.000000000000     0.000000000000     0.000000000000 )

***************************************************************************
   freq (    1) =    -0.00000025 [THz] =    -0.00000832 [cm-1]
(   0.301511  0.000000  -0.000000  0.000000   0.000000  0.000000 )
(   0.301511  0.000000  -0.000000  0.000000   0.000000  0.000000 )
(   0.301511  0.000000  -0.000000  0.000000   0.000000  0.000000 )
(   0.301511  0.000000  -0.000000  0.000000   0.000000  0.000000 )
(   0.301511  0.000000  -0.000000  0.000000   0.000000  0.000000 )
(   0.301511  0.000000  -0.000000  0.000000   0.000000  0.000000 )
(   0.301511  0.000000  -0.000000  0.000000   0.000000  0.000000 )
(   0.301511  0.000000  -0.000000  0.000000   0.000000  0.000000 )
(   0.301511  0.000000  -0.000000  0.000000   0.000000  0.000000 )
(   0.301511  0.000000  -0.000000  0.000000   0.000000  0.000000 )
(   0.301511  0.000000  -0.000000  0.000000   0.000000  0.000000 )
   freq (    2) =     0.00000033 [THz] =     0.00001089 [cm-1]
(   0.000000  0.000000   0.140584  0.000000   0.266730  0.000000 )
(   0.000000  0.000000   0.140584  0.000000   0.266730  0.000000 )
(  -0.000000  0.000000   0.140584  0.000000   0.266730  0.000000 )
(   0.000000  0.000000   0.140584  0.000000   0.266730  0.000000 )
(   0.000000  0.000000   0.140584  0.000000   0.266730  0.000000 )
(   0.000000  0.000000   0.140584  0.000000   0.266730  0.000000 )
(   0.000000  0.000000   0.140584  0.000000   0.266730  0.000000 )
(   0.000000  0.000000   0.140584  0.000000   0.266730  0.000000 )
(  -0.000000  0.000000   0.140584  0.000000   0.266730  0.000000 )
(  -0.000000  0.000000   0.140584  0.000000   0.266730  0.000000 )
(  -0.000000  0.000000   0.140584  0.000000   0.266730  0.000000 )
   freq (    3) =     0.00000063 [THz] =     0.00002097 [cm-1]
(  -0.000000  0.000000  -0.266730  0.000000   0.140584  0.000000 )
(   0.000000  0.000000  -0.266730  0.000000   0.140584  0.000000 )
(  -0.000000  0.000000  -0.266730  0.000000   0.140584  0.000000 )
(  -0.000000  0.000000  -0.266730  0.000000   0.140584  0.000000 )
(   0.000000  0.000000  -0.266730  0.000000   0.140584  0.000000 )
(  -0.000000  0.000000  -0.266730  0.000000   0.140584  0.000000 )
(   0.000000  0.000000  -0.266730  0.000000   0.140584  0.000000 )
(  -0.000000  0.000000  -0.266730  0.000000   0.140584  0.000000 )
(   0.000000  0.000000  -0.266730  0.000000   0.140584  0.000000 )
(   0.000000  0.000000  -0.266730  0.000000   0.140584  0.000000 )
(  -0.000000  0.000000  -0.266730  0.000000   0.140584  0.000000 )
   freq (    4) =    25.42239081 [THz] =   847.99955743 [cm-1]
(   0.020363  0.000000   0.000000  0.000000   0.000000  0.000000 )
(  -0.462682  0.000000  -0.000000  0.000000  -0.000000  0.000000 )
(  -0.462682  0.000000  -0.000000  0.000000  -0.000000  0.000000 )
(  -0.317889  0.000000  -0.000000  0.000000  -0.000000  0.000000 )
(  -0.317889  0.000000  -0.000000  0.000000  -0.000000  0.000000 )
(  -0.265885  0.000000  -0.101128  0.000000   0.085410  0.000000 )
(  -0.090727  0.000000  -0.000000  0.000000  -0.000000  0.000000 )
(  -0.265885  0.000000   0.101128  0.000000  -0.085410  0.000000 )
(  -0.090727  0.000000  -0.000000  0.000000  -0.000000  0.000000 )
(  -0.265885  0.000000   0.101128  0.000000  -0.085410  0.000000 )
(  -0.265885  0.000000  -0.101128  0.000000   0.085410  0.000000 )
   freq (    5) =    25.42239081 [THz] =   847.99955744 [cm-1]
(   0.000000  0.000000  -0.020363  0.000000   0.000000  0.000000 )
(  -0.000000  0.000000   0.462682  0.000000  -0.000000  0.000000 )
(   0.000000  0.000000   0.462682  0.000000  -0.000000  0.000000 )
(   0.000000  0.000000   0.317889  0.000000  -0.000000  0.000000 )
(  -0.000000  0.000000   0.317889  0.000000  -0.000000  0.000000 )
(   0.101128  0.000000   0.149113  0.000000  -0.049312  0.000000 )
(  -0.000000  0.000000   0.324271  0.000000   0.098624  0.000000 )
(  -0.101128  0.000000   0.149113  0.000000  -0.049312  0.000000 )
(  -0.000000  0.000000   0.324271  0.000000   0.098624  0.000000 )
(  -0.101128  0.000000   0.149113  0.000000  -0.049312  0.000000 )
(   0.101128  0.000000   0.149113  0.000000  -0.049312  0.000000 )
   freq (    6) =    25.69393391 [THz] =   857.05725899 [cm-1]
(   0.000000  0.000000  -0.000000  0.000000  -0.000000  0.000000 )
(   0.542575  0.000000   0.000000  0.000000  -0.000000  0.000000 )
(  -0.542575  0.000000  -0.000000  0.000000   0.000000  0.000000 )
(  -0.145152  0.000000  -0.000000  0.000000  -0.000000  0.000000 )
(   0.145152  0.000000   0.000000  0.000000   0.000000  0.000000 )
(  -0.250005  0.000000  -0.150038  0.000000   0.084904  0.000000 )
(   0.009869  0.000000  -0.000000  0.000000  -0.000000  0.000000 )
(  -0.250005  0.000000   0.150038  0.000000  -0.084904  0.000000 )
(  -0.009869  0.000000   0.000000  0.000000   0.000000  0.000000 )
(   0.250005  0.000000  -0.150038  0.000000   0.084904  0.000000 )
(   0.250005  0.000000   0.150038  0.000000  -0.084904  0.000000 )
   freq (    7) =    25.69393391 [THz] =   857.05725900 [cm-1]
(   0.000000  0.000000   0.000000  0.000000   0.000000  0.000000 )
(  -0.000000  0.000000   0.542575  0.000000  -0.000000  0.000000 )
(   0.000000  0.000000  -0.542575  0.000000   0.000000  0.000000 )
(   0.000000  0.000000  -0.145152  0.000000  -0.000000  0.000000 )
(  -0.000000  0.000000   0.145152  0.000000   0.000000  0.000000 )
(  -0.150038  0.000000  -0.076756  0.000000   0.049019  0.000000 )
(  -0.000000  0.000000  -0.336630  0.000000  -0.098038  0.000000 )
(   0.150038  0.000000  -0.076756  0.000000   0.049019  0.000000 )
(   0.000000  0.000000   0.336630  0.000000   0.098038  0.000000 )
(  -0.150038  0.000000   0.076756  0.000000  -0.049019  0.000000 )
(   0.150038  0.000000   0.076756  0.000000  -0.049019  0.000000 )
   freq (    8) =    25.70499738 [THz] =   857.42629678 [cm-1]
(   0.000000  0.000000  -0.000000  0.000000  -0.000000  0.000000 )
(  -0.000000  0.000000  -0.000000  0.000000  -0.135153  0.000000 )
(   0.000000  0.000000   0.000000  0.000000   0.135153  0.000000 )
(   0.000000  0.000000   0.000000  0.000000  -0.534435  0.000000 )
(  -0.000000  0.000000  -0.000000  0.000000   0.534435  0.000000 )
(  -0.118875  0.000000  -0.068633  0.000000   0.215706  0.000000 )
(  -0.000000  0.000000   0.137265  0.000000   0.215706  0.000000 )
(   0.118875  0.000000  -0.068633  0.000000   0.215706  0.000000 )
(   0.000000  0.000000  -0.137265  0.000000  -0.215706  0.000000 )
(  -0.118875  0.000000   0.068633  0.000000  -0.215706  0.000000 )
(   0.118875  0.000000   0.068633  0.000000  -0.215706  0.000000 )
   freq (    9) =    26.48872988 [THz] =   883.56879508 [cm-1]
(   0.000000  0.000000  -0.000000  0.000000  -0.021889  0.000000 )
(  -0.000000  0.000000   0.000000  0.000000   0.360230  0.000000 )
(  -0.000000  0.000000   0.000000  0.000000   0.360230  0.000000 )
(  -0.000000  0.000000   0.000000  0.000000   0.439618  0.000000 )
(  -0.000000  0.000000   0.000000  0.000000   0.439618  0.000000 )
(  -0.048674  0.000000  -0.028102  0.000000   0.236117  0.000000 )
(  -0.000000  0.000000   0.056204  0.000000   0.236117  0.000000 )
(   0.048674  0.000000  -0.028102  0.000000   0.236117  0.000000 )
(  -0.000000  0.000000   0.056204  0.000000   0.236117  0.000000 )
(   0.048674  0.000000  -0.028102  0.000000   0.236117  0.000000 )
(  -0.048674  0.000000  -0.028102  0.000000   0.236117  0.000000 )
   freq (   10) =    28.95982406 [THz] =   965.99561273 [cm-1]
(  -0.000000  0.000000  -0.000000  0.000000   0.000000  0.000000 )
(   0.228451  0.000000   0.000006  0.000000   0.000000  0.000000 )
(  -0.228451  0.000000  -0.000006  0.000000  -0.000000  0.000000 )
(  -0.428574  0.000000  -0.000011  0.000000  -0.000000  0.000000 )
(   0.428574  0.000000   0.000011  0.000000  -0.000000  0.000000 )
(   0.283080  0.000000   0.054861  0.000000  -0.176751  0.000000 )
(   0.188067  0.000000   0.000008  0.000000   0.000005  0.000000 )
(   0.283077  0.000000  -0.054850  0.000000   0.176745  0.000000 )
(  -0.188067  0.000000  -0.000008  0.000000  -0.000005  0.000000 )
(  -0.283077  0.000000   0.054850  0.000000  -0.176745  0.000000 )
(  -0.283080  0.000000  -0.054861  0.000000   0.176751  0.000000 )
   freq (   11) =    28.95982406 [THz] =   965.99561274 [cm-1]
(  -0.000000  0.000000   0.000000  0.000000   0.000000  0.000000 )
(  -0.000006  0.000000   0.228451  0.000000   0.000000  0.000000 )
(   0.000006  0.000000  -0.228451  0.000000  -0.000000  0.000000 )
(   0.000011  0.000000  -0.428574  0.000000  -0.000000  0.000000 )
(  -0.000011  0.000000   0.428574  0.000000   0.000000  0.000000 )
(   0.054848  0.000000   0.219736  0.000000  -0.102041  0.000000 )
(  -0.000005  0.000000   0.314750  0.000000   0.204091  0.000000 )
(  -0.054863  0.000000   0.219739  0.000000  -0.102050  0.000000 )
(   0.000005  0.000000  -0.314750  0.000000  -0.204091  0.000000 )
(   0.054863  0.000000  -0.219739  0.000000   0.102050  0.000000 )
(  -0.054848  0.000000  -0.219736  0.000000   0.102041  0.000000 )
   freq (   12) =    30.09140047 [THz] =  1003.74093351 [cm-1]
(   0.000000  0.000000  -0.000000  0.000000  -0.000000  0.000000 )
(  -0.000000  0.000000   0.000000  0.000000   0.594746  0.000000 )
(   0.000000  0.000000  -0.000000  0.000000  -0.594746  0.000000 )
(   0.000000  0.000000   0.000000  0.000000   0.035219  0.000000 )
(  -0.000000  0.000000  -0.000000  0.000000  -0.035219  0.000000 )
(   0.069784  0.000000   0.040290  0.000000   0.204578  0.000000 )
(   0.000000  0.000000  -0.080580  0.000000   0.204578  0.000000 )
(  -0.069784  0.000000   0.040290  0.000000   0.204578  0.000000 )
(  -0.000000  0.000000   0.080580  0.000000  -0.204578  0.000000 )
(   0.069784  0.000000  -0.040290  0.000000  -0.204578  0.000000 )
(  -0.069784  0.000000  -0.040290  0.000000  -0.204578  0.000000 )
   freq (   13) =    32.00226999 [THz] =  1067.48067055 [cm-1]
(   0.000000  0.000000  -0.000000  0.000000  -0.000000  0.000000 )
(   0.211182  0.000000  -0.000003  0.000000  -0.000000  0.000000 )
(  -0.211182  0.000000   0.000003  0.000000   0.000000  0.000000 )
(   0.295465  0.000000  -0.000004  0.000000   0.000000  0.000000 )
(  -0.295465  0.000000   0.000004  0.000000  -0.000000  0.000000 )
(   0.248742  0.000000   0.005326  0.000000   0.305722  0.000000 )
(   0.239512  0.000000  -0.000003  0.000000   0.000005  0.000000 )
(   0.248742  0.000000  -0.005332  0.000000  -0.305726  0.000000 )
(  -0.239512  0.000000   0.000003  0.000000  -0.000005  0.000000 )
(  -0.248742  0.000000   0.005332  0.000000   0.305726  0.000000 )
(  -0.248742  0.000000  -0.005326  0.000000  -0.305722  0.000000 )
   freq (   14) =    32.00226999 [THz] =  1067.48067056 [cm-1]
(   0.000000  0.000000  -0.000000  0.000000   0.000000  0.000000 )
(  -0.000003  0.000000  -0.211182  0.000000   0.000000  0.000000 )
(   0.000003  0.000000   0.211182  0.000000  -0.000000  0.000000 )
(  -0.000004  0.000000  -0.295465  0.000000   0.000000  0.000000 )
(   0.000004  0.000000   0.295465  0.000000  -0.000000  0.000000 )
(  -0.005332  0.000000  -0.242589  0.000000  -0.176514  0.000000 )
(  -0.000003  0.000000  -0.251819  0.000000   0.353020  0.000000 )
(   0.005326  0.000000  -0.242589  0.000000  -0.176506  0.000000 )
(   0.000003  0.000000   0.251819  0.000000  -0.353020  0.000000 )
(  -0.005326  0.000000   0.242589  0.000000   0.176506  0.000000 )
(   0.005332  0.000000   0.242589  0.000000   0.176514  0.000000 )
   freq (   15) =    32.97916531 [THz] =  1100.06638638 [cm-1]
(   0.001757  0.000000   0.000000  0.000000  -0.000000  0.000000 )
(  -0.363114  0.000000  -0.000000  0.000000  -0.000000  0.000000 )
(  -0.363114  0.000000  -0.000000  0.000000  -0.000000  0.000000 )
(   0.464558  0.000000   0.000000  0.000000   0.000000  0.000000 )
(   0.464558  0.000000   0.000000  0.000000   0.000000  0.000000 )
(  -0.034755  0.000000   0.068271  0.000000  -0.242059  0.000000 )
(  -0.153003  0.000000  -0.000000  0.000000   0.000000  0.000000 )
(  -0.034755  0.000000  -0.068271  0.000000   0.242059  0.000000 )
(  -0.153003  0.000000   0.000000  0.000000   0.000000  0.000000 )
(  -0.034755  0.000000  -0.068271  0.000000   0.242059  0.000000 )
(  -0.034755  0.000000   0.068271  0.000000  -0.242059  0.000000 )
   freq (   16) =    32.97916531 [THz] =  1100.06638639 [cm-1]
(  -0.000000  0.000000   0.001757  0.000000  -0.000000  0.000000 )
(   0.000000  0.000000  -0.363114  0.000000   0.000000  0.000000 )
(   0.000000  0.000000  -0.363114  0.000000   0.000000  0.000000 )
(  -0.000000  0.000000   0.464558  0.000000   0.000000  0.000000 )
(  -0.000000  0.000000   0.464558  0.000000   0.000000  0.000000 )
(   0.068271  0.000000  -0.113587  0.000000  -0.139753  0.000000 )
(   0.000000  0.000000   0.004661  0.000000   0.279505  0.000000 )
(  -0.068271  0.000000  -0.113587  0.000000  -0.139753  0.000000 )
(   0.000000  0.000000   0.004661  0.000000   0.279505  0.000000 )
(  -0.068271  0.000000  -0.113587  0.000000  -0.139753  0.000000 )
(   0.068271  0.000000  -0.113587  0.000000  -0.139753  0.000000 )
   freq (   17) =    35.01138962 [THz] =  1167.85408277 [cm-1]
(   0.000000  0.000000  -0.000000  0.000000   0.000000  0.000000 )
(  -0.000000  0.000000   0.000000  0.000000  -0.000000  0.000000 )
(   0.000000  0.000000   0.000000  0.000000   0.000000  0.000000 )
(   0.000000  0.000000  -0.000000  0.000000   0.000000  0.000000 )
(  -0.000000  0.000000  -0.000000  0.000000   0.000000  0.000000 )
(  -0.204124  0.000000   0.353553  0.000000  -0.000000  0.000000 )
(   0.408248  0.000000   0.000000  0.000000  -0.000000  0.000000 )
(  -0.204124  0.000000  -0.353553  0.000000   0.000000  0.000000 )
(  -0.408248  0.000000  -0.000000  0.000000   0.000000  0.000000 )
(   0.204124  0.000000   0.353553  0.000000  -0.000000  0.000000 )
(   0.204124  0.000000  -0.353553  0.000000   0.000000  0.000000 )
   freq (   18) =    35.44225218 [THz] =  1182.22610904 [cm-1]
(  -0.002051  0.000000   0.000000  0.000000  -0.000000  0.000000 )
(  -0.199015  0.000000   0.000000  0.000000  -0.000000  0.000000 )
(  -0.199015  0.000000   0.000000  0.000000  -0.000000  0.000000 )
(   0.186370  0.000000  -0.000000  0.000000   0.000000  0.000000 )
(   0.186370  0.000000  -0.000000  0.000000   0.000000  0.000000 )
(   0.144888  0.000000   0.162051  0.000000   0.395418  0.000000 )
(  -0.135792  0.000000  -0.000000  0.000000   0.000000  0.000000 )
(   0.144888  0.000000  -0.162051  0.000000  -0.395418  0.000000 )
(  -0.135792  0.000000  -0.000000  0.000000   0.000000  0.000000 )
(   0.144888  0.000000  -0.162051  0.000000  -0.395418  0.000000 )
(   0.144888  0.000000   0.162051  0.000000   0.395418  0.000000 )
   freq (   19) =    35.44225218 [THz] =  1182.22610904 [cm-1]
(   0.000000  0.000000   0.002051  0.000000   0.000000  0.000000 )
(   0.000000  0.000000   0.199015  0.000000  -0.000000  0.000000 )
(   0.000000  0.000000   0.199015  0.000000  -0.000000  0.000000 )
(  -0.000000  0.000000  -0.186370  0.000000   0.000000  0.000000 )
(  -0.000000  0.000000  -0.186370  0.000000   0.000000  0.000000 )
(  -0.162051  0.000000   0.042232  0.000000  -0.228295  0.000000 )
(   0.000000  0.000000  -0.238448  0.000000   0.456590  0.000000 )
(   0.162051  0.000000   0.042232  0.000000  -0.228295  0.000000 )
(   0.000000  0.000000  -0.238448  0.000000   0.456590  0.000000 )
(   0.162051  0.000000   0.042232  0.000000  -0.228295  0.000000 )
(  -0.162051  0.000000   0.042232  0.000000  -0.228295  0.000000 )
   freq (   20) =    35.81050925 [THz] =  1194.50984061 [cm-1]
(  -0.000000  0.000000  -0.000000  0.000000  -0.000000  0.000000 )
(  -0.000000  0.000000  -0.000000  0.000000   0.000000  0.000000 )
(  -0.000000  0.000000  -0.000000  0.000000   0.000000  0.000000 )
(   0.000000  0.000000   0.000000  0.000000  -0.000000  0.000000 )
(   0.000000  0.000000   0.000000  0.000000  -0.000000  0.000000 )
(  -0.204124  0.000000   0.353553  0.000000   0.000000  0.000000 )
(   0.408248  0.000000   0.000000  0.000000  -0.000000  0.000000 )
(  -0.204124  0.000000  -0.353553  0.000000  -0.000000  0.000000 )
(   0.408248  0.000000   0.000000  0.000000  -0.000000  0.000000 )
(  -0.204124  0.000000  -0.353553  0.000000  -0.000000  0.000000 )
(  -0.204124  0.000000   0.353553  0.000000   0.000000  0.000000 )
   freq (   21) =    36.04504818 [THz] =  1202.33321609 [cm-1]
(  -0.007259  0.000000  -0.000000  0.000000  -0.000000  0.000000 )
(  -0.346111  0.000000  -0.000000  0.000000  -0.000000  0.000000 )
(  -0.346111  0.000000  -0.000000  0.000000  -0.000000  0.000000 )
(  -0.155097  0.000000  -0.000000  0.000000   0.000000  0.000000 )
(  -0.155097  0.000000  -0.000000  0.000000   0.000000  0.000000 )
(   0.303588  0.000000  -0.052305  0.000000  -0.073966  0.000000 )
(   0.394184  0.000000   0.000000  0.000000   0.000000  0.000000 )
(   0.303588  0.000000   0.052305  0.000000   0.073966  0.000000 )
(   0.394184  0.000000   0.000000  0.000000   0.000000  0.000000 )
(   0.303588  0.000000   0.052305  0.000000   0.073966  0.000000 )
(   0.303588  0.000000  -0.052305  0.000000  -0.073966  0.000000 )
   freq (   22) =    36.04504818 [THz] =  1202.33321610 [cm-1]
(   0.000000  0.000000  -0.007259  0.000000   0.000000  0.000000 )
(   0.000000  0.000000  -0.346111  0.000000  -0.000000  0.000000 )
(   0.000000  0.000000  -0.346111  0.000000  -0.000000  0.000000 )
(   0.000000  0.000000  -0.155097  0.000000   0.000000  0.000000 )
(   0.000000  0.000000  -0.155097  0.000000   0.000000  0.000000 )
(  -0.052305  0.000000   0.363985  0.000000  -0.042704  0.000000 )
(  -0.000000  0.000000   0.273390  0.000000   0.085409  0.000000 )
(   0.052305  0.000000   0.363985  0.000000  -0.042704  0.000000 )
(  -0.000000  0.000000   0.273390  0.000000   0.085409  0.000000 )
(   0.052305  0.000000   0.363985  0.000000  -0.042704  0.000000 )
(  -0.052305  0.000000   0.363985  0.000000  -0.042704  0.000000 )
   freq (   23) =    37.24509113 [THz] =  1242.36233470 [cm-1]
(  -0.000000  0.000000   0.000000  0.000000   0.001000  0.000000 )
(  -0.000000  0.000000   0.000000  0.000000   0.603524  0.000000 )
(  -0.000000  0.000000   0.000000  0.000000   0.603524  0.000000 )
(  -0.000000  0.000000  -0.000000  0.000000  -0.213015  0.000000 )
(  -0.000000  0.000000  -0.000000  0.000000  -0.213015  0.000000 )
(   0.070758  0.000000   0.040852  0.000000  -0.153141  0.000000 )
(   0.000000  0.000000  -0.081704  0.000000  -0.153141  0.000000 )
(  -0.070758  0.000000   0.040852  0.000000  -0.153141  0.000000 )
(   0.000000  0.000000  -0.081704  0.000000  -0.153141  0.000000 )
(  -0.070758  0.000000   0.040852  0.000000  -0.153141  0.000000 )
(   0.070758  0.000000   0.040852  0.000000  -0.153141  0.000000 )
   freq (   24) =    43.82714100 [THz] =  1461.91585423 [cm-1]
(   0.000000  0.000000   0.000000  0.000000  -0.000000  0.000000 )
(  -0.021791  0.000000   0.000001  0.000000   0.000000  0.000000 )
(   0.021791  0.000000  -0.000001  0.000000  -0.000000  0.000000 )
(  -0.318835  0.000000   0.000011  0.000000  -0.000000  0.000000 )
(   0.318835  0.000000  -0.000011  0.000000  -0.000000  0.000000 )
(   0.022649  0.000000   0.225236  0.000000   0.283163  0.000000 )
(  -0.367449  0.000000  -0.000005  0.000000   0.000011  0.000000 )
(   0.022665  0.000000  -0.225219  0.000000  -0.283174  0.000000 )
(   0.367449  0.000000   0.000005  0.000000  -0.000011  0.000000 )
(  -0.022665  0.000000   0.225219  0.000000   0.283174  0.000000 )
(  -0.022649  0.000000  -0.225236  0.000000  -0.283163  0.000000 )
   freq (   25) =    43.82714100 [THz] =  1461.91585423 [cm-1]
(   0.000000  0.000000   0.000000  0.000000  -0.000000  0.000000 )
(  -0.000001  0.000000  -0.021791  0.000000  -0.000000  0.000000 )
(   0.000001  0.000000   0.021791  0.000000   0.000000  0.000000 )
(  -0.000011  0.000000  -0.318835  0.000000   0.000000  0.000000 )
(   0.000011  0.000000   0.318835  0.000000  -0.000000  0.000000 )
(   0.225228  0.000000  -0.237406  0.000000   0.163497  0.000000 )
(  -0.000013  0.000000   0.152692  0.000000  -0.326975  0.000000 )
(  -0.225227  0.000000  -0.237421  0.000000   0.163478  0.000000 )
(   0.000013  0.000000  -0.152692  0.000000   0.326975  0.000000 )
(   0.225227  0.000000   0.237421  0.000000  -0.163478  0.000000 )
(  -0.225228  0.000000   0.237406  0.000000  -0.163497  0.000000 )
   freq (   26) =    45.82614445 [THz] =  1528.59542215 [cm-1]
(   0.000000  0.000000   0.000000  0.000000   0.000000  0.000000 )
(  -0.329164  0.000000   0.000008  0.000000  -0.000000  0.000000 )
(   0.329164  0.000000  -0.000008  0.000000   0.000000  0.000000 )
(  -0.326036  0.000000   0.000008  0.000000   0.000000  0.000000 )
(   0.326036  0.000000  -0.000008  0.000000   0.000000  0.000000 )
(  -0.057537  0.000000  -0.220739  0.000000   0.194676  0.000000 )
(   0.324780  0.000000   0.000005  0.000000   0.000006  0.000000 )
(  -0.057548  0.000000   0.220729  0.000000  -0.194682  0.000000 )
(  -0.324780  0.000000  -0.000005  0.000000  -0.000006  0.000000 )
(   0.057548  0.000000  -0.220729  0.000000   0.194682  0.000000 )
(   0.057537  0.000000   0.220739  0.000000  -0.194676  0.000000 )
   freq (   27) =    45.82614445 [THz] =  1528.59542216 [cm-1]
(   0.000000  0.000000  -0.000000  0.000000   0.000000  0.000000 )
(  -0.000008  0.000000  -0.329164  0.000000   0.000000  0.000000 )
(   0.000008  0.000000   0.329164  0.000000  -0.000000  0.000000 )
(  -0.000008  0.000000  -0.326036  0.000000  -0.000000  0.000000 )
(   0.000008  0.000000   0.326036  0.000000   0.000000  0.000000 )
(  -0.220735  0.000000   0.197334  0.000000   0.112403  0.000000 )
(   0.000008  0.000000  -0.184983  0.000000  -0.224796  0.000000 )
(   0.220733  0.000000   0.197345  0.000000   0.112393  0.000000 )
(  -0.000008  0.000000   0.184983  0.000000   0.224796  0.000000 )
(  -0.220733  0.000000  -0.197345  0.000000  -0.112393  0.000000 )
(   0.220735  0.000000  -0.197334  0.000000  -0.112403  0.000000 )
   freq (   28) =    46.13384760 [THz] =  1538.85929297 [cm-1]
(   0.006258  0.000000  -0.000000  0.000000  -0.000000  0.000000 )
(  -0.018383  0.000000   0.000000  0.000000   0.000000  0.000000 )
(  -0.018383  0.000000  -0.000000  0.000000   0.000000  0.000000 )
(  -0.352060  0.000000   0.000000  0.000000  -0.000000  0.000000 )
(  -0.352060  0.000000   0.000000  0.000000  -0.000000  0.000000 )
(   0.145210  0.000000   0.286600  0.000000  -0.151505  0.000000 )
(  -0.351195  0.000000  -0.000000  0.000000   0.000000  0.000000 )
(   0.145210  0.000000  -0.286600  0.000000   0.151505  0.000000 )
(  -0.351195  0.000000  -0.000000  0.000000  -0.000000  0.000000 )
(   0.145210  0.000000  -0.286600  0.000000   0.151505  0.000000 )
(   0.145210  0.000000   0.286600  0.000000  -0.151505  0.000000 )
   freq (   29) =    46.13384760 [THz] =  1538.85929297 [cm-1]
(  -0.000000  0.000000  -0.006258  0.000000   0.000000  0.000000 )
(   0.000000  0.000000   0.018383  0.000000   0.000000  0.000000 )
(   0.000000  0.000000   0.018383  0.000000   0.000000  0.000000 )
(   0.000000  0.000000   0.352060  0.000000   0.000000  0.000000 )
(   0.000000  0.000000   0.352060  0.000000   0.000000  0.000000 )
(  -0.286600  0.000000   0.185726  0.000000   0.087472  0.000000 )
(   0.000000  0.000000  -0.310679  0.000000  -0.174943  0.000000 )
(   0.286600  0.000000   0.185726  0.000000   0.087472  0.000000 )
(   0.000000  0.000000  -0.310679  0.000000  -0.174943  0.000000 )
(   0.286600  0.000000   0.185726  0.000000   0.087472  0.000000 )
(  -0.286600  0.000000   0.185726  0.000000   0.087472  0.000000 )
   freq (   30) =    46.23204805 [THz] =  1542.13490710 [cm-1]
(   0.000000  0.000000   0.000000  0.000000   0.005701  0.000000 )
(  -0.000000  0.000000  -0.000000  0.000000  -0.033508  0.000000 )
(  -0.000000  0.000000  -0.000000  0.000000  -0.033508  0.000000 )
(  -0.000000  0.000000  -0.000000  0.000000   0.500869  0.000000 )
(  -0.000000  0.000000  -0.000000  0.000000   0.500869  0.000000 )
(  -0.018395  0.000000  -0.010620  0.000000  -0.286727  0.000000 )
(  -0.000000  0.000000   0.021241  0.000000  -0.286727  0.000000 )
(   0.018395  0.000000  -0.010620  0.000000  -0.286727  0.000000 )
(  -0.000000  0.000000   0.021241  0.000000  -0.286727  0.000000 )
(   0.018395  0.000000  -0.010620  0.000000  -0.286727  0.000000 )
(  -0.018395  0.000000  -0.010620  0.000000  -0.286727  0.000000 )
   freq (   31) =    48.12508326 [THz] =  1605.27975581 [cm-1]
(   0.000000  0.000000   0.000000  0.000000   0.000000  0.000000 )
(  -0.000000  0.000000   0.000000  0.000000   0.357729  0.000000 )
(   0.000000  0.000000  -0.000000  0.000000  -0.357729  0.000000 )
(  -0.000000  0.000000   0.000000  0.000000  -0.267170  0.000000 )
(  -0.000000  0.000000  -0.000000  0.000000   0.267170  0.000000 )
(  -0.155844  0.000000  -0.089977  0.000000  -0.260449  0.000000 )
(   0.000000  0.000000   0.179953  0.000000  -0.260449  0.000000 )
(   0.155844  0.000000  -0.089977  0.000000  -0.260449  0.000000 )
(  -0.000000  0.000000  -0.179953  0.000000   0.260449  0.000000 )
(  -0.155844  0.000000   0.089977  0.000000   0.260449  0.000000 )
(   0.155844  0.000000   0.089977  0.000000   0.260449  0.000000 )
   freq (   32) =    49.51729470 [THz] =  1651.71892403 [cm-1]
(   0.000000  0.000000  -0.000000  0.000000  -0.002821  0.000000 )
(   0.000000  0.000000   0.000000  0.000000  -0.078414  0.000000 )
(  -0.000000  0.000000   0.000000  0.000000  -0.078414  0.000000 )
(  -0.000000  0.000000   0.000000  0.000000   0.129415  0.000000 )
(  -0.000000  0.000000   0.000000  0.000000   0.129415  0.000000 )
(   0.342873  0.000000   0.197958  0.000000   0.047793  0.000000 )
(  -0.000000  0.000000  -0.395915  0.000000   0.047793  0.000000 )
(  -0.342873  0.000000   0.197958  0.000000   0.047793  0.000000 )
(  -0.000000  0.000000  -0.395915  0.000000   0.047793  0.000000 )
(  -0.342873  0.000000   0.197958  0.000000   0.047793  0.000000 )
(   0.342873  0.000000   0.197958  0.000000   0.047793  0.000000 )
   freq (   33) =    63.22775477 [THz] =  2109.05057937 [cm-1]
(  -0.000000  0.000000   0.000000  0.000000   0.000000  0.000000 )
(  -0.000000  0.000000   0.000000  0.000000   0.006368  0.000000 )
(   0.000000  0.000000  -0.000000  0.000000  -0.006368  0.000000 )
(  -0.000000  0.000000   0.000000  0.000000   0.376509  0.000000 )
(   0.000000  0.000000  -0.000000  0.000000  -0.376509  0.000000 )
(  -0.285852  0.000000  -0.165037  0.000000   0.102234  0.000000 )
(  -0.000000  0.000000   0.330073  0.000000   0.102234  0.000000 )
(   0.285852  0.000000  -0.165037  0.000000   0.102234  0.000000 )
(   0.000000  0.000000  -0.330073  0.000000  -0.102234  0.000000 )
(  -0.285852  0.000000   0.165037  0.000000  -0.102234  0.000000 )
(   0.285852  0.000000   0.165037  0.000000  -0.102234  0.000000 )
***************************************************************************
