Dynamical matrix file
File generated with the CellConstructor by Lorenzo Monacelli
2 11 0     1.8897259890000000     0.0000000000000000     0.0000000000000000     0.0000000000000000     0.0000000000000000     0.0000000000000000
Basis vectors
    1.8216054416065011    -1.0517043920322153     2.8381869915015971
    0.0000000000000000     2.1034087840644307     2.8381869915015971
   -1.8216054416065011    -1.0517043920322153     2.8381869915015971
	1  'La '  126604.5951757480361266
	2  'H '    918.7358275894680446
    1     1     0.0000000000000002    -0.0000000000000001     4.2572805298084759
    2     2    -0.0000000000000000     0.0000000000000002     2.1123735753912314
    3     2     0.0000000000000000    -0.0000000000000002    -2.1123735753912314
    4     2     0.0000000000000002     0.0000000000000001     0.9816958198428373
    5     2    -0.0000000000000002    -0.0000000000000001    -0.9816958198428373
    6     2     0.9414415241928197     0.5435415168253205     6.0574977533993684
    7     2    -0.0000000000000001    -1.0870830336506410     6.0574977533993684
    8     2    -0.9414415241928188     0.5435415168253206     6.0574977533993684
    9     2     0.0000000000000000     1.0870830336506416     2.4570633026712412
   10     2     0.9414415241928197    -0.5435415168253206     2.4570633026712416
   11     2    -0.9414415241928192    -0.5435415168253206     2.4570633026712416

     Dynamical Matrix in cartesian axes

     q = (     0.000000000000     0.000000000000     0.000000000000 )

    1    1
     0.6581983802362046     0.0000000000000000        0.0000000000000000     0.0000000000000000        0.0000000000000003     0.0000000000000000
    -0.0000000000000001     0.0000000000000000        0.6581983802819975     0.0000000000000000        0.0000000000000001     0.0000000000000000
     0.0000000000000002     0.0000000000000000        0.0000000000000001     0.0000000000000000        0.6651861500245184     0.0000000000000000
    1    2
    -0.0323558749352481     0.0000000000000000        0.0000000000000000     0.0000000000000000       -0.0000000000000000     0.0000000000000000
     0.0000000000000000     0.0000000000000000       -0.0323558749374992     0.0000000000000000       -0.0000000000000000     0.0000000000000000
    -0.0000000000000000     0.0000000000000000       -0.0000000000000000     0.0000000000000000       -0.0454890137726439     0.0000000000000000
    1    3
    -0.0323558749352481     0.0000000000000000        0.0000000000000000     0.0000000000000000       -0.0000000000000000     0.0000000000000000
     0.0000000000000000     0.0000000000000000       -0.0323558749374992     0.0000000000000000       -0.0000000000000000     0.0000000000000000
    -0.0000000000000000     0.0000000000000000       -0.0000000000000000     0.0000000000000000       -0.0454890137726439     0.0000000000000000
    1    4
    -0.0778856228037481     0.0000000000000000        0.0000000000000000     0.0000000000000000       -0.0000000000000000     0.0000000000000000
     0.0000000000000000     0.0000000000000000       -0.0778856228091669     0.0000000000000000        0.0000000000000000     0.0000000000000000
    -0.0000000000000000     0.0000000000000000        0.0000000000000000     0.0000000000000000       -0.0245515051854814     0.0000000000000000
    1    5
    -0.0778856228037481     0.0000000000000000        0.0000000000000000     0.0000000000000000       -0.0000000000000000     0.0000000000000000
     0.0000000000000000     0.0000000000000000       -0.0778856228091669     0.0000000000000000        0.0000000000000000     0.0000000000000000
    -0.0000000000000000     0.0000000000000000        0.0000000000000000     0.0000000000000000       -0.0245515051854814     0.0000000000000000
    1    6
    -0.0550586541688395     0.0000000000000000        0.0309931611935815     0.0000000000000000       -0.0193285298764179     0.0000000000000000
     0.0309931611935815     0.0000000000000000       -0.0908464740902186     0.0000000000000000       -0.0111593319275778     0.0000000000000000
    -0.0179382698550906     0.0000000000000000       -0.0103566649299930     0.0000000000000000       -0.0875175186847114     0.0000000000000000
    1    7
    -0.1087403840414274     0.0000000000000000        0.0000000000000000     0.0000000000000000       -0.0000000000000000     0.0000000000000000
     0.0000000000000000     0.0000000000000000       -0.0371647442138958     0.0000000000000000        0.0223186638551556     0.0000000000000000
    -0.0000000000000000     0.0000000000000000        0.0207133298599859     0.0000000000000000       -0.0875175186847114     0.0000000000000000
    1    8
    -0.0550586541688395     0.0000000000000000       -0.0309931611935816     0.0000000000000000        0.0193285298764178     0.0000000000000000
    -0.0309931611935816     0.0000000000000000       -0.0908464740902186     0.0000000000000000       -0.0111593319275778     0.0000000000000000
     0.0179382698550905     0.0000000000000000       -0.0103566649299930     0.0000000000000000       -0.0875175186847114     0.0000000000000000
    1    9
    -0.1087403840414274     0.0000000000000000        0.0000000000000000     0.0000000000000000       -0.0000000000000000     0.0000000000000000
     0.0000000000000000     0.0000000000000000       -0.0371647442138958     0.0000000000000000        0.0223186638551556     0.0000000000000000
    -0.0000000000000000     0.0000000000000000        0.0207133298599859     0.0000000000000000       -0.0875175186847114     0.0000000000000000
    1   10
    -0.0550586541688395     0.0000000000000000       -0.0309931611935816     0.0000000000000000        0.0193285298764178     0.0000000000000000
    -0.0309931611935816     0.0000000000000000       -0.0908464740902186     0.0000000000000000       -0.0111593319275778     0.0000000000000000
     0.0179382698550905     0.0000000000000000       -0.0103566649299930     0.0000000000000000       -0.0875175186847114     0.0000000000000000
    1   11
    -0.0550586541688395     0.0000000000000000        0.0309931611935815     0.0000000000000000       -0.0193285298764179     0.0000000000000000
     0.0309931611935815     0.0000000000000000       -0.0908464740902186     0.0000000000000000       -0.0111593319275778     0.0000000000000000
    -0.0179382698550906     0.0000000000000000       -0.0103566649299930     0.0000000000000000       -0.0875175186847114     0.0000000000000000
    2    1
    -0.0323558749352481     0.0000000000000000        0.0000000000000000     0.0000000000000000       -0.0000000000000000     0.0000000000000000
     0.0000000000000000     0.0000000000000000       -0.0323558749374992     0.0000000000000000       -0.0000000000000000     0.0000000000000000
    -0.0000000000000000     0.0000000000000000       -0.0000000000000000     0.0000000000000000       -0.0454890137726439     0.0000000000000000
    2    2
     0.0836919503770058     0.0000000000000000       -0.0000000000000000     0.0000000000000000        0.0000000000000000     0.0000000000000000
    -0.0000000000000000     0.0000000000000000        0.0836919503828286     0.0000000000000000        0.0000000000000000     0.0000000000000000
     0.0000000000000000     0.0000000000000000        0.0000000000000000     0.0000000000000000        0.0987128879431377     0.0000000000000000
    2    3
    -0.0074003866779218     0.0000000000000000        0.0000000000000000     0.0000000000000000       -0.0000000000000000     0.0000000000000000
     0.0000000000000000     0.0000000000000000       -0.0074003866784367     0.0000000000000000       -0.0000000000000000     0.0000000000000000
    -0.0000000000000000     0.0000000000000000       -0.0000000000000000     0.0000000000000000       -0.0021219871362395     0.0000000000000000
    2    4
     0.0108975886536788     0.0000000000000000       -0.0000000000000000     0.0000000000000000       -0.0000000000000000     0.0000000000000000
     0.0000000000000000     0.0000000000000000        0.0108975886544370     0.0000000000000000       -0.0000000000000000     0.0000000000000000
    -0.0000000000000000     0.0000000000000000       -0.0000000000000000     0.0000000000000000       -0.0235383159376130     0.0000000000000000
    2    5
    -0.0174150760970863     0.0000000000000000        0.0000000000000000     0.0000000000000000        0.0000000000000000     0.0000000000000000
     0.0000000000000000     0.0000000000000000       -0.0174150760982979     0.0000000000000000        0.0000000000000000     0.0000000000000000
     0.0000000000000000     0.0000000000000000        0.0000000000000000     0.0000000000000000        0.0018490585398308     0.0000000000000000
    2    6
    -0.0017637252319199     0.0000000000000000        0.0061359657244234     0.0000000000000000       -0.0061130548409857     0.0000000000000000
     0.0061359657244234     0.0000000000000000       -0.0088489281577573     0.0000000000000000       -0.0035293738581368     0.0000000000000000
    -0.0080683201863847     0.0000000000000000       -0.0046582468316793     0.0000000000000000       -0.0141053909081971     0.0000000000000000
    2    7
    -0.0123915296197526     0.0000000000000000        0.0000000000000000     0.0000000000000000       -0.0000000000000000     0.0000000000000000
     0.0000000000000000     0.0000000000000000        0.0017788762308148     0.0000000000000000        0.0070587477162736     0.0000000000000000
    -0.0000000000000000     0.0000000000000000        0.0093164936633586     0.0000000000000000       -0.0141053909081971     0.0000000000000000
    2    8
    -0.0017637252319199     0.0000000000000000       -0.0061359657244234     0.0000000000000000        0.0061130548409856     0.0000000000000000
    -0.0061359657244234     0.0000000000000000       -0.0088489281577573     0.0000000000000000       -0.0035293738581368     0.0000000000000000
     0.0080683201863847     0.0000000000000000       -0.0046582468316793     0.0000000000000000       -0.0141053909081971     0.0000000000000000
    2    9
     0.0069598297694411     0.0000000000000000       -0.0000000000000000     0.0000000000000000        0.0000000000000000     0.0000000000000000
    -0.0000000000000000     0.0000000000000000       -0.0212926439288132     0.0000000000000000       -0.0104932696232492     0.0000000000000000
     0.0000000000000000     0.0000000000000000       -0.0061514979901427     0.0000000000000000        0.0043011810293731     0.0000000000000000
    2   10
    -0.0142295255031386     0.0000000000000000        0.0122336799710041     0.0000000000000000       -0.0090874380621772     0.0000000000000000
     0.0122336799710041     0.0000000000000000       -0.0001032886547593     0.0000000000000000        0.0052466348116246     0.0000000000000000
    -0.0053273535306072     0.0000000000000000        0.0030757489950714     0.0000000000000000        0.0043011810293731     0.0000000000000000
    2   11
    -0.0142295255031386     0.0000000000000000       -0.0122336799710041     0.0000000000000000        0.0090874380621772     0.0000000000000000
    -0.0122336799710041     0.0000000000000000       -0.0001032886547593     0.0000000000000000        0.0052466348116246     0.0000000000000000
     0.0053273535306072     0.0000000000000000        0.0030757489950714     0.0000000000000000        0.0043011810293731     0.0000000000000000
    3    1
    -0.0323558749352481     0.0000000000000000        0.0000000000000000     0.0000000000000000       -0.0000000000000000     0.0000000000000000
     0.0000000000000000     0.0000000000000000       -0.0323558749374992     0.0000000000000000       -0.0000000000000000     0.0000000000000000
    -0.0000000000000000     0.0000000000000000       -0.0000000000000000     0.0000000000000000       -0.0454890137726439     0.0000000000000000
    3    2
    -0.0074003866779218     0.0000000000000000        0.0000000000000000     0.0000000000000000       -0.0000000000000000     0.0000000000000000
     0.0000000000000000     0.0000000000000000       -0.0074003866784367     0.0000000000000000       -0.0000000000000000     0.0000000000000000
    -0.0000000000000000     0.0000000000000000       -0.0000000000000000     0.0000000000000000       -0.0021219871362395     0.0000000000000000
    3    3
     0.0836919503770058     0.0000000000000000       -0.0000000000000000     0.0000000000000000        0.0000000000000000     0.0000000000000000
     0.0000000000000000     0.0000000000000000        0.0836919503828286     0.0000000000000000        0.0000000000000000     0.0000000000000000
     0.0000000000000000     0.0000000000000000        0.0000000000000000     0.0000000000000000        0.0987128879431377     0.0000000000000000
    3    4
    -0.0174150760970863     0.0000000000000000        0.0000000000000000     0.0000000000000000        0.0000000000000000     0.0000000000000000
     0.0000000000000000     0.0000000000000000       -0.0174150760982979     0.0000000000000000        0.0000000000000000     0.0000000000000000
     0.0000000000000000     0.0000000000000000        0.0000000000000000     0.0000000000000000        0.0018490585398308     0.0000000000000000
    3    5
     0.0108975886536788     0.0000000000000000       -0.0000000000000000     0.0000000000000000       -0.0000000000000000     0.0000000000000000
    -0.0000000000000000     0.0000000000000000        0.0108975886544370     0.0000000000000000       -0.0000000000000000     0.0000000000000000
    -0.0000000000000000     0.0000000000000000       -0.0000000000000000     0.0000000000000000       -0.0235383159376130     0.0000000000000000
    3    6
    -0.0142295255031386     0.0000000000000000       -0.0122336799710041     0.0000000000000000        0.0090874380621772     0.0000000000000000
    -0.0122336799710041     0.0000000000000000       -0.0001032886547593     0.0000000000000000        0.0052466348116246     0.0000000000000000
     0.0053273535306072     0.0000000000000000        0.0030757489950714     0.0000000000000000        0.0043011810293731     0.0000000000000000
    3    7
     0.0069598297694411     0.0000000000000000       -0.0000000000000000     0.0000000000000000        0.0000000000000000     0.0000000000000000
    -0.0000000000000000     0.0000000000000000       -0.0212926439288132     0.0000000000000000       -0.0104932696232492     0.0000000000000000
     0.0000000000000000     0.0000000000000000       -0.0061514979901427     0.0000000000000000        0.0043011810293731     0.0000000000000000
    3    8
    -0.0142295255031386     0.0000000000000000        0.0122336799710041     0.0000000000000000       -0.0090874380621772     0.0000000000000000
     0.0122336799710041     0.0000000000000000       -0.0001032886547593     0.0000000000000000        0.0052466348116246     0.0000000000000000
    -0.0053273535306072     0.0000000000000000        0.0030757489950714     0.0000000000000000        0.0043011810293731     0.0000000000000000
    3    9
    -0.0123915296197526     0.0000000000000000        0.0000000000000000     0.0000000000000000       -0.0000000000000000     0.0000000000000000
     0.0000000000000000     0.0000000000000000        0.0017788762308148     0.0000000000000000        0.0070587477162736     0.0000000000000000
    -0.0000000000000000     0.0000000000000000        0.0093164936633586     0.0000000000000000       -0.0141053909081971     0.0000000000000000
    3   10
    -0.0017637252319199     0.0000000000000000       -0.0061359657244234     0.0000000000000000        0.0061130548409856     0.0000000000000000
    -0.0061359657244234     0.0000000000000000       -0.0088489281577573     0.0000000000000000       -0.0035293738581368     0.0000000000000000
     0.0080683201863847     0.0000000000000000       -0.0046582468316793     0.0000000000000000       -0.0141053909081971     0.0000000000000000
    3   11
    -0.0017637252319199     0.0000000000000000        0.0061359657244234     0.0000000000000000       -0.0061130548409857     0.0000000000000000
     0.0061359657244234     0.0000000000000000       -0.0088489281577573     0.0000000000000000       -0.0035293738581368     0.0000000000000000
    -0.0080683201863847     0.0000000000000000       -0.0046582468316793     0.0000000000000000       -0.0141053909081971     0.0000000000000000
    4    1
    -0.0778856228037481     0.0000000000000000        0.0000000000000000     0.0000000000000000       -0.0000000000000000     0.0000000000000000
     0.0000000000000000     0.0000000000000000       -0.0778856228091669     0.0000000000000000       -0.0000000000000000     0.0000000000000000
    -0.0000000000000000     0.0000000000000000        0.0000000000000000     0.0000000000000000       -0.0245515051854814     0.0000000000000000
    4    2
     0.0108975886536788     0.0000000000000000       -0.0000000000000000     0.0000000000000000       -0.0000000000000000     0.0000000000000000
     0.0000000000000000     0.0000000000000000        0.0108975886544370     0.0000000000000000       -0.0000000000000000     0.0000000000000000
    -0.0000000000000000     0.0000000000000000       -0.0000000000000000     0.0000000000000000       -0.0235383159376130     0.0000000000000000
    4    3
    -0.0174150760970863     0.0000000000000000        0.0000000000000000     0.0000000000000000        0.0000000000000000     0.0000000000000000
     0.0000000000000000     0.0000000000000000       -0.0174150760982979     0.0000000000000000        0.0000000000000000     0.0000000000000000
     0.0000000000000000     0.0000000000000000        0.0000000000000000     0.0000000000000000        0.0018490585398308     0.0000000000000000
    4    4
     0.1088174541504502     0.0000000000000000       -0.0000000000000000     0.0000000000000000        0.0000000000000000     0.0000000000000000
     0.0000000000000000     0.0000000000000000        0.1088174541580209     0.0000000000000000        0.0000000000000000     0.0000000000000000
     0.0000000000000001     0.0000000000000000        0.0000000000000000     0.0000000000000000        0.1477998719544956     0.0000000000000000
    4    5
    -0.0044281005251575     0.0000000000000000       -0.0000000000000000     0.0000000000000000       -0.0000000000000000     0.0000000000000000
     0.0000000000000000     0.0000000000000000       -0.0044281005254655     0.0000000000000000        0.0000000000000000     0.0000000000000000
    -0.0000000000000000     0.0000000000000000       -0.0000000000000000     0.0000000000000000       -0.0151983713537012     0.0000000000000000
    4    6
    -0.0051973824145410     0.0000000000000000       -0.0072515699939639     0.0000000000000000       -0.0071763900561949     0.0000000000000000
    -0.0072515699939639     0.0000000000000000        0.0031760093615136     0.0000000000000000       -0.0041432907308980     0.0000000000000000
    -0.0184754939901667     0.0000000000000000       -0.0106668314290051     0.0000000000000000        0.0067599289137937     0.0000000000000000
    4    7
     0.0073627052492094     0.0000000000000000        0.0000000000000000     0.0000000000000000        0.0000000000000000     0.0000000000000000
     0.0000000000000000     0.0000000000000000       -0.0093840783031107     0.0000000000000000        0.0082865814617960     0.0000000000000000
     0.0000000000000000     0.0000000000000000        0.0213336628580102     0.0000000000000000        0.0067599289137937     0.0000000000000000
    4    8
    -0.0051973824145410     0.0000000000000000        0.0072515699939639     0.0000000000000000        0.0071763900561949     0.0000000000000000
     0.0072515699939639     0.0000000000000000        0.0031760093615136     0.0000000000000000       -0.0041432907308980     0.0000000000000000
     0.0184754939901667     0.0000000000000000       -0.0106668314290051     0.0000000000000000        0.0067599289137937     0.0000000000000000
    4    9
     0.0058676133945106     0.0000000000000000       -0.0000000000000000     0.0000000000000000       -0.0000000000000000     0.0000000000000000
    -0.0000000000000000     0.0000000000000000       -0.0171704025945483     0.0000000000000000       -0.0240224176167816     0.0000000000000000
    -0.0000000000000000     0.0000000000000000       -0.0344199643990670     0.0000000000000000       -0.0355468415863040     0.0000000000000000
    4   10
    -0.0114108985963876     0.0000000000000000        0.0099757535494883     0.0000000000000000       -0.0208040239157280     0.0000000000000000
     0.0099757535494883     0.0000000000000000        0.0001081093975521     0.0000000000000000        0.0120112088083908     0.0000000000000000
    -0.0298085635659111     0.0000000000000000        0.0172099821995335     0.0000000000000000       -0.0355468415863040     0.0000000000000000
    4   11
    -0.0114108985963876     0.0000000000000000       -0.0099757535494883     0.0000000000000000        0.0208040239157280     0.0000000000000000
    -0.0099757535494883     0.0000000000000000        0.0001081093975521     0.0000000000000000        0.0120112088083908     0.0000000000000000
     0.0298085635659111     0.0000000000000000        0.0172099821995335     0.0000000000000000       -0.0355468415863040     0.0000000000000000
    5    1
    -0.0778856228037481     0.0000000000000000        0.0000000000000000     0.0000000000000000       -0.0000000000000000     0.0000000000000000
     0.0000000000000000     0.0000000000000000       -0.0778856228091669     0.0000000000000000       -0.0000000000000000     0.0000000000000000
    -0.0000000000000000     0.0000000000000000        0.0000000000000000     0.0000000000000000       -0.0245515051854814     0.0000000000000000
    5    2
    -0.0174150760970863     0.0000000000000000        0.0000000000000000     0.0000000000000000        0.0000000000000000     0.0000000000000000
     0.0000000000000000     0.0000000000000000       -0.0174150760982979     0.0000000000000000        0.0000000000000000     0.0000000000000000
     0.0000000000000000     0.0000000000000000        0.0000000000000000     0.0000000000000000        0.0018490585398308     0.0000000000000000
    5    3
     0.0108975886536788     0.0000000000000000        0.0000000000000000     0.0000000000000000       -0.0000000000000000     0.0000000000000000
    -0.0000000000000000     0.0000000000000000        0.0108975886544370     0.0000000000000000       -0.0000000000000000     0.0000000000000000
    -0.0000000000000000     0.0000000000000000       -0.0000000000000000     0.0000000000000000       -0.0235383159376130     0.0000000000000000
    5    4
    -0.0044281005251575     0.0000000000000000        0.0000000000000000     0.0000000000000000       -0.0000000000000000     0.0000000000000000
     0.0000000000000000     0.0000000000000000       -0.0044281005254656     0.0000000000000000       -0.0000000000000000     0.0000000000000000
    -0.0000000000000000     0.0000000000000000       -0.0000000000000000     0.0000000000000000       -0.0151983713537012     0.0000000000000000
    5    5
     0.1088174541504502     0.0000000000000000       -0.0000000000000000     0.0000000000000000        0.0000000000000000     0.0000000000000000
     0.0000000000000000     0.0000000000000000        0.1088174541580209     0.0000000000000000        0.0000000000000000     0.0000000000000000
     0.0000000000000001     0.0000000000000000        0.0000000000000000     0.0000000000000000        0.1477998719544956     0.0000000000000000
    5    6
    -0.0114108985963876     0.0000000000000000       -0.0099757535494883     0.0000000000000000        0.0208040239157280     0.0000000000000000
    -0.0099757535494883     0.0000000000000000        0.0001081093975521     0.0000000000000000        0.0120112088083908     0.0000000000000000
     0.0298085635659111     0.0000000000000000        0.0172099821995335     0.0000000000000000       -0.0355468415863040     0.0000000000000000
    5    7
     0.0058676133945106     0.0000000000000000       -0.0000000000000000     0.0000000000000000       -0.0000000000000000     0.0000000000000000
    -0.0000000000000000     0.0000000000000000       -0.0171704025945483     0.0000000000000000       -0.0240224176167816     0.0000000000000000
    -0.0000000000000000     0.0000000000000000       -0.0344199643990670     0.0000000000000000       -0.0355468415863040     0.0000000000000000
    5    8
    -0.0114108985963876     0.0000000000000000        0.0099757535494883     0.0000000000000000       -0.0208040239157280     0.0000000000000000
     0.0099757535494883     0.0000000000000000        0.0001081093975521     0.0000000000000000        0.0120112088083908     0.0000000000000000
    -0.0298085635659111     0.0000000000000000        0.0172099821995335     0.0000000000000000       -0.0355468415863040     0.0000000000000000
    5    9
     0.0073627052492094     0.0000000000000000        0.0000000000000000     0.0000000000000000        0.0000000000000000     0.0000000000000000
     0.0000000000000000     0.0000000000000000       -0.0093840783031107     0.0000000000000000        0.0082865814617960     0.0000000000000000
     0.0000000000000000     0.0000000000000000        0.0213336628580102     0.0000000000000000        0.0067599289137937     0.0000000000000000
    5   10
    -0.0051973824145410     0.0000000000000000        0.0072515699939639     0.0000000000000000        0.0071763900561949     0.0000000000000000
     0.0072515699939639     0.0000000000000000        0.0031760093615136     0.0000000000000000       -0.0041432907308980     0.0000000000000000
     0.0184754939901667     0.0000000000000000       -0.0106668314290051     0.0000000000000000        0.0067599289137937     0.0000000000000000
    5   11
    -0.0051973824145410     0.0000000000000000       -0.0072515699939639     0.0000000000000000       -0.0071763900561949     0.0000000000000000
    -0.0072515699939639     0.0000000000000000        0.0031760093615136     0.0000000000000000       -0.0041432907308980     0.0000000000000000
    -0.0184754939901667     0.0000000000000000       -0.0106668314290051     0.0000000000000000        0.0067599289137937     0.0000000000000000
    6    1
    -0.0550586541688395     0.0000000000000000        0.0309931611935815     0.0000000000000000       -0.0179382698550906     0.0000000000000000
     0.0309931611935816     0.0000000000000000       -0.0908464740902186     0.0000000000000000       -0.0103566649299930     0.0000000000000000
    -0.0193285298764179     0.0000000000000000       -0.0111593319275778     0.0000000000000000       -0.0875175186847114     0.0000000000000000
    6    2
    -0.0017637252319199     0.0000000000000000        0.0061359657244234     0.0000000000000000       -0.0080683201863847     0.0000000000000000
     0.0061359657244234     0.0000000000000000       -0.0088489281577573     0.0000000000000000       -0.0046582468316793     0.0000000000000000
    -0.0061130548409857     0.0000000000000000       -0.0035293738581368     0.0000000000000000       -0.0141053909081971     0.0000000000000000
    6    3
    -0.0142295255031386     0.0000000000000000       -0.0122336799710041     0.0000000000000000        0.0053273535306072     0.0000000000000000
    -0.0122336799710041     0.0000000000000000       -0.0001032886547593     0.0000000000000000        0.0030757489950714     0.0000000000000000
     0.0090874380621772     0.0000000000000000        0.0052466348116246     0.0000000000000000        0.0043011810293731     0.0000000000000000
    6    4
    -0.0051973824145410     0.0000000000000000       -0.0072515699939639     0.0000000000000000       -0.0184754939901667     0.0000000000000000
    -0.0072515699939639     0.0000000000000000        0.0031760093615136     0.0000000000000000       -0.0106668314290051     0.0000000000000000
    -0.0071763900561949     0.0000000000000000       -0.0041432907308980     0.0000000000000000        0.0067599289137937     0.0000000000000000
    6    5
    -0.0114108985963876     0.0000000000000000       -0.0099757535494883     0.0000000000000000        0.0298085635659110     0.0000000000000000
    -0.0099757535494883     0.0000000000000000        0.0001081093975521     0.0000000000000000        0.0172099821995335     0.0000000000000000
     0.0208040239157280     0.0000000000000000        0.0120112088083908     0.0000000000000000       -0.0355468415863040     0.0000000000000000
    6    6
     0.1392294087038998     0.0000000000000000        0.0085897127860286     0.0000000000000000       -0.0029450997727438     0.0000000000000000
     0.0085897127860286     0.0000000000000000        0.1293108627346911     0.0000000000000000       -0.0017003541466431     0.0000000000000000
    -0.0029450997727438     0.0000000000000000       -0.0017003541466431     0.0000000000000000        0.1242061781249326     0.0000000000000000
    6    7
    -0.0092039752239866     0.0000000000000000       -0.0291163278378414     0.0000000000000000        0.0001732409953693     0.0000000000000000
    -0.0180107319618193     0.0000000000000000       -0.0364127958870231     0.0000000000000000       -0.0020124776268040     0.0000000000000000
     0.0018294772469841     0.0000000000000000        0.0008562077104301     0.0000000000000000        0.0039107799542800     0.0000000000000000
    6    8
    -0.0500172062147413     0.0000000000000000        0.0055527979380110     0.0000000000000000       -0.0016562362516148     0.0000000000000000
    -0.0055527979380110     0.0000000000000000        0.0044004351065712     0.0000000000000000        0.0011562699163740     0.0000000000000000
     0.0016562362516148     0.0000000000000000        0.0011562699163740     0.0000000000000000        0.0039107799542800     0.0000000000000000
    6    9
    -0.0002176878142134     0.0000000000000000        0.0134947947674108     0.0000000000000000        0.0091133827839529     0.0000000000000000
     0.0023165291918878     0.0000000000000000        0.0089109843302344     0.0000000000000000       -0.0008012510459201     0.0000000000000000
     0.0052505951525280     0.0000000000000000       -0.0074917954826295     0.0000000000000000        0.0008627041251799     0.0000000000000000
    6   10
     0.0134753204015283     0.0000000000000000       -0.0055891327877615     0.0000000000000000        0.0038627876314250     0.0000000000000000
     0.0055891327877615     0.0000000000000000       -0.0047820238864600     0.0000000000000000        0.0082930465285496     0.0000000000000000
    -0.0038627876314250     0.0000000000000000        0.0082930465285496     0.0000000000000000        0.0008627041251799     0.0000000000000000
    6   11
    -0.0056056739376603     0.0000000000000000       -0.0005999682693962     0.0000000000000000        0.0007980915487351     0.0000000000000000
    -0.0005999682693962     0.0000000000000000       -0.0049128902543440     0.0000000000000000        0.0004607783705162     0.0000000000000000
     0.0007980915487351     0.0000000000000000        0.0004607783705162     0.0000000000000000       -0.0076445050478068     0.0000000000000000
    7    1
    -0.1087403840414274     0.0000000000000000       -0.0000000000000000     0.0000000000000000       -0.0000000000000000     0.0000000000000000
     0.0000000000000000     0.0000000000000000       -0.0371647442138958     0.0000000000000000        0.0207133298599859     0.0000000000000000
    -0.0000000000000000     0.0000000000000000        0.0223186638551555     0.0000000000000000       -0.0875175186847114     0.0000000000000000
    7    2
    -0.0123915296197526     0.0000000000000000        0.0000000000000000     0.0000000000000000       -0.0000000000000000     0.0000000000000000
     0.0000000000000000     0.0000000000000000        0.0017788762308148     0.0000000000000000        0.0093164936633586     0.0000000000000000
    -0.0000000000000000     0.0000000000000000        0.0070587477162736     0.0000000000000000       -0.0141053909081971     0.0000000000000000
    7    3
     0.0069598297694411     0.0000000000000000       -0.0000000000000000     0.0000000000000000        0.0000000000000000     0.0000000000000000
     0.0000000000000000     0.0000000000000000       -0.0212926439288132     0.0000000000000000       -0.0061514979901427     0.0000000000000000
     0.0000000000000000     0.0000000000000000       -0.0104932696232492     0.0000000000000000        0.0043011810293731     0.0000000000000000
    7    4
     0.0073627052492094     0.0000000000000000        0.0000000000000000     0.0000000000000000        0.0000000000000000     0.0000000000000000
     0.0000000000000000     0.0000000000000000       -0.0093840783031107     0.0000000000000000        0.0213336628580102     0.0000000000000000
     0.0000000000000000     0.0000000000000000        0.0082865814617960     0.0000000000000000        0.0067599289137937     0.0000000000000000
    7    5
     0.0058676133945106     0.0000000000000000       -0.0000000000000000     0.0000000000000000       -0.0000000000000000     0.0000000000000000
    -0.0000000000000000     0.0000000000000000       -0.0171704025945483     0.0000000000000000       -0.0344199643990670     0.0000000000000000
    -0.0000000000000000     0.0000000000000000       -0.0240224176167816     0.0000000000000000       -0.0355468415863040     0.0000000000000000
    7    6
    -0.0092039752239866     0.0000000000000000       -0.0180107319618193     0.0000000000000000        0.0018294772469841     0.0000000000000000
    -0.0291163278378414     0.0000000000000000       -0.0364127958870231     0.0000000000000000        0.0008562077104301     0.0000000000000000
     0.0001732409953693     0.0000000000000000       -0.0020124776268040     0.0000000000000000        0.0039107799542800     0.0000000000000000
    7    7
     0.1243515897365919     0.0000000000000000       -0.0000000000000000     0.0000000000000000        0.0000000000000001     0.0000000000000000
     0.0000000000000000     0.0000000000000000        0.1441886817030342     0.0000000000000000        0.0034007082932863     0.0000000000000000
     0.0000000000000000     0.0000000000000000        0.0034007082932863     0.0000000000000000        0.1242061781249326     0.0000000000000000
    7    8
    -0.0092039752239866     0.0000000000000000        0.0180107319618193     0.0000000000000000       -0.0018294772469841     0.0000000000000000
     0.0291163278378414     0.0000000000000000       -0.0364127958870231     0.0000000000000000        0.0008562077104301     0.0000000000000000
    -0.0001732409953693     0.0000000000000000       -0.0020124776268040     0.0000000000000000        0.0039107799542800     0.0000000000000000
    7    9
    -0.0045664984121731     0.0000000000000000        0.0000000000000000     0.0000000000000000       -0.0000000000000000     0.0000000000000000
     0.0000000000000000     0.0000000000000000       -0.0059520657799035     0.0000000000000000       -0.0009215567410324     0.0000000000000000
    -0.0000000000000000     0.0000000000000000       -0.0009215567410324     0.0000000000000000       -0.0076445050478068     0.0000000000000000
    7   10
    -0.0002176878142134     0.0000000000000000       -0.0023165291918878     0.0000000000000000       -0.0052505951525280     0.0000000000000000
    -0.0134947947674108     0.0000000000000000        0.0089109843302344     0.0000000000000000       -0.0074917954826295     0.0000000000000000
    -0.0091133827839529     0.0000000000000000       -0.0008012510459201     0.0000000000000000        0.0008627041251799     0.0000000000000000
    7   11
    -0.0002176878142134     0.0000000000000000        0.0023165291918878     0.0000000000000000        0.0052505951525280     0.0000000000000000
     0.0134947947674108     0.0000000000000000        0.0089109843302344     0.0000000000000000       -0.0074917954826295     0.0000000000000000
     0.0091133827839529     0.0000000000000000       -0.0008012510459201     0.0000000000000000        0.0008627041251799     0.0000000000000000
    8    1
    -0.0550586541688395     0.0000000000000000       -0.0309931611935815     0.0000000000000000        0.0179382698550905     0.0000000000000000
    -0.0309931611935815     0.0000000000000000       -0.0908464740902186     0.0000000000000000       -0.0103566649299930     0.0000000000000000
     0.0193285298764178     0.0000000000000000       -0.0111593319275778     0.0000000000000000       -0.0875175186847114     0.0000000000000000
    8    2
    -0.0017637252319199     0.0000000000000000       -0.0061359657244234     0.0000000000000000        0.0080683201863847     0.0000000000000000
    -0.0061359657244234     0.0000000000000000       -0.0088489281577573     0.0000000000000000       -0.0046582468316793     0.0000000000000000
     0.0061130548409856     0.0000000000000000       -0.0035293738581368     0.0000000000000000       -0.0141053909081971     0.0000000000000000
    8    3
    -0.0142295255031386     0.0000000000000000        0.0122336799710041     0.0000000000000000       -0.0053273535306072     0.0000000000000000
     0.0122336799710041     0.0000000000000000       -0.0001032886547593     0.0000000000000000        0.0030757489950714     0.0000000000000000
    -0.0090874380621772     0.0000000000000000        0.0052466348116246     0.0000000000000000        0.0043011810293731     0.0000000000000000
    8    4
    -0.0051973824145410     0.0000000000000000        0.0072515699939639     0.0000000000000000        0.0184754939901667     0.0000000000000000
     0.0072515699939639     0.0000000000000000        0.0031760093615136     0.0000000000000000       -0.0106668314290051     0.0000000000000000
     0.0071763900561949     0.0000000000000000       -0.0041432907308980     0.0000000000000000        0.0067599289137937     0.0000000000000000
    8    5
    -0.0114108985963876     0.0000000000000000        0.0099757535494883     0.0000000000000000       -0.0298085635659111     0.0000000000000000
     0.0099757535494883     0.0000000000000000        0.0001081093975521     0.0000000000000000        0.0172099821995335     0.0000000000000000
    -0.0208040239157280     0.0000000000000000        0.0120112088083908     0.0000000000000000       -0.0355468415863040     0.0000000000000000
    8    6
    -0.0500172062147413     0.0000000000000000       -0.0055527979380110     0.0000000000000000        0.0016562362516148     0.0000000000000000
     0.0055527979380110     0.0000000000000000        0.0044004351065712     0.0000000000000000        0.0011562699163740     0.0000000000000000
    -0.0016562362516148     0.0000000000000000        0.0011562699163740     0.0000000000000000        0.0039107799542800     0.0000000000000000
    8    7
    -0.0092039752239866     0.0000000000000000        0.0291163278378414     0.0000000000000000       -0.0001732409953693     0.0000000000000000
     0.0180107319618193     0.0000000000000000       -0.0364127958870231     0.0000000000000000       -0.0020124776268040     0.0000000000000000
    -0.0018294772469841     0.0000000000000000        0.0008562077104301     0.0000000000000000        0.0039107799542800     0.0000000000000000
    8    8
     0.1392294087038999     0.0000000000000000       -0.0085897127860286     0.0000000000000000        0.0029450997727439     0.0000000000000000
    -0.0085897127860286     0.0000000000000000        0.1293108627346911     0.0000000000000000       -0.0017003541466431     0.0000000000000000
     0.0029450997727439     0.0000000000000000       -0.0017003541466431     0.0000000000000000        0.1242061781249326     0.0000000000000000
    8    9
    -0.0002176878142134     0.0000000000000000       -0.0134947947674108     0.0000000000000000       -0.0091133827839529     0.0000000000000000
    -0.0023165291918878     0.0000000000000000        0.0089109843302344     0.0000000000000000       -0.0008012510459201     0.0000000000000000
    -0.0052505951525280     0.0000000000000000       -0.0074917954826295     0.0000000000000000        0.0008627041251799     0.0000000000000000
    8   10
    -0.0056056739376603     0.0000000000000000        0.0005999682693962     0.0000000000000000       -0.0007980915487351     0.0000000000000000
     0.0005999682693962     0.0000000000000000       -0.0049128902543440     0.0000000000000000        0.0004607783705162     0.0000000000000000
    -0.0007980915487351     0.0000000000000000        0.0004607783705162     0.0000000000000000       -0.0076445050478068     0.0000000000000000
    8   11
     0.0134753204015283     0.0000000000000000        0.0055891327877615     0.0000000000000000       -0.0038627876314250     0.0000000000000000
    -0.0055891327877615     0.0000000000000000       -0.0047820238864600     0.0000000000000000        0.0082930465285496     0.0000000000000000
     0.0038627876314250     0.0000000000000000        0.0082930465285496     0.0000000000000000        0.0008627041251799     0.0000000000000000
    9    1
    -0.1087403840414274     0.0000000000000000        0.0000000000000000     0.0000000000000000       -0.0000000000000000     0.0000000000000000
     0.0000000000000000     0.0000000000000000       -0.0371647442138958     0.0000000000000000        0.0207133298599859     0.0000000000000000
    -0.0000000000000000     0.0000000000000000        0.0223186638551555     0.0000000000000000       -0.0875175186847114     0.0000000000000000
    9    2
     0.0069598297694411     0.0000000000000000       -0.0000000000000000     0.0000000000000000        0.0000000000000000     0.0000000000000000
     0.0000000000000000     0.0000000000000000       -0.0212926439288132     0.0000000000000000       -0.0061514979901427     0.0000000000000000
     0.0000000000000000     0.0000000000000000       -0.0104932696232492     0.0000000000000000        0.0043011810293731     0.0000000000000000
    9    3
    -0.0123915296197526     0.0000000000000000        0.0000000000000000     0.0000000000000000       -0.0000000000000000     0.0000000000000000
     0.0000000000000000     0.0000000000000000        0.0017788762308148     0.0000000000000000        0.0093164936633586     0.0000000000000000
    -0.0000000000000000     0.0000000000000000        0.0070587477162736     0.0000000000000000       -0.0141053909081971     0.0000000000000000
    9    4
     0.0058676133945106     0.0000000000000000       -0.0000000000000000     0.0000000000000000       -0.0000000000000000     0.0000000000000000
    -0.0000000000000000     0.0000000000000000       -0.0171704025945483     0.0000000000000000       -0.0344199643990670     0.0000000000000000
    -0.0000000000000000     0.0000000000000000       -0.0240224176167816     0.0000000000000000       -0.0355468415863040     0.0000000000000000
    9    5
     0.0073627052492094     0.0000000000000000        0.0000000000000000     0.0000000000000000        0.0000000000000000     0.0000000000000000
     0.0000000000000000     0.0000000000000000       -0.0093840783031107     0.0000000000000000        0.0213336628580102     0.0000000000000000
     0.0000000000000000     0.0000000000000000        0.0082865814617960     0.0000000000000000        0.0067599289137937     0.0000000000000000
    9    6
    -0.0002176878142134     0.0000000000000000        0.0023165291918878     0.0000000000000000        0.0052505951525280     0.0000000000000000
     0.0134947947674108     0.0000000000000000        0.0089109843302344     0.0000000000000000       -0.0074917954826295     0.0000000000000000
     0.0091133827839529     0.0000000000000000       -0.0008012510459201     0.0000000000000000        0.0008627041251799     0.0000000000000000
    9    7
    -0.0045664984121731     0.0000000000000000        0.0000000000000000     0.0000000000000000       -0.0000000000000000     0.0000000000000000
     0.0000000000000000     0.0000000000000000       -0.0059520657799035     0.0000000000000000       -0.0009215567410324     0.0000000000000000
    -0.0000000000000000     0.0000000000000000       -0.0009215567410324     0.0000000000000000       -0.0076445050478068     0.0000000000000000
    9    8
    -0.0002176878142134     0.0000000000000000       -0.0023165291918878     0.0000000000000000       -0.0052505951525280     0.0000000000000000
    -0.0134947947674108     0.0000000000000000        0.0089109843302344     0.0000000000000000       -0.0074917954826295     0.0000000000000000
    -0.0091133827839529     0.0000000000000000       -0.0008012510459201     0.0000000000000000        0.0008627041251799     0.0000000000000000
    9    9
     0.1243515897365919     0.0000000000000000        0.0000000000000000     0.0000000000000000        0.0000000000000000     0.0000000000000000
     0.0000000000000000     0.0000000000000000        0.1441886817030342     0.0000000000000000        0.0034007082932863     0.0000000000000000
     0.0000000000000000     0.0000000000000000        0.0034007082932863     0.0000000000000000        0.1242061781249326     0.0000000000000000
    9   10
    -0.0092039752239866     0.0000000000000000        0.0180107319618193     0.0000000000000000       -0.0018294772469841     0.0000000000000000
     0.0291163278378414     0.0000000000000000       -0.0364127958870231     0.0000000000000000        0.0008562077104301     0.0000000000000000
    -0.0001732409953693     0.0000000000000000       -0.0020124776268040     0.0000000000000000        0.0039107799542800     0.0000000000000000
    9   11
    -0.0092039752239866     0.0000000000000000       -0.0180107319618193     0.0000000000000000        0.0018294772469841     0.0000000000000000
    -0.0291163278378414     0.0000000000000000       -0.0364127958870231     0.0000000000000000        0.0008562077104301     0.0000000000000000
     0.0001732409953693     0.0000000000000000       -0.0020124776268040     0.0000000000000000        0.0039107799542800     0.0000000000000000
   10    1
    -0.0550586541688395     0.0000000000000000       -0.0309931611935815     0.0000000000000000        0.0179382698550905     0.0000000000000000
    -0.0309931611935815     0.0000000000000000       -0.0908464740902186     0.0000000000000000       -0.0103566649299930     0.0000000000000000
     0.0193285298764178     0.0000000000000000       -0.0111593319275778     0.0000000000000000       -0.0875175186847114     0.0000000000000000
   10    2
    -0.0142295255031386     0.0000000000000000        0.0122336799710041     0.0000000000000000       -0.0053273535306072     0.0000000000000000
     0.0122336799710041     0.0000000000000000       -0.0001032886547593     0.0000000000000000        0.0030757489950714     0.0000000000000000
    -0.0090874380621772     0.0000000000000000        0.0052466348116246     0.0000000000000000        0.0043011810293731     0.0000000000000000
   10    3
    -0.0017637252319199     0.0000000000000000       -0.0061359657244234     0.0000000000000000        0.0080683201863847     0.0000000000000000
    -0.0061359657244234     0.0000000000000000       -0.0088489281577573     0.0000000000000000       -0.0046582468316793     0.0000000000000000
     0.0061130548409856     0.0000000000000000       -0.0035293738581368     0.0000000000000000       -0.0141053909081971     0.0000000000000000
   10    4
    -0.0114108985963876     0.0000000000000000        0.0099757535494883     0.0000000000000000       -0.0298085635659111     0.0000000000000000
     0.0099757535494883     0.0000000000000000        0.0001081093975521     0.0000000000000000        0.0172099821995335     0.0000000000000000
    -0.0208040239157280     0.0000000000000000        0.0120112088083908     0.0000000000000000       -0.0355468415863040     0.0000000000000000
   10    5
    -0.0051973824145410     0.0000000000000000        0.0072515699939639     0.0000000000000000        0.0184754939901667     0.0000000000000000
     0.0072515699939639     0.0000000000000000        0.0031760093615136     0.0000000000000000       -0.0106668314290051     0.0000000000000000
     0.0071763900561949     0.0000000000000000       -0.0041432907308980     0.0000000000000000        0.0067599289137937     0.0000000000000000
   10    6
     0.0134753204015283     0.0000000000000000        0.0055891327877615     0.0000000000000000       -0.0038627876314250     0.0000000000000000
    -0.0055891327877615     0.0000000000000000       -0.0047820238864600     0.0000000000000000        0.0082930465285496     0.0000000000000000
     0.0038627876314250     0.0000000000000000        0.0082930465285496     0.0000000000000000        0.0008627041251799     0.0000000000000000
   10    7
    -0.0002176878142134     0.0000000000000000       -0.0134947947674108     0.0000000000000000       -0.0091133827839529     0.0000000000000000
    -0.0023165291918878     0.0000000000000000        0.0089109843302344     0.0000000000000000       -0.0008012510459201     0.0000000000000000
    -0.0052505951525280     0.0000000000000000       -0.0074917954826295     0.0000000000000000        0.0008627041251799     0.0000000000000000
   10    8
    -0.0056056739376603     0.0000000000000000        0.0005999682693962     0.0000000000000000       -0.0007980915487351     0.0000000000000000
     0.0005999682693962     0.0000000000000000       -0.0049128902543440     0.0000000000000000        0.0004607783705162     0.0000000000000000
    -0.0007980915487351     0.0000000000000000        0.0004607783705162     0.0000000000000000       -0.0076445050478068     0.0000000000000000
   10    9
    -0.0092039752239866     0.0000000000000000        0.0291163278378414     0.0000000000000000       -0.0001732409953693     0.0000000000000000
     0.0180107319618193     0.0000000000000000       -0.0364127958870231     0.0000000000000000       -0.0020124776268040     0.0000000000000000
    -0.0018294772469841     0.0000000000000000        0.0008562077104301     0.0000000000000000        0.0039107799542800     0.0000000000000000
   10   10
     0.1392294087038998     0.0000000000000000       -0.0085897127860286     0.0000000000000000        0.0029450997727439     0.0000000000000000
    -0.0085897127860286     0.0000000000000000        0.1293108627346911     0.0000000000000000       -0.0017003541466431     0.0000000000000000
     0.0029450997727439     0.0000000000000000       -0.0017003541466431     0.0000000000000000        0.1242061781249326     0.0000000000000000
   10   11
    -0.0500172062147413     0.0000000000000000       -0.0055527979380110     0.0000000000000000        0.0016562362516148     0.0000000000000000
     0.0055527979380110     0.0000000000000000        0.0044004351065712     0.0000000000000000        0.0011562699163740     0.0000000000000000
    -0.0016562362516148     0.0000000000000000        0.0011562699163740     0.0000000000000000        0.0039107799542800     0.0000000000000000
   11    1
    -0.0550586541688395     0.0000000000000000        0.0309931611935815     0.0000000000000000       -0.0179382698550906     0.0000000000000000
     0.0309931611935815     0.0000000000000000       -0.0908464740902186     0.0000000000000000       -0.0103566649299930     0.0000000000000000
    -0.0193285298764179     0.0000000000000000       -0.0111593319275778     0.0000000000000000       -0.0875175186847114     0.0000000000000000
   11    2
    -0.0142295255031386     0.0000000000000000       -0.0122336799710041     0.0000000000000000        0.0053273535306072     0.0000000000000000
    -0.0122336799710041     0.0000000000000000       -0.0001032886547593     0.0000000000000000        0.0030757489950714     0.0000000000000000
     0.0090874380621772     0.0000000000000000        0.0052466348116246     0.0000000000000000        0.0043011810293731     0.0000000000000000
   11    3
    -0.0017637252319199     0.0000000000000000        0.0061359657244234     0.0000000000000000       -0.0080683201863847     0.0000000000000000
     0.0061359657244234     0.0000000000000000       -0.0088489281577573     0.0000000000000000       -0.0046582468316793     0.0000000000000000
    -0.0061130548409857     0.0000000000000000       -0.0035293738581368     0.0000000000000000       -0.0141053909081971     0.0000000000000000
   11    4
    -0.0114108985963876     0.0000000000000000       -0.0099757535494883     0.0000000000000000        0.0298085635659110     0.0000000000000000
    -0.0099757535494883     0.0000000000000000        0.0001081093975521     0.0000000000000000        0.0172099821995335     0.0000000000000000
     0.0208040239157280     0.0000000000000000        0.0120112088083908     0.0000000000000000       -0.0355468415863040     0.0000000000000000
   11    5
    -0.0051973824145410     0.0000000000000000       -0.0072515699939639     0.0000000000000000       -0.0184754939901667     0.0000000000000000
    -0.0072515699939639     0.0000000000000000        0.0031760093615136     0.0000000000000000       -0.0106668314290051     0.0000000000000000
    -0.0071763900561949     0.0000000000000000       -0.0041432907308980     0.0000000000000000        0.0067599289137937     0.0000000000000000
   11    6
    -0.0056056739376603     0.0000000000000000       -0.0005999682693962     0.0000000000000000        0.0007980915487351     0.0000000000000000
    -0.0005999682693962     0.0000000000000000       -0.0049128902543440     0.0000000000000000        0.0004607783705162     0.0000000000000000
     0.0007980915487351     0.0000000000000000        0.0004607783705162     0.0000000000000000       -0.0076445050478068     0.0000000000000000
   11    7
    -0.0002176878142134     0.0000000000000000        0.0134947947674108     0.0000000000000000        0.0091133827839529     0.0000000000000000
     0.0023165291918878     0.0000000000000000        0.0089109843302344     0.0000000000000000       -0.0008012510459201     0.0000000000000000
     0.0052505951525280     0.0000000000000000       -0.0074917954826295     0.0000000000000000        0.0008627041251799     0.0000000000000000
   11    8
     0.0134753204015283     0.0000000000000000       -0.0055891327877615     0.0000000000000000        0.0038627876314250     0.0000000000000000
     0.0055891327877615     0.0000000000000000       -0.0047820238864600     0.0000000000000000        0.0082930465285496     0.0000000000000000
    -0.0038627876314250     0.0000000000000000        0.0082930465285496     0.0000000000000000        0.0008627041251799     0.0000000000000000
   11    9
    -0.0092039752239866     0.0000000000000000       -0.0291163278378414     0.0000000000000000        0.0001732409953693     0.0000000000000000
    -0.0180107319618193     0.0000000000000000       -0.0364127958870231     0.0000000000000000       -0.0020124776268040     0.0000000000000000
     0.0018294772469841     0.0000000000000000        0.0008562077104301     0.0000000000000000        0.0039107799542800     0.0000000000000000
   11   10
    -0.0500172062147413     0.0000000000000000        0.0055527979380110     0.0000000000000000       -0.0016562362516148     0.0000000000000000
    -0.0055527979380110     0.0000000000000000        0.0044004351065712     0.0000000000000000        0.0011562699163740     0.0000000000000000
     0.0016562362516148     0.0000000000000000        0.0011562699163740     0.0000000000000000        0.0039107799542800     0.0000000000000000
   11   11
     0.1392294087038999     0.0000000000000000        0.0085897127860286     0.0000000000000000       -0.0029450997727438     0.0000000000000000
     0.0085897127860286     0.0000000000000000        0.1293108627346911     0.0000000000000000       -0.0017003541466431     0.0000000000000000
    -0.0029450997727438     0.0000000000000000       -0.0017003541466431     0.0000000000000000        0.1242061781249326     0.0000000000000000

     Diagonalizing the dynamical matrix

     q = (     0.000000000000     0.000000000000     0.000000000000 )

***************************************************************************
   freq (    1) =    -0.00000029 [THz] =    -0.00000971 [cm-1]
(  -0.301511  0.000000  -0.000000  0.000000   0.000000  0.000000 )
(  -0.301511  0.000000  -0.000000  0.000000   0.000000  0.000000 )
(  -0.301511  0.000000  -0.000000  0.000000   0.000000  0.000000 )
(  -0.301511  0.000000   0.000000  0.000000   0.000000  0.000000 )
(  -0.301511  0.000000  -0.000000  0.000000   0.000000  0.000000 )
(  -0.301511  0.000000  -0.000000  0.000000   0.000000  0.000000 )
(  -0.301511  0.000000  -0.000000  0.000000   0.000000  0.000000 )
(  -0.301511  0.000000  -0.000000  0.000000  -0.000000  0.000000 )
(  -0.301511  0.000000  -0.000000  0.000000   0.000000  0.000000 )
(  -0.301511  0.000000  -0.000000  0.000000  -0.000000  0.000000 )
(  -0.301511  0.000000  -0.000000  0.000000   0.000000  0.000000 )
   freq (    2) =    -0.00000020 [THz] =    -0.00000663 [cm-1]
(  -0.000000  0.000000   0.031415  0.000000   0.299870  0.000000 )
(   0.000000  0.000000   0.031415  0.000000   0.299870  0.000000 )
(   0.000000  0.000000   0.031415  0.000000   0.299870  0.000000 )
(  -0.000000  0.000000   0.031415  0.000000   0.299870  0.000000 )
(   0.000000  0.000000   0.031415  0.000000   0.299870  0.000000 )
(  -0.000000  0.000000   0.031415  0.000000   0.299870  0.000000 )
(  -0.000000  0.000000   0.031415  0.000000   0.299870  0.000000 )
(  -0.000000  0.000000   0.031415  0.000000   0.299870  0.000000 )
(   0.000000  0.000000   0.031415  0.000000   0.299870  0.000000 )
(   0.000000  0.000000   0.031415  0.000000   0.299870  0.000000 )
(   0.000000  0.000000   0.031415  0.000000   0.299870  0.000000 )
   freq (    3) =    -0.00000017 [THz] =    -0.00000565 [cm-1]
(   0.000000  0.000000  -0.299870  0.000000   0.031415  0.000000 )
(  -0.000000  0.000000  -0.299870  0.000000   0.031415  0.000000 )
(   0.000000  0.000000  -0.299870  0.000000   0.031415  0.000000 )
(   0.000000  0.000000  -0.299870  0.000000   0.031415  0.000000 )
(  -0.000000  0.000000  -0.299870  0.000000   0.031415  0.000000 )
(   0.000000  0.000000  -0.299870  0.000000   0.031415  0.000000 )
(  -0.000000  0.000000  -0.299870  0.000000   0.031415  0.000000 )
(  -0.000000  0.000000  -0.299870  0.000000   0.031415  0.000000 )
(   0.000000  0.000000  -0.299870  0.000000   0.031415  0.000000 )
(  -0.000000  0.000000  -0.299870  0.000000   0.031415  0.000000 )
(   0.000000  0.000000  -0.299870  0.000000   0.031415  0.000000 )
   freq (    4) =    25.04315764 [THz] =   835.34970248 [cm-1]
(  -0.020093  0.000000  -0.000000  0.000000   0.000000  0.000000 )
(   0.500127  0.000000   0.000000  0.000000  -0.000000  0.000000 )
(   0.500127  0.000000   0.000000  0.000000  -0.000000  0.000000 )
(   0.282481  0.000000   0.000000  0.000000  -0.000000  0.000000 )
(   0.282481  0.000000  -0.000000  0.000000  -0.000000  0.000000 )
(   0.257652  0.000000   0.098810  0.000000  -0.071051  0.000000 )
(   0.086509  0.000000  -0.000000  0.000000  -0.000000  0.000000 )
(   0.257652  0.000000  -0.098810  0.000000   0.071051  0.000000 )
(   0.086509  0.000000   0.000000  0.000000  -0.000000  0.000000 )
(   0.257652  0.000000  -0.098810  0.000000   0.071051  0.000000 )
(   0.257652  0.000000   0.098810  0.000000  -0.071051  0.000000 )
   freq (    5) =    25.04315764 [THz] =   835.34970251 [cm-1]
(  -0.000000  0.000000   0.020093  0.000000  -0.000000  0.000000 )
(   0.000000  0.000000  -0.500127  0.000000   0.000000  0.000000 )
(  -0.000000  0.000000  -0.500127  0.000000   0.000000  0.000000 )
(   0.000000  0.000000  -0.282481  0.000000   0.000000  0.000000 )
(   0.000000  0.000000  -0.282481  0.000000   0.000000  0.000000 )
(  -0.098810  0.000000  -0.143556  0.000000   0.041021  0.000000 )
(   0.000000  0.000000  -0.314700  0.000000  -0.082043  0.000000 )
(   0.098810  0.000000  -0.143556  0.000000   0.041021  0.000000 )
(   0.000000  0.000000  -0.314700  0.000000  -0.082043  0.000000 )
(   0.098810  0.000000  -0.143556  0.000000   0.041021  0.000000 )
(  -0.098810  0.000000  -0.143556  0.000000   0.041021  0.000000 )
   freq (    6) =    25.96572765 [THz] =   866.12332113 [cm-1]
(   0.000000  0.000000   0.000000  0.000000   0.000000  0.000000 )
(  -0.532080  0.000000  -0.000002  0.000000   0.000000  0.000000 )
(   0.532080  0.000000   0.000002  0.000000   0.000000  0.000000 )
(   0.105919  0.000000   0.000000  0.000000  -0.000000  0.000000 )
(  -0.105919  0.000000  -0.000000  0.000000   0.000000  0.000000 )
(   0.266811  0.000000   0.154077  0.000000  -0.088932  0.000000 )
(  -0.000058  0.000000   0.000001  0.000000   0.000000  0.000000 )
(   0.266810  0.000000  -0.154076  0.000000   0.088931  0.000000 )
(   0.000058  0.000000  -0.000001  0.000000  -0.000000  0.000000 )
(  -0.266810  0.000000   0.154076  0.000000  -0.088931  0.000000 )
(  -0.266811  0.000000  -0.154077  0.000000   0.088932  0.000000 )
   freq (    7) =    25.96572765 [THz] =   866.12332116 [cm-1]
(   0.000000  0.000000   0.000000  0.000000   0.000000  0.000000 )
(  -0.000002  0.000000   0.532080  0.000000  -0.000000  0.000000 )
(   0.000002  0.000000  -0.532080  0.000000   0.000000  0.000000 )
(   0.000000  0.000000  -0.105919  0.000000  -0.000000  0.000000 )
(  -0.000000  0.000000   0.105919  0.000000   0.000000  0.000000 )
(  -0.154076  0.000000  -0.088898  0.000000   0.051344  0.000000 )
(  -0.000000  0.000000  -0.355767  0.000000  -0.102689  0.000000 )
(   0.154077  0.000000  -0.088899  0.000000   0.051345  0.000000 )
(   0.000000  0.000000   0.355767  0.000000   0.102689  0.000000 )
(  -0.154077  0.000000   0.088899  0.000000  -0.051345  0.000000 )
(   0.154076  0.000000   0.088898  0.000000  -0.051344  0.000000 )
   freq (    8) =    26.78054801 [THz] =   893.30279865 [cm-1]
(  -0.000000  0.000000  -0.000000  0.000000  -0.000000  0.000000 )
(   0.000000  0.000000  -0.000000  0.000000  -0.217258  0.000000 )
(  -0.000000  0.000000   0.000000  0.000000   0.217258  0.000000 )
(   0.000000  0.000000   0.000000  0.000000  -0.526301  0.000000 )
(  -0.000000  0.000000  -0.000000  0.000000   0.526301  0.000000 )
(  -0.118465  0.000000  -0.068396  0.000000   0.199724  0.000000 )
(  -0.000000  0.000000   0.136792  0.000000   0.199724  0.000000 )
(   0.118465  0.000000  -0.068396  0.000000   0.199724  0.000000 )
(   0.000000  0.000000  -0.136792  0.000000  -0.199724  0.000000 )
(  -0.118465  0.000000   0.068396  0.000000  -0.199724  0.000000 )
(   0.118465  0.000000   0.068396  0.000000  -0.199724  0.000000 )
   freq (    9) =    26.86350571 [THz] =   896.06996923 [cm-1]
(  -0.000000  0.000000  -0.000000  0.000000  -0.021773  0.000000 )
(   0.000000  0.000000   0.000000  0.000000   0.402778  0.000000 )
(   0.000000  0.000000   0.000000  0.000000   0.402778  0.000000 )
(   0.000000  0.000000   0.000000  0.000000   0.418557  0.000000 )
(   0.000000  0.000000   0.000000  0.000000   0.418557  0.000000 )
(  -0.046717  0.000000  -0.026972  0.000000   0.226284  0.000000 )
(   0.000000  0.000000   0.053944  0.000000   0.226284  0.000000 )
(   0.046717  0.000000  -0.026972  0.000000   0.226284  0.000000 )
(   0.000000  0.000000   0.053944  0.000000   0.226284  0.000000 )
(   0.046717  0.000000  -0.026972  0.000000   0.226284  0.000000 )
(  -0.046717  0.000000  -0.026972  0.000000   0.226284  0.000000 )
   freq (   10) =    29.18404402 [THz] =   973.47478434 [cm-1]
(  -0.000000  0.000000  -0.000000  0.000000  -0.000000  0.000000 )
(   0.225259  0.000000  -0.000002  0.000000  -0.000000  0.000000 )
(  -0.225259  0.000000   0.000002  0.000000   0.000000  0.000000 )
(  -0.487193  0.000000   0.000005  0.000000  -0.000000  0.000000 )
(   0.487193  0.000000  -0.000005  0.000000   0.000000  0.000000 )
(   0.238576  0.000000   0.038726  0.000000  -0.181181  0.000000 )
(   0.171497  0.000000  -0.000003  0.000000  -0.000002  0.000000 )
(   0.238576  0.000000  -0.038730  0.000000   0.181183  0.000000 )
(  -0.171497  0.000000   0.000003  0.000000   0.000002  0.000000 )
(  -0.238576  0.000000   0.038730  0.000000  -0.181183  0.000000 )
(  -0.238576  0.000000  -0.038726  0.000000   0.181181  0.000000 )
   freq (   11) =    29.18404402 [THz] =   973.47478437 [cm-1]
(  -0.000000  0.000000  -0.000000  0.000000   0.000000  0.000000 )
(   0.000002  0.000000   0.225259  0.000000   0.000000  0.000000 )
(  -0.000002  0.000000  -0.225259  0.000000  -0.000000  0.000000 )
(  -0.000005  0.000000  -0.487193  0.000000  -0.000000  0.000000 )
(   0.000005  0.000000   0.487193  0.000000   0.000000  0.000000 )
(   0.038730  0.000000   0.193857  0.000000  -0.104607  0.000000 )
(   0.000002  0.000000   0.260935  0.000000   0.209211  0.000000 )
(  -0.038725  0.000000   0.193857  0.000000  -0.104603  0.000000 )
(  -0.000002  0.000000  -0.260935  0.000000  -0.209211  0.000000 )
(   0.038725  0.000000  -0.193857  0.000000   0.104603  0.000000 )
(  -0.038730  0.000000  -0.193857  0.000000   0.104607  0.000000 )
   freq (   12) =    30.05503246 [THz] =  1002.52782735 [cm-1]
(  -0.000000  0.000000  -0.000000  0.000000   0.000000  0.000000 )
(   0.000000  0.000000   0.000000  0.000000   0.583826  0.000000 )
(  -0.000000  0.000000  -0.000000  0.000000  -0.583826  0.000000 )
(  -0.000000  0.000000   0.000000  0.000000  -0.036322  0.000000 )
(   0.000000  0.000000  -0.000000  0.000000   0.036322  0.000000 )
(   0.052412  0.000000   0.030260  0.000000   0.221239  0.000000 )
(   0.000000  0.000000  -0.060520  0.000000   0.221239  0.000000 )
(  -0.052412  0.000000   0.030260  0.000000   0.221239  0.000000 )
(  -0.000000  0.000000   0.060520  0.000000  -0.221239  0.000000 )
(   0.052412  0.000000  -0.030260  0.000000  -0.221239  0.000000 )
(  -0.052412  0.000000  -0.030260  0.000000  -0.221239  0.000000 )
   freq (   13) =    32.57470107 [THz] =  1086.57491343 [cm-1]
(   0.000671  0.000000  -0.000000  0.000000  -0.000000  0.000000 )
(   0.365836  0.000000  -0.000000  0.000000  -0.000000  0.000000 )
(   0.365836  0.000000  -0.000000  0.000000  -0.000000  0.000000 )
(  -0.513966  0.000000   0.000000  0.000000   0.000000  0.000000 )
(  -0.513966  0.000000   0.000000  0.000000   0.000000  0.000000 )
(  -0.009215  0.000000  -0.074797  0.000000   0.195145  0.000000 )
(   0.120337  0.000000   0.000000  0.000000   0.000000  0.000000 )
(  -0.009215  0.000000   0.074797  0.000000  -0.195145  0.000000 )
(   0.120337  0.000000   0.000000  0.000000   0.000000  0.000000 )
(  -0.009215  0.000000   0.074797  0.000000  -0.195145  0.000000 )
(  -0.009215  0.000000  -0.074797  0.000000   0.195145  0.000000 )
   freq (   14) =    32.57470107 [THz] =  1086.57491346 [cm-1]
(  -0.000000  0.000000  -0.000671  0.000000  -0.000000  0.000000 )
(   0.000000  0.000000  -0.365836  0.000000   0.000000  0.000000 )
(  -0.000000  0.000000  -0.365836  0.000000   0.000000  0.000000 )
(   0.000000  0.000000   0.513966  0.000000  -0.000000  0.000000 )
(  -0.000000  0.000000   0.513966  0.000000  -0.000000  0.000000 )
(   0.074797  0.000000  -0.077153  0.000000  -0.112667  0.000000 )
(   0.000000  0.000000   0.052399  0.000000   0.225334  0.000000 )
(  -0.074797  0.000000  -0.077153  0.000000  -0.112667  0.000000 )
(  -0.000000  0.000000   0.052399  0.000000   0.225334  0.000000 )
(  -0.074797  0.000000  -0.077153  0.000000  -0.112667  0.000000 )
(   0.074797  0.000000  -0.077153  0.000000  -0.112667  0.000000 )
   freq (   15) =    32.60715552 [THz] =  1087.65747711 [cm-1]
(  -0.000000  0.000000   0.000000  0.000000   0.000000  0.000000 )
(   0.224827  0.000000   0.000002  0.000000   0.000000  0.000000 )
(  -0.224827  0.000000  -0.000002  0.000000  -0.000000  0.000000 )
(   0.253571  0.000000   0.000002  0.000000  -0.000000  0.000000 )
(  -0.253571  0.000000  -0.000002  0.000000   0.000000  0.000000 )
(   0.270635  0.000000  -0.002994  0.000000   0.285106  0.000000 )
(   0.275825  0.000000   0.000002  0.000000  -0.000002  0.000000 )
(   0.270635  0.000000   0.002998  0.000000  -0.285104  0.000000 )
(  -0.275825  0.000000  -0.000002  0.000000   0.000002  0.000000 )
(  -0.270635  0.000000  -0.002998  0.000000   0.285104  0.000000 )
(  -0.270635  0.000000   0.002994  0.000000  -0.285106  0.000000 )
   freq (   16) =    32.60715552 [THz] =  1087.65747714 [cm-1]
(  -0.000000  0.000000  -0.000000  0.000000  -0.000000  0.000000 )
(   0.000002  0.000000  -0.224827  0.000000  -0.000000  0.000000 )
(  -0.000002  0.000000   0.224827  0.000000   0.000000  0.000000 )
(   0.000002  0.000000  -0.253571  0.000000  -0.000000  0.000000 )
(  -0.000002  0.000000   0.253571  0.000000   0.000000  0.000000 )
(   0.002998  0.000000  -0.274095  0.000000  -0.164604  0.000000 )
(   0.000002  0.000000  -0.268905  0.000000   0.329211  0.000000 )
(  -0.002994  0.000000  -0.274095  0.000000  -0.164608  0.000000 )
(  -0.000002  0.000000   0.268905  0.000000  -0.329211  0.000000 )
(   0.002994  0.000000   0.274095  0.000000   0.164608  0.000000 )
(  -0.002998  0.000000   0.274095  0.000000   0.164604  0.000000 )
   freq (   17) =    34.66811794 [THz] =  1156.40377375 [cm-1]
(  -0.000000  0.000000  -0.000000  0.000000  -0.000000  0.000000 )
(   0.000000  0.000000  -0.000000  0.000000   0.000000  0.000000 )
(   0.000000  0.000000  -0.000000  0.000000   0.000000  0.000000 )
(   0.000000  0.000000   0.000000  0.000000  -0.000000  0.000000 )
(   0.000000  0.000000   0.000000  0.000000  -0.000000  0.000000 )
(  -0.204124  0.000000   0.353553  0.000000  -0.000000  0.000000 )
(   0.408248  0.000000   0.000000  0.000000  -0.000000  0.000000 )
(  -0.204124  0.000000  -0.353553  0.000000   0.000000  0.000000 )
(   0.408248  0.000000   0.000000  0.000000  -0.000000  0.000000 )
(  -0.204124  0.000000  -0.353553  0.000000   0.000000  0.000000 )
(  -0.204124  0.000000   0.353553  0.000000  -0.000000  0.000000 )
   freq (   18) =    34.78226226 [THz] =  1160.21121790 [cm-1]
(   0.000000  0.000000   0.000000  0.000000  -0.000000  0.000000 )
(   0.000000  0.000000   0.000000  0.000000  -0.000000  0.000000 )
(  -0.000000  0.000000   0.000000  0.000000  -0.000000  0.000000 )
(   0.000000  0.000000   0.000000  0.000000   0.000000  0.000000 )
(  -0.000000  0.000000  -0.000000  0.000000  -0.000000  0.000000 )
(   0.204124  0.000000  -0.353553  0.000000   0.000000  0.000000 )
(  -0.408248  0.000000  -0.000000  0.000000   0.000000  0.000000 )
(   0.204124  0.000000   0.353553  0.000000  -0.000000  0.000000 )
(   0.408248  0.000000  -0.000000  0.000000   0.000000  0.000000 )
(  -0.204124  0.000000  -0.353553  0.000000   0.000000  0.000000 )
(  -0.204124  0.000000   0.353553  0.000000  -0.000000  0.000000 )
   freq (   19) =    35.42411823 [THz] =  1181.62122545 [cm-1]
(   0.005107  0.000000   0.000000  0.000000  -0.000000  0.000000 )
(   0.260138  0.000000   0.000000  0.000000  -0.000000  0.000000 )
(   0.260138  0.000000   0.000000  0.000000  -0.000000  0.000000 )
(  -0.059504  0.000000  -0.000000  0.000000   0.000000  0.000000 )
(  -0.059504  0.000000  -0.000000  0.000000   0.000000  0.000000 )
(  -0.253588  0.000000  -0.120226  0.000000  -0.366876  0.000000 )
(  -0.045351  0.000000  -0.000000  0.000000   0.000000  0.000000 )
(  -0.253588  0.000000   0.120226  0.000000   0.366876  0.000000 )
(  -0.045351  0.000000  -0.000000  0.000000   0.000000  0.000000 )
(  -0.253588  0.000000   0.120226  0.000000   0.366876  0.000000 )
(  -0.253588  0.000000  -0.120226  0.000000  -0.366876  0.000000 )
   freq (   20) =    35.42411823 [THz] =  1181.62122547 [cm-1]
(   0.000000  0.000000  -0.005107  0.000000  -0.000000  0.000000 )
(   0.000000  0.000000  -0.260138  0.000000   0.000000  0.000000 )
(   0.000000  0.000000  -0.260138  0.000000   0.000000  0.000000 )
(  -0.000000  0.000000   0.059504  0.000000  -0.000000  0.000000 )
(  -0.000000  0.000000   0.059504  0.000000  -0.000000  0.000000 )
(   0.120226  0.000000   0.114763  0.000000   0.211816  0.000000 )
(  -0.000000  0.000000   0.323000  0.000000  -0.423632  0.000000 )
(  -0.120226  0.000000   0.114763  0.000000   0.211816  0.000000 )
(  -0.000000  0.000000   0.323000  0.000000  -0.423632  0.000000 )
(  -0.120226  0.000000   0.114763  0.000000   0.211816  0.000000 )
(   0.120226  0.000000   0.114763  0.000000   0.211816  0.000000 )
   freq (   21) =    36.10932338 [THz] =  1204.47720594 [cm-1]
(  -0.006743  0.000000   0.000000  0.000000  -0.000000  0.000000 )
(  -0.228231  0.000000   0.000000  0.000000  -0.000000  0.000000 )
(  -0.228231  0.000000   0.000000  0.000000  -0.000000  0.000000 )
(  -0.193447  0.000000  -0.000000  0.000000   0.000000  0.000000 )
(  -0.193447  0.000000   0.000000  0.000000   0.000000  0.000000 )
(   0.224876  0.000000  -0.122200  0.000000  -0.210833  0.000000 )
(   0.436533  0.000000   0.000000  0.000000   0.000000  0.000000 )
(   0.224876  0.000000   0.122200  0.000000   0.210833  0.000000 )
(   0.436533  0.000000   0.000000  0.000000   0.000000  0.000000 )
(   0.224876  0.000000   0.122200  0.000000   0.210833  0.000000 )
(   0.224876  0.000000  -0.122200  0.000000  -0.210833  0.000000 )
   freq (   22) =    36.10932338 [THz] =  1204.47720597 [cm-1]
(  -0.000000  0.000000   0.006743  0.000000   0.000000  0.000000 )
(  -0.000000  0.000000   0.228231  0.000000   0.000000  0.000000 )
(  -0.000000  0.000000   0.228231  0.000000   0.000000  0.000000 )
(   0.000000  0.000000   0.193447  0.000000  -0.000000  0.000000 )
(   0.000000  0.000000   0.193447  0.000000  -0.000000  0.000000 )
(   0.122200  0.000000  -0.365981  0.000000   0.121724  0.000000 )
(  -0.000000  0.000000  -0.154324  0.000000  -0.243448  0.000000 )
(  -0.122200  0.000000  -0.365981  0.000000   0.121724  0.000000 )
(  -0.000000  0.000000  -0.154324  0.000000  -0.243448  0.000000 )
(  -0.122200  0.000000  -0.365981  0.000000   0.121724  0.000000 )
(   0.122200  0.000000  -0.365981  0.000000   0.121724  0.000000 )
   freq (   23) =    36.43046077 [THz] =  1215.18919463 [cm-1]
(  -0.000000  0.000000  -0.000000  0.000000   0.002362  0.000000 )
(  -0.000000  0.000000  -0.000000  0.000000   0.578717  0.000000 )
(  -0.000000  0.000000  -0.000000  0.000000   0.578717  0.000000 )
(  -0.000000  0.000000  -0.000000  0.000000  -0.248701  0.000000 )
(  -0.000000  0.000000  -0.000000  0.000000  -0.248701  0.000000 )
(   0.074652  0.000000   0.043101  0.000000  -0.164256  0.000000 )
(   0.000000  0.000000  -0.086201  0.000000  -0.164256  0.000000 )
(  -0.074652  0.000000   0.043101  0.000000  -0.164256  0.000000 )
(   0.000000  0.000000  -0.086201  0.000000  -0.164256  0.000000 )
(  -0.074652  0.000000   0.043101  0.000000  -0.164256  0.000000 )
(   0.074652  0.000000   0.043101  0.000000  -0.164256  0.000000 )
   freq (   24) =    43.82147680 [THz] =  1461.72691676 [cm-1]
(  -0.000000  0.000000  -0.000000  0.000000   0.000000  0.000000 )
(   0.043078  0.000000  -0.000001  0.000000   0.000000  0.000000 )
(  -0.043078  0.000000   0.000001  0.000000  -0.000000  0.000000 )
(  -0.247143  0.000000   0.000008  0.000000   0.000000  0.000000 )
(   0.247143  0.000000  -0.000008  0.000000   0.000000  0.000000 )
(   0.032376  0.000000   0.254778  0.000000   0.262639  0.000000 )
(  -0.408888  0.000000  -0.000006  0.000000   0.000010  0.000000 )
(   0.032394  0.000000  -0.254760  0.000000  -0.262649  0.000000 )
(   0.408888  0.000000   0.000006  0.000000  -0.000010  0.000000 )
(  -0.032394  0.000000   0.254760  0.000000   0.262649  0.000000 )
(  -0.032376  0.000000  -0.254778  0.000000  -0.262639  0.000000 )
   freq (   25) =    43.82147680 [THz] =  1461.72691677 [cm-1]
(  -0.000000  0.000000   0.000000  0.000000  -0.000000  0.000000 )
(  -0.000001  0.000000  -0.043078  0.000000   0.000000  0.000000 )
(   0.000001  0.000000   0.043078  0.000000  -0.000000  0.000000 )
(   0.000008  0.000000   0.247143  0.000000  -0.000000  0.000000 )
(  -0.000008  0.000000  -0.247143  0.000000   0.000000  0.000000 )
(  -0.254770  0.000000   0.261788  0.000000  -0.151646  0.000000 )
(   0.000014  0.000000  -0.179476  0.000000   0.303275  0.000000 )
(   0.254768  0.000000   0.261806  0.000000  -0.151629  0.000000 )
(  -0.000014  0.000000   0.179476  0.000000  -0.303275  0.000000 )
(  -0.254768  0.000000  -0.261806  0.000000   0.151629  0.000000 )
(   0.254770  0.000000  -0.261788  0.000000   0.151646  0.000000 )
   freq (   26) =    45.57959998 [THz] =  1520.37158509 [cm-1]
(   0.006078  0.000000   0.000000  0.000000   0.000000  0.000000 )
(  -0.056471  0.000000  -0.000000  0.000000  -0.000000  0.000000 )
(  -0.056471  0.000000  -0.000000  0.000000   0.000000  0.000000 )
(  -0.336633  0.000000  -0.000000  0.000000   0.000000  0.000000 )
(  -0.336633  0.000000  -0.000000  0.000000   0.000000  0.000000 )
(   0.156079  0.000000   0.285165  0.000000  -0.170257  0.000000 )
(  -0.337841  0.000000   0.000000  0.000000   0.000000  0.000000 )
(   0.156079  0.000000  -0.285165  0.000000   0.170257  0.000000 )
(  -0.337841  0.000000   0.000000  0.000000   0.000000  0.000000 )
(   0.156079  0.000000  -0.285165  0.000000   0.170257  0.000000 )
(   0.156079  0.000000   0.285165  0.000000  -0.170257  0.000000 )
   freq (   27) =    45.57959998 [THz] =  1520.37158510 [cm-1]
(   0.000000  0.000000  -0.006078  0.000000   0.000000  0.000000 )
(  -0.000000  0.000000   0.056471  0.000000   0.000000  0.000000 )
(  -0.000000  0.000000   0.056471  0.000000   0.000000  0.000000 )
(  -0.000000  0.000000   0.336633  0.000000   0.000000  0.000000 )
(  -0.000000  0.000000   0.336633  0.000000   0.000000  0.000000 )
(  -0.285165  0.000000   0.173201  0.000000   0.098298  0.000000 )
(  -0.000000  0.000000  -0.320718  0.000000  -0.196596  0.000000 )
(   0.285165  0.000000   0.173201  0.000000   0.098298  0.000000 )
(  -0.000000  0.000000  -0.320718  0.000000  -0.196596  0.000000 )
(   0.285165  0.000000   0.173201  0.000000   0.098298  0.000000 )
(  -0.285165  0.000000   0.173201  0.000000   0.098298  0.000000 )
   freq (   28) =    45.60765623 [THz] =  1521.30744084 [cm-1]
(  -0.000000  0.000000   0.000000  0.000000   0.006268  0.000000 )
(   0.000000  0.000000  -0.000000  0.000000   0.003192  0.000000 )
(   0.000000  0.000000  -0.000000  0.000000   0.003192  0.000000 )
(   0.000000  0.000000  -0.000000  0.000000   0.430688  0.000000 )
(   0.000000  0.000000  -0.000000  0.000000   0.430688  0.000000 )
(  -0.127120  0.000000  -0.073393  0.000000  -0.288583  0.000000 )
(   0.000000  0.000000   0.146786  0.000000  -0.288583  0.000000 )
(   0.127120  0.000000  -0.073393  0.000000  -0.288583  0.000000 )
(   0.000000  0.000000   0.146786  0.000000  -0.288583  0.000000 )
(   0.127120  0.000000  -0.073393  0.000000  -0.288583  0.000000 )
(  -0.127120  0.000000  -0.073393  0.000000  -0.288583  0.000000 )
   freq (   29) =    46.42450977 [THz] =  1548.55473794 [cm-1]
(  -0.000000  0.000000   0.000000  0.000000  -0.000000  0.000000 )
(   0.337263  0.000000   0.000005  0.000000  -0.000000  0.000000 )
(  -0.337263  0.000000  -0.000005  0.000000   0.000000  0.000000 )
(   0.355030  0.000000   0.000005  0.000000  -0.000000  0.000000 )
(  -0.355030  0.000000  -0.000005  0.000000  -0.000000  0.000000 )
(   0.077040  0.000000   0.186665  0.000000  -0.242896  0.000000 )
(  -0.246279  0.000000   0.000003  0.000000   0.000004  0.000000 )
(   0.077035  0.000000  -0.186668  0.000000   0.242892  0.000000 )
(   0.246279  0.000000  -0.000003  0.000000  -0.000004  0.000000 )
(  -0.077035  0.000000   0.186668  0.000000  -0.242892  0.000000 )
(  -0.077040  0.000000  -0.186665  0.000000   0.242896  0.000000 )
   freq (   30) =    46.42450977 [THz] =  1548.55473797 [cm-1]
(  -0.000000  0.000000  -0.000000  0.000000   0.000000  0.000000 )
(  -0.000005  0.000000   0.337263  0.000000  -0.000000  0.000000 )
(   0.000005  0.000000  -0.337263  0.000000   0.000000  0.000000 )
(  -0.000005  0.000000   0.355030  0.000000   0.000000  0.000000 )
(   0.000005  0.000000  -0.355030  0.000000  -0.000000  0.000000 )
(   0.186665  0.000000  -0.138509  0.000000  -0.140232  0.000000 )
(   0.000003  0.000000   0.184809  0.000000   0.280470  0.000000 )
(  -0.186668  0.000000  -0.138504  0.000000  -0.140238  0.000000 )
(  -0.000003  0.000000  -0.184809  0.000000  -0.280470  0.000000 )
(   0.186668  0.000000   0.138504  0.000000   0.140238  0.000000 )
(  -0.186665  0.000000   0.138509  0.000000   0.140232  0.000000 )
   freq (   31) =    47.46106527 [THz] =  1583.13050296 [cm-1]
(  -0.000000  0.000000  -0.000000  0.000000   0.000000  0.000000 )
(   0.000000  0.000000  -0.000000  0.000000  -0.334563  0.000000 )
(   0.000000  0.000000   0.000000  0.000000   0.334563  0.000000 )
(   0.000000  0.000000  -0.000000  0.000000   0.274035  0.000000 )
(   0.000000  0.000000   0.000000  0.000000  -0.274035  0.000000 )
(   0.171580  0.000000   0.099062  0.000000   0.255091  0.000000 )
(   0.000000  0.000000  -0.198124  0.000000   0.255091  0.000000 )
(  -0.171580  0.000000   0.099062  0.000000   0.255091  0.000000 )
(   0.000000  0.000000   0.198124  0.000000  -0.255091  0.000000 )
(   0.171580  0.000000  -0.099062  0.000000  -0.255091  0.000000 )
(  -0.171580  0.000000  -0.099062  0.000000  -0.255091  0.000000 )
   freq (   32) =    48.83418011 [THz] =  1628.93267739 [cm-1]
(  -0.000000  0.000000  -0.000000  0.000000  -0.001065  0.000000 )
(  -0.000000  0.000000   0.000000  0.000000  -0.078851  0.000000 )
(   0.000000  0.000000   0.000000  0.000000  -0.078851  0.000000 )
(   0.000000  0.000000   0.000000  0.000000   0.287091  0.000000 )
(   0.000000  0.000000   0.000000  0.000000   0.287091  0.000000 )
(   0.318315  0.000000   0.183779  0.000000  -0.044958  0.000000 )
(   0.000000  0.000000  -0.367558  0.000000  -0.044958  0.000000 )
(  -0.318315  0.000000   0.183779  0.000000  -0.044958  0.000000 )
(   0.000000  0.000000  -0.367558  0.000000  -0.044958  0.000000 )
(  -0.318315  0.000000   0.183779  0.000000  -0.044958  0.000000 )
(   0.318315  0.000000   0.183779  0.000000  -0.044958  0.000000 )
   freq (   33) =    63.49936164 [THz] =  2118.11040800 [cm-1]
(   0.000000  0.000000  -0.000000  0.000000  -0.000000  0.000000 )
(  -0.000000  0.000000  -0.000000  0.000000   0.003803  0.000000 )
(   0.000000  0.000000   0.000000  0.000000  -0.003803  0.000000 )
(  -0.000000  0.000000  -0.000000  0.000000  -0.382874  0.000000 )
(   0.000000  0.000000   0.000000  0.000000   0.382874  0.000000 )
(   0.280676  0.000000   0.162049  0.000000  -0.112955  0.000000 )
(  -0.000000  0.000000  -0.324097  0.000000  -0.112955  0.000000 )
(  -0.280676  0.000000   0.162049  0.000000  -0.112955  0.000000 )
(   0.000000  0.000000   0.324097  0.000000   0.112955  0.000000 )
(   0.280676  0.000000  -0.162049  0.000000   0.112955  0.000000 )
(  -0.280676  0.000000  -0.162049  0.000000   0.112955  0.000000 )
***************************************************************************
