Dynamical matrix file
File generated with the CellConstructor by Lorenzo Monacelli
2 11 0     1.8897259890000000     0.0000000000000000     0.0000000000000000     0.0000000000000000     0.0000000000000000     0.0000000000000000
Basis vectors
    1.7977466616424205    -1.0379295190328686     2.9319275520697574
   -0.0000000000000034     2.0758590380657305     2.9319275520697547
   -1.7977466616424276    -1.0379295190328677     2.9319275520697516
	1  'La '  126604.5951757480361266
	2  'H '    918.7358275894680446
    1     1    -0.0000000000000049    -0.0000000000000031     4.3978913720662689
    2     2    -0.0000000000000027    -0.0000000000000012     2.1995556072227167
    3     2     0.0000000000000027     0.0000000000000012    -2.1995556072227167
    4     2    -0.0000000000000010    -0.0000000000000004     1.0582674629892748
    5     2     0.0000000000000010     0.0000000000000005    -1.0582674629892752
    6     2     0.9321442723986110     0.5381737460250013     6.2196443182178545
    7     2    -0.0000000000000049    -1.0763474920500125     6.2196443182178491
    8     2    -0.9321442723986240     0.5381737460250002     6.2196443182178474
    9     2    -0.0000000000000027     1.0763474920500069     2.5761384222512143
   10     2     0.9321442723986139    -0.5381737460250061     2.5761384222512165
   11     2    -0.9321442723986186    -0.5381737460250047     2.5761384222512116

     Dynamical Matrix in cartesian axes

     q = (     0.000000000000     0.000000000000     0.000000000000 )

    1    1
     0.6309527520442491     0.0000000000000000        0.0000000000000001     0.0000000000000000        0.0000000000000000     0.0000000000000000
     0.0000000000000001     0.0000000000000000        0.6309527520456335     0.0000000000000000        0.0000000000000003     0.0000000000000000
    -0.0000000000000002     0.0000000000000000        0.0000000000000003     0.0000000000000000        0.6242545330979765     0.0000000000000000
    1    2
    -0.0362070350132423     0.0000000000000000       -0.0000000000000000     0.0000000000000000        0.0000000000000000     0.0000000000000000
    -0.0000000000000000     0.0000000000000000       -0.0362070350133217     0.0000000000000000       -0.0000000000000000     0.0000000000000000
     0.0000000000000000     0.0000000000000000       -0.0000000000000000     0.0000000000000000       -0.0355474712704703     0.0000000000000000
    1    3
    -0.0362070350132423     0.0000000000000000        0.0000000000000000     0.0000000000000000        0.0000000000000000     0.0000000000000000
    -0.0000000000000000     0.0000000000000000       -0.0362070350133217     0.0000000000000000       -0.0000000000000000     0.0000000000000000
     0.0000000000000000     0.0000000000000000       -0.0000000000000000     0.0000000000000000       -0.0355474712704703     0.0000000000000000
    1    4
    -0.0918419649684364     0.0000000000000000       -0.0000000000000000     0.0000000000000000       -0.0000000000000001     0.0000000000000000
    -0.0000000000000000     0.0000000000000000       -0.0918419649686379     0.0000000000000000       -0.0000000000000001     0.0000000000000000
    -0.0000000000000001     0.0000000000000000       -0.0000000000000001     0.0000000000000000       -0.0276827665852039     0.0000000000000000
    1    5
    -0.0918419649684364     0.0000000000000000       -0.0000000000000000     0.0000000000000000       -0.0000000000000001     0.0000000000000000
    -0.0000000000000000     0.0000000000000000       -0.0918419649686379     0.0000000000000000       -0.0000000000000001     0.0000000000000000
    -0.0000000000000001     0.0000000000000000       -0.0000000000000001     0.0000000000000000       -0.0276827665852039     0.0000000000000000
    1    6
    -0.0475931679454174     0.0000000000000000        0.0257774610358635     0.0000000000000000       -0.0176548339748223     0.0000000000000000
     0.0257774610358635     0.0000000000000000       -0.0773584160817163     0.0000000000000000       -0.0101930231478730     0.0000000000000000
    -0.0183412266511178     0.0000000000000000       -0.0105893121443024     0.0000000000000000       -0.0829656762311048     0.0000000000000000
    1    7
    -0.0922410401496112     0.0000000000000000       -0.0000000000000000     0.0000000000000000       -0.0000000000000000     0.0000000000000000
    -0.0000000000000000     0.0000000000000000       -0.0327105438774247     0.0000000000000000        0.0203860462957460     0.0000000000000000
     0.0000000000000000     0.0000000000000000        0.0211786242886049     0.0000000000000000       -0.0829656762311047     0.0000000000000000
    1    8
    -0.0475931679454175     0.0000000000000000       -0.0257774610358635     0.0000000000000000        0.0176548339748224     0.0000000000000000
    -0.0257774610358635     0.0000000000000000       -0.0773584160817163     0.0000000000000000       -0.0101930231478731     0.0000000000000000
     0.0183412266511179     0.0000000000000000       -0.0105893121443025     0.0000000000000000       -0.0829656762311047     0.0000000000000000
    1    9
    -0.0922410401496112     0.0000000000000000       -0.0000000000000000     0.0000000000000000       -0.0000000000000000     0.0000000000000000
    -0.0000000000000000     0.0000000000000000       -0.0327105438774247     0.0000000000000000        0.0203860462957460     0.0000000000000000
     0.0000000000000000     0.0000000000000000        0.0211786242886049     0.0000000000000000       -0.0829656762311047     0.0000000000000000
    1   10
    -0.0475931679454175     0.0000000000000000       -0.0257774610358635     0.0000000000000000        0.0176548339748224     0.0000000000000000
    -0.0257774610358635     0.0000000000000000       -0.0773584160817163     0.0000000000000000       -0.0101930231478731     0.0000000000000000
     0.0183412266511179     0.0000000000000000       -0.0105893121443025     0.0000000000000000       -0.0829656762311047     0.0000000000000000
    1   11
    -0.0475931679454174     0.0000000000000000        0.0257774610358635     0.0000000000000000       -0.0176548339748223     0.0000000000000000
     0.0257774610358635     0.0000000000000000       -0.0773584160817163     0.0000000000000000       -0.0101930231478730     0.0000000000000000
    -0.0183412266511178     0.0000000000000000       -0.0105893121443024     0.0000000000000000       -0.0829656762311048     0.0000000000000000
    2    1
    -0.0362070350132423     0.0000000000000000        0.0000000000000000     0.0000000000000000        0.0000000000000000     0.0000000000000000
    -0.0000000000000000     0.0000000000000000       -0.0362070350133217     0.0000000000000000       -0.0000000000000000     0.0000000000000000
     0.0000000000000000     0.0000000000000000       -0.0000000000000000     0.0000000000000000       -0.0355474712704703     0.0000000000000000
    2    2
     0.0925890910784335     0.0000000000000000        0.0000000000000000     0.0000000000000000       -0.0000000000000000     0.0000000000000000
     0.0000000000000000     0.0000000000000000        0.0925890910786367     0.0000000000000000        0.0000000000000001     0.0000000000000000
    -0.0000000000000000     0.0000000000000000        0.0000000000000001     0.0000000000000000        0.0942017875175389     0.0000000000000000
    2    3
    -0.0070351087226662     0.0000000000000000        0.0000000000000000     0.0000000000000000        0.0000000000000000     0.0000000000000000
     0.0000000000000000     0.0000000000000000       -0.0070351087226816     0.0000000000000000       -0.0000000000000000     0.0000000000000000
     0.0000000000000000     0.0000000000000000       -0.0000000000000000     0.0000000000000000       -0.0071052707600549     0.0000000000000000
    2    4
     0.0093029817601848     0.0000000000000000        0.0000000000000000     0.0000000000000000        0.0000000000000000     0.0000000000000000
    -0.0000000000000000     0.0000000000000000        0.0093029817602052     0.0000000000000000        0.0000000000000000     0.0000000000000000
     0.0000000000000000     0.0000000000000000        0.0000000000000000     0.0000000000000000       -0.0225961752481274     0.0000000000000000
    2    5
    -0.0179093622898139     0.0000000000000000       -0.0000000000000000     0.0000000000000000       -0.0000000000000000     0.0000000000000000
    -0.0000000000000000     0.0000000000000000       -0.0179093622898532     0.0000000000000000       -0.0000000000000000     0.0000000000000000
    -0.0000000000000000     0.0000000000000000       -0.0000000000000000     0.0000000000000000        0.0031941920824215     0.0000000000000000
    2    6
    -0.0041284230189013     0.0000000000000000        0.0081950066505458     0.0000000000000000       -0.0063765741424556     0.0000000000000000
     0.0081950066505458     0.0000000000000000       -0.0135912016103275     0.0000000000000000       -0.0036815167976584     0.0000000000000000
    -0.0066589437591232     0.0000000000000000       -0.0038445429718526     0.0000000000000000       -0.0162079467804141     0.0000000000000000
    2    7
    -0.0183225909059959     0.0000000000000000       -0.0000000000000000     0.0000000000000000        0.0000000000000000     0.0000000000000000
    -0.0000000000000000     0.0000000000000000        0.0006029662767982     0.0000000000000000        0.0073630335953168     0.0000000000000000
     0.0000000000000000     0.0000000000000000        0.0076890859437052     0.0000000000000000       -0.0162079467804141     0.0000000000000000
    2    8
    -0.0041284230189013     0.0000000000000000       -0.0081950066505458     0.0000000000000000        0.0063765741424556     0.0000000000000000
    -0.0081950066505458     0.0000000000000000       -0.0135912016103275     0.0000000000000000       -0.0036815167976584     0.0000000000000000
     0.0066589437591233     0.0000000000000000       -0.0038445429718526     0.0000000000000000       -0.0162079467804141     0.0000000000000000
    2    9
     0.0095720526943156     0.0000000000000000        0.0000000000000000     0.0000000000000000        0.0000000000000000     0.0000000000000000
     0.0000000000000000     0.0000000000000000       -0.0190128059404222     0.0000000000000000       -0.0096933444560755     0.0000000000000000
     0.0000000000000000     0.0000000000000000       -0.0104973835032289     0.0000000000000000        0.0054922593399782     0.0000000000000000
    2   10
    -0.0118665912817065     0.0000000000000000        0.0123776068706305     0.0000000000000000       -0.0083946825465852     0.0000000000000000
     0.0123776068706305     0.0000000000000000        0.0024258380356469     0.0000000000000000        0.0048466722280378     0.0000000000000000
    -0.0090910007870539     0.0000000000000000        0.0052486917516144     0.0000000000000000        0.0054922593399782     0.0000000000000000
    2   11
    -0.0118665912817065     0.0000000000000000       -0.0123776068706305     0.0000000000000000        0.0083946825465852     0.0000000000000000
    -0.0123776068706305     0.0000000000000000        0.0024258380356469     0.0000000000000000        0.0048466722280377     0.0000000000000000
     0.0090910007870539     0.0000000000000000        0.0052486917516144     0.0000000000000000        0.0054922593399782     0.0000000000000000
    3    1
    -0.0362070350132423     0.0000000000000000       -0.0000000000000000     0.0000000000000000        0.0000000000000000     0.0000000000000000
    -0.0000000000000000     0.0000000000000000       -0.0362070350133217     0.0000000000000000       -0.0000000000000000     0.0000000000000000
     0.0000000000000000     0.0000000000000000       -0.0000000000000000     0.0000000000000000       -0.0355474712704703     0.0000000000000000
    3    2
    -0.0070351087226662     0.0000000000000000       -0.0000000000000000     0.0000000000000000        0.0000000000000000     0.0000000000000000
     0.0000000000000000     0.0000000000000000       -0.0070351087226816     0.0000000000000000       -0.0000000000000000     0.0000000000000000
     0.0000000000000000     0.0000000000000000       -0.0000000000000000     0.0000000000000000       -0.0071052707600549     0.0000000000000000
    3    3
     0.0925890910784335     0.0000000000000000        0.0000000000000000     0.0000000000000000       -0.0000000000000000     0.0000000000000000
     0.0000000000000000     0.0000000000000000        0.0925890910786367     0.0000000000000000        0.0000000000000001     0.0000000000000000
    -0.0000000000000000     0.0000000000000000        0.0000000000000001     0.0000000000000000        0.0942017875175389     0.0000000000000000
    3    4
    -0.0179093622898139     0.0000000000000000       -0.0000000000000000     0.0000000000000000       -0.0000000000000000     0.0000000000000000
    -0.0000000000000000     0.0000000000000000       -0.0179093622898532     0.0000000000000000       -0.0000000000000000     0.0000000000000000
    -0.0000000000000000     0.0000000000000000       -0.0000000000000000     0.0000000000000000        0.0031941920824215     0.0000000000000000
    3    5
     0.0093029817601848     0.0000000000000000        0.0000000000000000     0.0000000000000000        0.0000000000000000     0.0000000000000000
    -0.0000000000000000     0.0000000000000000        0.0093029817602052     0.0000000000000000        0.0000000000000000     0.0000000000000000
     0.0000000000000000     0.0000000000000000        0.0000000000000000     0.0000000000000000       -0.0225961752481274     0.0000000000000000
    3    6
    -0.0118665912817065     0.0000000000000000       -0.0123776068706305     0.0000000000000000        0.0083946825465852     0.0000000000000000
    -0.0123776068706305     0.0000000000000000        0.0024258380356469     0.0000000000000000        0.0048466722280377     0.0000000000000000
     0.0090910007870539     0.0000000000000000        0.0052486917516144     0.0000000000000000        0.0054922593399782     0.0000000000000000
    3    7
     0.0095720526943156     0.0000000000000000        0.0000000000000000     0.0000000000000000        0.0000000000000000     0.0000000000000000
     0.0000000000000000     0.0000000000000000       -0.0190128059404222     0.0000000000000000       -0.0096933444560755     0.0000000000000000
     0.0000000000000000     0.0000000000000000       -0.0104973835032289     0.0000000000000000        0.0054922593399782     0.0000000000000000
    3    8
    -0.0118665912817065     0.0000000000000000        0.0123776068706305     0.0000000000000000       -0.0083946825465852     0.0000000000000000
     0.0123776068706305     0.0000000000000000        0.0024258380356469     0.0000000000000000        0.0048466722280378     0.0000000000000000
    -0.0090910007870539     0.0000000000000000        0.0052486917516144     0.0000000000000000        0.0054922593399782     0.0000000000000000
    3    9
    -0.0183225909059959     0.0000000000000000       -0.0000000000000000     0.0000000000000000        0.0000000000000000     0.0000000000000000
    -0.0000000000000000     0.0000000000000000        0.0006029662767982     0.0000000000000000        0.0073630335953168     0.0000000000000000
     0.0000000000000000     0.0000000000000000        0.0076890859437052     0.0000000000000000       -0.0162079467804141     0.0000000000000000
    3   10
    -0.0041284230189013     0.0000000000000000       -0.0081950066505458     0.0000000000000000        0.0063765741424556     0.0000000000000000
    -0.0081950066505458     0.0000000000000000       -0.0135912016103275     0.0000000000000000       -0.0036815167976584     0.0000000000000000
     0.0066589437591233     0.0000000000000000       -0.0038445429718526     0.0000000000000000       -0.0162079467804141     0.0000000000000000
    3   11
    -0.0041284230189013     0.0000000000000000        0.0081950066505458     0.0000000000000000       -0.0063765741424556     0.0000000000000000
     0.0081950066505458     0.0000000000000000       -0.0135912016103275     0.0000000000000000       -0.0036815167976584     0.0000000000000000
    -0.0066589437591232     0.0000000000000000       -0.0038445429718526     0.0000000000000000       -0.0162079467804141     0.0000000000000000
    4    1
    -0.0918419649684364     0.0000000000000000       -0.0000000000000000     0.0000000000000000       -0.0000000000000001     0.0000000000000000
    -0.0000000000000000     0.0000000000000000       -0.0918419649686379     0.0000000000000000       -0.0000000000000001     0.0000000000000000
    -0.0000000000000001     0.0000000000000000       -0.0000000000000001     0.0000000000000000       -0.0276827665852039     0.0000000000000000
    4    2
     0.0093029817601848     0.0000000000000000        0.0000000000000000     0.0000000000000000        0.0000000000000000     0.0000000000000000
    -0.0000000000000000     0.0000000000000000        0.0093029817602052     0.0000000000000000        0.0000000000000000     0.0000000000000000
     0.0000000000000000     0.0000000000000000        0.0000000000000000     0.0000000000000000       -0.0225961752481274     0.0000000000000000
    4    3
    -0.0179093622898139     0.0000000000000000       -0.0000000000000000     0.0000000000000000       -0.0000000000000000     0.0000000000000000
    -0.0000000000000000     0.0000000000000000       -0.0179093622898532     0.0000000000000000       -0.0000000000000000     0.0000000000000000
    -0.0000000000000000     0.0000000000000000       -0.0000000000000000     0.0000000000000000        0.0031941920824215     0.0000000000000000
    4    4
     0.1227823026844965     0.0000000000000000        0.0000000000000000     0.0000000000000000       -0.0000000000000001     0.0000000000000000
     0.0000000000000000     0.0000000000000000        0.1227823026847659     0.0000000000000000        0.0000000000000001     0.0000000000000000
    -0.0000000000000001     0.0000000000000000        0.0000000000000001     0.0000000000000000        0.1421738621732515     0.0000000000000000
    4    5
    -0.0062841622689347     0.0000000000000000       -0.0000000000000000     0.0000000000000000        0.0000000000000000     0.0000000000000000
     0.0000000000000000     0.0000000000000000       -0.0062841622689484     0.0000000000000000       -0.0000000000000000     0.0000000000000000
     0.0000000000000000     0.0000000000000000       -0.0000000000000000     0.0000000000000000       -0.0062395303596388     0.0000000000000000
    4    6
    -0.0024948829386087     0.0000000000000000       -0.0039249204481114     0.0000000000000000       -0.0042040060498531     0.0000000000000000
    -0.0039249204481114     0.0000000000000000        0.0020372248159208     0.0000000000000000       -0.0024271840245602     0.0000000000000000
    -0.0135065038846798     0.0000000000000000       -0.0077979836536392     0.0000000000000000        0.0033311682943202     0.0000000000000000
    4    7
     0.0043032786931789     0.0000000000000000       -0.0000000000000000     0.0000000000000000        0.0000000000000000     0.0000000000000000
    -0.0000000000000000     0.0000000000000000       -0.0047609368158817     0.0000000000000000        0.0048543680491203     0.0000000000000000
     0.0000000000000000     0.0000000000000000        0.0155959673072783     0.0000000000000000        0.0033311682943202     0.0000000000000000
    4    8
    -0.0024948829386087     0.0000000000000000        0.0039249204481115     0.0000000000000000        0.0042040060498531     0.0000000000000000
     0.0039249204481115     0.0000000000000000        0.0020372248159208     0.0000000000000000       -0.0024271840245602     0.0000000000000000
     0.0135065038846798     0.0000000000000000       -0.0077979836536392     0.0000000000000000        0.0033311682943202     0.0000000000000000
    4    9
     0.0059658370576815     0.0000000000000000        0.0000000000000000     0.0000000000000000        0.0000000000000000     0.0000000000000000
     0.0000000000000000     0.0000000000000000       -0.0162080422133557     0.0000000000000000       -0.0198486241695976     0.0000000000000000
     0.0000000000000000     0.0000000000000000       -0.0295655836192352     0.0000000000000000       -0.0329476956485545     0.0000000000000000
    4   10
    -0.0106645723955696     0.0000000000000000        0.0096015713745788     0.0000000000000000       -0.0171894127610224     0.0000000000000000
     0.0096015713745788     0.0000000000000000        0.0004223672399321     0.0000000000000000        0.0099243120847988     0.0000000000000000
    -0.0256045464919426     0.0000000000000000        0.0147827918096176     0.0000000000000000       -0.0329476956485545     0.0000000000000000
    4   11
    -0.0106645723955698     0.0000000000000000       -0.0096015713745789     0.0000000000000000        0.0171894127610225     0.0000000000000000
    -0.0096015713745789     0.0000000000000000        0.0004223672399321     0.0000000000000000        0.0099243120847988     0.0000000000000000
     0.0256045464919427     0.0000000000000000        0.0147827918096176     0.0000000000000000       -0.0329476956485544     0.0000000000000000
    5    1
    -0.0918419649684364     0.0000000000000000       -0.0000000000000000     0.0000000000000000       -0.0000000000000001     0.0000000000000000
    -0.0000000000000000     0.0000000000000000       -0.0918419649686379     0.0000000000000000       -0.0000000000000001     0.0000000000000000
    -0.0000000000000001     0.0000000000000000       -0.0000000000000001     0.0000000000000000       -0.0276827665852039     0.0000000000000000
    5    2
    -0.0179093622898139     0.0000000000000000       -0.0000000000000000     0.0000000000000000       -0.0000000000000000     0.0000000000000000
    -0.0000000000000000     0.0000000000000000       -0.0179093622898532     0.0000000000000000       -0.0000000000000000     0.0000000000000000
    -0.0000000000000000     0.0000000000000000       -0.0000000000000000     0.0000000000000000        0.0031941920824215     0.0000000000000000
    5    3
     0.0093029817601848     0.0000000000000000        0.0000000000000000     0.0000000000000000        0.0000000000000000     0.0000000000000000
    -0.0000000000000000     0.0000000000000000        0.0093029817602052     0.0000000000000000        0.0000000000000000     0.0000000000000000
     0.0000000000000000     0.0000000000000000        0.0000000000000000     0.0000000000000000       -0.0225961752481274     0.0000000000000000
    5    4
    -0.0062841622689347     0.0000000000000000       -0.0000000000000000     0.0000000000000000        0.0000000000000000     0.0000000000000000
     0.0000000000000000     0.0000000000000000       -0.0062841622689484     0.0000000000000000       -0.0000000000000000     0.0000000000000000
     0.0000000000000000     0.0000000000000000       -0.0000000000000000     0.0000000000000000       -0.0062395303596388     0.0000000000000000
    5    5
     0.1227823026844965     0.0000000000000000        0.0000000000000000     0.0000000000000000       -0.0000000000000001     0.0000000000000000
     0.0000000000000000     0.0000000000000000        0.1227823026847659     0.0000000000000000        0.0000000000000001     0.0000000000000000
    -0.0000000000000001     0.0000000000000000        0.0000000000000001     0.0000000000000000        0.1421738621732515     0.0000000000000000
    5    6
    -0.0106645723955698     0.0000000000000000       -0.0096015713745789     0.0000000000000000        0.0171894127610225     0.0000000000000000
    -0.0096015713745789     0.0000000000000000        0.0004223672399321     0.0000000000000000        0.0099243120847988     0.0000000000000000
     0.0256045464919427     0.0000000000000000        0.0147827918096176     0.0000000000000000       -0.0329476956485544     0.0000000000000000
    5    7
     0.0059658370576815     0.0000000000000000        0.0000000000000000     0.0000000000000000        0.0000000000000000     0.0000000000000000
     0.0000000000000000     0.0000000000000000       -0.0162080422133557     0.0000000000000000       -0.0198486241695976     0.0000000000000000
     0.0000000000000001     0.0000000000000000       -0.0295655836192352     0.0000000000000000       -0.0329476956485545     0.0000000000000000
    5    8
    -0.0106645723955696     0.0000000000000000        0.0096015713745788     0.0000000000000000       -0.0171894127610224     0.0000000000000000
     0.0096015713745788     0.0000000000000000        0.0004223672399321     0.0000000000000000        0.0099243120847988     0.0000000000000000
    -0.0256045464919426     0.0000000000000000        0.0147827918096176     0.0000000000000000       -0.0329476956485545     0.0000000000000000
    5    9
     0.0043032786931789     0.0000000000000000       -0.0000000000000000     0.0000000000000000        0.0000000000000000     0.0000000000000000
    -0.0000000000000000     0.0000000000000000       -0.0047609368158817     0.0000000000000000        0.0048543680491203     0.0000000000000000
     0.0000000000000000     0.0000000000000000        0.0155959673072783     0.0000000000000000        0.0033311682943202     0.0000000000000000
    5   10
    -0.0024948829386087     0.0000000000000000        0.0039249204481115     0.0000000000000000        0.0042040060498531     0.0000000000000000
     0.0039249204481115     0.0000000000000000        0.0020372248159208     0.0000000000000000       -0.0024271840245602     0.0000000000000000
     0.0135065038846798     0.0000000000000000       -0.0077979836536392     0.0000000000000000        0.0033311682943202     0.0000000000000000
    5   11
    -0.0024948829386087     0.0000000000000000       -0.0039249204481114     0.0000000000000000       -0.0042040060498531     0.0000000000000000
    -0.0039249204481114     0.0000000000000000        0.0020372248159208     0.0000000000000000       -0.0024271840245602     0.0000000000000000
    -0.0135065038846798     0.0000000000000000       -0.0077979836536392     0.0000000000000000        0.0033311682943202     0.0000000000000000
    6    1
    -0.0475931679454174     0.0000000000000000        0.0257774610358635     0.0000000000000000       -0.0183412266511178     0.0000000000000000
     0.0257774610358635     0.0000000000000000       -0.0773584160817164     0.0000000000000000       -0.0105893121443024     0.0000000000000000
    -0.0176548339748223     0.0000000000000000       -0.0101930231478730     0.0000000000000000       -0.0829656762311048     0.0000000000000000
    6    2
    -0.0041284230189013     0.0000000000000000        0.0081950066505458     0.0000000000000000       -0.0066589437591233     0.0000000000000000
     0.0081950066505458     0.0000000000000000       -0.0135912016103275     0.0000000000000000       -0.0038445429718526     0.0000000000000000
    -0.0063765741424556     0.0000000000000000       -0.0036815167976584     0.0000000000000000       -0.0162079467804141     0.0000000000000000
    6    3
    -0.0118665912817065     0.0000000000000000       -0.0123776068706305     0.0000000000000000        0.0090910007870539     0.0000000000000000
    -0.0123776068706305     0.0000000000000000        0.0024258380356469     0.0000000000000000        0.0052486917516144     0.0000000000000000
     0.0083946825465852     0.0000000000000000        0.0048466722280377     0.0000000000000000        0.0054922593399782     0.0000000000000000
    6    4
    -0.0024948829386087     0.0000000000000000       -0.0039249204481114     0.0000000000000000       -0.0135065038846798     0.0000000000000000
    -0.0039249204481114     0.0000000000000000        0.0020372248159208     0.0000000000000000       -0.0077979836536392     0.0000000000000000
    -0.0042040060498531     0.0000000000000000       -0.0024271840245602     0.0000000000000000        0.0033311682943202     0.0000000000000000
    6    5
    -0.0106645723955698     0.0000000000000000       -0.0096015713745789     0.0000000000000000        0.0256045464919427     0.0000000000000000
    -0.0096015713745789     0.0000000000000000        0.0004223672399321     0.0000000000000000        0.0147827918096176     0.0000000000000000
     0.0171894127610225     0.0000000000000000        0.0099243120847988     0.0000000000000000       -0.0329476956485544     0.0000000000000000
    6    6
     0.1354189450819359     0.0000000000000000        0.0069218934325439     0.0000000000000000       -0.0044673442365845     0.0000000000000000
     0.0069218934325439     0.0000000000000000        0.1274262310090619     0.0000000000000000       -0.0025792223975575     0.0000000000000000
    -0.0044673442365845     0.0000000000000000       -0.0025792223975575     0.0000000000000000        0.1240661217534303     0.0000000000000000
    6    7
    -0.0108636431630252     0.0000000000000000       -0.0271083873114684     0.0000000000000000        0.0003426455656976     0.0000000000000000
    -0.0195777967440890     0.0000000000000000       -0.0378179240949911     0.0000000000000000       -0.0033065158795080     0.0000000000000000
     0.0030348495325162     0.0000000000000000        0.0013565181753654     0.0000000000000000        0.0036771929384816     0.0000000000000000
    6    8
    -0.0512950645608495     0.0000000000000000        0.0037652952836897     0.0000000000000000       -0.0026922039668187     0.0000000000000000
    -0.0037652952836897     0.0000000000000000        0.0026134973029219     0.0000000000000000        0.0019499977041425     0.0000000000000000
     0.0026922039668185     0.0000000000000000        0.0019499977041425     0.0000000000000000        0.0036771929384816     0.0000000000000000
    6    9
    -0.0021348231813532     0.0000000000000000        0.0119601935186461     0.0000000000000000        0.0082641592864395     0.0000000000000000
     0.0029419133782863     0.0000000000000000        0.0064689122470881     0.0000000000000000       -0.0012162148512033     0.0000000000000000
     0.0051853526008205     0.0000000000000000       -0.0065488644573838     0.0000000000000000       -0.0009872617509854     0.0000000000000000
    6   10
     0.0107707799612875     0.0000000000000000       -0.0045091400701799     0.0000000000000000        0.0030788066856189     0.0000000000000000
     0.0045091400701799     0.0000000000000000       -0.0064366908955808     0.0000000000000000        0.0077650793085871     0.0000000000000000
    -0.0030788066856189     0.0000000000000000        0.0077650793085871     0.0000000000000000       -0.0009872617509854     0.0000000000000000
    6   11
    -0.0051485565577918     0.0000000000000000        0.0009017761536801     0.0000000000000000       -0.0007149363184285     0.0000000000000000
     0.0009017761536801     0.0000000000000000       -0.0061898379679562     0.0000000000000000       -0.0004127686758986     0.0000000000000000
    -0.0007149363184285     0.0000000000000000       -0.0004127686758986     0.0000000000000000       -0.0061480931026478     0.0000000000000000
    7    1
    -0.0922410401496112     0.0000000000000000       -0.0000000000000000     0.0000000000000000        0.0000000000000000     0.0000000000000000
    -0.0000000000000000     0.0000000000000000       -0.0327105438774247     0.0000000000000000        0.0211786242886048     0.0000000000000000
     0.0000000000000000     0.0000000000000000        0.0203860462957460     0.0000000000000000       -0.0829656762311047     0.0000000000000000
    7    2
    -0.0183225909059959     0.0000000000000000       -0.0000000000000000     0.0000000000000000        0.0000000000000000     0.0000000000000000
    -0.0000000000000000     0.0000000000000000        0.0006029662767982     0.0000000000000000        0.0076890859437052     0.0000000000000000
     0.0000000000000000     0.0000000000000000        0.0073630335953168     0.0000000000000000       -0.0162079467804141     0.0000000000000000
    7    3
     0.0095720526943156     0.0000000000000000        0.0000000000000000     0.0000000000000000        0.0000000000000000     0.0000000000000000
     0.0000000000000000     0.0000000000000000       -0.0190128059404222     0.0000000000000000       -0.0104973835032289     0.0000000000000000
     0.0000000000000000     0.0000000000000000       -0.0096933444560755     0.0000000000000000        0.0054922593399782     0.0000000000000000
    7    4
     0.0043032786931789     0.0000000000000000       -0.0000000000000000     0.0000000000000000        0.0000000000000000     0.0000000000000000
    -0.0000000000000000     0.0000000000000000       -0.0047609368158817     0.0000000000000000        0.0155959673072783     0.0000000000000000
     0.0000000000000000     0.0000000000000000        0.0048543680491203     0.0000000000000000        0.0033311682943202     0.0000000000000000
    7    5
     0.0059658370576815     0.0000000000000000        0.0000000000000000     0.0000000000000000        0.0000000000000000     0.0000000000000000
     0.0000000000000000     0.0000000000000000       -0.0162080422133556     0.0000000000000000       -0.0295655836192352     0.0000000000000000
     0.0000000000000001     0.0000000000000000       -0.0198486241695976     0.0000000000000000       -0.0329476956485545     0.0000000000000000
    7    6
    -0.0108636431630252     0.0000000000000000       -0.0195777967440890     0.0000000000000000        0.0030348495325162     0.0000000000000000
    -0.0271083873114684     0.0000000000000000       -0.0378179240949911     0.0000000000000000        0.0013565181753654     0.0000000000000000
     0.0003426455656976     0.0000000000000000       -0.0033065158795080     0.0000000000000000        0.0036771929384816     0.0000000000000000
    7    7
     0.1234298739722057     0.0000000000000000        0.0000000000000000     0.0000000000000000       -0.0000000000000000     0.0000000000000000
     0.0000000000000000     0.0000000000000000        0.1394153021188185     0.0000000000000000        0.0051584447951153     0.0000000000000000
    -0.0000000000000000     0.0000000000000000        0.0051584447951153     0.0000000000000000        0.1240661217534304     0.0000000000000000
    7    8
    -0.0108636431630252     0.0000000000000000        0.0195777967440890     0.0000000000000000       -0.0030348495325162     0.0000000000000000
     0.0271083873114683     0.0000000000000000       -0.0378179240949911     0.0000000000000000        0.0013565181753655     0.0000000000000000
    -0.0003426455656976     0.0000000000000000       -0.0033065158795080     0.0000000000000000        0.0036771929384816     0.0000000000000000
    7    9
    -0.0067104786730180     0.0000000000000000       -0.0000000000000000     0.0000000000000000        0.0000000000000000     0.0000000000000000
    -0.0000000000000000     0.0000000000000000       -0.0046279158527266     0.0000000000000000        0.0008255373517972     0.0000000000000000
     0.0000000000000000     0.0000000000000000        0.0008255373517972     0.0000000000000000       -0.0061480931026478     0.0000000000000000
    7   10
    -0.0021348231813531     0.0000000000000000       -0.0029419133782863     0.0000000000000000       -0.0051853526008205     0.0000000000000000
    -0.0119601935186461     0.0000000000000000        0.0064689122470881     0.0000000000000000       -0.0065488644573839     0.0000000000000000
    -0.0082641592864395     0.0000000000000000       -0.0012162148512033     0.0000000000000000       -0.0009872617509855     0.0000000000000000
    7   11
    -0.0021348231813532     0.0000000000000000        0.0029419133782863     0.0000000000000000        0.0051853526008205     0.0000000000000000
     0.0119601935186461     0.0000000000000000        0.0064689122470881     0.0000000000000000       -0.0065488644573838     0.0000000000000000
     0.0082641592864395     0.0000000000000000       -0.0012162148512033     0.0000000000000000       -0.0009872617509854     0.0000000000000000
    8    1
    -0.0475931679454175     0.0000000000000000       -0.0257774610358635     0.0000000000000000        0.0183412266511179     0.0000000000000000
    -0.0257774610358635     0.0000000000000000       -0.0773584160817163     0.0000000000000000       -0.0105893121443025     0.0000000000000000
     0.0176548339748224     0.0000000000000000       -0.0101930231478731     0.0000000000000000       -0.0829656762311047     0.0000000000000000
    8    2
    -0.0041284230189013     0.0000000000000000       -0.0081950066505458     0.0000000000000000        0.0066589437591233     0.0000000000000000
    -0.0081950066505458     0.0000000000000000       -0.0135912016103275     0.0000000000000000       -0.0038445429718526     0.0000000000000000
     0.0063765741424556     0.0000000000000000       -0.0036815167976584     0.0000000000000000       -0.0162079467804141     0.0000000000000000
    8    3
    -0.0118665912817065     0.0000000000000000        0.0123776068706305     0.0000000000000000       -0.0090910007870539     0.0000000000000000
     0.0123776068706305     0.0000000000000000        0.0024258380356469     0.0000000000000000        0.0052486917516144     0.0000000000000000
    -0.0083946825465852     0.0000000000000000        0.0048466722280378     0.0000000000000000        0.0054922593399782     0.0000000000000000
    8    4
    -0.0024948829386087     0.0000000000000000        0.0039249204481115     0.0000000000000000        0.0135065038846798     0.0000000000000000
     0.0039249204481115     0.0000000000000000        0.0020372248159208     0.0000000000000000       -0.0077979836536392     0.0000000000000000
     0.0042040060498531     0.0000000000000000       -0.0024271840245602     0.0000000000000000        0.0033311682943202     0.0000000000000000
    8    5
    -0.0106645723955696     0.0000000000000000        0.0096015713745788     0.0000000000000000       -0.0256045464919426     0.0000000000000000
     0.0096015713745788     0.0000000000000000        0.0004223672399321     0.0000000000000000        0.0147827918096176     0.0000000000000000
    -0.0171894127610224     0.0000000000000000        0.0099243120847988     0.0000000000000000       -0.0329476956485545     0.0000000000000000
    8    6
    -0.0512950645608495     0.0000000000000000       -0.0037652952836897     0.0000000000000000        0.0026922039668185     0.0000000000000000
     0.0037652952836897     0.0000000000000000        0.0026134973029219     0.0000000000000000        0.0019499977041425     0.0000000000000000
    -0.0026922039668187     0.0000000000000000        0.0019499977041425     0.0000000000000000        0.0036771929384816     0.0000000000000000
    8    7
    -0.0108636431630252     0.0000000000000000        0.0271083873114683     0.0000000000000000       -0.0003426455656976     0.0000000000000000
     0.0195777967440890     0.0000000000000000       -0.0378179240949911     0.0000000000000000       -0.0033065158795080     0.0000000000000000
    -0.0030348495325162     0.0000000000000000        0.0013565181753655     0.0000000000000000        0.0036771929384816     0.0000000000000000
    8    8
     0.1354189450819358     0.0000000000000000       -0.0069218934325439     0.0000000000000000        0.0044673442365845     0.0000000000000000
    -0.0069218934325439     0.0000000000000000        0.1274262310090620     0.0000000000000000       -0.0025792223975575     0.0000000000000000
     0.0044673442365844     0.0000000000000000       -0.0025792223975575     0.0000000000000000        0.1240661217534304     0.0000000000000000
    8    9
    -0.0021348231813531     0.0000000000000000       -0.0119601935186461     0.0000000000000000       -0.0082641592864395     0.0000000000000000
    -0.0029419133782863     0.0000000000000000        0.0064689122470881     0.0000000000000000       -0.0012162148512033     0.0000000000000000
    -0.0051853526008205     0.0000000000000000       -0.0065488644573839     0.0000000000000000       -0.0009872617509855     0.0000000000000000
    8   10
    -0.0051485565577918     0.0000000000000000       -0.0009017761536801     0.0000000000000000        0.0007149363184285     0.0000000000000000
    -0.0009017761536801     0.0000000000000000       -0.0061898379679562     0.0000000000000000       -0.0004127686758986     0.0000000000000000
     0.0007149363184285     0.0000000000000000       -0.0004127686758986     0.0000000000000000       -0.0061480931026478     0.0000000000000000
    8   11
     0.0107707799612875     0.0000000000000000        0.0045091400701799     0.0000000000000000       -0.0030788066856189     0.0000000000000000
    -0.0045091400701799     0.0000000000000000       -0.0064366908955808     0.0000000000000000        0.0077650793085871     0.0000000000000000
     0.0030788066856189     0.0000000000000000        0.0077650793085871     0.0000000000000000       -0.0009872617509854     0.0000000000000000
    9    1
    -0.0922410401496112     0.0000000000000000       -0.0000000000000000     0.0000000000000000        0.0000000000000000     0.0000000000000000
    -0.0000000000000000     0.0000000000000000       -0.0327105438774247     0.0000000000000000        0.0211786242886048     0.0000000000000000
     0.0000000000000000     0.0000000000000000        0.0203860462957460     0.0000000000000000       -0.0829656762311047     0.0000000000000000
    9    2
     0.0095720526943156     0.0000000000000000        0.0000000000000000     0.0000000000000000        0.0000000000000000     0.0000000000000000
     0.0000000000000000     0.0000000000000000       -0.0190128059404222     0.0000000000000000       -0.0104973835032289     0.0000000000000000
     0.0000000000000000     0.0000000000000000       -0.0096933444560755     0.0000000000000000        0.0054922593399782     0.0000000000000000
    9    3
    -0.0183225909059959     0.0000000000000000       -0.0000000000000000     0.0000000000000000        0.0000000000000000     0.0000000000000000
    -0.0000000000000000     0.0000000000000000        0.0006029662767982     0.0000000000000000        0.0076890859437052     0.0000000000000000
     0.0000000000000000     0.0000000000000000        0.0073630335953168     0.0000000000000000       -0.0162079467804141     0.0000000000000000
    9    4
     0.0059658370576815     0.0000000000000000        0.0000000000000000     0.0000000000000000        0.0000000000000000     0.0000000000000000
     0.0000000000000000     0.0000000000000000       -0.0162080422133557     0.0000000000000000       -0.0295655836192352     0.0000000000000000
     0.0000000000000001     0.0000000000000000       -0.0198486241695976     0.0000000000000000       -0.0329476956485545     0.0000000000000000
    9    5
     0.0043032786931789     0.0000000000000000       -0.0000000000000000     0.0000000000000000        0.0000000000000000     0.0000000000000000
    -0.0000000000000000     0.0000000000000000       -0.0047609368158817     0.0000000000000000        0.0155959673072783     0.0000000000000000
     0.0000000000000000     0.0000000000000000        0.0048543680491203     0.0000000000000000        0.0033311682943202     0.0000000000000000
    9    6
    -0.0021348231813532     0.0000000000000000        0.0029419133782863     0.0000000000000000        0.0051853526008205     0.0000000000000000
     0.0119601935186461     0.0000000000000000        0.0064689122470881     0.0000000000000000       -0.0065488644573838     0.0000000000000000
     0.0082641592864395     0.0000000000000000       -0.0012162148512033     0.0000000000000000       -0.0009872617509854     0.0000000000000000
    9    7
    -0.0067104786730180     0.0000000000000000       -0.0000000000000000     0.0000000000000000        0.0000000000000000     0.0000000000000000
    -0.0000000000000000     0.0000000000000000       -0.0046279158527266     0.0000000000000000        0.0008255373517972     0.0000000000000000
     0.0000000000000000     0.0000000000000000        0.0008255373517972     0.0000000000000000       -0.0061480931026478     0.0000000000000000
    9    8
    -0.0021348231813531     0.0000000000000000       -0.0029419133782863     0.0000000000000000       -0.0051853526008205     0.0000000000000000
    -0.0119601935186461     0.0000000000000000        0.0064689122470881     0.0000000000000000       -0.0065488644573839     0.0000000000000000
    -0.0082641592864395     0.0000000000000000       -0.0012162148512033     0.0000000000000000       -0.0009872617509855     0.0000000000000000
    9    9
     0.1234298739722057     0.0000000000000000        0.0000000000000001     0.0000000000000000       -0.0000000000000000     0.0000000000000000
     0.0000000000000000     0.0000000000000000        0.1394153021188185     0.0000000000000000        0.0051584447951153     0.0000000000000000
    -0.0000000000000000     0.0000000000000000        0.0051584447951153     0.0000000000000000        0.1240661217534304     0.0000000000000000
    9   10
    -0.0108636431630252     0.0000000000000000        0.0195777967440890     0.0000000000000000       -0.0030348495325162     0.0000000000000000
     0.0271083873114683     0.0000000000000000       -0.0378179240949911     0.0000000000000000        0.0013565181753655     0.0000000000000000
    -0.0003426455656976     0.0000000000000000       -0.0033065158795080     0.0000000000000000        0.0036771929384816     0.0000000000000000
    9   11
    -0.0108636431630252     0.0000000000000000       -0.0195777967440890     0.0000000000000000        0.0030348495325162     0.0000000000000000
    -0.0271083873114684     0.0000000000000000       -0.0378179240949911     0.0000000000000000        0.0013565181753654     0.0000000000000000
     0.0003426455656976     0.0000000000000000       -0.0033065158795080     0.0000000000000000        0.0036771929384816     0.0000000000000000
   10    1
    -0.0475931679454175     0.0000000000000000       -0.0257774610358635     0.0000000000000000        0.0183412266511179     0.0000000000000000
    -0.0257774610358635     0.0000000000000000       -0.0773584160817163     0.0000000000000000       -0.0105893121443025     0.0000000000000000
     0.0176548339748224     0.0000000000000000       -0.0101930231478731     0.0000000000000000       -0.0829656762311047     0.0000000000000000
   10    2
    -0.0118665912817065     0.0000000000000000        0.0123776068706305     0.0000000000000000       -0.0090910007870539     0.0000000000000000
     0.0123776068706305     0.0000000000000000        0.0024258380356469     0.0000000000000000        0.0052486917516144     0.0000000000000000
    -0.0083946825465852     0.0000000000000000        0.0048466722280378     0.0000000000000000        0.0054922593399782     0.0000000000000000
   10    3
    -0.0041284230189013     0.0000000000000000       -0.0081950066505458     0.0000000000000000        0.0066589437591233     0.0000000000000000
    -0.0081950066505458     0.0000000000000000       -0.0135912016103275     0.0000000000000000       -0.0038445429718526     0.0000000000000000
     0.0063765741424556     0.0000000000000000       -0.0036815167976584     0.0000000000000000       -0.0162079467804141     0.0000000000000000
   10    4
    -0.0106645723955696     0.0000000000000000        0.0096015713745788     0.0000000000000000       -0.0256045464919426     0.0000000000000000
     0.0096015713745788     0.0000000000000000        0.0004223672399321     0.0000000000000000        0.0147827918096176     0.0000000000000000
    -0.0171894127610224     0.0000000000000000        0.0099243120847988     0.0000000000000000       -0.0329476956485545     0.0000000000000000
   10    5
    -0.0024948829386087     0.0000000000000000        0.0039249204481115     0.0000000000000000        0.0135065038846798     0.0000000000000000
     0.0039249204481115     0.0000000000000000        0.0020372248159208     0.0000000000000000       -0.0077979836536392     0.0000000000000000
     0.0042040060498531     0.0000000000000000       -0.0024271840245602     0.0000000000000000        0.0033311682943202     0.0000000000000000
   10    6
     0.0107707799612875     0.0000000000000000        0.0045091400701799     0.0000000000000000       -0.0030788066856189     0.0000000000000000
    -0.0045091400701799     0.0000000000000000       -0.0064366908955808     0.0000000000000000        0.0077650793085871     0.0000000000000000
     0.0030788066856189     0.0000000000000000        0.0077650793085871     0.0000000000000000       -0.0009872617509854     0.0000000000000000
   10    7
    -0.0021348231813531     0.0000000000000000       -0.0119601935186461     0.0000000000000000       -0.0082641592864395     0.0000000000000000
    -0.0029419133782863     0.0000000000000000        0.0064689122470881     0.0000000000000000       -0.0012162148512033     0.0000000000000000
    -0.0051853526008205     0.0000000000000000       -0.0065488644573839     0.0000000000000000       -0.0009872617509855     0.0000000000000000
   10    8
    -0.0051485565577918     0.0000000000000000       -0.0009017761536801     0.0000000000000000        0.0007149363184285     0.0000000000000000
    -0.0009017761536801     0.0000000000000000       -0.0061898379679562     0.0000000000000000       -0.0004127686758986     0.0000000000000000
     0.0007149363184285     0.0000000000000000       -0.0004127686758986     0.0000000000000000       -0.0061480931026478     0.0000000000000000
   10    9
    -0.0108636431630252     0.0000000000000000        0.0271083873114683     0.0000000000000000       -0.0003426455656976     0.0000000000000000
     0.0195777967440890     0.0000000000000000       -0.0378179240949911     0.0000000000000000       -0.0033065158795080     0.0000000000000000
    -0.0030348495325162     0.0000000000000000        0.0013565181753655     0.0000000000000000        0.0036771929384816     0.0000000000000000
   10   10
     0.1354189450819359     0.0000000000000000       -0.0069218934325438     0.0000000000000000        0.0044673442365844     0.0000000000000000
    -0.0069218934325439     0.0000000000000000        0.1274262310090619     0.0000000000000000       -0.0025792223975575     0.0000000000000000
     0.0044673442365844     0.0000000000000000       -0.0025792223975575     0.0000000000000000        0.1240661217534304     0.0000000000000000
   10   11
    -0.0512950645608495     0.0000000000000000       -0.0037652952836897     0.0000000000000000        0.0026922039668185     0.0000000000000000
     0.0037652952836897     0.0000000000000000        0.0026134973029219     0.0000000000000000        0.0019499977041425     0.0000000000000000
    -0.0026922039668187     0.0000000000000000        0.0019499977041425     0.0000000000000000        0.0036771929384816     0.0000000000000000
   11    1
    -0.0475931679454174     0.0000000000000000        0.0257774610358635     0.0000000000000000       -0.0183412266511178     0.0000000000000000
     0.0257774610358635     0.0000000000000000       -0.0773584160817164     0.0000000000000000       -0.0105893121443024     0.0000000000000000
    -0.0176548339748223     0.0000000000000000       -0.0101930231478730     0.0000000000000000       -0.0829656762311048     0.0000000000000000
   11    2
    -0.0118665912817065     0.0000000000000000       -0.0123776068706305     0.0000000000000000        0.0090910007870539     0.0000000000000000
    -0.0123776068706305     0.0000000000000000        0.0024258380356469     0.0000000000000000        0.0052486917516144     0.0000000000000000
     0.0083946825465852     0.0000000000000000        0.0048466722280377     0.0000000000000000        0.0054922593399782     0.0000000000000000
   11    3
    -0.0041284230189013     0.0000000000000000        0.0081950066505458     0.0000000000000000       -0.0066589437591232     0.0000000000000000
     0.0081950066505458     0.0000000000000000       -0.0135912016103275     0.0000000000000000       -0.0038445429718526     0.0000000000000000
    -0.0063765741424556     0.0000000000000000       -0.0036815167976584     0.0000000000000000       -0.0162079467804141     0.0000000000000000
   11    4
    -0.0106645723955698     0.0000000000000000       -0.0096015713745788     0.0000000000000000        0.0256045464919427     0.0000000000000000
    -0.0096015713745789     0.0000000000000000        0.0004223672399321     0.0000000000000000        0.0147827918096176     0.0000000000000000
     0.0171894127610225     0.0000000000000000        0.0099243120847988     0.0000000000000000       -0.0329476956485544     0.0000000000000000
   11    5
    -0.0024948829386087     0.0000000000000000       -0.0039249204481114     0.0000000000000000       -0.0135065038846798     0.0000000000000000
    -0.0039249204481114     0.0000000000000000        0.0020372248159208     0.0000000000000000       -0.0077979836536392     0.0000000000000000
    -0.0042040060498531     0.0000000000000000       -0.0024271840245602     0.0000000000000000        0.0033311682943202     0.0000000000000000
   11    6
    -0.0051485565577918     0.0000000000000000        0.0009017761536801     0.0000000000000000       -0.0007149363184285     0.0000000000000000
     0.0009017761536801     0.0000000000000000       -0.0061898379679562     0.0000000000000000       -0.0004127686758986     0.0000000000000000
    -0.0007149363184285     0.0000000000000000       -0.0004127686758986     0.0000000000000000       -0.0061480931026478     0.0000000000000000
   11    7
    -0.0021348231813532     0.0000000000000000        0.0119601935186461     0.0000000000000000        0.0082641592864395     0.0000000000000000
     0.0029419133782863     0.0000000000000000        0.0064689122470881     0.0000000000000000       -0.0012162148512033     0.0000000000000000
     0.0051853526008205     0.0000000000000000       -0.0065488644573838     0.0000000000000000       -0.0009872617509854     0.0000000000000000
   11    8
     0.0107707799612875     0.0000000000000000       -0.0045091400701799     0.0000000000000000        0.0030788066856189     0.0000000000000000
     0.0045091400701799     0.0000000000000000       -0.0064366908955808     0.0000000000000000        0.0077650793085871     0.0000000000000000
    -0.0030788066856189     0.0000000000000000        0.0077650793085871     0.0000000000000000       -0.0009872617509854     0.0000000000000000
   11    9
    -0.0108636431630252     0.0000000000000000       -0.0271083873114684     0.0000000000000000        0.0003426455656976     0.0000000000000000
    -0.0195777967440890     0.0000000000000000       -0.0378179240949911     0.0000000000000000       -0.0033065158795080     0.0000000000000000
     0.0030348495325162     0.0000000000000000        0.0013565181753654     0.0000000000000000        0.0036771929384816     0.0000000000000000
   11   10
    -0.0512950645608495     0.0000000000000000        0.0037652952836897     0.0000000000000000       -0.0026922039668187     0.0000000000000000
    -0.0037652952836897     0.0000000000000000        0.0026134973029219     0.0000000000000000        0.0019499977041425     0.0000000000000000
     0.0026922039668185     0.0000000000000000        0.0019499977041425     0.0000000000000000        0.0036771929384816     0.0000000000000000
   11   11
     0.1354189450819359     0.0000000000000000        0.0069218934325439     0.0000000000000000       -0.0044673442365845     0.0000000000000000
     0.0069218934325439     0.0000000000000000        0.1274262310090620     0.0000000000000000       -0.0025792223975575     0.0000000000000000
    -0.0044673442365845     0.0000000000000000       -0.0025792223975575     0.0000000000000000        0.1240661217534303     0.0000000000000000

     Diagonalizing the dynamical matrix

     q = (     0.000000000000     0.000000000000     0.000000000000 )

***************************************************************************
   freq (    1) =    -0.00000094 [THz] =    -0.00003138 [cm-1]
(  -0.000000  0.000000  -0.070383  0.000000   0.293181  0.000000 )
(  -0.000000  0.000000  -0.070383  0.000000   0.293181  0.000000 )
(  -0.000000  0.000000  -0.070383  0.000000   0.293181  0.000000 )
(  -0.000000  0.000000  -0.070383  0.000000   0.293181  0.000000 )
(  -0.000000  0.000000  -0.070383  0.000000   0.293181  0.000000 )
(  -0.000000  0.000000  -0.070383  0.000000   0.293181  0.000000 )
(  -0.000000  0.000000  -0.070383  0.000000   0.293181  0.000000 )
(  -0.000000  0.000000  -0.070383  0.000000   0.293181  0.000000 )
(  -0.000000  0.000000  -0.070383  0.000000   0.293181  0.000000 )
(  -0.000000  0.000000  -0.070383  0.000000   0.293181  0.000000 )
(  -0.000000  0.000000  -0.070383  0.000000   0.293181  0.000000 )
   freq (    2) =    -0.00000027 [THz] =    -0.00000912 [cm-1]
(   0.301511  0.000000  -0.000000  0.000000   0.000000  0.000000 )
(   0.301511  0.000000  -0.000000  0.000000   0.000000  0.000000 )
(   0.301511  0.000000  -0.000000  0.000000   0.000000  0.000000 )
(   0.301511  0.000000  -0.000000  0.000000   0.000000  0.000000 )
(   0.301511  0.000000  -0.000000  0.000000   0.000000  0.000000 )
(   0.301511  0.000000  -0.000000  0.000000   0.000000  0.000000 )
(   0.301511  0.000000  -0.000000  0.000000   0.000000  0.000000 )
(   0.301511  0.000000  -0.000000  0.000000   0.000000  0.000000 )
(   0.301511  0.000000  -0.000000  0.000000   0.000000  0.000000 )
(   0.301511  0.000000  -0.000000  0.000000   0.000000  0.000000 )
(   0.301511  0.000000  -0.000000  0.000000   0.000000  0.000000 )
   freq (    3) =     0.00000068 [THz] =     0.00002254 [cm-1]
(   0.000000  0.000000  -0.293181  0.000000  -0.070383  0.000000 )
(  -0.000000  0.000000  -0.293181  0.000000  -0.070383  0.000000 )
(   0.000000  0.000000  -0.293181  0.000000  -0.070383  0.000000 )
(   0.000000  0.000000  -0.293181  0.000000  -0.070383  0.000000 )
(   0.000000  0.000000  -0.293181  0.000000  -0.070383  0.000000 )
(  -0.000000  0.000000  -0.293181  0.000000  -0.070383  0.000000 )
(  -0.000000  0.000000  -0.293181  0.000000  -0.070383  0.000000 )
(  -0.000000  0.000000  -0.293181  0.000000  -0.070383  0.000000 )
(   0.000000  0.000000  -0.293181  0.000000  -0.070383  0.000000 )
(  -0.000000  0.000000  -0.293181  0.000000  -0.070383  0.000000 )
(   0.000000  0.000000  -0.293181  0.000000  -0.070383  0.000000 )
   freq (    4) =    25.77039689 [THz] =   859.60778907 [cm-1]
(  -0.000000  0.000000   0.000000  0.000000  -0.021498  0.000000 )
(   0.000000  0.000000  -0.000000  0.000000   0.455324  0.000000 )
(   0.000000  0.000000  -0.000000  0.000000   0.455324  0.000000 )
(   0.000000  0.000000  -0.000000  0.000000   0.376178  0.000000 )
(   0.000000  0.000000  -0.000000  0.000000   0.376178  0.000000 )
(  -0.050574  0.000000  -0.029199  0.000000   0.216570  0.000000 )
(   0.000000  0.000000   0.058398  0.000000   0.216570  0.000000 )
(   0.050574  0.000000  -0.029199  0.000000   0.216570  0.000000 )
(   0.000000  0.000000   0.058398  0.000000   0.216570  0.000000 )
(   0.050574  0.000000  -0.029199  0.000000   0.216570  0.000000 )
(  -0.050574  0.000000  -0.029199  0.000000   0.216570  0.000000 )
   freq (    5) =    25.79782595 [THz] =   860.52272398 [cm-1]
(  -0.021400  0.000000   0.000000  0.000000   0.000000  0.000000 )
(   0.461774  0.000000  -0.000000  0.000000  -0.000000  0.000000 )
(   0.461774  0.000000  -0.000000  0.000000  -0.000000  0.000000 )
(   0.191667  0.000000  -0.000000  0.000000  -0.000000  0.000000 )
(   0.191667  0.000000  -0.000000  0.000000  -0.000000  0.000000 )
(   0.315421  0.000000   0.072286  0.000000  -0.045751  0.000000 )
(   0.190217  0.000000  -0.000000  0.000000  -0.000000  0.000000 )
(   0.315421  0.000000  -0.072286  0.000000   0.045751  0.000000 )
(   0.190217  0.000000  -0.000000  0.000000  -0.000000  0.000000 )
(   0.315421  0.000000  -0.072286  0.000000   0.045751  0.000000 )
(   0.315421  0.000000   0.072286  0.000000  -0.045751  0.000000 )
   freq (    6) =    25.79782595 [THz] =   860.52272398 [cm-1]
(   0.000000  0.000000   0.021400  0.000000   0.000000  0.000000 )
(  -0.000000  0.000000  -0.461774  0.000000  -0.000000  0.000000 )
(  -0.000000  0.000000  -0.461774  0.000000  -0.000000  0.000000 )
(  -0.000000  0.000000  -0.191667  0.000000  -0.000000  0.000000 )
(  -0.000000  0.000000  -0.191667  0.000000  -0.000000  0.000000 )
(  -0.072286  0.000000  -0.231952  0.000000   0.026414  0.000000 )
(  -0.000000  0.000000  -0.357155  0.000000  -0.052829  0.000000 )
(   0.072286  0.000000  -0.231952  0.000000   0.026414  0.000000 )
(  -0.000000  0.000000  -0.357155  0.000000  -0.052829  0.000000 )
(   0.072286  0.000000  -0.231952  0.000000   0.026414  0.000000 )
(  -0.072286  0.000000  -0.231952  0.000000   0.026414  0.000000 )
   freq (    7) =    27.62672494 [THz] =   921.52821884 [cm-1]
(  -0.000000  0.000000   0.000000  0.000000  -0.000000  0.000000 )
(  -0.453963  0.000000   0.000053  0.000000   0.000000  0.000000 )
(   0.453963  0.000000  -0.000053  0.000000  -0.000000  0.000000 )
(  -0.007652  0.000000   0.000001  0.000000   0.000000  0.000000 )
(   0.007652  0.000000  -0.000001  0.000000  -0.000000  0.000000 )
(   0.311808  0.000000   0.178124  0.000000  -0.133985  0.000000 )
(   0.003287  0.000000  -0.000048  0.000000  -0.000018  0.000000 )
(   0.311849  0.000000  -0.178149  0.000000   0.134003  0.000000 )
(  -0.003287  0.000000   0.000048  0.000000   0.000018  0.000000 )
(  -0.311849  0.000000   0.178149  0.000000  -0.134003  0.000000 )
(  -0.311808  0.000000  -0.178124  0.000000   0.133985  0.000000 )
   freq (    8) =    27.62672494 [THz] =   921.52821884 [cm-1]
(  -0.000000  0.000000   0.000000  0.000000   0.000000  0.000000 )
(  -0.000053  0.000000  -0.453963  0.000000   0.000000  0.000000 )
(   0.000053  0.000000   0.453963  0.000000  -0.000000  0.000000 )
(  -0.000001  0.000000  -0.007652  0.000000   0.000000  0.000000 )
(   0.000001  0.000000   0.007652  0.000000  -0.000000  0.000000 )
(   0.178173  0.000000   0.106154  0.000000  -0.077377  0.000000 )
(   0.000000  0.000000   0.414675  0.000000   0.154723  0.000000 )
(  -0.178100  0.000000   0.106113  0.000000  -0.077346  0.000000 )
(  -0.000000  0.000000  -0.414675  0.000000  -0.154723  0.000000 )
(   0.178100  0.000000  -0.106113  0.000000   0.077346  0.000000 )
(  -0.178173  0.000000  -0.106154  0.000000   0.077377  0.000000 )
   freq (    9) =    27.88903243 [THz] =   930.27785388 [cm-1]
(  -0.000000  0.000000  -0.000000  0.000000  -0.000000  0.000000 )
(   0.000000  0.000000   0.000000  0.000000   0.493444  0.000000 )
(  -0.000000  0.000000  -0.000000  0.000000  -0.493444  0.000000 )
(   0.000000  0.000000   0.000000  0.000000   0.434520  0.000000 )
(   0.000000  0.000000  -0.000000  0.000000  -0.434520  0.000000 )
(   0.127763  0.000000   0.073764  0.000000  -0.028351  0.000000 )
(  -0.000000  0.000000  -0.147528  0.000000  -0.028351  0.000000 )
(  -0.127763  0.000000   0.073764  0.000000  -0.028351  0.000000 )
(   0.000000  0.000000   0.147528  0.000000   0.028351  0.000000 )
(   0.127763  0.000000  -0.073764  0.000000   0.028351  0.000000 )
(  -0.127763  0.000000  -0.073764  0.000000   0.028351  0.000000 )
   freq (   10) =    29.35489255 [THz] =   979.17367714 [cm-1]
(   0.000000  0.000000   0.000000  0.000000  -0.000000  0.000000 )
(   0.411337  0.000000  -0.000018  0.000000   0.000000  0.000000 )
(  -0.411337  0.000000   0.000018  0.000000  -0.000000  0.000000 )
(  -0.275531  0.000000   0.000012  0.000000  -0.000000  0.000000 )
(   0.275531  0.000000  -0.000012  0.000000   0.000000  0.000000 )
(   0.293768  0.000000   0.004039  0.000000   0.003631  0.000000 )
(   0.286750  0.000000  -0.000013  0.000000   0.000000  0.000000 )
(   0.293769  0.000000  -0.004065  0.000000  -0.003631  0.000000 )
(  -0.286750  0.000000   0.000013  0.000000  -0.000000  0.000000 )
(  -0.293769  0.000000   0.004065  0.000000   0.003631  0.000000 )
(  -0.293768  0.000000  -0.004039  0.000000  -0.003631  0.000000 )
   freq (   11) =    29.35489255 [THz] =   979.17367714 [cm-1]
(   0.000000  0.000000   0.000000  0.000000   0.000000  0.000000 )
(   0.000018  0.000000   0.411337  0.000000  -0.000000  0.000000 )
(  -0.000018  0.000000  -0.411337  0.000000   0.000000  0.000000 )
(  -0.000012  0.000000  -0.275531  0.000000   0.000000  0.000000 )
(   0.000012  0.000000   0.275531  0.000000  -0.000000  0.000000 )
(   0.004065  0.000000   0.289090  0.000000   0.002097  0.000000 )
(   0.000013  0.000000   0.296108  0.000000  -0.004193  0.000000 )
(  -0.004039  0.000000   0.289089  0.000000   0.002096  0.000000 )
(  -0.000013  0.000000  -0.296108  0.000000   0.004193  0.000000 )
(   0.004039  0.000000  -0.289089  0.000000  -0.002096  0.000000 )
(  -0.004065  0.000000  -0.289090  0.000000  -0.002097  0.000000 )
   freq (   12) =    29.43280501 [THz] =   981.77255688 [cm-1]
(   0.000000  0.000000   0.000000  0.000000  -0.000000  0.000000 )
(  -0.000000  0.000000   0.000000  0.000000   0.356299  0.000000 )
(   0.000000  0.000000  -0.000000  0.000000  -0.356299  0.000000 )
(   0.000000  0.000000  -0.000000  0.000000  -0.332380  0.000000 )
(  -0.000000  0.000000   0.000000  0.000000   0.332380  0.000000 )
(  -0.012238  0.000000  -0.007066  0.000000   0.295508  0.000000 )
(  -0.000000  0.000000   0.014131  0.000000   0.295508  0.000000 )
(   0.012238  0.000000  -0.007066  0.000000   0.295508  0.000000 )
(   0.000000  0.000000  -0.014131  0.000000  -0.295508  0.000000 )
(  -0.012238  0.000000   0.007066  0.000000  -0.295508  0.000000 )
(   0.012238  0.000000   0.007066  0.000000  -0.295508  0.000000 )
   freq (   13) =    34.16983574 [THz] =  1139.78287109 [cm-1]
(   0.000000  0.000000  -0.000000  0.000000  -0.000000  0.000000 )
(  -0.014444  0.000000   0.000001  0.000000   0.000000  0.000000 )
(   0.014444  0.000000  -0.000001  0.000000   0.000000  0.000000 )
(   0.441104  0.000000  -0.000018  0.000000   0.000000  0.000000 )
(  -0.441104  0.000000   0.000018  0.000000  -0.000000  0.000000 )
(   0.143562  0.000000   0.001165  0.000000   0.349251  0.000000 )
(   0.141535  0.000000  -0.000006  0.000000   0.000017  0.000000 )
(   0.143562  0.000000  -0.001177  0.000000  -0.349267  0.000000 )
(  -0.141535  0.000000   0.000006  0.000000  -0.000017  0.000000 )
(  -0.143562  0.000000   0.001177  0.000000   0.349267  0.000000 )
(  -0.143562  0.000000  -0.001165  0.000000  -0.349251  0.000000 )
   freq (   14) =    34.16983574 [THz] =  1139.78287109 [cm-1]
(   0.000000  0.000000   0.000000  0.000000  -0.000000  0.000000 )
(  -0.000001  0.000000  -0.014444  0.000000  -0.000000  0.000000 )
(   0.000001  0.000000   0.014444  0.000000   0.000000  0.000000 )
(   0.000018  0.000000   0.441104  0.000000  -0.000000  0.000000 )
(  -0.000018  0.000000  -0.441104  0.000000   0.000000  0.000000 )
(   0.001177  0.000000   0.142210  0.000000   0.201659  0.000000 )
(   0.000006  0.000000   0.144238  0.000000  -0.403290  0.000000 )
(  -0.001165  0.000000   0.142210  0.000000   0.201631  0.000000 )
(  -0.000006  0.000000  -0.144238  0.000000   0.403290  0.000000 )
(   0.001165  0.000000  -0.142210  0.000000  -0.201631  0.000000 )
(  -0.001177  0.000000  -0.142210  0.000000  -0.201659  0.000000 )
   freq (   15) =    34.29921565 [THz] =  1144.09851971 [cm-1]
(   0.000000  0.000000   0.000000  0.000000   0.000000  0.000000 )
(   0.000000  0.000000   0.000000  0.000000   0.000000  0.000000 )
(  -0.000000  0.000000   0.000000  0.000000   0.000000  0.000000 )
(  -0.000000  0.000000  -0.000000  0.000000  -0.000000  0.000000 )
(   0.000000  0.000000  -0.000000  0.000000   0.000000  0.000000 )
(   0.204124  0.000000  -0.353553  0.000000   0.000000  0.000000 )
(  -0.408248  0.000000   0.000000  0.000000  -0.000000  0.000000 )
(   0.204124  0.000000   0.353553  0.000000  -0.000000  0.000000 )
(   0.408248  0.000000   0.000000  0.000000  -0.000000  0.000000 )
(  -0.204124  0.000000  -0.353553  0.000000   0.000000  0.000000 )
(  -0.204124  0.000000   0.353553  0.000000  -0.000000  0.000000 )
   freq (   16) =    34.40647540 [THz] =  1147.67631934 [cm-1]
(   0.000866  0.000000  -0.000000  0.000000  -0.000000  0.000000 )
(   0.083007  0.000000  -0.000000  0.000000   0.000000  0.000000 )
(   0.083007  0.000000  -0.000000  0.000000  -0.000000  0.000000 )
(  -0.455643  0.000000   0.000000  0.000000  -0.000000  0.000000 )
(  -0.455643  0.000000   0.000000  0.000000  -0.000000  0.000000 )
(   0.098604  0.000000  -0.009893  0.000000   0.355290  0.000000 )
(   0.115739  0.000000  -0.000000  0.000000   0.000000  0.000000 )
(   0.098604  0.000000   0.009893  0.000000  -0.355290  0.000000 )
(   0.115739  0.000000  -0.000000  0.000000   0.000000  0.000000 )
(   0.098604  0.000000   0.009893  0.000000  -0.355290  0.000000 )
(   0.098604  0.000000  -0.009893  0.000000   0.355290  0.000000 )
   freq (   17) =    34.40647540 [THz] =  1147.67631934 [cm-1]
(  -0.000000  0.000000  -0.000866  0.000000  -0.000000  0.000000 )
(  -0.000000  0.000000  -0.083007  0.000000   0.000000  0.000000 )
(  -0.000000  0.000000  -0.083007  0.000000   0.000000  0.000000 )
(   0.000000  0.000000   0.455643  0.000000  -0.000000  0.000000 )
(   0.000000  0.000000   0.455643  0.000000  -0.000000  0.000000 )
(   0.009893  0.000000  -0.110027  0.000000  -0.205127  0.000000 )
(  -0.000000  0.000000  -0.092892  0.000000   0.410254  0.000000 )
(  -0.009893  0.000000  -0.110027  0.000000  -0.205127  0.000000 )
(  -0.000000  0.000000  -0.092892  0.000000   0.410254  0.000000 )
(  -0.009893  0.000000  -0.110027  0.000000  -0.205127  0.000000 )
(   0.009893  0.000000  -0.110027  0.000000  -0.205127  0.000000 )
   freq (   18) =    34.47731379 [THz] =  1150.03923339 [cm-1]
(   0.000000  0.000000  -0.000000  0.000000   0.000000  0.000000 )
(  -0.000000  0.000000   0.000000  0.000000   0.000000  0.000000 )
(  -0.000000  0.000000   0.000000  0.000000   0.000000  0.000000 )
(  -0.000000  0.000000   0.000000  0.000000  -0.000000  0.000000 )
(  -0.000000  0.000000   0.000000  0.000000  -0.000000  0.000000 )
(   0.204124  0.000000  -0.353553  0.000000   0.000000  0.000000 )
(  -0.408248  0.000000  -0.000000  0.000000   0.000000  0.000000 )
(   0.204124  0.000000   0.353553  0.000000  -0.000000  0.000000 )
(  -0.408248  0.000000  -0.000000  0.000000   0.000000  0.000000 )
(   0.204124  0.000000   0.353553  0.000000  -0.000000  0.000000 )
(   0.204124  0.000000  -0.353553  0.000000   0.000000  0.000000 )
   freq (   19) =    35.57476078 [THz] =  1186.64611949 [cm-1]
(   0.004848  0.000000  -0.000000  0.000000   0.000000  0.000000 )
(   0.530385  0.000000  -0.000000  0.000000   0.000000  0.000000 )
(   0.530385  0.000000  -0.000000  0.000000   0.000000  0.000000 )
(  -0.065766  0.000000   0.000000  0.000000  -0.000000  0.000000 )
(  -0.065766  0.000000   0.000000  0.000000  -0.000000  0.000000 )
(  -0.277228  0.000000  -0.019053  0.000000   0.011653  0.000000 )
(  -0.244228  0.000000   0.000000  0.000000   0.000000  0.000000 )
(  -0.277228  0.000000   0.019053  0.000000  -0.011653  0.000000 )
(  -0.244228  0.000000   0.000000  0.000000   0.000000  0.000000 )
(  -0.277228  0.000000   0.019053  0.000000  -0.011653  0.000000 )
(  -0.277228  0.000000  -0.019053  0.000000   0.011653  0.000000 )
   freq (   20) =    35.57476078 [THz] =  1186.64611949 [cm-1]
(  -0.000000  0.000000  -0.004848  0.000000   0.000000  0.000000 )
(  -0.000000  0.000000  -0.530385  0.000000   0.000000  0.000000 )
(  -0.000000  0.000000  -0.530385  0.000000   0.000000  0.000000 )
(   0.000000  0.000000   0.065766  0.000000  -0.000000  0.000000 )
(   0.000000  0.000000   0.065766  0.000000  -0.000000  0.000000 )
(   0.019053  0.000000   0.255228  0.000000  -0.006728  0.000000 )
(   0.000000  0.000000   0.288228  0.000000   0.013455  0.000000 )
(  -0.019053  0.000000   0.255228  0.000000  -0.006728  0.000000 )
(   0.000000  0.000000   0.288228  0.000000   0.013455  0.000000 )
(  -0.019053  0.000000   0.255228  0.000000  -0.006728  0.000000 )
(   0.019053  0.000000   0.255228  0.000000  -0.006728  0.000000 )
   freq (   21) =    35.85215833 [THz] =  1195.89910426 [cm-1]
(  -0.000000  0.000000   0.000000  0.000000   0.004630  0.000000 )
(  -0.000000  0.000000   0.000000  0.000000   0.546718  0.000000 )
(  -0.000000  0.000000   0.000000  0.000000   0.546718  0.000000 )
(   0.000000  0.000000   0.000000  0.000000  -0.295524  0.000000 )
(   0.000000  0.000000   0.000000  0.000000  -0.295524  0.000000 )
(   0.036690  0.000000   0.021183  0.000000  -0.190061  0.000000 )
(   0.000000  0.000000  -0.042366  0.000000  -0.190061  0.000000 )
(  -0.036690  0.000000   0.021183  0.000000  -0.190061  0.000000 )
(   0.000000  0.000000  -0.042366  0.000000  -0.190061  0.000000 )
(  -0.036690  0.000000   0.021183  0.000000  -0.190061  0.000000 )
(   0.036690  0.000000   0.021183  0.000000  -0.190061  0.000000 )
   freq (   22) =    36.35489621 [THz] =  1212.66863266 [cm-1]
(   0.000481  0.000000   0.000000  0.000000   0.000000  0.000000 )
(   0.069028  0.000000   0.000000  0.000000   0.000000  0.000000 )
(   0.069028  0.000000   0.000000  0.000000   0.000000  0.000000 )
(  -0.363777  0.000000  -0.000000  0.000000  -0.000000  0.000000 )
(  -0.363777  0.000000  -0.000000  0.000000  -0.000000  0.000000 )
(  -0.031980  0.000000  -0.206413  0.000000  -0.291263  0.000000 )
(   0.325538  0.000000  -0.000000  0.000000   0.000000  0.000000 )
(  -0.031980  0.000000   0.206413  0.000000   0.291263  0.000000 )
(   0.325538  0.000000  -0.000000  0.000000   0.000000  0.000000 )
(  -0.031980  0.000000   0.206413  0.000000   0.291263  0.000000 )
(  -0.031980  0.000000  -0.206413  0.000000  -0.291263  0.000000 )
   freq (   23) =    36.35489621 [THz] =  1212.66863266 [cm-1]
(   0.000000  0.000000  -0.000481  0.000000  -0.000000  0.000000 )
(   0.000000  0.000000  -0.069028  0.000000  -0.000000  0.000000 )
(   0.000000  0.000000  -0.069028  0.000000  -0.000000  0.000000 )
(  -0.000000  0.000000   0.363777  0.000000   0.000000  0.000000 )
(  -0.000000  0.000000   0.363777  0.000000   0.000000  0.000000 )
(   0.206413  0.000000  -0.206365  0.000000   0.168161  0.000000 )
(   0.000000  0.000000   0.151152  0.000000  -0.336322  0.000000 )
(  -0.206413  0.000000  -0.206365  0.000000   0.168161  0.000000 )
(   0.000000  0.000000   0.151152  0.000000  -0.336322  0.000000 )
(  -0.206413  0.000000  -0.206365  0.000000   0.168161  0.000000 )
(   0.206413  0.000000  -0.206365  0.000000   0.168161  0.000000 )
   freq (   24) =    43.03712962 [THz] =  1435.56391481 [cm-1]
(  -0.000000  0.000000   0.000000  0.000000   0.000000  0.000000 )
(   0.012811  0.000000  -0.000003  0.000000  -0.000000  0.000000 )
(  -0.012811  0.000000   0.000003  0.000000  -0.000000  0.000000 )
(   0.359501  0.000000  -0.000074  0.000000   0.000000  0.000000 )
(  -0.359501  0.000000   0.000074  0.000000   0.000000  0.000000 )
(  -0.001282  0.000000  -0.198759  0.000000  -0.294980  0.000000 )
(   0.342857  0.000000   0.000024  0.000000  -0.000070  0.000000 )
(  -0.001364  0.000000   0.198665  0.000000   0.295050  0.000000 )
(  -0.342857  0.000000  -0.000024  0.000000   0.000070  0.000000 )
(   0.001364  0.000000  -0.198665  0.000000  -0.295050  0.000000 )
(   0.001282  0.000000   0.198759  0.000000   0.294980  0.000000 )
   freq (   25) =    43.03712962 [THz] =  1435.56391481 [cm-1]
(  -0.000000  0.000000  -0.000000  0.000000  -0.000000  0.000000 )
(   0.000003  0.000000   0.012811  0.000000   0.000000  0.000000 )
(  -0.000003  0.000000  -0.012811  0.000000  -0.000000  0.000000 )
(   0.000074  0.000000   0.359501  0.000000   0.000000  0.000000 )
(  -0.000074  0.000000  -0.359501  0.000000  -0.000000  0.000000 )
(  -0.198712  0.000000   0.228089  0.000000  -0.170387  0.000000 )
(   0.000070  0.000000  -0.116049  0.000000   0.340654  0.000000 )
(   0.198712  0.000000   0.228171  0.000000  -0.170266  0.000000 )
(  -0.000070  0.000000   0.116049  0.000000  -0.340654  0.000000 )
(  -0.198712  0.000000  -0.228171  0.000000   0.170266  0.000000 )
(   0.198712  0.000000  -0.228089  0.000000   0.170387  0.000000 )
   freq (   26) =    45.10371073 [THz] =  1504.49763068 [cm-1]
(  -0.000000  0.000000  -0.000000  0.000000   0.005914  0.000000 )
(   0.000000  0.000000   0.000000  0.000000  -0.014328  0.000000 )
(   0.000000  0.000000   0.000000  0.000000  -0.014328  0.000000 )
(   0.000000  0.000000   0.000000  0.000000   0.395162  0.000000 )
(   0.000000  0.000000   0.000000  0.000000   0.395162  0.000000 )
(  -0.184704  0.000000  -0.106639  0.000000  -0.262781  0.000000 )
(   0.000000  0.000000   0.213278  0.000000  -0.262781  0.000000 )
(   0.184704  0.000000  -0.106639  0.000000  -0.262781  0.000000 )
(   0.000000  0.000000   0.213278  0.000000  -0.262781  0.000000 )
(   0.184704  0.000000  -0.106639  0.000000  -0.262781  0.000000 )
(  -0.184704  0.000000  -0.106639  0.000000  -0.262781  0.000000 )
   freq (   27) =    45.51770323 [THz] =  1518.30693205 [cm-1]
(  -0.005981  0.000000  -0.000000  0.000000  -0.000000  0.000000 )
(   0.022649  0.000000   0.000000  0.000000   0.000000  0.000000 )
(   0.022649  0.000000   0.000000  0.000000  -0.000000  0.000000 )
(   0.339107  0.000000   0.000000  0.000000  -0.000000  0.000000 )
(   0.339107  0.000000   0.000000  0.000000  -0.000000  0.000000 )
(  -0.143842  0.000000  -0.278200  0.000000   0.192420  0.000000 )
(   0.338013  0.000000  -0.000000  0.000000  -0.000000  0.000000 )
(  -0.143842  0.000000   0.278200  0.000000  -0.192420  0.000000 )
(   0.338013  0.000000  -0.000000  0.000000  -0.000000  0.000000 )
(  -0.143842  0.000000   0.278200  0.000000  -0.192420  0.000000 )
(  -0.143842  0.000000  -0.278200  0.000000   0.192420  0.000000 )
   freq (   28) =    45.51770323 [THz] =  1518.30693205 [cm-1]
(   0.000000  0.000000  -0.005981  0.000000  -0.000000  0.000000 )
(  -0.000000  0.000000   0.022649  0.000000   0.000000  0.000000 )
(  -0.000000  0.000000   0.022649  0.000000   0.000000  0.000000 )
(  -0.000000  0.000000   0.339107  0.000000  -0.000000  0.000000 )
(  -0.000000  0.000000   0.339107  0.000000  -0.000000  0.000000 )
(  -0.278200  0.000000   0.177395  0.000000   0.111094  0.000000 )
(  -0.000000  0.000000  -0.304461  0.000000  -0.222188  0.000000 )
(   0.278200  0.000000   0.177395  0.000000   0.111094  0.000000 )
(  -0.000000  0.000000  -0.304461  0.000000  -0.222188  0.000000 )
(   0.278200  0.000000   0.177395  0.000000   0.111094  0.000000 )
(  -0.278200  0.000000   0.177395  0.000000   0.111094  0.000000 )
   freq (   29) =    47.72063983 [THz] =  1591.78897685 [cm-1]
(   0.000000  0.000000  -0.000000  0.000000  -0.000000  0.000000 )
(  -0.352628  0.000000   0.000083  0.000000  -0.000000  0.000000 )
(   0.352628  0.000000  -0.000083  0.000000   0.000000  0.000000 )
(  -0.316561  0.000000   0.000074  0.000000   0.000000  0.000000 )
(   0.316561  0.000000  -0.000074  0.000000  -0.000000  0.000000 )
(  -0.064635  0.000000  -0.231916  0.000000   0.151692  0.000000 )
(   0.336919  0.000000   0.000047  0.000000   0.000041  0.000000 )
(  -0.064744  0.000000   0.231821  0.000000  -0.151733  0.000000 )
(  -0.336919  0.000000  -0.000047  0.000000  -0.000041  0.000000 )
(   0.064744  0.000000  -0.231821  0.000000   0.151733  0.000000 )
(   0.064635  0.000000   0.231916  0.000000  -0.151692  0.000000 )
   freq (   30) =    47.72063983 [THz] =  1591.78897685 [cm-1]
(   0.000000  0.000000  -0.000000  0.000000  -0.000000  0.000000 )
(  -0.000083  0.000000  -0.352628  0.000000   0.000000  0.000000 )
(   0.000083  0.000000   0.352628  0.000000  -0.000000  0.000000 )
(  -0.000074  0.000000  -0.316561  0.000000  -0.000000  0.000000 )
(   0.000074  0.000000   0.316561  0.000000   0.000000  0.000000 )
(  -0.231884  0.000000   0.202995  0.000000   0.087627  0.000000 )
(   0.000079  0.000000  -0.198559  0.000000  -0.175182  0.000000 )
(   0.231853  0.000000   0.203104  0.000000   0.087555  0.000000 )
(  -0.000079  0.000000   0.198559  0.000000   0.175182  0.000000 )
(  -0.231853  0.000000  -0.203104  0.000000  -0.087555  0.000000 )
(   0.231884  0.000000  -0.202995  0.000000  -0.087627  0.000000 )
   freq (   31) =    47.89901268 [THz] =  1597.73885393 [cm-1]
(   0.000000  0.000000   0.000000  0.000000  -0.000000  0.000000 )
(  -0.000000  0.000000   0.000000  0.000000   0.359849  0.000000 )
(  -0.000000  0.000000  -0.000000  0.000000  -0.359849  0.000000 )
(  -0.000000  0.000000   0.000000  0.000000  -0.275126  0.000000 )
(  -0.000000  0.000000  -0.000000  0.000000   0.275126  0.000000 )
(  -0.156197  0.000000  -0.090180  0.000000  -0.256401  0.000000 )
(  -0.000000  0.000000   0.180361  0.000000  -0.256401  0.000000 )
(   0.156197  0.000000  -0.090180  0.000000  -0.256401  0.000000 )
(  -0.000000  0.000000  -0.180361  0.000000   0.256401  0.000000 )
(  -0.156197  0.000000   0.090180  0.000000   0.256401  0.000000 )
(   0.156197  0.000000   0.090180  0.000000   0.256401  0.000000 )
   freq (   32) =    49.14936662 [THz] =  1639.44616592 [cm-1]
(  -0.000000  0.000000   0.000000  0.000000   0.000354  0.000000 )
(  -0.000000  0.000000  -0.000000  0.000000   0.003303  0.000000 )
(   0.000000  0.000000  -0.000000  0.000000   0.003303  0.000000 )
(  -0.000000  0.000000  -0.000000  0.000000  -0.343006  0.000000 )
(   0.000000  0.000000  -0.000000  0.000000  -0.343006  0.000000 )
(  -0.295467  0.000000  -0.170588  0.000000   0.105094  0.000000 )
(   0.000000  0.000000   0.341176  0.000000   0.105094  0.000000 )
(   0.295467  0.000000  -0.170588  0.000000   0.105094  0.000000 )
(  -0.000000  0.000000   0.341176  0.000000   0.105094  0.000000 )
(   0.295467  0.000000  -0.170588  0.000000   0.105094  0.000000 )
(  -0.295467  0.000000  -0.170588  0.000000   0.105094  0.000000 )
   freq (   33) =    60.52307915 [THz] =  2018.83232481 [cm-1]
(   0.000000  0.000000   0.000000  0.000000  -0.000000  0.000000 )
(  -0.000000  0.000000   0.000000  0.000000   0.008538  0.000000 )
(   0.000000  0.000000  -0.000000  0.000000  -0.008538  0.000000 )
(  -0.000000  0.000000   0.000000  0.000000   0.353584  0.000000 )
(   0.000000  0.000000  -0.000000  0.000000  -0.353584  0.000000 )
(  -0.290051  0.000000  -0.167461  0.000000   0.113120  0.000000 )
(  -0.000000  0.000000   0.334922  0.000000   0.113120  0.000000 )
(   0.290051  0.000000  -0.167461  0.000000   0.113120  0.000000 )
(  -0.000000  0.000000  -0.334922  0.000000  -0.113120  0.000000 )
(  -0.290051  0.000000   0.167461  0.000000  -0.113120  0.000000 )
(   0.290051  0.000000   0.167461  0.000000  -0.113120  0.000000 )
***************************************************************************
